	*********************************************** 
	***** Beginning CEBE Calculation with MOM ***** 
	*****       Calculation Details:          ***** 
	      Geometry:	 /home/am3939/core/calculations/mols/exp/f/ch3of.xyz
	      Core Basis:	 pcX-4
	      Full Basis:	 pc-4
	      DIIS (start, space):	 0 50
	      Level shift:	 0
	      Do localization?:	 False
	      Do SFX2C1E?:	 True
	      Freeze orbitals?:	 True
	      Use Cheng orbitals?:	 False
	      Do Special Basis?:	 True
	      Do Special Basis?:	 pcX-4
	*********************************************** 
	*********************************************** 

  >>> Running RHF <<<

init D/C      : minao
init ov       : zeros
no            : 13
nv            : 525
ov_size       : 6825
max_cycle     : 1000
conv          : 6
econv         : 9
method        : gdm
scale_stop    : 0
scale_factor  : 1.000000
init E        : -213.810585334718
init |[F,P]|  : 5.56e-03
init |dE|     : 1.20e-02
check file    : None

iter      total energy   |[F,P]|      |dE|         ∆E   comment
   1    -213.858244855  2.80e-03  6.63e-03  -4.77e-02  BFGS
   2    -213.870239095  7.37e-04  1.80e-03  -1.20e-02  BFGS
   3    -213.871002376  2.92e-04  6.17e-04  -7.63e-04  BFGS
   4    -213.871125277  4.54e-05  1.16e-04  -1.23e-04  BFGS
   5    -213.871132971  1.92e-05  4.54e-05  -7.69e-06  BFGS
   6    -213.871134806  7.24e-06  1.70e-05  -1.84e-06  BFGS
   7    -213.871134948  2.13e-06  4.52e-06  -1.42e-07  BFGS
   8    -213.871134963  5.42e-07  1.17e-06  -1.47e-08  BFGS
   9    -213.871134963  1.59e-07  3.43e-07  -8.96e-10  BFGS
                                                                      gdm is converged!

SCF converged : True
final |[F,P]| : 1.59e-07
final |dE|    : 3.43e-07
final Escf    : -292.555186305579
final Etot    : -213.871134963444

  pxp & ewc             :::        0.375 (  0.20%)
  apply B               :::        0.002 (  0.00%)
  linsrch               :::      183.944 ( 99.79%)
  grad                  :::        0.012 (  0.01%)
  Total                 :::      184.333 (100.00%)

Alpha occupied
  -26.326 -20.680 -11.299  -1.633  -1.327  -0.949  -0.732  -0.721 
   -0.703  -0.622  -0.586  -0.565  -0.494 

Alpha virtual
    0.050   0.078   0.082   0.090   0.111   0.112   0.152   0.169 
    0.204   0.224   0.227   0.258   0.268   0.280   0.283   0.283 
    0.293   0.306   0.309   0.320   0.358   0.379   0.411   0.427 
    0.456   0.480   0.490   0.524   0.541   0.554   0.572   0.579 
    0.594   0.610   0.620   0.642   0.659   0.722   0.724   0.728 
    0.767   0.786   0.797   0.803   0.844   0.850   0.886   0.899 
    0.938   0.944   0.966   0.973   1.004   1.015   1.016   1.072 
    1.079   1.089   1.123   1.143   1.172   1.191   1.214   1.251 
    1.253   1.290   1.299   1.345   1.346   1.366   1.369   1.387 
    1.429   1.442   1.480   1.481   1.509   1.509   1.528   1.629 
    1.657   1.673   1.739   1.744   1.753   1.792   1.830   1.842 
    1.850   1.912   1.924   1.968   1.998   2.074   2.087   2.102 
    2.133   2.140   2.191   2.197   2.227   2.229   2.285   2.288 
    2.329   2.365   2.410   2.417   2.453   2.465   2.483   2.495 
    2.506   2.523   2.543   2.595   2.632   2.638   2.645   2.690 
    2.705   2.719   2.795   2.846   2.868   2.892   2.942   3.004 
    3.020   3.067   3.074   3.111   3.150   3.174   3.206   3.272 
    3.333   3.372   3.406   3.410   3.509   3.557   3.578   3.601 
    3.613   3.628   3.660   3.675   3.759   3.798   3.814   3.877 
    3.923   3.940   4.002   4.039   4.086   4.118   4.153   4.176 
    4.274   4.297   4.331   4.335   4.360   4.390   4.480   4.512 
    4.522   4.531   4.594   4.660   4.664   4.709   4.763   4.821 
    4.827   4.836   4.847   4.899   4.957   4.958   5.018   5.026 
    5.083   5.147   5.183   5.239   5.293   5.300   5.330   5.372 
    5.392   5.467   5.545   5.562   5.565   5.618   5.663   5.666 
    5.693   5.710   5.751   5.795   5.872   5.879   5.913   5.938 
    5.957   6.031   6.054   6.061   6.141   6.171   6.229   6.252 
    6.256   6.395   6.448   6.500   6.533   6.587   6.626   6.650 
    6.674   6.721   6.752   6.790   6.815   6.877   6.968   7.001 
    7.031   7.051   7.071   7.085   7.116   7.140   7.203   7.253 
    7.309   7.453   7.512   7.660   7.668   7.723   7.749   7.773 
    7.843   7.958   7.975   8.048   8.072   8.259   8.397   8.424 
    8.498   8.581   8.734   8.747   8.962   9.052   9.158   9.295 
    9.315   9.346   9.350   9.375   9.399   9.443   9.455   9.512 
    9.527   9.635   9.647   9.716   9.816   9.930   9.991  10.034 
   10.074  10.162  10.168  10.223  10.257  10.320  10.377  10.721 
   11.054  11.185  11.192  11.337  11.397  11.448  11.472  11.500 
   11.546  11.561  11.568  11.631  11.844  11.880  11.906  12.017 
   12.021  12.071  12.353  12.374  12.393  12.420  12.432  12.455 
   12.513  12.527  12.572  12.609  12.641  12.667  12.734  12.763 
   12.798  12.831  12.838  12.891  12.900  12.937  12.974  13.014 
   13.027  13.080  13.143  13.194  13.201  13.216  13.220  13.250 
   13.263  13.304  13.334  13.355  13.355  13.363  13.408  13.431 
   13.449  13.472  13.511  13.534  13.535  13.589  13.658  13.684 
   13.715  13.791  13.835  13.902  13.942  13.947  14.054  14.075 
   14.115  14.283  14.288  14.383  14.423  14.460  14.488  14.509 
   14.655  14.674  14.734  14.961  14.985  15.037  15.068  15.103 
   15.211  15.282  15.310  15.436  15.785  15.793  15.953  16.010 
   16.068  16.091  16.174  16.268  16.473  16.531  16.556  16.779 
   16.825  16.855  16.896  16.975  17.199  17.224  17.225  17.261 
   17.266  17.280  17.357  17.738  17.774  17.826  17.875  17.881 
   18.142  18.316  18.467  18.593  18.734  18.898  18.944  18.968 
   19.022  19.048  19.322  19.337  19.455  19.529  19.659  19.775 
   20.247  20.295  20.502  20.509  20.658  20.720  20.725  21.006 
   21.008  21.085  21.116  21.323  21.333  21.451  21.509  21.857 
   22.056  22.233  22.265  22.392  22.601  23.045  23.805  24.025 
   24.073  24.172  24.323  24.328  24.549  24.639  24.650  25.284 
   26.055  26.274  26.312  26.355  31.224  31.316  31.326  31.504 
   31.707  32.345  33.087  33.552  33.601  34.084  34.272  34.495 
   34.651  34.872  34.904  35.602  35.670  37.674  41.800  41.829 
   42.191  68.057  68.290  68.311  68.698  69.377  80.531  85.012 
   85.105  85.545  87.563  91.640  91.821  91.887  92.104  92.198 
   92.215  93.050  93.056  93.166  93.213  93.224  93.258  93.353 
   93.986 146.362 202.590 227.788 227.870 228.365 468.803 696.178 
  696.244 696.640 1100.226 2654.493 2738.509 2738.556 2738.843 6680.825 
  17848.926 51827.585 169672.578 670600.440 3802079.428 


  >>> Running RHF-MP2 <<<


RMP2-TIMING
  rmp2                  :::      129.208 (100.00%)
  Total                 :::      129.208 (100.00%)

MP2 correlation energy (RHF) : -0.8995620381
MP2 total energy       (RHF) : -214.7706970016


  >>> Running UHF <<<

init D/C      : input mo_coeff
init ov       : zeros
no            : 12 13
nv            : 526 525
ov_size       : 13137
max_cycle     : 1000
conv          : 6
econv         : 9
method        : diis
mom_start     : 0
guess mix     : 0.000000
orb_swap      : [[[0, 12]], []]
init E        : -187.544717457261
init S2       : 0.750000000000135
init |[F,P]|  : 2.10e-02
init |dE|     : 6.23e-02
check file    : None

iter      total energy   |[F,P]|      |dE|         ∆E   S^2   comment
   1    -188.177035020  1.03e-02  3.24e-02  -6.32e-01  0.75  DIIS mom: 11.7/12 12.6/13
   2    -188.471207899  1.06e-03  2.92e-03  -2.94e-01  0.76  DIIS mom: 11.9/12 13.0/13
   3    -188.476608598  3.29e-04  8.71e-04  -5.40e-03  0.76  DIIS mom: 12.0/12 13.0/13
   4    -188.477477310  1.62e-04  4.25e-04  -8.69e-04  0.76  DIIS mom: 12.0/12 13.0/13
   5    -188.477843398  7.51e-05  1.92e-04  -3.66e-04  0.77  DIIS mom: 12.0/12 13.0/13
   6    -188.477953269  5.42e-05  1.37e-04  -1.10e-04  0.77  DIIS mom: 12.0/12 13.0/13
   7    -188.478044870  4.08e-05  1.01e-04  -9.16e-05  0.77  DIIS mom: 12.0/12 13.0/13
   8    -188.478124442  3.12e-05  7.56e-05  -7.96e-05  0.78  DIIS mom: 12.0/12 13.0/13
   9    -188.478181060  2.37e-05  5.56e-05  -5.66e-05  0.78  DIIS mom: 12.0/12 13.0/13
  10    -188.478234553  9.19e-06  1.96e-05  -5.35e-05  0.79  DIIS mom: 12.0/12 13.0/13
  11    -188.478240162  3.46e-06  6.83e-06  -5.61e-06  0.79  DIIS mom: 12.0/12 13.0/13
  12    -188.478240374  1.43e-06  2.85e-06  -2.11e-07  0.79  DIIS mom: 12.0/12 13.0/13
  13    -188.478240402  4.02e-07  8.83e-07  -2.85e-08  0.79  DIIS mom: 12.0/12 13.0/13
  14    -188.478240405  1.40e-07  3.36e-07  -2.47e-09  0.79  DIIS mom: 12.0/12 13.0/13
  15    -188.478240405  6.44e-08  1.56e-07  -3.71e-10  0.79  DIIS mom: 12.0/12 13.0/13
                                                                      diis is converged!

SCF converged : True
final |[F,P]| : 6.44e-08
final |dE|    : 1.56e-07
final Escf    : -267.162291747202
final Etot    : -188.478240405067
final S2      : 0.788352059576692

  diis prep             :::        0.133 (  0.04%)
  diis extrap           :::        0.130 (  0.04%)
  roothaan              :::        1.208 (  0.38%)
  fock build            :::      314.361 ( 99.53%)
  Total                 :::      315.831 (100.00%)

Alpha occupied
  -21.067 -11.561  -2.117  -1.714  -1.284  -1.239  -1.228  -1.147 
   -0.983  -0.962  -0.863  -0.805 

Alpha virtual
  -24.467  -0.215  -0.104  -0.075  -0.067  -0.065  -0.031  -0.030 
   -0.008   0.017   0.017   0.048   0.066   0.083   0.096   0.100 
    0.101   0.110   0.124   0.131   0.140   0.167   0.193   0.232 
    0.242   0.261   0.268   0.292   0.323   0.341   0.344   0.388 
    0.390   0.405   0.418   0.433   0.435   0.451   0.472   0.483 
    0.501   0.538   0.539   0.573   0.580   0.601   0.620   0.654 
    0.656   0.687   0.702   0.706   0.741   0.775   0.784   0.788 
    0.832   0.845   0.868   0.885   0.917   0.964   0.967   0.990 
    1.022   1.041   1.065   1.088   1.104   1.129   1.138   1.153 
    1.182   1.214   1.233   1.270   1.278   1.291   1.296   1.309 
    1.389   1.390   1.402   1.482   1.507   1.531   1.544   1.552 
    1.562   1.605   1.638   1.649   1.722   1.738   1.775   1.805 
    1.821   1.859   1.879   1.938   1.940   1.952   1.962   1.983 
    2.007   2.038   2.050   2.069   2.101   2.133   2.154   2.201 
    2.214   2.222   2.246   2.295   2.323   2.350   2.376   2.382 
    2.432   2.443   2.457   2.503   2.536   2.569   2.621   2.663 
    2.721   2.726   2.780   2.800   2.853   2.881   2.907   2.939 
    3.024   3.024   3.127   3.144   3.147   3.223   3.282   3.312 
    3.344   3.350   3.350   3.413   3.420   3.518   3.556   3.569 
    3.581   3.666   3.680   3.743   3.785   3.833   3.857   3.909 
    3.931   4.008   4.013   4.069   4.092   4.110   4.119   4.193 
    4.238   4.240   4.275   4.313   4.368   4.383   4.424   4.495 
    4.557   4.573   4.575   4.577   4.613   4.658   4.678   4.745 
    4.757   4.798   4.841   4.911   4.945   5.007   5.008   5.056 
    5.095   5.111   5.173   5.196   5.211   5.254   5.262   5.336 
    5.375   5.386   5.413   5.443   5.447   5.465   5.530   5.579 
    5.598   5.666   5.719   5.728   5.759   5.794   5.844   5.863 
    5.955   5.958   6.077   6.143   6.170   6.196   6.278   6.284 
    6.345   6.361   6.396   6.418   6.446   6.469   6.545   6.669 
    6.671   6.728   6.759   6.777   6.808   6.858   6.864   6.928 
    6.988   7.006   7.123   7.181   7.299   7.300   7.385   7.406 
    7.447   7.515   7.616   7.685   7.787   7.810   7.962   8.071 
    8.090   8.169   8.239   8.383   8.480   8.639   8.793   8.894 
    9.008   9.027   9.068   9.092   9.108   9.112   9.170   9.183 
    9.256   9.266   9.374   9.384   9.412   9.479   9.647   9.704 
    9.778   9.782   9.825   9.893   9.919   9.991  10.026  10.053 
   10.390  10.692  10.923  10.928  11.057  11.093  11.146  11.201 
   11.202  11.239  11.276  11.286  11.347  11.573  11.611  11.642 
   11.720  11.736  11.768  11.974  12.002  12.041  12.074  12.147 
   12.161  12.163  12.213  12.284  12.297  12.328  12.350  12.356 
   12.377  12.462  12.476  12.480  12.574  12.626  12.639  12.690 
   12.710  12.714  12.747  12.771  12.848  12.865  12.907  12.909 
   12.925  12.948  12.971  12.974  12.986  13.033  13.035  13.069 
   13.089  13.130  13.133  13.173  13.183  13.228  13.273  13.284 
   13.347  13.414  13.468  13.536  13.599  13.649  13.675  13.779 
   13.791  13.818  13.821  13.894  13.925  13.955  14.026  14.070 
   14.173  14.195  14.372  14.381  14.565  14.615  14.638  14.733 
   14.815  14.854  15.019  15.028  15.137  15.334  15.341  15.572 
   15.635  15.677  15.759  15.808  15.933  16.193  16.260  16.287 
   16.478  16.480  16.544  16.576  16.596  16.943  16.966  16.975 
   17.005  17.015  17.026  17.097  17.485  17.515  17.564  17.622 
   17.625  17.767  17.931  18.064  18.227  18.468  18.553  18.584 
   18.696  18.759  18.760  18.974  19.043  19.163  19.228  19.403 
   19.410  19.904  19.995  20.240  20.250  20.373  20.457  20.467 
   20.582  20.583  20.675  20.712  21.023  21.068  21.090  21.117 
   21.599  21.771  21.974  21.999  22.000  22.213  22.647  23.544 
   23.633  23.813  23.898  23.955  23.966  24.278  24.375  24.390 
   24.890  25.717  26.010  26.044  26.058  30.441  30.455  30.656 
   30.841  30.864  31.520  32.713  33.286  33.319  33.488  33.534 
   33.615  34.004  34.612  34.637  34.807  35.285  36.796  41.545 
   41.556  41.929  67.661  67.897  67.941  68.311  68.988  80.269 
   83.310  83.404  83.879  86.027  91.185  91.190  91.326  91.373 
   91.446  91.561  91.617  91.882  91.929  91.952  92.151  92.933 
   92.975  92.989 145.983 200.156 224.911 224.994 225.507 465.316 
  691.872 691.937 692.342 1095.740 2649.216 2732.965 2733.012 2733.302 
  6675.014 17842.805 51821.307 169666.231 670594.068 3802073.048 

Beta occupied
  -29.985 -21.066 -11.561  -2.254  -1.727  -1.357  -1.331  -1.320 
   -1.177  -0.988  -0.961  -0.868  -0.805 

Beta virtual
   -0.227  -0.104  -0.076  -0.068  -0.065  -0.032  -0.030  -0.010 
    0.015   0.016   0.048   0.066   0.083   0.095   0.101   0.102 
    0.109   0.123   0.131   0.140   0.167   0.193   0.232   0.242 
    0.261   0.268   0.292   0.322   0.339   0.344   0.387   0.390 
    0.405   0.419   0.433   0.435   0.452   0.470   0.476   0.504 
    0.539   0.539   0.572   0.579   0.596   0.619   0.653   0.654 
    0.683   0.703   0.703   0.742   0.776   0.786   0.788   0.833 
    0.844   0.868   0.885   0.918   0.964   0.967   0.990   1.021 
    1.041   1.063   1.088   1.104   1.129   1.138   1.153   1.183 
    1.214   1.234   1.270   1.278   1.291   1.296   1.309   1.387 
    1.391   1.405   1.482   1.506   1.532   1.545   1.553   1.556 
    1.606   1.638   1.653   1.719   1.738   1.761   1.807   1.819 
    1.855   1.879   1.938   1.938   1.955   1.962   1.983   2.009 
    2.024   2.035   2.056   2.093   2.136   2.150   2.199   2.207 
    2.223   2.246   2.293   2.321   2.348   2.376   2.378   2.433 
    2.443   2.455   2.501   2.537   2.564   2.622   2.662   2.723 
    2.726   2.779   2.800   2.854   2.881   2.907   2.939   3.024 
    3.027   3.127   3.144   3.148   3.222   3.282   3.313   3.343 
    3.350   3.350   3.413   3.420   3.518   3.556   3.569   3.578 
    3.666   3.679   3.744   3.785   3.832   3.857   3.910   3.932 
    4.011   4.013   4.070   4.093   4.111   4.119   4.195   4.239 
    4.242   4.275   4.313   4.368   4.383   4.422   4.495   4.556 
    4.573   4.576   4.577   4.613   4.658   4.677   4.742   4.757 
    4.796   4.842   4.911   4.943   5.002   5.008   5.056   5.094 
    5.101   5.143   5.193   5.209   5.239   5.260   5.327   5.357 
    5.357   5.395   5.420   5.440   5.446   5.495   5.574   5.596 
    5.651   5.700   5.720   5.753   5.784   5.832   5.862   5.950 
    5.959   6.065   6.138   6.173   6.196   6.272   6.285   6.339 
    6.356   6.398   6.405   6.447   6.470   6.544   6.668   6.673 
    6.728   6.759   6.778   6.808   6.858   6.863   6.929   6.988 
    7.005   7.121   7.183   7.301   7.304   7.385   7.409   7.449 
    7.516   7.618   7.686   7.787   7.810   7.962   8.072   8.089 
    8.170   8.241   8.374   8.481   8.639   8.794   8.894   9.008 
    9.028   9.068   9.093   9.108   9.112   9.170   9.183   9.257 
    9.266   9.374   9.384   9.412   9.479   9.649   9.706   9.777 
    9.783   9.827   9.893   9.920   9.991  10.025  10.056  10.387 
   10.691  10.923  10.929  11.057  11.095  11.147  11.201  11.202 
   11.239  11.277  11.286  11.348  11.573  11.609  11.642  11.721 
   11.735  11.767  11.965  11.996  12.041  12.072  12.147  12.158 
   12.163  12.214  12.269  12.297  12.313  12.328  12.354  12.374 
   12.461  12.476  12.481  12.568  12.624  12.638  12.689  12.699 
   12.711  12.735  12.768  12.843  12.865  12.906  12.907  12.924 
   12.944  12.973  12.976  12.988  13.030  13.036  13.061  13.087 
   13.129  13.133  13.173  13.179  13.216  13.259  13.285  13.345 
   13.415  13.467  13.530  13.587  13.629  13.666  13.695  13.769 
   13.784  13.788  13.804  13.868  13.947  14.024  14.026  14.144 
   14.194  14.292  14.381  14.506  14.600  14.630  14.734  14.815 
   14.847  15.019  15.027  15.135  15.322  15.329  15.559  15.622 
   15.667  15.743  15.808  15.930  16.193  16.260  16.287  16.469 
   16.479  16.540  16.571  16.596  16.943  16.967  16.975  17.005 
   17.015  17.026  17.097  17.485  17.515  17.565  17.622  17.625 
   17.771  17.929  18.055  18.227  18.467  18.550  18.585  18.696 
   18.759  18.760  18.972  19.042  19.161  19.228  19.403  19.409 
   19.895  19.995  20.240  20.250  20.373  20.457  20.467  20.576 
   20.577  20.668  20.705  21.018  21.066  21.088  21.111  21.599 
   21.770  21.974  21.992  22.000  22.206  22.637  23.545  23.636 
   23.813  23.899  23.959  23.965  24.278  24.375  24.390  24.882 
   25.715  26.010  26.043  26.058  30.366  30.380  30.577  30.780 
   30.845  31.421  32.709  33.203  33.285  33.288  33.319  33.499 
   33.984  34.574  34.612  34.642  35.282  36.504  41.545  41.556 
   41.929  67.663  67.900  67.941  68.310  68.989  80.269  82.872 
   82.966  83.441  85.555  90.935  90.941  91.075  91.210  91.372 
   91.560  91.613  91.864  91.898  91.929  91.959  92.933  92.975 
   92.989 145.982 199.656 224.379 224.462 224.976 464.875 691.409 
  691.475 691.879 1095.406 2648.998 2732.703 2732.750 2733.040 6674.891 
  17842.744 51821.281 169666.222 670594.065 3802073.047 


  >>> Running UHF-MP2 <<<

MP2 correlation energy (UHF) : -0.8075082752
MP2 total energy       (UHF) : -189.2857486803

