	*********************************************** 
	***** Beginning CEBE Calculation with MOM ***** 
	*****       Calculation Details:          ***** 
	      Geometry:	 /home/am3939/core/calculations/mols/exp/n/2pyrido-n-earo.xyz
	      Core Basis:	 pcX-4
	      Full Basis:	 pc-4
	      DIIS (start, space):	 0 50
	      Level shift:	 0
	      Do localization?:	 False
	      Do SFX2C1E?:	 True
	      Freeze orbitals?:	 True
	      Use Cheng orbitals?:	 False
	      Do Special Basis?:	 True
	      Do Special Basis?:	 pcX-4
	*********************************************** 
	*********************************************** 

  >>> Running RHF <<<

init D/C      : minao
init ov       : zeros
no            : 25
nv            : 1075
ov_size       : 26875
max_cycle     : 1000
conv          : 6
econv         : 9
method        : gdm
scale_stop    : 0
scale_factor  : 1.000000
init E        : -321.599804551723
init |[F,P]|  : 3.87e-03
init |dE|     : 7.84e-03
check file    : None

iter      total energy   |[F,P]|      |dE|         ∆E   comment
   1    -321.690159594  1.81e-03  3.81e-03  -9.04e-02  BFGS
   2    -321.709285516  3.29e-04  6.84e-04  -1.91e-02  BFGS
   3    -321.709874219  9.14e-05  1.94e-04  -5.89e-04  BFGS
   4    -321.709932054  3.09e-05  6.39e-05  -5.78e-05  BFGS
   5    -321.709939402  9.76e-06  2.05e-05  -7.35e-06  BFGS
   6    -321.709940260  3.78e-06  7.88e-06  -8.58e-07  BFGS
   7    -321.709940357  1.29e-06  2.73e-06  -9.68e-08  BFGS
   8    -321.709940369  4.02e-07  7.94e-07  -1.19e-08  BFGS
   9    -321.709940371  1.88e-07  3.71e-07  -1.61e-09  BFGS
  10    -321.709940371  7.04e-08  1.39e-07  -3.68e-10  BFGS
                                                                      gdm is converged!

SCF converged : True
final |[F,P]| : 7.04e-08
final |dE|    : 1.39e-07
final Escf    : -598.075568654828
final Etot    : -321.709940370937

  pxp & ewc             :::        1.688 (  0.04%)
  apply B               :::        0.004 (  0.00%)
  linsrch               :::     4479.784 ( 99.96%)
  grad                  :::        0.062 (  0.00%)
  Total                 :::     4481.537 (100.00%)

Alpha occupied
  -20.593 -15.563 -11.340 -11.282 -11.263 -11.236 -11.233  -1.426 
   -1.256  -1.095  -1.028  -0.880  -0.854  -0.748  -0.709  -0.667 
   -0.623  -0.614  -0.598  -0.573  -0.535  -0.512  -0.435  -0.392 
   -0.332 

Alpha virtual
    0.049   0.059   0.062   0.079   0.086   0.087   0.093   0.109 
    0.111   0.117   0.118   0.123   0.129   0.131   0.139   0.159 
    0.165   0.169   0.175   0.182   0.192   0.214   0.219   0.226 
    0.230   0.231   0.238   0.239   0.245   0.248   0.262   0.275 
    0.280   0.296   0.303   0.316   0.323   0.324   0.332   0.341 
    0.345   0.365   0.369   0.374   0.381   0.390   0.401   0.418 
    0.431   0.436   0.439   0.453   0.457   0.460   0.470   0.475 
    0.483   0.486   0.498   0.503   0.510   0.519   0.521   0.533 
    0.534   0.536   0.543   0.562   0.564   0.568   0.568   0.576 
    0.584   0.599   0.602   0.609   0.616   0.621   0.625   0.632 
    0.644   0.653   0.665   0.680   0.685   0.692   0.697   0.701 
    0.717   0.728   0.737   0.741   0.752   0.754   0.760   0.761 
    0.772   0.777   0.783   0.790   0.799   0.813   0.823   0.824 
    0.847   0.852   0.862   0.869   0.888   0.895   0.909   0.916 
    0.917   0.929   0.929   0.938   0.950   0.960   0.979   0.982 
    0.994   1.025   1.025   1.038   1.041   1.055   1.064   1.075 
    1.086   1.098   1.118   1.127   1.140   1.148   1.161   1.169 
    1.178   1.179   1.195   1.205   1.215   1.231   1.243   1.259 
    1.282   1.287   1.290   1.306   1.317   1.318   1.340   1.347 
    1.359   1.362   1.377   1.381   1.385   1.404   1.405   1.422 
    1.423   1.427   1.445   1.460   1.469   1.473   1.477   1.490 
    1.500   1.516   1.520   1.535   1.545   1.559   1.565   1.566 
    1.567   1.576   1.581   1.596   1.609   1.610   1.617   1.632 
    1.637   1.639   1.670   1.689   1.692   1.711   1.724   1.760 
    1.770   1.771   1.800   1.813   1.826   1.826   1.837   1.846 
    1.863   1.867   1.886   1.905   1.905   1.916   1.937   1.973 
    1.982   1.984   1.997   2.006   2.010   2.025   2.049   2.057 
    2.080   2.105   2.111   2.126   2.139   2.171   2.180   2.180 
    2.182   2.205   2.220   2.230   2.249   2.255   2.264   2.282 
    2.300   2.309   2.311   2.320   2.321   2.328   2.349   2.377 
    2.402   2.426   2.431   2.444   2.458   2.461   2.493   2.500 
    2.516   2.518   2.550   2.568   2.571   2.575   2.593   2.597 
    2.616   2.622   2.634   2.642   2.643   2.650   2.663   2.674 
    2.688   2.699   2.710   2.735   2.736   2.752   2.758   2.774 
    2.794   2.797   2.811   2.829   2.849   2.860   2.865   2.889 
    2.905   2.920   2.938   2.963   2.978   3.020   3.045   3.048 
    3.050   3.070   3.125   3.131   3.145   3.158   3.167   3.184 
    3.192   3.205   3.226   3.242   3.270   3.311   3.313   3.328 
    3.374   3.393   3.394   3.424   3.429   3.455   3.475   3.486 
    3.506   3.521   3.546   3.557   3.561   3.580   3.596   3.611 
    3.624   3.642   3.645   3.681   3.687   3.688   3.713   3.714 
    3.723   3.765   3.774   3.775   3.797   3.808   3.837   3.847 
    3.852   3.879   3.885   3.899   3.921   3.930   3.950   3.954 
    3.959   4.001   4.009   4.017   4.047   4.104   4.118   4.135 
    4.135   4.167   4.189   4.213   4.224   4.235   4.244   4.278 
    4.289   4.316   4.323   4.345   4.358   4.361   4.362   4.377 
    4.399   4.411   4.449   4.450   4.467   4.471   4.499   4.508 
    4.530   4.532   4.541   4.546   4.551   4.587   4.604   4.614 
    4.618   4.634   4.648   4.650   4.688   4.700   4.711   4.715 
    4.742   4.753   4.779   4.796   4.808   4.817   4.821   4.840 
    4.853   4.854   4.873   4.879   4.894   4.917   4.934   4.947 
    4.969   4.978   4.989   5.007   5.017   5.032   5.038   5.043 
    5.048   5.062   5.072   5.081   5.103   5.117   5.119   5.140 
    5.162   5.174   5.182   5.188   5.206   5.207   5.230   5.240 
    5.250   5.273   5.281   5.285   5.301   5.322   5.334   5.346 
    5.351   5.378   5.416   5.417   5.433   5.462   5.483   5.505 
    5.506   5.526   5.547   5.578   5.613   5.615   5.633   5.662 
    5.677   5.688   5.701   5.730   5.746   5.766   5.776   5.786 
    5.798   5.824   5.850   5.863   5.868   5.896   5.923   5.924 
    5.949   5.954   5.974   5.986   6.029   6.069   6.073   6.087 
    6.113   6.130   6.187   6.195   6.200   6.259   6.263   6.299 
    6.319   6.372   6.405   6.409   6.413   6.453   6.461   6.481 
    6.492   6.523   6.558   6.565   6.607   6.618   6.632   6.654 
    6.692   6.704   6.727   6.738   6.765   6.809   6.822   6.853 
    6.854   6.883   6.899   6.952   6.971   6.994   7.006   7.010 
    7.031   7.052   7.087   7.132   7.134   7.160   7.166   7.197 
    7.244   7.257   7.271   7.319   7.323   7.341   7.378   7.392 
    7.402   7.410   7.419   7.430   7.497   7.564   7.568   7.613 
    7.692   7.759   7.766   7.792   7.831   7.867   7.875   7.883 
    7.937   7.965   7.974   7.989   8.008   8.094   8.127   8.223 
    8.242   8.286   8.335   8.366   8.375   8.426   8.440   8.467 
    8.499   8.556   8.580   8.604   8.652   8.687   8.690   8.777 
    8.798   8.841   8.870   8.912   8.997   9.017   9.099   9.125 
    9.133   9.228   9.265   9.298   9.300   9.353   9.359   9.375 
    9.437   9.447   9.471   9.511   9.526   9.532   9.553   9.571 
    9.635   9.654   9.687   9.702   9.735   9.749   9.796   9.827 
    9.910   9.931   9.974   9.984  10.032  10.071  10.084  10.171 
   10.206  10.302  10.346  10.437  10.473  10.501  10.582  10.612 
   10.679  10.694  10.709  10.728  10.761  10.777  10.812  10.895 
   10.899  10.911  10.933  10.937  10.971  11.004  11.025  11.025 
   11.050  11.141  11.142  11.184  11.221  11.233  11.281  11.309 
   11.343  11.346  11.375  11.417  11.435  11.436  11.462  11.471 
   11.488  11.498  11.521  11.528  11.540  11.576  11.582  11.601 
   11.604  11.629  11.641  11.648  11.663  11.667  11.712  11.742 
   11.750  11.775  11.788  11.845  11.865  11.897  11.934  11.999 
   12.022  12.037  12.042  12.069  12.092  12.099  12.119  12.140 
   12.164  12.168  12.183  12.195  12.206  12.219  12.220  12.230 
   12.237  12.243  12.255  12.273  12.283  12.291  12.322  12.331 
   12.338  12.349  12.365  12.375  12.406  12.420  12.434  12.446 
   12.455  12.463  12.473  12.492  12.510  12.533  12.540  12.569 
   12.591  12.623  12.629  12.649  12.672  12.694  12.707  12.732 
   12.752  12.786  12.792  12.835  12.845  12.863  12.892  12.909 
   12.913  12.921  12.931  12.943  12.951  12.993  13.028  13.046 
   13.049  13.079  13.118  13.131  13.133  13.144  13.170  13.171 
   13.193  13.213  13.252  13.271  13.282  13.297  13.309  13.330 
   13.350  13.370  13.380  13.384  13.412  13.421  13.469  13.471 
   13.478  13.494  13.520  13.550  13.567  13.579  13.581  13.610 
   13.636  13.655  13.661  13.695  13.710  13.731  13.736  13.760 
   13.785  13.786  13.805  13.827  13.848  13.881  13.884  13.908 
   13.929  13.939  13.983  14.001  14.019  14.034  14.087  14.130 
   14.144  14.156  14.223  14.241  14.252  14.256  14.293  14.306 
   14.328  14.330  14.369  14.380  14.406  14.467  14.501  14.515 
   14.574  14.622  14.653  14.683  14.742  14.779  14.795  14.811 
   14.851  14.910  14.927  15.014  15.107  15.123  15.176  15.221 
   15.290  15.310  15.357  15.361  15.426  15.443  15.487  15.527 
   15.532  15.590  15.606  15.685  15.687  15.724  15.818  15.824 
   15.924  15.966  15.995  16.042  16.053  16.095  16.104  16.147 
   16.168  16.198  16.205  16.270  16.331  16.388  16.404  16.421 
   16.522  16.559  16.640  16.698  16.746  16.771  16.862  16.944 
   16.973  17.083  17.123  17.210  17.217  17.218  17.223  17.230 
   17.233  17.247  17.251  17.270  17.275  17.337  17.423  17.483 
   17.553  17.585  17.645  17.673  17.678  17.709  17.726  17.774 
   17.786  17.817  17.844  17.903  17.978  17.999  18.038  18.088 
   18.154  18.169  18.276  18.382  18.391  18.542  18.547  18.746 
   18.810  18.837  18.907  18.937  19.006  19.058  19.084  19.086 
   19.119  19.180  19.203  19.239  19.306  19.395  19.409  19.424 
   19.578  19.591  19.635  19.724  19.837  19.974  20.088  20.162 
   20.215  20.310  20.445  20.528  20.701  20.732  20.789  20.864 
   20.913  20.920  20.974  21.011  21.166  21.389  21.455  21.547 
   21.623  21.633  21.717  21.821  21.873  21.985  22.213  22.647 
   22.800  22.860  23.029  23.093  23.479  23.849  23.982  24.049 
   24.121  24.152  24.270  24.303  24.315  24.451  24.616  24.641 
   24.661  24.797  24.936  25.004  26.094  26.226  26.273  26.466 
   26.642  27.658  28.068  32.034  32.946  33.068  33.125  33.145 
   33.294  33.338  33.417  33.434  33.488  33.495  33.609  33.628 
   33.641  33.806  33.850  34.666  34.787  34.840  34.958  35.063 
   35.285  35.326  35.416  35.520  35.593  35.641  35.726  36.317 
   41.696  42.038  42.088  42.106  42.247  44.742  49.124  49.330 
   49.359  50.209  50.337  52.557  53.523  54.201  68.318  68.481 
   68.740  69.312  70.436  77.014  77.920  78.559  79.555  80.370 
   91.706  91.767  91.810  91.880  91.981  92.057  92.085  92.211 
   92.311  92.403  93.176  93.303  93.449  93.563  94.315 100.350 
  140.335 141.075 141.491 147.314 228.025 429.712 430.305 430.647 
  529.454 1271.161 1691.199 1691.621 1691.868 3195.081 8539.943 24825.215 
  81391.275 322259.823 1830823.735 


  >>> Running RHF-MP2 <<<


RMP2-TIMING
  rmp2                  :::     2882.679 (100.00%)
  Total                 :::     2882.679 (100.00%)

MP2 correlation energy (RHF) : -1.6453864420
MP2 total energy       (RHF) : -323.3553268129


  >>> Running UHF <<<

init D/C      : input mo_coeff
init ov       : zeros
no            : 24 25
nv            : 1076 1075
ov_size       : 52699
max_cycle     : 1000
conv          : 6
econv         : 9
method        : diis
mom_start     : 0
guess mix     : 0.000000
orb_swap      : [[[1, 24]], []]
init E        : -306.14735884616
init S2       : 0.750000000000426
init |[F,P]|  : 9.46e-03
init |dE|     : 2.26e-02
check file    : None

iter      total energy   |[F,P]|      |dE|         ∆E   S^2   comment
   1    -306.475942532  6.27e-03  1.42e-02  -3.29e-01  0.75  DIIS mom: 23.6/24 24.5/25
   2    -306.857729950  7.20e-04  1.51e-03  -3.82e-01  0.76  DIIS mom: 23.9/24 24.9/25
   3    -306.864346891  2.67e-04  5.29e-04  -6.62e-03  0.76  DIIS mom: 24.0/24 25.0/25
   4    -306.865569071  1.20e-04  2.44e-04  -1.22e-03  0.77  DIIS mom: 24.0/24 25.0/25
   5    -306.866205888  6.36e-05  1.22e-04  -6.37e-04  0.77  DIIS mom: 24.0/24 25.0/25
   6    -306.866421788  3.80e-05  6.68e-05  -2.16e-04  0.78  DIIS mom: 24.0/24 25.0/25
   7    -306.866517893  2.86e-05  4.79e-05  -9.61e-05  0.79  DIIS mom: 24.0/24 25.0/25
   8    -306.866598676  2.30e-05  3.74e-05  -8.08e-05  0.79  DIIS mom: 24.0/24 25.0/25
   9    -306.866673837  1.82e-05  2.93e-05  -7.52e-05  0.80  DIIS mom: 24.0/24 25.0/25
  10    -306.866723523  1.52e-05  2.40e-05  -4.97e-05  0.80  DIIS mom: 24.0/24 25.0/25
  11    -306.866757501  1.42e-05  2.21e-05  -3.40e-05  0.81  DIIS mom: 24.0/24 25.0/25
  12    -306.866778851  1.40e-05  2.18e-05  -2.13e-05  0.81  DIIS mom: 24.0/24 25.0/25
  13    -306.866806766  1.38e-05  2.15e-05  -2.79e-05  0.81  DIIS mom: 24.0/24 25.0/25
  14    -306.866864624  1.34e-05  2.08e-05  -5.79e-05  0.81  DIIS mom: 24.0/24 25.0/25
  15    -306.867050433  1.19e-05  2.02e-05  -1.86e-04  0.85  DIIS mom: 24.0/24 25.0/25
  16    -306.867097748  7.73e-06  1.25e-05  -4.73e-05  0.86  DIIS mom: 24.0/24 25.0/25
  17    -306.867145033  6.79e-06  1.28e-05  -4.73e-05  0.91  DIIS mom: 24.0/24 25.0/25
  18    -306.867110578  1.12e-05  2.02e-05   3.45e-05  0.87  DIIS mom: 24.0/24 25.0/25
  19    -306.867146722  2.39e-06  4.32e-06  -3.61e-05  0.90  DIIS mom: 24.0/24 25.0/25
  20    -306.867146097  2.71e-06  4.99e-06   6.25e-07  0.90  DIIS mom: 24.0/24 25.0/25
  21    -306.867147237  6.96e-07  1.27e-06  -1.14e-06  0.91  DIIS mom: 24.0/24 25.0/25
  22    -306.867146752  1.76e-06  3.24e-06   4.84e-07  0.90  DIIS mom: 24.0/24 25.0/25
  23    -306.867147212  5.07e-07  9.10e-07  -4.60e-07  0.91  DIIS mom: 24.0/24 25.0/25
  24    -306.867147267  9.74e-08  1.81e-07  -5.48e-08  0.91  DIIS mom: 24.0/24 25.0/25
  25    -306.867147268  2.68e-08  4.67e-08  -1.26e-09  0.91  DIIS mom: 24.0/24 25.0/25
  26    -306.867147269  1.16e-08  2.10e-08  -1.93e-10  0.91  DIIS mom: 24.0/24 25.0/25
                                                                      diis is converged!

SCF converged : True
final |[F,P]| : 1.16e-08
final |dE|    : 2.10e-08
final Escf    : -583.232775552466
final Etot    : -306.867147268575
final S2      : 0.905904467532118

  diis prep             :::        1.562 (  0.01%)
  diis extrap           :::        2.033 (  0.02%)
  roothaan              :::        9.414 (  0.08%)
  fock build            :::    12469.992 ( 99.90%)
  Total                 :::    12483.001 (100.00%)

Alpha occupied
  -20.820 -11.633 -11.547 -11.491 -11.450 -11.447  -1.665  -1.570 
   -1.331  -1.276  -1.134  -1.101  -0.987  -0.957  -0.894  -0.887 
   -0.851  -0.846  -0.814  -0.771  -0.761  -0.731  -0.642  -0.556 

Alpha virtual
  -14.106  -0.157  -0.082  -0.077  -0.065  -0.058  -0.045  -0.038 
   -0.033  -0.027  -0.013  -0.006   0.001   0.007   0.016   0.025 
    0.031   0.036   0.044   0.058   0.064   0.074   0.080   0.083 
    0.088   0.090   0.096   0.098   0.107   0.112   0.117   0.120 
    0.123   0.140   0.145   0.160   0.165   0.170   0.172   0.182 
    0.190   0.193   0.204   0.211   0.213   0.221   0.228   0.246 
    0.254   0.255   0.260   0.276   0.281   0.290   0.296   0.309 
    0.312   0.322   0.323   0.328   0.336   0.347   0.350   0.367 
    0.367   0.371   0.385   0.390   0.399   0.401   0.403   0.405 
    0.408   0.423   0.438   0.439   0.441   0.461   0.462   0.470 
    0.473   0.479   0.487   0.499   0.518   0.519   0.528   0.533 
    0.536   0.555   0.561   0.565   0.568   0.571   0.583   0.591 
    0.595   0.599   0.607   0.616   0.625   0.636   0.638   0.657 
    0.662   0.675   0.678   0.692   0.693   0.701   0.711   0.725 
    0.733   0.740   0.747   0.752   0.757   0.777   0.785   0.796 
    0.806   0.817   0.830   0.843   0.847   0.855   0.872   0.873 
    0.889   0.899   0.923   0.929   0.936   0.947   0.967   0.971 
    0.978   1.000   1.001   1.003   1.024   1.026   1.054   1.055 
    1.075   1.102   1.104   1.106   1.126   1.135   1.136   1.150 
    1.164   1.175   1.179   1.190   1.197   1.205   1.217   1.221 
    1.236   1.242   1.247   1.269   1.276   1.286   1.296   1.299 
    1.309   1.318   1.329   1.341   1.358   1.360   1.371   1.376 
    1.377   1.391   1.402   1.402   1.405   1.416   1.426   1.442 
    1.445   1.451   1.455   1.462   1.499   1.513   1.523   1.530 
    1.539   1.567   1.588   1.608   1.618   1.622   1.639   1.646 
    1.655   1.670   1.679   1.691   1.695   1.708   1.717   1.729 
    1.761   1.763   1.773   1.792   1.806   1.807   1.821   1.848 
    1.848   1.883   1.895   1.899   1.921   1.941   1.957   1.982 
    1.982   1.985   2.005   2.012   2.028   2.048   2.051   2.057 
    2.068   2.094   2.097   2.105   2.121   2.122   2.123   2.147 
    2.178   2.197   2.223   2.231   2.232   2.245   2.253   2.286 
    2.296   2.310   2.315   2.351   2.356   2.364   2.365   2.389 
    2.392   2.416   2.422   2.423   2.440   2.441   2.453   2.455 
    2.464   2.478   2.488   2.500   2.530   2.538   2.550   2.550 
    2.565   2.584   2.592   2.602   2.621   2.641   2.655   2.655 
    2.686   2.690   2.705   2.729   2.748   2.769   2.812   2.833 
    2.836   2.843   2.859   2.910   2.912   2.937   2.951   2.958 
    2.976   2.983   2.989   3.017   3.035   3.068   3.097   3.106 
    3.124   3.155   3.175   3.186   3.194   3.214   3.246   3.254 
    3.272   3.287   3.300   3.326   3.334   3.355   3.377   3.385 
    3.402   3.403   3.433   3.435   3.461   3.481   3.493   3.503 
    3.509   3.517   3.552   3.574   3.577   3.596   3.607   3.617 
    3.632   3.636   3.669   3.675   3.680   3.708   3.726   3.735 
    3.739   3.746   3.797   3.803   3.804   3.819   3.879   3.885 
    3.920   3.920   3.934   3.981   3.992   3.992   4.024   4.038 
    4.067   4.072   4.105   4.111   4.135   4.140   4.150   4.153 
    4.159   4.191   4.202   4.228   4.230   4.257   4.266   4.288 
    4.293   4.320   4.320   4.330   4.334   4.338   4.381   4.393 
    4.403   4.407   4.411   4.436   4.438   4.463   4.489   4.493 
    4.496   4.513   4.537   4.555   4.556   4.580   4.599   4.611 
    4.613   4.627   4.635   4.657   4.660   4.678   4.698   4.716 
    4.729   4.749   4.758   4.777   4.796   4.802   4.802   4.823 
    4.827   4.833   4.836   4.860   4.867   4.885   4.901   4.902 
    4.922   4.945   4.946   4.961   4.964   4.983   4.992   5.014 
    5.026   5.035   5.052   5.066   5.069   5.088   5.101   5.122 
    5.124   5.135   5.158   5.194   5.197   5.216   5.244   5.264 
    5.284   5.289   5.291   5.319   5.352   5.378   5.394   5.410 
    5.443   5.459   5.470   5.485   5.509   5.529   5.545   5.560 
    5.566   5.567   5.600   5.620   5.647   5.648   5.671   5.697 
    5.700   5.713   5.722   5.755   5.759   5.807   5.842   5.867 
    5.869   5.894   5.907   5.970   5.972   5.976   6.036   6.045 
    6.086   6.095   6.151   6.179   6.180   6.194   6.231   6.239 
    6.259   6.269   6.297   6.339   6.339   6.386   6.392   6.406 
    6.432   6.471   6.481   6.496   6.509   6.542   6.585   6.587 
    6.620   6.632   6.657   6.668   6.721   6.747   6.772   6.774 
    6.789   6.803   6.834   6.858   6.879   6.913   6.914   6.940 
    6.970   7.000   7.034   7.044   7.078   7.092   7.101   7.158 
    7.166   7.168   7.178   7.187   7.208   7.242   7.316   7.338 
    7.385   7.453   7.525   7.540   7.557   7.601   7.629   7.631 
    7.650   7.720   7.725   7.747   7.754   7.764   7.849   7.892 
    7.993   8.019   8.063   8.107   8.137   8.144   8.151   8.201 
    8.231   8.285   8.332   8.346   8.371   8.419   8.420   8.444 
    8.552   8.582   8.638   8.638   8.680   8.780   8.786   8.817 
    8.857   8.932   9.011   9.037   9.065   9.071   9.111   9.145 
    9.156   9.206   9.224   9.242   9.256   9.267   9.316   9.326 
    9.345   9.405   9.433   9.457   9.480   9.488   9.519   9.582 
    9.590   9.705   9.708   9.768   9.770   9.799   9.856   9.864 
    9.919   9.949  10.080  10.124  10.204  10.235  10.272  10.363 
   10.391  10.418  10.458  10.468  10.493  10.528  10.556  10.577 
   10.644  10.653  10.666  10.676  10.703  10.715  10.775  10.793 
   10.802  10.821  10.902  10.911  10.924  10.990  10.999  11.054 
   11.072  11.114  11.118  11.152  11.183  11.204  11.214  11.236 
   11.238  11.254  11.258  11.281  11.290  11.321  11.337  11.356 
   11.380  11.386  11.389  11.398  11.420  11.428  11.441  11.474 
   11.514  11.534  11.548  11.566  11.613  11.636  11.672  11.716 
   11.752  11.768  11.792  11.799  11.802  11.835  11.841  11.884 
   11.897  11.928  11.929  11.938  11.956  11.978  11.979  11.984 
   11.996  12.001  12.015  12.017  12.039  12.048  12.065  12.080 
   12.084  12.105  12.118  12.123  12.144  12.172  12.189  12.207 
   12.210  12.221  12.224  12.246  12.255  12.273  12.281  12.313 
   12.313  12.360  12.373  12.383  12.410  12.445  12.458  12.474 
   12.499  12.521  12.551  12.561  12.609  12.627  12.647  12.661 
   12.685  12.690  12.695  12.712  12.715  12.730  12.777  12.791 
   12.809  12.818  12.856  12.883  12.910  12.914  12.921  12.946 
   12.949  12.965  12.974  13.019  13.038  13.054  13.074  13.081 
   13.093  13.120  13.135  13.146  13.155  13.180  13.185  13.223 
   13.242  13.257  13.261  13.288  13.316  13.336  13.343  13.346 
   13.382  13.408  13.429  13.433  13.468  13.478  13.496  13.499 
   13.535  13.546  13.555  13.574  13.590  13.611  13.652  13.657 
   13.686  13.702  13.715  13.750  13.775  13.788  13.798  13.861 
   13.899  13.905  13.931  13.991  14.002  14.029  14.029  14.067 
   14.076  14.098  14.105  14.112  14.157  14.188  14.230  14.269 
   14.279  14.348  14.393  14.428  14.435  14.517  14.544  14.564 
   14.582  14.629  14.666  14.695  14.773  14.878  14.898  14.947 
   14.986  15.062  15.081  15.126  15.131  15.197  15.210  15.257 
   15.288  15.306  15.341  15.363  15.455  15.471  15.490  15.590 
   15.593  15.675  15.719  15.729  15.811  15.825  15.866  15.872 
   15.892  15.912  15.935  15.967  16.031  16.088  16.093  16.150 
   16.163  16.272  16.328  16.378  16.400  16.436  16.518  16.559 
   16.638  16.724  16.789  16.878  16.963  17.004  17.007  17.012 
   17.016  17.022  17.036  17.046  17.064  17.074  17.104  17.170 
   17.226  17.261  17.384  17.422  17.431  17.459  17.461  17.508 
   17.544  17.554  17.570  17.606  17.623  17.672  17.749  17.784 
   17.830  17.897  17.938  17.947  18.034  18.158  18.308  18.324 
   18.498  18.536  18.590  18.613  18.686  18.804  18.825  18.842 
   18.875  18.910  18.932  18.996  19.008  19.096  19.102  19.147 
   19.193  19.259  19.353  19.421  19.488  19.511  19.580  19.738 
   19.844  19.907  20.099  20.214  20.307  20.499  20.509  20.581 
   20.652  20.712  20.719  20.758  20.802  20.947  20.982  21.167 
   21.246  21.329  21.412  21.413  21.596  21.641  21.755  21.981 
   22.290  22.443  22.593  22.630  22.835  23.029  23.520  23.777 
   23.795  23.840  23.910  23.944  24.084  24.107  24.245  24.402 
   24.419  24.449  24.587  24.726  24.777  25.888  25.998  26.059 
   26.257  26.437  27.443  27.849  31.812  32.714  32.819  32.891 
   32.921  33.038  33.083  33.181  33.206  33.242  33.252  33.377 
   33.394  33.405  33.582  33.610  34.404  34.541  34.606  34.739 
   34.837  35.001  35.082  35.171  35.291  35.353  35.404  35.496 
   36.074  41.487  41.826  41.876  41.900  42.042  43.737  47.846 
   48.048  48.082  48.919  49.053  51.264  52.222  52.899  68.090 
   68.255  68.512  69.085  70.211  76.786  77.682  78.303  79.304 
   80.137  91.492  91.558  91.597  91.669  91.775  91.843  91.875 
   91.999  92.099  92.197  92.968  93.089  93.238  93.356  94.101 
   98.692 138.120 138.853 139.266 147.088 225.574 426.406 426.995 
  427.335 526.213 1267.268 1686.967 1687.388 1687.635 3190.733 8535.323 
  24820.456 81386.454 322254.979 1830818.884 

Beta occupied
  -20.819 -18.392 -11.628 -11.538 -11.486 -11.455 -11.453  -1.701 
   -1.614  -1.343  -1.279  -1.157  -1.106  -1.004  -0.969  -0.956 
   -0.902  -0.869  -0.848  -0.820  -0.783  -0.766  -0.744  -0.666 
   -0.563 

Beta virtual
   -0.139  -0.082  -0.071  -0.066  -0.057  -0.043  -0.038  -0.032 
   -0.028  -0.011  -0.008   0.001   0.007   0.016   0.026   0.028 
    0.036   0.044   0.057   0.064   0.074   0.079   0.082   0.087 
    0.090   0.096   0.098   0.107   0.107   0.111   0.119   0.124 
    0.138   0.146   0.160   0.164   0.168   0.173   0.181   0.190 
    0.193   0.206   0.210   0.213   0.225   0.228   0.241   0.254 
    0.256   0.257   0.276   0.278   0.291   0.295   0.310   0.311 
    0.321   0.323   0.328   0.334   0.345   0.349   0.366   0.367 
    0.370   0.384   0.389   0.396   0.397   0.404   0.405   0.409 
    0.423   0.435   0.439   0.440   0.461   0.461   0.470   0.471 
    0.479   0.487   0.498   0.518   0.520   0.528   0.533   0.535 
    0.552   0.558   0.563   0.569   0.569   0.584   0.591   0.595 
    0.598   0.608   0.615   0.624   0.636   0.637   0.654   0.662 
    0.672   0.675   0.692   0.692   0.701   0.712   0.725   0.729 
    0.740   0.745   0.752   0.755   0.778   0.788   0.796   0.806 
    0.815   0.833   0.843   0.846   0.855   0.873   0.875   0.889 
    0.900   0.924   0.928   0.936   0.952   0.967   0.967   0.977 
    1.001   1.003   1.003   1.025   1.026   1.051   1.055   1.076 
    1.100   1.105   1.105   1.126   1.132   1.135   1.151   1.163 
    1.177   1.180   1.191   1.197   1.204   1.218   1.218   1.236 
    1.242   1.247   1.269   1.277   1.287   1.296   1.299   1.307 
    1.317   1.327   1.341   1.358   1.360   1.372   1.376   1.377 
    1.391   1.399   1.402   1.403   1.416   1.426   1.442   1.445 
    1.451   1.453   1.457   1.498   1.513   1.516   1.524   1.539 
    1.565   1.587   1.605   1.614   1.623   1.638   1.647   1.654 
    1.669   1.677   1.689   1.691   1.702   1.716   1.727   1.759 
    1.760   1.775   1.789   1.805   1.807   1.822   1.846   1.850 
    1.884   1.896   1.900   1.922   1.940   1.961   1.981   1.983 
    1.985   2.004   2.014   2.028   2.049   2.051   2.057   2.071 
    2.096   2.099   2.105   2.121   2.121   2.122   2.147   2.177 
    2.198   2.225   2.232   2.235   2.247   2.255   2.285   2.296 
    2.308   2.315   2.350   2.356   2.363   2.367   2.389   2.391 
    2.416   2.423   2.425   2.438   2.439   2.450   2.455   2.463 
    2.474   2.488   2.497   2.530   2.537   2.551   2.551   2.565 
    2.584   2.589   2.601   2.618   2.638   2.654   2.655   2.687 
    2.691   2.701   2.728   2.746   2.768   2.813   2.833   2.835 
    2.843   2.859   2.909   2.914   2.936   2.951   2.958   2.974 
    2.980   2.990   3.017   3.033   3.067   3.096   3.105   3.124 
    3.149   3.173   3.185   3.192   3.212   3.243   3.252   3.270 
    3.283   3.298   3.324   3.330   3.355   3.375   3.385   3.398 
    3.401   3.428   3.436   3.454   3.480   3.493   3.501   3.508 
    3.516   3.550   3.574   3.577   3.596   3.606   3.613   3.619 
    3.627   3.666   3.673   3.674   3.706   3.725   3.732   3.736 
    3.744   3.793   3.801   3.804   3.811   3.857   3.881   3.916 
    3.919   3.933   3.978   3.987   3.989   4.024   4.036   4.067 
    4.070   4.102   4.109   4.133   4.135   4.149   4.154   4.159 
    4.191   4.201   4.227   4.231   4.256   4.265   4.288   4.293 
    4.320   4.320   4.329   4.334   4.336   4.379   4.393   4.404 
    4.404   4.412   4.436   4.439   4.458   4.486   4.491   4.496 
    4.514   4.535   4.545   4.555   4.579   4.599   4.610   4.612 
    4.629   4.634   4.657   4.658   4.679   4.698   4.715   4.727 
    4.751   4.758   4.775   4.795   4.800   4.804   4.822   4.828 
    4.833   4.834   4.860   4.868   4.884   4.901   4.901   4.922 
    4.944   4.946   4.961   4.964   4.983   4.991   5.013   5.025 
    5.034   5.052   5.066   5.069   5.086   5.102   5.121   5.124 
    5.135   5.156   5.195   5.197   5.215   5.243   5.263   5.284 
    5.288   5.295   5.316   5.353   5.377   5.395   5.411   5.443 
    5.458   5.469   5.484   5.510   5.530   5.543   5.561   5.566 
    5.567   5.598   5.621   5.646   5.647   5.667   5.697   5.698 
    5.711   5.719   5.754   5.759   5.805   5.839   5.867   5.870 
    5.894   5.905   5.970   5.972   5.976   6.036   6.045   6.086 
    6.095   6.151   6.177   6.181   6.193   6.232   6.239   6.259 
    6.270   6.296   6.339   6.340   6.387   6.392   6.406   6.432 
    6.470   6.482   6.499   6.508   6.540   6.585   6.588   6.620 
    6.630   6.657   6.668   6.720   6.746   6.773   6.774   6.789 
    6.799   6.834   6.857   6.867   6.912   6.912   6.939   6.968 
    6.992   7.030   7.040   7.073   7.092   7.098   7.155   7.164 
    7.166   7.175   7.187   7.206   7.234   7.311   7.338   7.384 
    7.446   7.519   7.538   7.551   7.598   7.618   7.627   7.645 
    7.718   7.719   7.743   7.754   7.761   7.844   7.890   7.991 
    8.018   8.062   8.104   8.115   8.131   8.150   8.198   8.229 
    8.284   8.328   8.344   8.367   8.409   8.413   8.435   8.550 
    8.581   8.631   8.638   8.678   8.749   8.780   8.783   8.847 
    8.930   8.959   9.030   9.062   9.067   9.099   9.134   9.156 
    9.187   9.212   9.236   9.251   9.260   9.314   9.326   9.344 
    9.386   9.433   9.449   9.480   9.481   9.508   9.582   9.582 
    9.702   9.706   9.767   9.769   9.790   9.849   9.862   9.902 
    9.950  10.080  10.122  10.205  10.235  10.272  10.363  10.385 
   10.406  10.458  10.467  10.494  10.528  10.555  10.576  10.646 
   10.647  10.668  10.678  10.702  10.708  10.775  10.792  10.803 
   10.820  10.902  10.912  10.922  10.993  10.997  11.054  11.071 
   11.113  11.118  11.151  11.183  11.204  11.212  11.232  11.238 
   11.254  11.259  11.278  11.290  11.322  11.335  11.357  11.378 
   11.385  11.390  11.396  11.418  11.428  11.440  11.475  11.514 
   11.533  11.548  11.566  11.614  11.636  11.672  11.716  11.753 
   11.756  11.793  11.794  11.798  11.830  11.842  11.884  11.894 
   11.927  11.930  11.940  11.955  11.979  11.981  11.983  11.995 
   12.002  12.015  12.017  12.038  12.047  12.064  12.079  12.084 
   12.103  12.117  12.118  12.143  12.172  12.187  12.206  12.210 
   12.218  12.220  12.246  12.251  12.272  12.281  12.310  12.312 
   12.360  12.370  12.382  12.410  12.446  12.456  12.473  12.498 
   12.520  12.551  12.560  12.608  12.627  12.648  12.661  12.683 
   12.689  12.695  12.712  12.715  12.731  12.777  12.790  12.808 
   12.818  12.857  12.883  12.910  12.915  12.920  12.945  12.949 
   12.964  12.971  13.017  13.038  13.054  13.074  13.080  13.093 
   13.121  13.134  13.143  13.155  13.181  13.185  13.221  13.243 
   13.257  13.261  13.287  13.316  13.335  13.343  13.347  13.381 
   13.409  13.430  13.433  13.468  13.480  13.495  13.500  13.534 
   13.547  13.555  13.575  13.590  13.611  13.652  13.657  13.685 
   13.702  13.714  13.752  13.775  13.788  13.799  13.860  13.899 
   13.905  13.930  13.991  14.002  14.029  14.030  14.067  14.076 
   14.095  14.105  14.111  14.157  14.187  14.228  14.268  14.279 
   14.347  14.392  14.426  14.435  14.516  14.544  14.564  14.582 
   14.628  14.665  14.695  14.772  14.877  14.897  14.945  14.986 
   15.060  15.081  15.126  15.130  15.195  15.209  15.256  15.283 
   15.306  15.336  15.362  15.454  15.471  15.488  15.587  15.592 
   15.670  15.716  15.721  15.809  15.824  15.864  15.871  15.880 
   15.906  15.934  15.964  16.029  16.084  16.087  16.145  16.161 
   16.269  16.326  16.371  16.383  16.430  16.500  16.558  16.610 
   16.723  16.776  16.876  16.960  17.001  17.007  17.008  17.016 
   17.022  17.036  17.046  17.064  17.074  17.102  17.166  17.217 
   17.256  17.384  17.414  17.425  17.459  17.460  17.492  17.537 
   17.542  17.568  17.602  17.621  17.671  17.746  17.781  17.823 
   17.869  17.935  17.942  18.032  18.156  18.307  18.324  18.453 
   18.529  18.591  18.612  18.685  18.804  18.817  18.821  18.875 
   18.906  18.932  18.947  18.996  19.054  19.102  19.146  19.189 
   19.247  19.353  19.414  19.452  19.487  19.580  19.698  19.842 
   19.893  20.100  20.212  20.306  20.497  20.506  20.581  20.653 
   20.711  20.719  20.756  20.759  20.801  20.944  21.165  21.245 
   21.329  21.412  21.412  21.595  21.628  21.752  21.976  22.141 
   22.426  22.570  22.625  22.827  22.943  23.495  23.744  23.777 
   23.840  23.910  23.944  24.084  24.107  24.245  24.402  24.419 
   24.449  24.587  24.725  24.777  25.888  25.998  26.059  26.257 
   26.437  27.443  27.849  31.813  32.714  32.820  32.891  32.921 
   33.039  33.086  33.181  33.206  33.243  33.252  33.376  33.394 
   33.406  33.581  33.611  34.405  34.543  34.606  34.738  34.836 
   35.000  35.082  35.171  35.291  35.354  35.404  35.497  36.074 
   41.487  41.826  41.876  41.900  42.042  43.397  47.672  47.876 
   47.906  48.737  48.881  50.919  51.889  52.580  68.090  68.255 
   68.513  69.085  70.211  76.786  77.682  78.305  79.305  80.137 
   91.492  91.558  91.596  91.669  91.775  91.843  91.875  91.999 
   92.099  92.197  92.968  93.089  93.238  93.356  94.101  98.306 
  137.702 138.438 138.853 147.088 225.215 426.046 426.636 426.976 
  525.928 1267.074 1686.765 1687.186 1687.433 3190.620 8535.266 24820.431 
  81386.445 322254.976 1830818.883 


  >>> Running UHF-MP2 <<<

