	*********************************************** 
	***** Beginning CEBE Calculation with MOM ***** 
	*****       Calculation Details:          ***** 
	      Geometry:	 /work/morgunov/rev2calcs/mols/exp/o/h2nc-o-nh2.xyz
	      Core Basis:	 ccX-5Z
	      Full Basis:	 cc-pV5Z
	      DIIS (start, space):	 0 50
	      Level shift:	 0
	      Do localization?:	 False
	      Do SFX2C1E?:	 True
	      Freeze orbitals?:	 True
	      Use Cheng orbitals?:	 False
	      Do Special Basis?:	 True
	      Do Special Basis?:	 ccX-5Z
	*********************************************** 
	*********************************************** 

  >>> Running RHF <<<

init D/C      : minao
init ov       : zeros
no            : 16
nv            : 669
ov_size       : 10704
max_cycle     : 1000
conv          : 6
econv         : 9
method        : gdm
scale_stop    : 0
scale_factor  : 1.000000
init E        : -223.965521188488
init |[F,P]|  : 6.29e-03
init |dE|     : 1.52e-02
check file    : None

iter      total energy   |[F,P]|      |dE|         ∆E   comment
   1    -224.024754622  5.48e-03  1.27e-02  -5.92e-02  BFGS
   2    -224.099195362  4.35e-04  1.06e-03  -7.44e-02  BFGS
   3    -224.100267997  1.29e-04  2.93e-04  -1.07e-03  BFGS
   4    -224.100425681  6.51e-05  1.61e-04  -1.58e-04  BFGS
   5    -224.100446197  2.62e-05  6.38e-05  -2.05e-05  BFGS
   6    -224.100449848  5.49e-06  1.27e-05  -3.65e-06  BFGS
   7    -224.100450055  1.46e-06  3.35e-06  -2.07e-07  BFGS
   8    -224.100450070  5.36e-07  1.26e-06  -1.52e-08  BFGS
   9    -224.100450072  1.60e-07  3.93e-07  -1.79e-09  BFGS
  10    -224.100450072  4.34e-08  1.04e-07  -1.36e-10  BFGS
                                                                      gdm is converged!

SCF converged : True
final |[F,P]| : 4.34e-08
final |dE|    : 1.04e-07
final Escf    : -347.942215059587
final Etot    : -224.100450072297

  pxp & ewc             :::        0.708 (  0.06%)
  apply B               :::        0.004 (  0.00%)
  linsrch               :::     1284.786 ( 99.94%)
  grad                  :::        0.028 (  0.00%)
  Total                 :::     1285.526 (100.00%)

Alpha occupied
  -20.508 -15.582 -15.582 -11.377  -1.389  -1.233  -1.179  -0.823 
   -0.745  -0.732  -0.638  -0.607  -0.601  -0.444  -0.436  -0.419 

Alpha virtual
    0.076   0.103   0.121   0.147   0.174   0.177   0.213   0.221 
    0.243   0.247   0.252   0.291   0.310   0.311   0.349   0.366 
    0.376   0.381   0.395   0.400   0.425   0.444   0.506   0.523 
    0.584   0.588   0.601   0.611   0.617   0.631   0.641   0.647 
    0.684   0.690   0.722   0.733   0.739   0.756   0.771   0.791 
    0.800   0.816   0.873   0.894   0.906   0.913   0.937   0.953 
    0.982   1.002   1.006   1.029   1.038   1.077   1.087   1.139 
    1.144   1.159   1.165   1.202   1.221   1.243   1.317   1.359 
    1.416   1.427   1.437   1.467   1.484   1.494   1.502   1.511 
    1.531   1.550   1.556   1.577   1.614   1.619   1.627   1.667 
    1.689   1.705   1.739   1.750   1.770   1.826   1.853   1.862 
    1.877   1.925   1.944   1.950   1.952   1.974   2.006   2.025 
    2.040   2.044   2.054   2.089   2.102   2.128   2.148   2.172 
    2.182   2.211   2.232   2.235   2.241   2.282   2.287   2.297 
    2.364   2.376   2.386   2.416   2.464   2.470   2.481   2.504 
    2.534   2.562   2.606   2.628   2.635   2.739   2.748   2.783 
    2.784   2.813   2.833   2.863   2.886   2.896   2.940   2.953 
    2.967   3.021   3.034   3.099   3.163   3.174   3.209   3.246 
    3.273   3.296   3.318   3.323   3.369   3.408   3.441   3.477 
    3.507   3.511   3.531   3.539   3.553   3.590   3.620   3.659 
    3.690   3.732   3.755   3.762   3.775   3.818   3.857   3.861 
    3.905   3.933   3.974   4.004   4.014   4.063   4.091   4.093 
    4.106   4.107   4.149   4.171   4.187   4.219   4.232   4.256 
    4.284   4.296   4.371   4.390   4.396   4.445   4.506   4.534 
    4.540   4.556   4.579   4.595   4.598   4.687   4.779   4.800 
    4.812   4.841   4.866   4.892   4.905   4.955   4.965   4.966 
    5.019   5.035   5.050   5.076   5.078   5.127   5.132   5.173 
    5.201   5.212   5.225   5.255   5.265   5.280   5.306   5.366 
    5.391   5.432   5.449   5.467   5.487   5.573   5.617   5.640 
    5.666   5.701   5.715   5.739   5.770   5.775   5.802   5.805 
    5.819   5.835   5.897   5.907   5.914   5.976   6.005   6.042 
    6.068   6.092   6.117   6.168   6.184   6.224   6.241   6.307 
    6.312   6.356   6.377   6.420   6.433   6.490   6.542   6.644 
    6.654   6.679   6.679   6.756   6.835   6.873   6.896   6.991 
    7.002   7.051   7.068   7.112   7.134   7.137   7.170   7.180 
    7.237   7.253   7.317   7.342   7.417   7.418   7.423   7.465 
    7.510   7.519   7.574   7.661   7.661   7.712   7.751   7.772 
    7.805   7.853   7.888   7.989   8.041   8.060   8.135   8.208 
    8.250   8.378   8.407   8.412   8.453   8.472   8.496   8.523 
    8.552   8.655   8.686   8.759   8.781   8.797   8.833   8.920 
    8.923   8.991   9.022   9.050   9.161   9.171   9.242   9.323 
    9.352   9.418   9.491   9.537   9.688   9.880   9.982  10.023 
   10.024  10.082  10.193  10.220  10.348  10.364  10.492  10.551 
   10.625  10.677  10.787  10.794  10.867  10.943  11.009  11.011 
   11.370  11.377  11.438  11.451  11.505  11.517  11.541  11.588 
   11.642  11.645  11.728  11.750  11.751  11.765  11.806  11.849 
   11.950  11.984  12.069  12.151  12.357  12.398  12.471  12.515 
   12.555  12.619  12.635  12.669  12.696  12.723  12.725  12.746 
   12.774  12.776  12.797  12.803  12.828  12.853  12.861  12.862 
   12.952  12.969  12.970  12.998  13.054  13.062  13.121  13.129 
   13.139  13.157  13.191  13.254  13.272  13.301  13.362  13.408 
   13.437  13.491  13.504  13.552  13.571  13.594  13.623  13.678 
   13.684  13.710  13.720  13.732  13.750  13.788  13.800  13.803 
   13.848  13.901  13.945  13.955  13.976  13.999  14.049  14.062 
   14.064  14.088  14.149  14.180  14.205  14.215  14.248  14.266 
   14.266  14.306  14.328  14.331  14.337  14.376  14.388  14.394 
   14.429  14.454  14.472  14.547  14.617  14.665  14.691  14.693 
   14.760  14.764  14.780  14.866  14.925  14.928  14.963  14.975 
   14.999  15.082  15.103  15.179  15.192  15.248  15.275  15.365 
   15.419  15.427  15.491  15.576  15.582  15.649  15.773  15.775 
   15.863  15.880  15.974  16.026  16.076  16.155  16.194  16.222 
   16.331  16.366  16.427  16.457  16.493  16.541  16.582  16.635 
   16.662  16.694  16.747  16.804  16.847  16.879  16.897  16.920 
   17.030  17.038  17.097  17.117  17.221  17.238  17.417  17.504 
   17.522  17.592  17.609  17.773  17.778  17.891  17.955  17.994 
   18.076  18.133  18.186  18.192  18.401  18.460  18.479  18.550 
   18.587  18.630  18.707  18.746  18.796  18.973  19.002  19.025 
   19.137  19.213  19.393  19.410  19.486  19.557  19.580  19.692 
   19.774  19.831  19.856  20.104  20.377  20.382  20.699  20.732 
   20.860  21.192  21.199  21.365  21.423  21.495  21.914  21.976 
   22.054  22.057  22.160  22.234  22.548  23.039  23.074  23.434 
   23.876  23.928  23.941  24.737  30.896  31.112  31.618  41.552 
   43.453  53.835  53.959  66.060  66.156  66.178  66.344  66.667 
   66.709  66.992  67.662  70.554  70.572  70.781  70.837  71.289 
   71.579  71.729  94.053 118.646 118.647 118.669 118.672 118.722 
  118.726 118.730 118.759 118.774 147.492 147.647 148.009 183.977 
  184.051 184.502 184.725 185.197 203.543 225.543 225.553 225.667 
  225.697 225.927 226.074 226.128 347.167 347.299 347.628 386.063 
  386.063 386.069 386.069 386.073 386.073 386.076 386.077 386.078 
  386.080 386.080 449.060 450.061 450.061 450.067 450.068 450.084 
  450.085 450.085 450.097 450.101 473.047 473.105 473.465 473.639 
  474.008 685.489 685.495 685.562 685.579 685.713 685.797 685.826 
  892.704 892.814 893.103 1087.504 1213.271 1213.316 1213.599 1213.733 
  1214.021 2892.098 2892.195 2892.461 4236.766 


  >>> Running RHF-MP2 <<<


RMP2-TIMING
  rmp2                  :::     1246.195 (100.00%)
  Total                 :::     1246.195 (100.00%)

MP2 correlation energy (RHF) : -1.0600151219
MP2 total energy       (RHF) : -225.1604651942


  >>> Running UHF <<<

init D/C      : input mo_coeff
init ov       : zeros
no            : 15 16
nv            : 670 669
ov_size       : 20754
max_cycle     : 1000
conv          : 6
econv         : 9
method        : diis
mom_start     : 0
guess mix     : 0.000000
orb_swap      : [[[0, 15]], []]
init E        : -203.592681801137
init S2       : 0.75000000000002
init |[F,P]|  : 1.65e-02
init |dE|     : 4.28e-02
check file    : None

iter      total energy   |[F,P]|      |dE|         ∆E   S^2   comment
   1    -204.112353009  8.93e-03  2.31e-02  -5.20e-01  0.75  DIIS mom: 14.7/15 15.6/16
   2    -204.405437694  8.00e-04  2.01e-03  -2.93e-01  0.76  DIIS mom: 14.9/15 15.9/16
   3    -204.409049762  2.30e-04  5.81e-04  -3.61e-03  0.76  DIIS mom: 15.0/15 16.0/16
   4    -204.409550301  1.09e-04  2.69e-04  -5.01e-04  0.76  DIIS mom: 15.0/15 16.0/16
   5    -204.409753440  3.65e-05  8.90e-05  -2.03e-04  0.77  DIIS mom: 15.0/15 16.0/16
   6    -204.409773870  1.55e-05  3.58e-05  -2.04e-05  0.77  DIIS mom: 15.0/15 16.0/16
   7    -204.409777732  6.43e-06  1.50e-05  -3.86e-06  0.77  DIIS mom: 15.0/15 16.0/16
   8    -204.409778701  2.48e-06  5.58e-06  -9.69e-07  0.77  DIIS mom: 15.0/15 16.0/16
   9    -204.409778896  1.32e-06  2.83e-06  -1.96e-07  0.77  DIIS mom: 15.0/15 16.0/16
  10    -204.409778970  5.20e-07  1.13e-06  -7.32e-08  0.77  DIIS mom: 15.0/15 16.0/16
  11    -204.409778981  1.39e-07  3.22e-07  -1.11e-08  0.77  DIIS mom: 15.0/15 16.0/16
  12    -204.409778981  4.37e-08  1.02e-07  -4.45e-10  0.77  DIIS mom: 15.0/15 16.0/16
                                                                      diis is converged!

SCF converged : True
final |[F,P]| : 4.37e-08
final |dE|    : 1.02e-07
final Escf    : -328.251543968515
final Etot    : -204.409778981225
final S2      : 0.768525557955119

  diis prep             :::        0.464 (  0.03%)
  diis extrap           :::        0.234 (  0.01%)
  roothaan              :::        1.745 (  0.11%)
  fock build            :::     1641.212 ( 99.85%)
  Total                 :::     1643.655 (100.00%)

Alpha occupied
  -15.842 -15.842 -11.720  -1.815  -1.517  -1.435  -1.135  -1.052 
   -1.036  -1.002  -0.951  -0.910  -0.862  -0.767  -0.672 

Alpha virtual
  -18.873  -0.091  -0.089  -0.051  -0.043  -0.013  -0.003   0.003 
    0.039   0.047   0.070   0.075   0.114   0.126   0.131   0.160 
    0.179   0.187   0.188   0.193   0.209   0.232   0.252   0.272 
    0.291   0.356   0.361   0.364   0.381   0.419   0.420   0.436 
    0.440   0.465   0.466   0.516   0.523   0.524   0.529   0.568 
    0.576   0.589   0.614   0.644   0.678   0.687   0.688   0.734 
    0.746   0.758   0.788   0.804   0.818   0.831   0.855   0.875 
    0.904   0.915   0.946   0.949   0.955   1.007   1.023   1.076 
    1.134   1.163   1.174   1.186   1.195   1.228   1.231   1.233 
    1.255   1.285   1.296   1.320   1.333   1.363   1.396   1.401 
    1.421   1.455   1.477   1.520   1.524   1.552   1.595   1.612 
    1.624   1.643   1.696   1.699   1.711   1.727   1.751   1.775 
    1.796   1.809   1.816   1.837   1.858   1.885   1.901   1.916 
    1.945   1.955   1.974   2.006   2.011   2.013   2.049   2.057 
    2.077   2.134   2.148   2.153   2.175   2.212   2.236   2.241 
    2.271   2.287   2.328   2.373   2.389   2.390   2.476   2.496 
    2.531   2.538   2.576   2.601   2.617   2.638   2.663   2.685 
    2.698   2.725   2.767   2.782   2.858   2.879   2.917   2.934 
    2.949   2.952   2.960   3.011   3.030   3.056   3.137   3.163 
    3.201   3.213   3.229   3.274   3.284   3.294   3.319   3.369 
    3.412   3.439   3.449   3.496   3.504   3.510   3.553   3.596 
    3.608   3.661   3.686   3.715   3.735   3.765   3.802   3.829 
    3.841   3.842   3.851   3.899   3.920   3.941   3.975   3.985 
    3.987   4.049   4.054   4.108   4.127   4.146   4.188   4.248 
    4.284   4.307   4.313   4.343   4.358   4.362   4.416   4.534 
    4.570   4.583   4.606   4.628   4.652   4.656   4.700   4.724 
    4.734   4.781   4.791   4.800   4.840   4.840   4.892   4.900 
    4.926   4.950   4.977   4.983   5.000   5.021   5.027   5.065 
    5.124   5.136   5.177   5.214   5.222   5.236   5.335   5.360 
    5.379   5.403   5.446   5.470   5.490   5.520   5.536   5.552 
    5.552   5.574   5.576   5.638   5.652   5.663   5.725   5.730 
    5.795   5.808   5.827   5.848   5.904   5.939   5.945   5.978 
    6.047   6.056   6.110   6.110   6.159   6.187   6.225   6.281 
    6.353   6.376   6.399   6.417   6.485   6.570   6.606   6.643 
    6.646   6.709   6.723   6.776   6.804   6.850   6.871   6.888 
    6.899   6.935   6.971   7.023   7.065   7.082   7.112   7.140 
    7.167   7.239   7.241   7.249   7.336   7.373   7.442   7.470 
    7.477   7.525   7.562   7.574   7.730   7.736   7.780   7.878 
    7.934   7.986   8.061   8.137   8.138   8.189   8.213   8.219 
    8.226   8.272   8.357   8.419   8.474   8.475   8.509   8.511 
    8.642   8.649   8.726   8.733   8.769   8.855   8.893   8.954 
    9.012   9.063   9.131   9.197   9.232   9.398   9.525   9.649 
    9.713   9.714   9.747   9.878   9.930  10.041  10.047  10.190 
   10.210  10.328  10.331  10.472  10.509  10.530  10.672  10.726 
   10.733  11.076  11.094  11.180  11.191  11.218  11.220  11.267 
   11.297  11.382  11.384  11.460  11.490  11.494  11.508  11.533 
   11.590  11.683  11.720  11.795  11.894  12.103  12.116  12.217 
   12.246  12.301  12.381  12.398  12.417  12.448  12.479  12.488 
   12.504  12.518  12.526  12.542  12.555  12.589  12.608  12.616 
   12.625  12.702  12.714  12.731  12.760  12.807  12.807  12.868 
   12.886  12.887  12.896  12.938  13.006  13.013  13.043  13.075 
   13.101  13.191  13.246  13.262  13.307  13.310  13.349  13.378 
   13.435  13.448  13.467  13.482  13.490  13.507  13.552  13.561 
   13.565  13.600  13.661  13.692  13.715  13.742  13.754  13.811 
   13.822  13.824  13.848  13.899  13.925  13.954  13.963  13.997 
   14.001  14.006  14.014  14.025  14.049  14.069  14.102  14.118 
   14.143  14.164  14.171  14.190  14.238  14.275  14.354  14.400 
   14.430  14.440  14.492  14.493  14.543  14.590  14.665  14.681 
   14.726  14.726  14.813  14.820  14.833  14.867  14.928  15.021 
   15.098  15.146  15.165  15.178  15.260  15.312  15.394  15.518 
   15.525  15.605  15.624  15.712  15.723  15.821  15.887  15.946 
   15.966  16.081  16.090  16.134  16.212  16.238  16.245  16.346 
   16.381  16.402  16.417  16.465  16.537  16.599  16.627  16.646 
   16.648  16.760  16.787  16.852  16.873  16.962  16.992  17.168 
   17.254  17.261  17.310  17.356  17.521  17.532  17.632  17.699 
   17.729  17.820  17.881  17.926  17.931  18.158  18.204  18.218 
   18.239  18.261  18.297  18.417  18.473  18.516  18.603  18.625 
   18.698  18.739  18.809  19.041  19.090  19.118  19.148  19.184 
   19.228  19.298  19.389  19.462  19.681  20.127  20.139  20.357 
   20.454  20.481  20.877  20.940  20.966  21.175  21.239  21.347 
   21.513  21.666  21.716  21.799  21.940  22.038  22.761  22.793 
   22.821  23.215  23.675  23.693  24.056  30.049  30.253  30.763 
   41.173  42.524  53.578  53.702  64.615  64.712  64.858  65.013 
   65.263  65.324  65.540  66.220  69.306  69.325  69.526  69.581 
   70.033  70.315  70.468  92.505 117.226 117.227 117.242 117.244 
  117.289 117.296 117.298 117.319 117.335 145.406 145.552 145.909 
  181.643 181.716 182.164 182.382 182.856 201.200 223.191 223.201 
  223.310 223.340 223.569 223.710 223.766 344.090 344.218 344.542 
  383.669 383.669 383.672 383.673 383.674 383.678 383.678 383.684 
  383.684 383.693 383.693 445.781 447.179 447.180 447.182 447.183 
  447.195 447.196 447.197 447.204 447.208 469.746 469.803 470.160 
  470.331 470.701 681.884 681.889 681.953 681.970 682.104 682.185 
  682.215 888.600 888.708 888.994 1083.251 1209.015 1209.060 1209.342 
  1209.474 1209.762 2887.137 2887.234 2887.499 4231.735 

Beta occupied
  -23.772 -15.842 -15.842 -11.718  -1.915  -1.524  -1.433  -1.194 
   -1.098  -1.079  -1.048  -0.957  -0.937  -0.874  -0.778  -0.666 

Beta virtual
   -0.095  -0.092  -0.053  -0.044  -0.013  -0.003   0.001   0.038 
    0.047   0.070   0.074   0.114   0.123   0.130   0.160   0.175 
    0.183   0.187   0.193   0.209   0.232   0.252   0.267   0.286 
    0.352   0.354   0.356   0.379   0.421   0.421   0.434   0.439 
    0.464   0.467   0.512   0.522   0.525   0.529   0.565   0.576 
    0.590   0.614   0.645   0.679   0.687   0.687   0.734   0.747 
    0.759   0.789   0.804   0.817   0.832   0.856   0.876   0.903 
    0.914   0.947   0.950   0.956   1.008   1.023   1.075   1.134 
    1.143   1.165   1.179   1.185   1.221   1.224   1.234   1.256 
    1.286   1.296   1.320   1.330   1.364   1.397   1.401   1.422 
    1.456   1.477   1.521   1.525   1.553   1.596   1.610   1.624 
    1.645   1.697   1.700   1.710   1.728   1.750   1.775   1.794 
    1.810   1.816   1.836   1.859   1.885   1.902   1.914   1.945 
    1.955   1.974   2.006   2.011   2.014   2.050   2.056   2.077 
    2.134   2.150   2.154   2.175   2.213   2.237   2.242   2.271 
    2.288   2.329   2.373   2.389   2.390   2.477   2.497   2.532 
    2.538   2.575   2.601   2.618   2.638   2.664   2.686   2.697 
    2.726   2.766   2.781   2.857   2.867   2.906   2.926   2.927 
    2.932   2.949   3.000   3.023   3.050   3.115   3.161   3.200 
    3.210   3.225   3.276   3.284   3.293   3.318   3.369   3.407 
    3.425   3.449   3.494   3.502   3.509   3.552   3.595   3.608 
    3.661   3.687   3.716   3.735   3.765   3.802   3.826   3.841 
    3.842   3.851   3.900   3.918   3.941   3.975   3.985   3.988 
    4.049   4.054   4.108   4.125   4.146   4.187   4.248   4.282 
    4.307   4.312   4.343   4.358   4.362   4.413   4.534   4.571 
    4.582   4.605   4.627   4.652   4.655   4.701   4.725   4.734 
    4.778   4.793   4.800   4.840   4.840   4.890   4.900   4.927 
    4.950   4.976   4.983   5.000   5.021   5.026   5.065   5.125 
    5.137   5.176   5.214   5.221   5.236   5.335   5.359   5.379 
    5.401   5.446   5.470   5.489   5.520   5.536   5.551   5.552 
    5.574   5.576   5.637   5.652   5.663   5.726   5.730   5.793 
    5.808   5.827   5.847   5.904   5.939   5.946   5.976   6.047 
    6.056   6.109   6.111   6.156   6.187   6.222   6.281   6.337 
    6.376   6.397   6.412   6.473   6.565   6.573   6.621   6.643 
    6.672   6.715   6.764   6.803   6.845   6.871   6.885   6.892 
    6.924   6.971   7.020   7.060   7.074   7.108   7.134   7.149 
    7.223   7.238   7.249   7.329   7.371   7.439   7.465   7.477 
    7.522   7.560   7.571   7.721   7.735   7.779   7.878   7.933 
    7.982   8.038   8.130   8.138   8.188   8.206   8.213   8.215 
    8.272   8.348   8.417   8.457   8.474   8.496   8.508   8.640 
    8.648   8.724   8.733   8.769   8.849   8.888   8.952   9.012 
    9.063   9.131   9.193   9.217   9.396   9.514   9.640   9.713 
    9.714   9.745   9.874   9.930  10.038  10.044  10.189  10.208 
   10.323  10.329  10.474  10.509  10.532  10.672  10.725  10.733 
   11.075  11.094  11.180  11.191  11.219  11.220  11.267  11.298 
   11.383  11.383  11.459  11.490  11.494  11.508  11.533  11.591 
   11.683  11.720  11.794  11.894  12.102  12.113  12.215  12.244 
   12.299  12.380  12.398  12.416  12.448  12.476  12.488  12.504 
   12.516  12.526  12.539  12.555  12.589  12.608  12.616  12.625 
   12.702  12.714  12.730  12.760  12.805  12.807  12.864  12.886 
   12.887  12.896  12.938  13.006  13.011  13.041  13.071  13.097 
   13.191  13.247  13.262  13.307  13.309  13.349  13.378  13.435 
   13.448  13.466  13.482  13.489  13.506  13.552  13.561  13.564 
   13.600  13.661  13.692  13.714  13.742  13.754  13.811  13.821 
   13.822  13.848  13.899  13.915  13.953  13.962  13.988  13.999 
   14.005  14.011  14.023  14.047  14.069  14.074  14.102  14.126 
   14.157  14.159  14.186  14.189  14.275  14.352  14.352  14.426 
   14.439  14.474  14.485  14.518  14.587  14.665  14.681  14.724 
   14.725  14.787  14.802  14.831  14.834  14.928  15.021  15.098 
   15.128  15.165  15.176  15.258  15.312  15.394  15.518  15.525 
   15.605  15.624  15.711  15.723  15.820  15.887  15.946  15.965 
   16.079  16.087  16.133  16.212  16.225  16.245  16.346  16.378 
   16.402  16.417  16.461  16.536  16.599  16.625  16.646  16.647 
   16.760  16.787  16.851  16.873  16.962  16.991  17.168  17.254 
   17.261  17.308  17.356  17.521  17.532  17.630  17.699  17.729 
   17.820  17.881  17.926  17.931  18.157  18.201  18.217  18.233 
   18.254  18.291  18.412  18.473  18.512  18.595  18.611  18.683 
   18.730  18.799  18.875  19.079  19.116  19.144  19.173  19.207 
   19.279  19.368  19.452  19.666  20.127  20.139  20.332  20.454 
   20.480  20.857  20.939  20.964  21.172  21.239  21.286  21.454 
   21.664  21.714  21.798  21.937  21.998  22.709  22.793  22.815 
   23.166  23.672  23.693  24.001  29.815  30.022  30.538  41.129 
   42.223  53.578  53.702  64.439  64.534  64.535  64.690  65.012 
   65.089  65.367  66.044  69.229  69.248  69.449  69.504  69.956 
   70.237  70.388  92.098 117.166 117.167 117.182 117.184 117.229 
  117.236 117.238 117.260 117.275 145.022 145.169 145.526 181.383 
  181.457 181.905 182.124 182.598 200.793 223.024 223.034 223.142 
  223.172 223.402 223.543 223.599 343.712 343.839 344.165 383.585 
  383.585 383.588 383.589 383.590 383.594 383.594 383.600 383.600 
  383.609 383.609 445.416 447.040 447.040 447.042 447.043 447.056 
  447.057 447.058 447.065 447.069 469.480 469.538 469.896 470.067 
  470.437 681.677 681.683 681.746 681.764 681.898 681.979 682.009 
  888.296 888.404 888.691 1082.959 1208.795 1208.839 1209.122 1209.254 
  1209.542 2886.956 2887.052 2887.317 4231.577 


  >>> Running UHF-MP2 <<<

MP2 correlation energy (UHF) : -1.0069130893
MP2 total energy       (UHF) : -205.4166920706

