	*********************************************** 
	***** Beginning CEBE Calculation with MOM ***** 
	*****       Calculation Details:          ***** 
	      Geometry:	 /work/morgunov/core/calculations/mols/exp/c/c-f4.xyz
	      Core Basis:	 cc-pCV5Z
	      Full Basis:	 cc-pV5Z
	      Do SFX2C1E?:	 True
	      Freeze orbitals?:	 True
	      Use Cheng orbitals?:	 False
	      Do Special Basis?:	 False
	*********************************************** 
	*********************************************** 

  >>> Running RHF <<<

init D/C      : minao
init ov       : zeros
no            : 21
nv            : 488
ov_size       : 10248
max_cycle     : 1000
conv          : 6
econv         : 9
method        : gdm
scale_stop    : 0
scale_factor  : 1.000000
init E        : -435.663602683187
init |[F,P]|  : 9.15e-03
init |dE|     : 2.11e-02
check file    : None

iter      total energy   |[F,P]|      |dE|         ∆E   comment
   1    -435.795656419  5.78e-03  1.35e-02  -1.32e-01  BFGS
   2    -435.859475823  4.79e-04  1.34e-03  -6.38e-02  BFGS
   3    -435.860510070  1.38e-04  3.60e-04  -1.03e-03  BFGS
   4    -435.860611874  4.31e-05  1.03e-04  -1.02e-04  BFGS
   5    -435.860617078  7.68e-06  1.90e-05  -5.20e-06  BFGS
   6    -435.860617318  1.18e-06  2.78e-06  -2.39e-07  BFGS
   7    -435.860617323  1.60e-07  4.11e-07  -5.53e-09  BFGS
   8    -435.860617323  2.14e-08  5.45e-08  -9.50e-11  BFGS
                                                                      gdm is converged!

SCF converged : True
final |[F,P]| : 2.14e-08
final |dE|    : 5.45e-08
final Escf    : -642.52380148001
final Etot    : -435.860617323277

  pxp & ewc             :::        0.251 (  0.04%)
  apply B               :::        0.003 (  0.00%)
  linsrch               :::      596.095 ( 99.95%)
  grad                  :::        0.016 (  0.00%)
  Total                 :::      596.364 (100.00%)

Alpha occupied
  -26.371 -26.371 -26.371 -26.371 -11.607  -1.807  -1.680  -1.680 
   -1.680  -1.011  -0.891  -0.891  -0.891  -0.766  -0.766  -0.713 
   -0.713  -0.713  -0.685  -0.685  -0.685 

Alpha virtual
    0.171   0.204   0.204   0.204   0.331   0.331   0.331   0.401 
    0.401   0.433   0.433   0.433   0.438   0.529   0.561   0.561 
    0.561   0.649   0.649   0.649   0.679   0.679   0.679   0.850 
    0.850   0.854   0.861   0.861   0.861   1.064   1.064   1.064 
    1.334   1.334   1.334   1.379   1.397   1.397   1.462   1.462 
    1.462   1.464   1.464   1.644   1.644   1.644   1.668   1.770 
    1.770   1.770   1.783   1.783   1.783   1.877   1.877   1.877 
    1.881   1.881   2.042   2.042   2.042   2.119   2.119   2.119 
    2.190   2.241   2.241   2.241   2.445   2.464   2.464   2.464 
    2.750   2.750   2.792   2.792   2.792   2.835   2.835   2.835 
    3.177   3.177   3.212   3.212   3.212   3.248   3.248   3.248 
    3.281   3.453   3.453   3.453   3.554   3.554   3.554   3.593 
    3.702   3.712   3.712   3.712   3.833   3.833   3.833   3.900 
    3.900   3.900   3.964   3.964   4.111   4.111   4.122   4.211 
    4.211   4.211   4.265   4.265   4.265   4.376   4.458   4.458 
    4.458   4.458   4.458   4.458   4.549   4.549   4.683   4.683 
    4.683   4.911   4.911   4.911   4.968   4.968   4.968   5.109 
    5.109   5.109   5.239   5.261   5.261   5.528   5.528   5.556 
    5.592   5.592   5.592   5.762   5.762   5.762   5.962   5.962 
    5.962   6.141   6.141   6.141   6.244   6.244   6.465   6.495 
    6.495   6.495   7.227   7.227   7.227   7.270   7.270   7.270 
    7.475   7.475   7.475   7.577   7.583   7.583   7.583   7.598 
    7.598   7.845   7.845   7.845   7.948   7.948   7.948   8.003 
    8.179   8.208   8.208   8.208   8.336   8.336   8.420   8.420 
    8.420   8.786   8.786   8.786   8.878   8.878   8.878   9.009 
    9.009   9.181   9.181   9.181   9.428   9.428   9.428   9.432 
    9.488   9.494   9.494   9.494   9.598   9.653   9.653   9.720 
    9.720   9.720   9.906   9.928   9.928   9.928   9.936   9.936 
   10.074  10.074  10.074  10.239  10.239  10.239  10.287  10.287 
   10.287  10.492  10.492  10.492  10.522  10.522  10.522  10.578 
   10.578  10.578  10.622  10.622  10.766  10.803  10.803  10.803 
   10.996  10.996  11.045  11.045  11.045  11.071  11.071  11.071 
   11.216  11.216  11.216  11.581  11.581  11.581  11.609  11.609 
   11.609  11.611  11.611  11.963  11.963  12.290  12.489  12.489 
   12.489  13.209  13.209  13.209  13.257  13.257  13.257  13.257 
   13.420  13.420  14.430  14.430  14.430  15.205  15.205  15.205 
   15.214  18.218  18.238  18.268  18.268  18.268  18.277  18.277 
   18.277  18.285  18.285  18.293  18.293  18.293  18.294  18.294 
   18.294  18.295  18.295  18.414  18.414  18.414  18.416  18.416 
   18.416  18.462  18.599  18.599  18.599  18.617  18.617  18.907 
   18.907  18.907  19.052  19.052  19.052  19.134  19.134  19.206 
   19.206  19.206  19.358  19.358  19.358  19.656  19.778  19.778 
   19.778  19.886  19.886  19.886  19.926  19.926  21.662  21.662 
   21.662  22.120  22.640  22.640  22.640  23.687  23.701  23.701 
   23.701  23.710  23.710  23.726  23.726  23.726  23.880  23.880 
   23.880  23.955  23.955  23.955  24.016  24.318  24.318  24.318 
   24.474  24.474  24.474  24.539  24.539  24.683  24.683  24.699 
   24.699  24.699  24.827  24.872  24.872  24.872  25.215  25.215 
   25.215  25.300  25.349  25.349  25.349  25.355  25.355  25.355 
   25.436  25.530  25.530  25.749  25.749  25.749  25.887  25.887 
   25.887  26.035  26.035  26.035  26.177  26.177  26.177  26.236 
   26.236  26.565  26.565  26.565  26.934  28.836  28.836  28.836 
   28.857  28.857  28.857  28.886  28.886  29.676  29.676  29.797 
   29.797  29.797  29.817  29.817  29.817  30.297  30.297  30.297 
   30.355  35.786  35.786  37.011  37.011  37.011  47.015  47.015 
   47.015  47.111  47.111  47.111  47.436  50.725  60.407  60.407 
   60.407  79.705  79.705  79.705  80.313 107.575 107.575 108.274 
  108.274 108.274 130.245 166.052 166.052 166.052 167.192 167.192 
  167.193 167.193 167.193 167.196 167.202 167.202 167.202 188.092 
  188.092 188.092 188.132 188.132 188.132 188.274 329.292 329.292 
  329.766 329.766 329.766 337.739 465.804 465.804 465.804 1175.785 


  >>> Running RHF-MP2 <<<


RMP2-TIMING
  rmp2                  :::      560.163 (100.00%)
  Total                 :::      560.163 (100.00%)

MP2 correlation energy (RHF) : -1.5044274611
MP2 total energy       (RHF) : -437.3650447844


  >>> Running UHF <<<

init D/C      : input mo_coeff
init ov       : zeros
no            : 20 21
nv            : 489 488
ov_size       : 20028
max_cycle     : 1000
conv          : 6
econv         : 9
method        : diis
mom_start     : 0
guess mix     : 0.000000
orb_swap      : [[[4, 20]], []]
init E        : -424.254020531491
init S2       : 0.750000000000181
init |[F,P]|  : 1.21e-02
init |dE|     : 2.93e-02
check file    : None

iter      total energy   |[F,P]|      |dE|         ∆E   S^2   comment
   1    -424.510754994  8.12e-03  1.85e-02  -2.57e-01  0.75  DIIS mom: 19.8/20 20.7/21
   2    -424.734475193  1.41e-03  3.62e-03  -2.24e-01  0.76  DIIS mom: 19.9/20 20.9/21
   3    -424.744586932  3.66e-04  9.54e-04  -1.01e-02  0.76  DIIS mom: 20.0/20 21.0/21
   4    -424.745989009  2.04e-04  4.72e-04  -1.40e-03  0.77  DIIS mom: 20.0/20 21.0/21
   5    -424.746940824  1.26e-04  2.91e-04  -9.52e-04  0.78  DIIS mom: 20.0/20 21.0/21
   6    -424.747528126  5.74e-05  1.34e-04  -5.87e-04  0.80  DIIS mom: 20.0/20 21.0/21
   7    -424.747659850  7.92e-06  1.92e-05  -1.32e-04  0.81  DIIS mom: 20.0/20 21.0/21
   8    -424.747660655  1.48e-06  3.56e-06  -8.05e-07  0.81  DIIS mom: 20.0/20 21.0/21
   9    -424.747660669  1.46e-07  3.81e-07  -1.38e-08  0.81  DIIS mom: 20.0/20 21.0/21
  10    -424.747660669  3.31e-08  8.67e-08  -2.29e-10  0.81  DIIS mom: 20.0/20 21.0/21
                                                                      diis is converged!

SCF converged : True
final |[F,P]| : 3.31e-08
final |dE|    : 8.67e-08
final Escf    : -631.410844826073
final Etot    : -424.74766066934
final S2      : 0.810941730939444

  diis prep             :::        0.177 (  0.02%)
  diis extrap           :::        0.101 (  0.01%)
  roothaan              :::        0.586 (  0.07%)
  fock build            :::      797.704 ( 99.89%)
  Total                 :::      798.567 (100.00%)

Alpha occupied
  -26.738 -26.738 -26.738 -26.738  -2.173  -2.032  -2.032  -2.032 
   -1.383  -1.259  -1.259  -1.259  -1.099  -1.099  -1.046  -1.046 
   -1.046  -1.022  -1.022  -1.022 

Alpha virtual
  -10.564  -0.049  -0.031  -0.031  -0.031   0.016   0.016   0.016 
    0.074   0.152   0.152   0.152   0.185   0.185   0.269   0.343 
    0.343   0.343   0.391   0.391   0.391   0.452   0.452   0.452 
    0.561   0.561   0.561   0.569   0.569   0.610   0.827   0.827 
    0.827   1.055   1.055   1.055   1.095   1.104   1.104   1.178 
    1.178   1.178   1.193   1.193   1.339   1.339   1.339   1.392 
    1.501   1.501   1.501   1.508   1.508   1.508   1.589   1.589 
    1.593   1.593   1.593   1.758   1.758   1.758   1.805   1.805 
    1.805   1.879   1.953   1.953   1.953   2.165   2.165   2.165 
    2.173   2.451   2.451   2.466   2.466   2.466   2.510   2.510 
    2.510   2.868   2.868   2.897   2.897   2.897   2.953   2.953 
    2.953   2.993   3.142   3.142   3.142   3.202   3.202   3.202 
    3.293   3.384   3.414   3.414   3.414   3.524   3.524   3.524 
    3.561   3.561   3.561   3.659   3.659   3.770   3.805   3.805 
    3.903   3.903   3.903   3.956   3.956   3.956   4.023   4.148 
    4.148   4.148   4.164   4.164   4.164   4.169   4.169   4.351 
    4.351   4.351   4.602   4.602   4.602   4.645   4.645   4.645 
    4.732   4.732   4.732   4.891   4.945   4.945   5.203   5.203 
    5.225   5.266   5.266   5.266   5.440   5.440   5.440   5.625 
    5.625   5.625   5.817   5.817   5.817   5.917   5.917   6.114 
    6.158   6.158   6.158   6.820   6.820   6.820   6.895   6.895 
    6.895   7.140   7.140   7.140   7.262   7.278   7.278   7.278 
    7.291   7.291   7.495   7.495   7.495   7.573   7.573   7.573 
    7.603   7.826   7.876   7.876   7.876   7.962   7.962   8.093 
    8.093   8.093   8.407   8.407   8.407   8.531   8.531   8.531 
    8.673   8.673   8.805   8.805   8.805   9.106   9.106   9.106 
    9.116   9.132   9.177   9.177   9.177   9.277   9.322   9.322 
    9.361   9.361   9.361   9.531   9.576   9.576   9.576   9.612 
    9.612   9.748   9.748   9.748   9.900   9.900   9.900   9.920 
    9.920   9.920  10.119  10.119  10.119  10.141  10.141  10.141 
   10.241  10.241  10.241  10.243  10.243  10.370  10.440  10.440 
   10.440  10.657  10.657  10.679  10.679  10.679  10.689  10.689 
   10.689  10.859  10.859  10.859  11.146  11.146  11.146  11.250 
   11.250  11.262  11.262  11.262  11.433  11.433  11.866  12.054 
   12.054  12.054  12.819  12.836  12.836  12.836  12.881  12.881 
   12.881  12.987  12.987  13.903  13.903  13.903  14.839  14.839 
   14.839  14.865  17.694  17.901  17.938  17.938  17.938  17.947 
   17.947  17.947  17.956  17.956  17.976  17.976  17.976  17.976 
   17.976  17.976  17.977  17.977  18.076  18.076  18.076  18.077 
   18.077  18.077  18.120  18.250  18.250  18.250  18.271  18.271 
   18.553  18.553  18.553  18.661  18.661  18.661  18.778  18.778 
   18.857  18.857  18.857  18.962  18.962  18.962  19.131  19.430 
   19.430  19.430  19.528  19.528  19.528  19.568  19.568  21.068 
   21.068  21.068  21.635  21.996  21.996  21.996  23.344  23.374 
   23.374  23.374  23.383  23.383  23.397  23.397  23.397  23.536 
   23.536  23.536  23.613  23.613  23.613  23.668  23.963  23.963 
   23.963  24.121  24.121  24.121  24.180  24.180  24.315  24.315 
   24.333  24.333  24.333  24.463  24.508  24.508  24.508  24.814 
   24.814  24.814  24.966  25.009  25.009  25.009  25.011  25.011 
   25.011  25.101  25.184  25.184  25.401  25.401  25.401  25.536 
   25.536  25.536  25.680  25.680  25.680  25.813  25.813  25.813 
   25.875  25.875  26.170  26.170  26.170  26.552  28.492  28.492 
   28.492  28.514  28.514  28.514  28.541  28.541  29.304  29.304 
   29.430  29.430  29.430  29.453  29.453  29.453  29.884  29.884 
   29.884  29.971  34.563  34.563  35.822  35.822  35.822  45.724 
   45.724  45.724  45.821  45.821  45.821  46.147  49.272  58.738 
   58.738  58.738  79.347  79.347  79.347  79.955 105.526 105.526 
  106.228 106.228 106.228 128.029 163.589 163.589 163.589 165.135 
  165.135 165.136 165.136 165.136 165.140 165.144 165.144 165.144 
  185.713 185.713 185.713 185.753 185.753 185.753 185.896 326.351 
  326.351 326.826 326.826 326.826 334.749 462.563 462.563 462.563 
  1172.112 

Beta occupied
  -26.733 -26.733 -26.733 -26.733 -14.242  -2.195  -2.022  -2.022 
   -2.022  -1.422  -1.272  -1.272  -1.272  -1.096  -1.096  -1.028 
   -1.028  -1.028  -1.019  -1.019  -1.019 

Beta virtual
   -0.079  -0.079  -0.079  -0.055   0.011   0.011   0.011   0.025 
    0.154   0.154   0.154   0.185   0.185   0.277   0.343   0.343 
    0.343   0.385   0.385   0.385   0.453   0.453   0.453   0.551 
    0.551   0.551   0.567   0.567   0.606   0.828   0.828   0.828 
    1.055   1.055   1.055   1.082   1.098   1.098   1.176   1.176 
    1.176   1.193   1.193   1.330   1.330   1.330   1.397   1.505 
    1.505   1.505   1.511   1.511   1.511   1.585   1.585   1.594 
    1.594   1.594   1.754   1.754   1.754   1.795   1.795   1.795 
    1.853   1.954   1.954   1.954   2.159   2.159   2.159   2.177 
    2.444   2.444   2.444   2.445   2.445   2.512   2.512   2.512 
    2.869   2.869   2.896   2.896   2.896   2.954   2.954   2.954 
    2.992   3.144   3.144   3.144   3.190   3.190   3.190   3.282 
    3.381   3.415   3.415   3.415   3.527   3.527   3.527   3.556 
    3.556   3.556   3.658   3.658   3.740   3.813   3.813   3.903 
    3.903   3.903   3.958   3.958   3.958   3.991   4.150   4.150 
    4.150   4.150   4.150   4.164   4.164   4.164   4.341   4.341 
    4.341   4.605   4.605   4.605   4.636   4.636   4.636   4.715 
    4.715   4.715   4.880   4.944   4.944   5.203   5.203   5.228 
    5.264   5.264   5.264   5.438   5.438   5.438   5.622   5.622 
    5.622   5.819   5.819   5.819   5.917   5.917   6.088   6.157 
    6.157   6.157   6.762   6.762   6.762   6.895   6.895   6.895 
    7.139   7.139   7.139   7.264   7.278   7.278   7.278   7.290 
    7.290   7.489   7.489   7.489   7.550   7.564   7.564   7.564 
    7.817   7.875   7.875   7.875   7.958   7.958   8.094   8.094 
    8.094   8.398   8.398   8.398   8.533   8.533   8.533   8.677 
    8.677   8.798   8.798   8.798   9.106   9.106   9.106   9.116 
    9.130   9.178   9.178   9.178   9.276   9.325   9.325   9.353 
    9.353   9.353   9.518   9.574   9.574   9.574   9.613   9.613 
    9.751   9.751   9.751   9.900   9.900   9.900   9.914   9.914 
    9.914  10.112  10.112  10.112  10.138  10.138  10.138  10.237 
   10.237  10.244  10.244  10.244  10.366  10.438  10.438  10.438 
   10.659  10.659  10.671  10.671  10.671  10.687  10.687  10.687 
   10.856  10.856  10.856  11.139  11.139  11.139  11.246  11.246 
   11.260  11.260  11.260  11.405  11.405  11.839  12.033  12.033 
   12.033  12.785  12.835  12.835  12.835  12.879  12.879  12.879 
   12.978  12.978  13.877  13.877  13.877  14.834  14.834  14.834 
   14.866  17.581  17.903  17.940  17.940  17.940  17.948  17.948 
   17.948  17.957  17.957  17.976  17.976  17.976  17.976  17.976 
   17.976  17.977  17.977  18.078  18.078  18.078  18.079  18.079 
   18.079  18.122  18.252  18.252  18.252  18.274  18.274  18.556 
   18.556  18.556  18.641  18.641  18.641  18.780  18.780  18.860 
   18.860  18.860  18.949  18.949  18.949  19.056  19.431  19.431 
   19.431  19.526  19.526  19.526  19.568  19.568  20.956  20.956 
   20.956  21.583  21.933  21.933  21.933  23.347  23.374  23.374 
   23.374  23.383  23.383  23.397  23.397  23.397  23.538  23.538 
   23.538  23.615  23.615  23.615  23.670  23.967  23.967  23.967 
   24.126  24.126  24.126  24.184  24.184  24.320  24.320  24.338 
   24.338  24.338  24.469  24.514  24.514  24.514  24.805  24.805 
   24.805  24.967  25.009  25.009  25.009  25.013  25.013  25.013 
   25.101  25.189  25.189  25.405  25.405  25.405  25.541  25.541 
   25.541  25.686  25.686  25.686  25.818  25.818  25.818  25.881 
   25.881  26.173  26.173  26.173  26.555  28.493  28.493  28.493 
   28.515  28.515  28.515  28.542  28.542  29.308  29.308  29.436 
   29.436  29.436  29.459  29.459  29.459  29.884  29.884  29.884 
   29.975  34.436  34.436  35.700  35.700  35.700  45.647  45.647 
   45.647  45.743  45.743  45.743  46.065  48.900  58.394  58.394 
   58.394  79.348  79.348  79.348  79.956 105.306 105.306 106.009 
  106.009 106.009 127.663 163.257 163.257 163.257 165.038 165.038 
  165.039 165.039 165.039 165.042 165.047 165.047 165.047 185.549 
  185.549 185.549 185.589 185.589 185.589 185.732 326.122 326.122 
  326.597 326.597 326.597 334.454 462.308 462.308 462.308 1171.927 


  >>> Running UHF-MP2 <<<

MP2 correlation energy (UHF) : -1.5051115230
MP2 total energy       (UHF) : -426.2527721923

