	*********************************************** 
	***** Beginning CEBE Calculation with MOM ***** 
	*****       Calculation Details:          ***** 
	      Geometry:	 /work/morgunov/core/calculations/mols/exp/o/h2nch-o.xyz
	      Core Basis:	 cc-pCV5Z
	      Full Basis:	 cc-pV5Z
	      DIIS (start, space):	 0 50
	      Level shift:	 0
	      Do localization?:	 False
	      Do SFX2C1E?:	 True
	      Freeze orbitals?:	 True
	      Use Cheng orbitals?:	 False
	      Do Special Basis?:	 False
	*********************************************** 
	*********************************************** 

  >>> Running RHF <<<

init D/C      : minao
init ov       : zeros
no            : 12
nv            : 480
ov_size       : 5760
max_cycle     : 1000
conv          : 6
econv         : 9
method        : gdm
scale_stop    : 0
scale_factor  : 1.000000
init E        : -168.895283942581
init |[F,P]|  : 7.30e-03
init |dE|     : 1.95e-02
check file    : None

iter      total energy   |[F,P]|      |dE|         ∆E   comment
   1    -168.938827166  6.58e-03  1.77e-02  -4.35e-02  BFGS
   2    -169.017313073  5.37e-04  1.35e-03  -7.85e-02  BFGS
   3    -169.018385835  1.63e-04  3.87e-04  -1.07e-03  BFGS
   4    -169.018594374  7.44e-05  1.92e-04  -2.09e-04  BFGS
   5    -169.018616783  3.40e-05  8.73e-05  -2.24e-05  BFGS
   6    -169.018620598  7.00e-06  1.72e-05  -3.81e-06  BFGS
   7    -169.018620755  2.11e-06  4.96e-06  -1.57e-07  BFGS
   8    -169.018620768  7.11e-07  1.73e-06  -1.34e-08  BFGS
   9    -169.018620770  2.55e-07  6.60e-07  -1.59e-09  BFGS
  10    -169.018620770  5.00e-08  1.35e-07  -1.69e-10  BFGS
                                                                      gdm is converged!

SCF converged : True
final |[F,P]| : 5.00e-08
final |dE|    : 1.35e-07
final Escf    : -240.618271542349
final Etot    : -169.018620770013

  pxp & ewc             :::        0.209 (  0.08%)
  apply B               :::        0.002 (  0.00%)
  linsrch               :::      256.281 ( 99.91%)
  grad                  :::        0.008 (  0.00%)
  Total                 :::      256.500 (100.00%)

Alpha occupied
  -20.525 -15.593 -11.352  -1.387  -1.225  -0.855  -0.756  -0.680 
   -0.610  -0.575  -0.437  -0.423 

Alpha virtual
    0.081   0.106   0.133   0.156   0.207   0.222   0.229   0.259 
    0.323   0.334   0.353   0.374   0.390   0.432   0.436   0.465 
    0.492   0.495   0.522   0.575   0.602   0.632   0.657   0.669 
    0.696   0.724   0.734   0.772   0.784   0.803   0.847   0.865 
    0.892   0.919   0.945   0.970   0.989   1.000   1.030   1.060 
    1.084   1.138   1.166   1.227   1.240   1.299   1.340   1.369 
    1.379   1.432   1.454   1.470   1.520   1.543   1.563   1.590 
    1.612   1.618   1.651   1.690   1.752   1.782   1.793   1.807 
    1.823   1.833   1.901   1.903   1.937   1.963   1.974   2.020 
    2.053   2.055   2.075   2.107   2.141   2.150   2.164   2.195 
    2.214   2.260   2.261   2.316   2.333   2.363   2.437   2.464 
    2.509   2.526   2.599   2.607   2.620   2.687   2.789   2.793 
    2.817   2.911   2.916   2.990   3.046   3.085   3.119   3.152 
    3.175   3.213   3.235   3.249   3.314   3.332   3.398   3.399 
    3.420   3.427   3.438   3.574   3.626   3.683   3.700   3.737 
    3.761   3.799   3.805   3.871   3.886   3.915   3.965   3.985 
    4.045   4.046   4.055   4.107   4.143   4.164   4.188   4.263 
    4.297   4.411   4.416   4.461   4.481   4.493   4.555   4.555 
    4.570   4.585   4.603   4.711   4.747   4.765   4.775   4.838 
    4.858   4.859   4.901   5.024   5.033   5.033   5.050   5.120 
    5.122   5.154   5.203   5.223   5.260   5.264   5.321   5.345 
    5.406   5.451   5.468   5.520   5.537   5.567   5.627   5.642 
    5.672   5.747   5.775   5.844   5.850   5.866   5.910   6.007 
    6.056   6.120   6.125   6.177   6.249   6.259   6.345   6.352 
    6.466   6.556   6.611   6.655   6.688   6.834   6.863   6.888 
    6.948   7.020   7.121   7.155   7.165   7.227   7.237   7.259 
    7.307   7.325   7.357   7.408   7.487   7.528   7.616   7.635 
    7.696   7.743   7.757   7.791   7.840   7.881   7.907   8.077 
    8.083   8.246   8.368   8.472   8.532   8.544   8.627   8.730 
    8.782   8.803   8.892   8.907   8.971   8.982   9.054   9.138 
    9.177   9.223   9.403   9.424   9.570   9.578   9.705   9.888 
    9.891   9.918  10.021  10.114  10.121  10.159  10.213  10.381 
   10.392  10.645  10.655  10.763  10.778  10.821  11.000  11.128 
   11.173  11.254  11.302  11.408  11.503  11.518  11.639  11.675 
   11.755  11.759  11.827  11.892  12.110  12.134  12.175  12.285 
   12.556  12.601  12.635  12.681  12.718  12.751  12.759  12.762 
   12.805  12.834  12.857  12.873  12.937  12.944  12.948  13.043 
   13.132  13.136  13.167  13.194  13.264  13.357  13.376  13.467 
   13.488  13.531  13.532  13.567  13.586  13.670  13.680  13.696 
   13.768  13.783  13.831  13.862  13.884  13.902  13.909  13.963 
   14.003  14.024  14.091  14.191  14.200  14.246  14.285  14.319 
   14.320  14.328  14.333  14.351  14.426  14.480  14.524  14.539 
   14.587  14.629  14.644  14.717  14.744  14.839  14.954  14.955 
   14.970  15.029  15.032  15.096  15.102  15.313  15.384  15.516 
   15.548  15.579  15.652  15.738  15.806  15.926  16.009  16.135 
   16.183  16.185  16.329  16.359  16.367  16.558  16.601  16.777 
   16.802  16.868  16.902  17.031  17.134  17.139  17.285  17.381 
   17.447  17.475  17.627  17.686  17.820  17.997  18.004  18.059 
   18.098  18.347  18.500  18.545  18.624  18.651  18.775  18.892 
   18.954  18.959  19.110  19.114  19.150  19.188  19.451  19.517 
   19.559  19.634  19.786  19.820  19.823  20.060  20.626  20.801 
   20.895  20.916  21.230  21.433  21.567  21.896  21.913  22.050 
   22.175  22.384  23.008  23.304  23.402  23.697  24.102  30.291 
   38.428  38.766  40.078  41.732  54.040  61.117  61.198  61.700 
   61.916  62.131  71.794  71.808  72.026  72.073  72.448  72.664 
   72.696  82.735 107.613 107.893 109.121 181.255 181.311 181.683 
  181.836 181.973 220.383 245.784 245.785 245.787 245.788 245.790 
  245.793 245.795 245.802 245.803 291.490 291.496 291.583 291.599 
  291.744 291.822 291.838 298.758 298.994 300.054 556.562 556.600 
  556.863 556.966 557.056 583.865 837.418 837.610 838.503 2073.200 


  >>> Running RHF-MP2 <<<


RMP2-TIMING
  rmp2                  :::      168.165 (100.00%)
  Total                 :::      168.165 (100.00%)

MP2 correlation energy (RHF) : -0.7952095387
MP2 total energy       (RHF) : -169.8138303087


  >>> Running UHF <<<

init D/C      : input mo_coeff
init ov       : zeros
no            : 11 12
nv            : 481 480
ov_size       : 11051
max_cycle     : 1000
conv          : 6
econv         : 9
method        : diis
mom_start     : 0
guess mix     : 0.000000
orb_swap      : [[[0, 11]], []]
init E        : -148.494031610569
init S2       : 0.750000000000087
init |[F,P]|  : 1.85e-02
init |dE|     : 5.84e-02
check file    : None

iter      total energy   |[F,P]|      |dE|         ∆E   S^2   comment
   1    -149.003165177  1.03e-02  3.21e-02  -5.09e-01  0.75  DIIS mom: 10.7/11 11.6/12
   2    -149.307052267  9.53e-04  2.71e-03  -3.04e-01  0.76  DIIS mom: 10.9/11 11.9/12
   3    -149.310903959  3.32e-04  8.90e-04  -3.85e-03  0.76  DIIS mom: 11.0/11 12.0/12
   4    -149.311527270  1.47e-04  4.15e-04  -6.23e-04  0.76  DIIS mom: 11.0/11 12.0/12
   5    -149.311796858  6.79e-05  1.81e-04  -2.70e-04  0.77  DIIS mom: 11.0/11 12.0/12
   6    -149.311849818  3.17e-05  7.52e-05  -5.30e-05  0.77  DIIS mom: 11.0/11 12.0/12
   7    -149.311868191  2.21e-05  4.79e-05  -1.84e-05  0.77  DIIS mom: 11.0/11 12.0/12
   8    -149.311881087  1.69e-05  3.47e-05  -1.29e-05  0.77  DIIS mom: 11.0/11 12.0/12
   9    -149.311893884  1.06e-05  2.22e-05  -1.28e-05  0.77  DIIS mom: 11.0/11 12.0/12
  10    -149.311900261  2.81e-06  6.61e-06  -6.38e-06  0.77  DIIS mom: 11.0/11 12.0/12
  11    -149.311900487  9.38e-07  2.21e-06  -2.26e-07  0.77  DIIS mom: 11.0/11 12.0/12
  12    -149.311900500  2.71e-07  6.45e-07  -1.28e-08  0.77  DIIS mom: 11.0/11 12.0/12
  13    -149.311900500  6.30e-08  1.48e-07  -8.55e-10  0.77  DIIS mom: 11.0/11 12.0/12
                                                                      diis is converged!

SCF converged : True
final |[F,P]| : 6.30e-08
final |dE|    : 1.48e-07
final Escf    : -220.911551272713
final Etot    : -149.311900500376
final S2      : 0.773994927139196

  diis prep             :::        0.101 (  0.03%)
  diis extrap           :::        0.151 (  0.04%)
  roothaan              :::        0.535 (  0.15%)
  fock build            :::      357.615 ( 99.78%)
  Total                 :::      358.402 (100.00%)

Alpha occupied
  -15.896 -11.712  -1.829  -1.527  -1.180  -1.092  -1.061  -1.007 
   -0.970  -0.863  -0.760 

Alpha virtual
  -18.889  -0.143  -0.096  -0.068  -0.041  -0.001   0.008   0.029 
    0.057   0.125   0.133   0.137   0.158   0.179   0.183   0.217 
    0.255   0.265   0.265   0.286   0.341   0.351   0.395   0.426 
    0.434   0.446   0.499   0.513   0.523   0.557   0.566   0.598 
    0.607   0.663   0.673   0.698   0.731   0.755   0.774   0.793 
    0.831   0.844   0.903   0.916   0.976   0.990   1.039   1.067 
    1.100   1.117   1.164   1.181   1.202   1.274   1.288   1.289 
    1.301   1.335   1.363   1.367   1.434   1.491   1.492   1.545 
    1.549   1.561   1.568   1.638   1.655   1.687   1.701   1.706 
    1.773   1.794   1.795   1.806   1.857   1.897   1.899   1.918 
    1.924   1.961   2.005   2.011   2.061   2.075   2.103   2.148 
    2.203   2.243   2.252   2.321   2.330   2.353   2.411   2.504 
    2.526   2.544   2.627   2.651   2.717   2.771   2.787   2.804 
    2.854   2.868   2.907   2.946   2.957   3.014   3.030   3.103 
    3.111   3.135   3.150   3.164   3.310   3.329   3.407   3.417 
    3.447   3.492   3.501   3.516   3.584   3.602   3.621   3.678 
    3.702   3.750   3.767   3.782   3.821   3.866   3.884   3.914 
    3.984   4.017   4.094   4.135   4.156   4.174   4.184   4.258 
    4.282   4.282   4.306   4.316   4.385   4.452   4.475   4.511 
    4.527   4.573   4.608   4.620   4.726   4.762   4.779   4.786 
    4.828   4.839   4.874   4.932   4.957   4.975   4.999   5.035 
    5.054   5.116   5.171   5.175   5.228   5.265   5.281   5.352 
    5.364   5.387   5.456   5.488   5.524   5.562   5.563   5.625 
    5.710   5.762   5.834   5.834   5.881   5.940   5.968   6.046 
    6.057   6.171   6.272   6.319   6.380   6.395   6.534   6.554 
    6.579   6.659   6.733   6.826   6.842   6.871   6.921   6.931 
    6.942   6.990   7.020   7.026   7.122   7.196   7.215   7.291 
    7.305   7.386   7.413   7.464   7.475   7.515   7.587   7.604 
    7.768   7.783   7.913   8.033   8.186   8.187   8.270   8.280 
    8.401   8.426   8.475   8.557   8.590   8.639   8.656   8.754 
    8.811   8.856   8.917   9.087   9.110   9.181   9.251   9.394 
    9.529   9.556   9.575   9.654   9.791   9.805   9.843   9.859 
   10.024  10.047  10.308  10.309  10.382  10.422  10.511  10.667 
   10.765  10.863  10.944  10.988  11.101  11.191  11.192  11.308 
   11.360  11.468  11.473  11.547  11.596  11.804  11.818  11.883 
   11.943  12.244  12.289  12.362  12.420  12.424  12.459  12.473 
   12.480  12.539  12.552  12.567  12.596  12.603  12.661  12.680 
   12.760  12.820  12.846  12.865  12.870  12.983  13.072  13.092 
   13.175  13.186  13.231  13.265  13.279  13.305  13.378  13.393 
   13.395  13.503  13.506  13.546  13.591  13.614  13.620  13.627 
   13.678  13.690  13.705  13.751  13.755  13.869  13.942  13.972 
   13.997  13.998  14.000  14.025  14.041  14.096  14.176  14.227 
   14.245  14.311  14.339  14.348  14.405  14.447  14.507  14.652 
   14.657  14.696  14.731  14.735  14.801  14.821  15.009  15.071 
   15.188  15.230  15.304  15.364  15.447  15.494  15.525  15.713 
   15.825  15.860  15.898  16.042  16.044  16.083  16.239  16.267 
   16.427  16.484  16.527  16.623  16.749  16.856  16.863  16.957 
   17.089  17.166  17.182  17.336  17.409  17.529  17.710  17.711 
   17.755  17.807  18.052  18.196  18.209  18.265  18.319  18.442 
   18.549  18.594  18.629  18.674  18.704  18.822  18.856  19.057 
   19.114  19.174  19.318  19.339  19.370  19.417  19.610  20.343 
   20.384  20.552  20.565  20.950  20.970  21.204  21.276  21.384 
   21.405  21.867  22.092  22.345  22.679  23.023  23.098  23.819 
   29.380  37.251  37.577  38.951  41.321  53.741  59.749  59.830 
   60.328  60.535  60.752  70.493  70.508  70.717  70.765  71.138 
   71.346  71.377  81.043 105.598 105.868 107.094 178.829 178.884 
  179.253 179.400 179.537 217.670 243.518 243.519 243.522 243.523 
  243.524 243.526 243.527 243.530 243.530 288.701 288.706 288.788 
  288.805 288.948 289.022 289.038 295.678 295.909 296.967 552.886 
  552.924 553.185 553.285 553.375 580.071 833.266 833.456 834.346 
  2068.434 

Beta occupied
  -23.788 -15.894 -11.711  -1.932  -1.526  -1.227  -1.133  -1.092 
   -1.092  -0.986  -0.891  -0.755 

Beta virtual
   -0.151  -0.097  -0.068  -0.042  -0.007   0.008   0.028   0.056 
    0.123   0.133   0.137   0.158   0.177   0.180   0.212   0.254 
    0.263   0.263   0.287   0.342   0.343   0.390   0.427   0.433 
    0.439   0.498   0.514   0.519   0.558   0.565   0.584   0.607 
    0.662   0.673   0.700   0.731   0.757   0.775   0.794   0.831 
    0.845   0.904   0.917   0.981   0.990   1.032   1.072   1.103 
    1.118   1.163   1.178   1.204   1.260   1.274   1.287   1.302 
    1.335   1.362   1.368   1.431   1.481   1.492   1.545   1.548 
    1.560   1.567   1.635   1.655   1.674   1.702   1.705   1.767 
    1.790   1.796   1.803   1.855   1.898   1.899   1.918   1.922 
    1.960   2.006   2.012   2.064   2.077   2.102   2.151   2.202 
    2.241   2.252   2.324   2.328   2.354   2.411   2.504   2.527 
    2.544   2.628   2.650   2.713   2.761   2.784   2.801   2.850 
    2.866   2.904   2.947   2.956   3.010   3.032   3.101   3.112 
    3.135   3.152   3.163   3.310   3.329   3.402   3.417   3.449 
    3.493   3.503   3.512   3.583   3.602   3.617   3.672   3.702 
    3.751   3.768   3.779   3.820   3.867   3.879   3.914   3.983 
    4.006   4.067   4.125   4.146   4.160   4.171   4.256   4.270 
    4.276   4.303   4.312   4.380   4.431   4.469   4.511   4.520 
    4.571   4.607   4.619   4.717   4.762   4.779   4.784   4.830 
    4.837   4.873   4.932   4.957   4.976   4.996   5.018   5.055 
    5.112   5.165   5.176   5.226   5.265   5.279   5.351   5.362 
    5.385   5.453   5.486   5.516   5.558   5.564   5.622   5.710 
    5.762   5.834   5.835   5.881   5.942   5.965   6.046   6.057 
    6.168   6.273   6.317   6.380   6.396   6.534   6.547   6.579 
    6.657   6.731   6.826   6.834   6.872   6.919   6.927   6.940 
    6.988   7.015   7.023   7.122   7.196   7.213   7.283   7.303 
    7.381   7.410   7.461   7.474   7.512   7.585   7.599   7.768 
    7.783   7.903   8.016   8.180   8.186   8.271   8.271   8.401 
    8.413   8.470   8.541   8.589   8.639   8.651   8.749   8.811 
    8.854   8.912   9.081   9.108   9.160   9.244   9.392   9.502 
    9.552   9.576   9.640   9.790   9.804   9.843   9.844  10.019 
   10.041  10.281  10.309  10.350  10.424  10.507  10.667  10.744 
   10.864  10.944  10.986  11.094  11.181  11.189  11.306  11.360 
   11.469  11.473  11.547  11.593  11.803  11.808  11.883  11.925 
   12.227  12.284  12.361  12.396  12.420  12.458  12.470  12.479 
   12.538  12.553  12.565  12.575  12.594  12.658  12.680  12.755 
   12.811  12.834  12.863  12.869  12.980  13.067  13.094  13.170 
   13.180  13.223  13.262  13.277  13.305  13.348  13.389  13.394 
   13.499  13.505  13.529  13.587  13.602  13.616  13.617  13.655 
   13.672  13.695  13.736  13.738  13.863  13.941  13.965  13.993 
   13.996  13.998  14.021  14.041  14.089  14.174  14.225  14.245 
   14.311  14.338  14.348  14.397  14.444  14.499  14.645  14.657 
   14.696  14.732  14.734  14.798  14.821  15.007  15.069  15.158 
   15.229  15.304  15.365  15.443  15.493  15.494  15.713  15.820 
   15.858  15.898  16.041  16.042  16.084  16.237  16.248  16.420 
   16.484  16.524  16.624  16.749  16.856  16.864  16.955  17.089 
   17.167  17.181  17.335  17.410  17.529  17.710  17.712  17.755 
   17.807  18.052  18.193  18.202  18.258  18.316  18.436  18.535 
   18.593  18.623  18.658  18.688  18.820  18.854  19.046  19.101 
   19.163  19.312  19.319  19.360  19.407  19.592  20.342  20.360 
   20.552  20.561  20.951  20.951  21.143  21.261  21.339  21.369 
   21.864  22.091  22.289  22.626  22.966  23.093  23.818  29.010 
   36.895  37.226  38.626  41.306  53.742  59.584  59.666  60.165 
   60.373  60.589  70.408  70.423  70.632  70.680  71.054  71.261 
   71.293  80.527 105.134 105.406 106.638 178.542 178.598 178.967 
  179.115 179.252 217.173 243.402 243.403 243.406 243.407 243.408 
  243.410 243.411 243.414 243.414 288.488 288.494 288.576 288.593 
  288.735 288.809 288.825 295.241 295.472 296.533 552.580 552.618 
  552.879 552.979 553.069 579.673 832.931 833.121 834.012 2068.187 


  >>> Running UHF-MP2 <<<

MP2 correlation energy (UHF) : -0.7402887304
MP2 total energy       (UHF) : -150.0521892308

