	*********************************************** 
	***** Beginning CEBE Calculation with MOM ***** 
	*****       Calculation Details:          ***** 
	      Geometry:	 /work/morgunov/core/calculations/mols/exp/n/h2n-c2h4oh.xyz
	      Core Basis:	 cc-pCV5Z
	      Full Basis:	 cc-pV5Z
	      DIIS (start, space):	 0 50
	      Level shift:	 0
	      Do localization?:	 False
	      Do SFX2C1E?:	 True
	      Freeze orbitals?:	 True
	      Use Cheng orbitals?:	 False
	      Do Special Basis?:	 False
	*********************************************** 
	*********************************************** 

  >>> Running RHF <<<

init D/C      : minao
init ov       : zeros
no            : 17
nv            : 786
ov_size       : 13362
max_cycle     : 1000
conv          : 6
econv         : 9
method        : gdm
scale_stop    : 0
scale_factor  : 1.000000
init E        : -209.132782670317
init |[F,P]|  : 3.77e-03
init |dE|     : 9.92e-03
check file    : None

iter      total energy   |[F,P]|      |dE|         ∆E   comment
   1    -209.191110906  2.02e-03  5.60e-03  -5.83e-02  BFGS
   2    -209.209466882  2.80e-04  7.31e-04  -1.84e-02  BFGS
   3    -209.209805683  6.93e-05  1.78e-04  -3.39e-04  BFGS
   4    -209.209834069  2.19e-05  5.41e-05  -2.84e-05  BFGS
   5    -209.209836644  6.81e-06  1.71e-05  -2.57e-06  BFGS
   6    -209.209836912  1.88e-06  4.81e-06  -2.68e-07  BFGS
   7    -209.209836936  7.46e-07  1.86e-06  -2.36e-08  BFGS
   8    -209.209836938  1.64e-07  4.28e-07  -2.46e-09  BFGS
   9    -209.209836938  3.87e-08  9.19e-08  -1.65e-10  BFGS
                                                                      gdm is converged!

SCF converged : True
final |[F,P]| : 3.87e-08
final |dE|    : 9.19e-08
final Escf    : -344.586675699496
final Etot    : -209.209836938202

  pxp & ewc             :::        0.843 (  0.06%)
  apply B               :::        0.004 (  0.00%)
  linsrch               :::     1346.625 ( 99.93%)
  grad                  :::        0.036 (  0.00%)
  Total                 :::     1347.508 (100.00%)

Alpha occupied
  -20.536 -15.553 -11.264 -11.252  -1.349  -1.191  -0.980  -0.830 
   -0.703  -0.657  -0.636  -0.618  -0.557  -0.526  -0.486  -0.438 
   -0.409 

Alpha virtual
    0.085   0.109   0.112   0.131   0.153   0.161   0.166   0.203 
    0.210   0.237   0.239   0.285   0.303   0.315   0.338   0.356 
    0.374   0.389   0.394   0.407   0.423   0.428   0.443   0.447 
    0.462   0.478   0.485   0.495   0.517   0.535   0.559   0.580 
    0.599   0.614   0.635   0.659   0.669   0.682   0.695   0.723 
    0.731   0.758   0.771   0.795   0.808   0.809   0.823   0.834 
    0.848   0.853   0.864   0.880   0.890   0.906   0.938   0.943 
    0.947   0.981   0.989   1.018   1.027   1.053   1.061   1.065 
    1.090   1.115   1.120   1.143   1.148   1.158   1.171   1.185 
    1.214   1.243   1.260   1.269   1.319   1.336   1.352   1.377 
    1.407   1.431   1.443   1.453   1.510   1.525   1.534   1.551 
    1.562   1.581   1.588   1.613   1.634   1.660   1.672   1.693 
    1.702   1.706   1.721   1.738   1.754   1.767   1.787   1.812 
    1.831   1.848   1.877   1.885   1.900   1.927   1.956   1.961 
    1.967   2.002   2.020   2.040   2.053   2.056   2.085   2.092 
    2.105   2.109   2.133   2.153   2.170   2.180   2.192   2.204 
    2.213   2.234   2.250   2.262   2.268   2.294   2.296   2.308 
    2.335   2.365   2.395   2.410   2.433   2.438   2.452   2.461 
    2.496   2.501   2.523   2.559   2.567   2.568   2.602   2.620 
    2.653   2.686   2.690   2.716   2.727   2.755   2.779   2.798 
    2.831   2.836   2.856   2.885   2.903   2.916   2.923   2.945 
    3.005   3.017   3.029   3.048   3.065   3.081   3.104   3.144 
    3.154   3.226   3.235   3.254   3.283   3.304   3.337   3.349 
    3.359   3.389   3.396   3.428   3.452   3.461   3.487   3.536 
    3.547   3.558   3.588   3.625   3.645   3.665   3.679   3.724 
    3.738   3.756   3.766   3.791   3.830   3.840   3.869   3.927 
    3.932   3.950   3.954   3.980   3.999   4.019   4.039   4.051 
    4.070   4.103   4.150   4.169   4.195   4.210   4.241   4.254 
    4.260   4.287   4.308   4.317   4.331   4.370   4.382   4.407 
    4.424   4.456   4.463   4.489   4.507   4.526   4.559   4.573 
    4.583   4.606   4.613   4.652   4.673   4.691   4.701   4.718 
    4.739   4.740   4.765   4.783   4.793   4.818   4.827   4.869 
    4.888   4.910   4.931   4.936   4.948   4.975   4.994   4.999 
    5.022   5.053   5.063   5.079   5.087   5.112   5.140   5.163 
    5.193   5.200   5.215   5.226   5.259   5.280   5.297   5.318 
    5.352   5.354   5.368   5.385   5.392   5.401   5.424   5.460 
    5.464   5.492   5.514   5.528   5.556   5.569   5.611   5.617 
    5.642   5.644   5.673   5.691   5.709   5.730   5.774   5.780 
    5.806   5.813   5.837   5.844   5.876   5.882   5.918   5.937 
    5.986   5.994   6.025   6.031   6.066   6.091   6.115   6.127 
    6.159   6.172   6.196   6.225   6.247   6.274   6.279   6.342 
    6.363   6.378   6.392   6.440   6.504   6.533   6.589   6.604 
    6.650   6.662   6.702   6.713   6.740   6.756   6.776   6.802 
    6.845   6.880   6.911   6.913   6.936   6.976   7.006   7.037 
    7.077   7.119   7.145   7.160   7.186   7.208   7.225   7.288 
    7.297   7.312   7.339   7.376   7.385   7.436   7.447   7.497 
    7.559   7.580   7.606   7.661   7.673   7.710   7.763   7.810 
    7.829   7.862   7.868   7.910   7.914   7.969   8.002   8.006 
    8.068   8.114   8.148   8.198   8.245   8.256   8.308   8.355 
    8.410   8.470   8.477   8.506   8.594   8.685   8.692   8.738 
    8.789   8.890   8.928   9.068   9.094   9.155   9.201   9.249 
    9.295   9.332   9.430   9.481   9.519   9.601   9.626   9.652 
    9.704   9.736   9.766   9.849   9.910   9.976  10.004  10.060 
   10.099  10.145  10.167  10.233  10.292  10.343  10.386  10.423 
   10.430  10.447  10.491  10.551  10.589  10.600  10.679  10.760 
   10.798  10.827  10.842  10.867  10.927  10.940  10.997  11.046 
   11.111  11.136  11.211  11.246  11.259  11.356  11.368  11.411 
   11.450  11.477  11.507  11.554  11.568  11.606  11.630  11.650 
   11.673  11.725  11.732  11.806  11.826  11.865  11.911  11.940 
   11.987  12.046  12.086  12.164  12.217  12.306  12.451  12.474 
   12.530  12.538  12.562  12.589  12.633  12.640  12.685  12.699 
   12.707  12.721  12.751  12.761  12.766  12.781  12.796  12.811 
   12.813  12.833  12.849  12.858  12.865  12.876  12.890  12.896 
   12.911  12.919  12.937  12.967  12.986  13.007  13.031  13.036 
   13.048  13.068  13.117  13.123  13.139  13.176  13.183  13.200 
   13.209  13.237  13.288  13.298  13.318  13.327  13.359  13.380 
   13.419  13.439  13.456  13.506  13.541  13.549  13.566  13.607 
   13.635  13.652  13.660  13.692  13.714  13.723  13.763  13.772 
   13.788  13.824  13.840  13.852  13.864  13.897  13.918  13.923 
   13.961  13.997  14.012  14.034  14.060  14.077  14.086  14.110 
   14.125  14.135  14.160  14.177  14.191  14.218  14.230  14.260 
   14.271  14.292  14.298  14.305  14.341  14.380  14.412  14.422 
   14.428  14.452  14.469  14.515  14.518  14.553  14.571  14.601 
   14.605  14.627  14.653  14.673  14.687  14.693  14.712  14.763 
   14.778  14.787  14.800  14.819  14.846  14.871  14.891  14.896 
   14.957  14.960  14.976  15.038  15.043  15.074  15.126  15.165 
   15.177  15.232  15.265  15.292  15.318  15.335  15.380  15.432 
   15.479  15.505  15.536  15.610  15.617  15.705  15.718  15.750 
   15.805  15.901  15.955  15.990  16.010  16.026  16.058  16.104 
   16.117  16.156  16.201  16.257  16.312  16.332  16.386  16.455 
   16.566  16.574  16.683  16.726  16.739  16.788  16.855  16.886 
   16.925  16.948  16.992  17.030  17.122  17.163  17.236  17.254 
   17.363  17.397  17.490  17.553  17.670  17.734  17.752  17.803 
   17.836  17.866  17.900  17.942  17.955  17.995  18.018  18.034 
   18.062  18.109  18.145  18.264  18.326  18.354  18.414  18.464 
   18.490  18.552  18.601  18.636  18.722  18.784  18.827  18.924 
   18.968  19.047  19.103  19.124  19.159  19.181  19.237  19.293 
   19.360  19.480  19.596  19.739  19.804  20.007  20.237  20.270 
   20.365  20.740  20.831  20.868  20.917  20.939  20.953  21.021 
   21.040  21.138  21.194  21.373  21.445  21.636  22.800  22.815 
   23.117  23.263  23.512  23.640  23.750  24.111  25.496  26.135 
   26.620  30.977  32.275  32.658  42.351  42.583  51.134  51.215 
   51.341  51.889  52.486  58.942  59.145  59.297  59.376  59.456 
   59.721  60.042  65.153  66.721  83.897  84.958  85.104 151.041 
  151.100 151.205 151.577 151.995 173.049 209.091 209.093 209.095 
  209.096 209.100 209.103 209.104 209.108 209.110 230.665 231.551 
  231.653 236.428 236.521 236.588 236.606 236.644 236.763 236.911 
  450.724 457.156 457.199 457.288 457.543 457.828 644.731 645.502 
  645.601 1578.238 


  >>> Running RHF-MP2 <<<


RMP2-TIMING
  rmp2                  :::     1214.843 (100.00%)
  Total                 :::     1214.843 (100.00%)

MP2 correlation energy (RHF) : -1.0537419504
MP2 total energy       (RHF) : -210.2635788886


  >>> Running UHF <<<

init D/C      : input mo_coeff
init ov       : zeros
no            : 16 17
nv            : 787 786
ov_size       : 25954
max_cycle     : 1000
conv          : 6
econv         : 9
method        : diis
mom_start     : 0
guess mix     : 0.000000
orb_swap      : [[[1, 16]], []]
init E        : -193.657006646796
init S2       : 0.750000000000103
init |[F,P]|  : 1.15e-02
init |dE|     : 3.20e-02
check file    : None

iter      total energy   |[F,P]|      |dE|         ∆E   S^2   comment
   1    -194.075225079  6.85e-03  1.74e-02  -4.18e-01  0.75  DIIS mom: 15.7/16 16.6/17
   2    -194.333150524  4.70e-04  1.26e-03  -2.58e-01  0.76  DIIS mom: 15.9/16 17.0/17
   3    -194.335299217  1.61e-04  3.89e-04  -2.15e-03  0.76  DIIS mom: 16.0/16 17.0/17
   4    -194.335822299  9.62e-05  2.29e-04  -5.23e-04  0.77  DIIS mom: 16.0/16 17.0/17
   5    -194.336069249  4.43e-05  1.09e-04  -2.47e-04  0.77  DIIS mom: 16.0/16 17.0/17
   6    -194.336120741  1.60e-05  3.97e-05  -5.15e-05  0.78  DIIS mom: 16.0/16 17.0/17
   7    -194.336126826  5.60e-06  1.40e-05  -6.09e-06  0.78  DIIS mom: 16.0/16 17.0/17
   8    -194.336127376  1.76e-06  4.39e-06  -5.50e-07  0.78  DIIS mom: 16.0/16 17.0/17
   9    -194.336127449  6.65e-07  1.55e-06  -7.30e-08  0.78  DIIS mom: 16.0/16 17.0/17
  10    -194.336127461  3.11e-07  6.85e-07  -1.13e-08  0.78  DIIS mom: 16.0/16 17.0/17
  11    -194.336127464  1.22e-07  2.76e-07  -3.00e-09  0.78  DIIS mom: 16.0/16 17.0/17
  12    -194.336127464  4.90e-08  1.15e-07  -4.64e-10  0.78  DIIS mom: 16.0/16 17.0/17
                                                                      diis is converged!

SCF converged : True
final |[F,P]| : 4.90e-08
final |dE|    : 1.15e-07
final Escf    : -329.712966225369
final Etot    : -194.336127464075
final S2      : 0.777038193785572

  diis prep             :::        0.568 (  0.03%)
  diis extrap           :::        0.363 (  0.02%)
  roothaan              :::        2.266 (  0.12%)
  fock build            :::     1904.457 ( 99.83%)
  Total                 :::     1907.655 (100.00%)

Alpha occupied
  -20.728 -11.527 -11.466  -1.598  -1.536  -1.248  -1.097  -1.066 
   -0.977  -0.918  -0.869  -0.802  -0.774  -0.759  -0.689  -0.627 

Alpha virtual
  -14.176  -0.124  -0.081  -0.052  -0.030  -0.009  -0.002   0.007 
    0.021   0.034   0.061   0.071   0.094   0.098   0.136   0.142 
    0.160   0.164   0.173   0.185   0.208   0.219   0.229   0.243 
    0.256   0.270   0.272   0.281   0.309   0.327   0.365   0.372 
    0.381   0.401   0.418   0.449   0.452   0.464   0.476   0.489 
    0.502   0.519   0.553   0.576   0.581   0.604   0.615   0.620 
    0.629   0.635   0.649   0.664   0.676   0.683   0.714   0.729 
    0.738   0.748   0.770   0.789   0.803   0.808   0.825   0.855 
    0.862   0.874   0.883   0.910   0.934   0.939   0.950   0.966 
    0.971   1.003   1.035   1.035   1.069   1.104   1.135   1.140 
    1.182   1.189   1.222   1.234   1.246   1.293   1.310   1.316 
    1.319   1.336   1.357   1.369   1.399   1.412   1.424   1.447 
    1.474   1.482   1.488   1.494   1.499   1.533   1.549   1.563 
    1.591   1.614   1.627   1.637   1.654   1.686   1.696   1.731 
    1.742   1.749   1.773   1.798   1.812   1.816   1.838   1.859 
    1.867   1.875   1.891   1.897   1.917   1.944   1.952   1.963 
    1.992   2.000   2.008   2.017   2.039   2.051   2.074   2.082 
    2.103   2.113   2.147   2.153   2.185   2.192   2.206   2.221 
    2.236   2.258   2.275   2.301   2.325   2.339   2.346   2.383 
    2.398   2.410   2.449   2.469   2.484   2.508   2.518   2.546 
    2.552   2.571   2.592   2.616   2.640   2.655   2.681   2.701 
    2.713   2.765   2.781   2.792   2.804   2.824   2.837   2.859 
    2.914   2.930   2.986   2.997   3.023   3.044   3.085   3.110 
    3.120   3.139   3.150   3.165   3.188   3.227   3.235   3.252 
    3.286   3.319   3.336   3.346   3.387   3.421   3.432   3.447 
    3.468   3.472   3.502   3.514   3.566   3.571   3.610   3.628 
    3.684   3.694   3.718   3.725   3.742   3.765   3.792   3.796 
    3.805   3.837   3.860   3.920   3.925   3.941   3.967   3.994 
    4.022   4.036   4.056   4.068   4.086   4.092   4.127   4.144 
    4.161   4.192   4.206   4.231   4.251   4.264   4.281   4.298 
    4.326   4.353   4.365   4.375   4.400   4.420   4.451   4.469 
    4.489   4.499   4.504   4.540   4.544   4.554   4.588   4.601 
    4.633   4.645   4.661   4.683   4.689   4.722   4.733   4.741 
    4.759   4.775   4.784   4.819   4.821   4.853   4.876   4.904 
    4.909   4.929   4.946   4.959   4.974   5.006   5.040   5.057 
    5.075   5.111   5.115   5.126   5.131   5.161   5.174   5.189 
    5.202   5.233   5.239   5.253   5.296   5.314   5.330   5.365 
    5.371   5.380   5.417   5.435   5.446   5.450   5.498   5.502 
    5.534   5.567   5.579   5.607   5.618   5.629   5.651   5.667 
    5.690   5.734   5.744   5.765   5.791   5.832   5.838   5.859 
    5.871   5.915   5.929   5.951   5.969   5.998   6.012   6.047 
    6.078   6.098   6.116   6.148   6.192   6.245   6.295   6.338 
    6.358   6.401   6.413   6.419   6.460   6.475   6.505   6.519 
    6.555   6.594   6.613   6.659   6.675   6.681   6.703   6.733 
    6.783   6.805   6.868   6.879   6.902   6.917   6.958   7.000 
    7.019   7.027   7.072   7.096   7.128   7.156   7.196   7.206 
    7.250   7.308   7.352   7.367   7.425   7.434   7.468   7.515 
    7.546   7.572   7.601   7.644   7.654   7.682   7.715   7.786 
    7.787   7.816   7.883   7.918   7.966   7.998   8.019   8.066 
    8.099   8.133   8.188   8.224   8.253   8.305   8.391   8.410 
    8.482   8.552   8.597   8.691   8.785   8.857   8.860   8.974 
    8.996   9.066   9.107   9.189   9.257   9.273   9.349   9.374 
    9.421   9.472   9.483   9.531   9.626   9.668   9.696   9.781 
    9.809   9.830   9.891   9.926  10.002  10.054  10.109  10.139 
   10.182  10.193  10.217  10.253  10.327  10.353  10.362  10.427 
   10.526  10.559  10.569  10.607  10.633  10.689  10.696  10.748 
   10.776  10.837  10.855  10.889  10.993  10.998  11.044  11.047 
   11.105  11.144  11.183  11.215  11.281  11.287  11.331  11.352 
   11.388  11.424  11.440  11.473  11.544  11.563  11.587  11.646 
   11.702  11.737  11.788  11.822  11.847  11.978  12.003  12.098 
   12.182  12.188  12.268  12.317  12.338  12.354  12.360  12.400 
   12.412  12.424  12.448  12.471  12.506  12.517  12.533  12.547 
   12.559  12.578  12.592  12.596  12.614  12.623  12.624  12.632 
   12.642  12.659  12.681  12.686  12.704  12.724  12.731  12.766 
   12.773  12.794  12.824  12.864  12.893  12.918  12.932  12.937 
   12.961  12.986  13.000  13.020  13.036  13.057  13.086  13.109 
   13.121  13.173  13.190  13.219  13.239  13.266  13.297  13.324 
   13.330  13.360  13.372  13.391  13.408  13.414  13.432  13.442 
   13.461  13.510  13.534  13.553  13.581  13.593  13.629  13.651 
   13.667  13.681  13.702  13.730  13.770  13.785  13.813  13.826 
   13.838  13.853  13.889  13.902  13.937  13.950  13.965  13.989 
   13.993  14.013  14.032  14.042  14.062  14.081  14.091  14.137 
   14.160  14.191  14.201  14.229  14.257  14.288  14.318  14.327 
   14.366  14.374  14.378  14.386  14.416  14.435  14.445  14.475 
   14.487  14.505  14.537  14.548  14.568  14.592  14.601  14.641 
   14.667  14.688  14.710  14.729  14.755  14.801  14.840  14.857 
   14.898  14.924  14.942  14.983  15.008  15.070  15.073  15.118 
   15.125  15.196  15.231  15.244  15.350  15.372  15.404  15.466 
   15.503  15.533  15.626  15.690  15.723  15.757  15.810  15.840 
   15.851  15.877  15.903  15.919  15.963  15.982  16.042  16.054 
   16.094  16.251  16.324  16.355  16.371  16.405  16.477  16.573 
   16.577  16.664  16.682  16.703  16.745  16.782  16.833  16.835 
   16.880  17.011  17.061  17.141  17.194  17.321  17.446  17.533 
   17.551  17.594  17.609  17.631  17.683  17.714  17.726  17.764 
   17.791  17.802  17.822  17.882  17.888  17.985  18.113  18.133 
   18.206  18.221  18.261  18.312  18.351  18.389  18.420  18.542 
   18.620  18.725  18.848  18.877  18.924  18.946  18.975  19.029 
   19.058  19.167  19.291  19.408  19.550  19.613  19.817  20.046 
   20.079  20.172  20.354  20.366  20.481  20.522  20.663  20.727 
   20.769  20.804  20.901  20.935  20.998  21.157  21.258  22.270 
   22.625  22.926  23.073  23.144  23.321  23.557  23.919  25.304 
   25.865  25.943  29.913  31.227  31.623  42.137  42.318  49.820 
   49.902  50.029  50.578  51.178  57.685  57.889  58.040  58.119 
   58.196  58.463  58.781  64.961  65.184  82.082  83.144  83.288 
  148.794 148.853 148.959 149.330 149.748 170.631 206.944 206.947 
  206.951 206.953 206.956 206.960 206.961 206.962 206.965 227.927 
  228.812 228.914 233.886 233.980 234.046 234.064 234.099 234.219 
  234.366 447.382 453.854 453.898 453.988 454.241 454.526 641.072 
  641.841 641.940 1574.067 

Beta occupied
  -20.728 -18.459 -11.525 -11.466  -1.692  -1.539  -1.261  -1.139 
   -1.092  -1.023  -0.957  -0.870  -0.821  -0.776  -0.760  -0.689 
   -0.627 

Beta virtual
   -0.133  -0.087  -0.053  -0.031  -0.010  -0.002   0.006   0.022 
    0.026   0.059   0.072   0.094   0.100   0.133   0.141   0.150 
    0.156   0.168   0.187   0.204   0.217   0.227   0.242   0.256 
    0.269   0.272   0.279   0.309   0.327   0.366   0.372   0.381 
    0.402   0.419   0.449   0.451   0.463   0.476   0.490   0.502 
    0.521   0.552   0.574   0.583   0.601   0.616   0.622   0.630 
    0.635   0.649   0.661   0.675   0.682   0.714   0.729   0.736 
    0.744   0.763   0.786   0.801   0.805   0.821   0.853   0.861 
    0.873   0.881   0.910   0.934   0.938   0.951   0.964   0.972 
    1.003   1.033   1.036   1.066   1.104   1.135   1.139   1.183 
    1.185   1.221   1.234   1.247   1.293   1.308   1.312   1.319 
    1.336   1.353   1.368   1.401   1.410   1.423   1.448   1.471 
    1.483   1.488   1.495   1.499   1.534   1.550   1.562   1.592 
    1.614   1.626   1.637   1.655   1.685   1.697   1.732   1.741 
    1.747   1.770   1.797   1.811   1.816   1.838   1.858   1.866 
    1.874   1.891   1.896   1.917   1.942   1.952   1.961   1.992 
    2.001   2.007   2.016   2.039   2.050   2.073   2.080   2.103 
    2.113   2.147   2.151   2.184   2.190   2.205   2.221   2.235 
    2.258   2.275   2.300   2.322   2.339   2.346   2.383   2.398 
    2.410   2.447   2.469   2.480   2.508   2.517   2.544   2.549 
    2.560   2.588   2.612   2.640   2.651   2.681   2.700   2.713 
    2.761   2.779   2.792   2.804   2.820   2.833   2.860   2.913 
    2.929   2.983   2.995   3.022   3.044   3.082   3.109   3.118 
    3.138   3.148   3.160   3.185   3.226   3.232   3.248   3.283 
    3.318   3.334   3.345   3.384   3.419   3.432   3.445   3.462 
    3.470   3.499   3.511   3.561   3.569   3.609   3.628   3.683 
    3.693   3.718   3.723   3.740   3.765   3.791   3.793   3.804 
    3.836   3.858   3.916   3.923   3.940   3.966   3.994   4.022 
    4.034   4.056   4.067   4.084   4.091   4.127   4.142   4.159 
    4.190   4.205   4.231   4.251   4.262   4.280   4.297   4.326 
    4.353   4.364   4.375   4.399   4.420   4.450   4.469   4.489 
    4.498   4.504   4.539   4.541   4.554   4.588   4.600   4.630 
    4.643   4.659   4.680   4.685   4.722   4.733   4.740   4.759 
    4.774   4.781   4.818   4.819   4.853   4.877   4.901   4.908 
    4.930   4.944   4.960   4.974   5.004   5.041   5.057   5.073 
    5.110   5.112   5.126   5.130   5.161   5.174   5.189   5.201 
    5.232   5.236   5.249   5.295   5.313   5.328   5.363   5.369 
    5.379   5.415   5.428   5.440   5.450   5.492   5.502   5.533 
    5.566   5.579   5.606   5.618   5.628   5.650   5.664   5.688 
    5.733   5.744   5.764   5.790   5.828   5.837   5.858   5.870 
    5.915   5.927   5.950   5.965   5.994   6.009   6.046   6.075 
    6.095   6.111   6.148   6.191   6.243   6.294   6.335   6.358 
    6.394   6.410   6.414   6.460   6.472   6.503   6.518   6.553 
    6.594   6.608   6.657   6.673   6.674   6.702   6.731   6.781 
    6.799   6.859   6.879   6.900   6.915   6.957   6.998   7.012 
    7.025   7.070   7.092   7.125   7.153   7.191   7.205   7.249 
    7.307   7.350   7.367   7.421   7.432   7.457   7.506   7.542 
    7.563   7.600   7.641   7.653   7.680   7.712   7.782   7.787 
    7.813   7.879   7.917   7.965   7.991   8.014   8.065   8.095 
    8.130   8.180   8.219   8.251   8.304   8.387   8.406   8.479 
    8.546   8.592   8.689   8.776   8.853   8.859   8.974   8.994 
    9.066   9.107   9.189   9.255   9.262   9.343   9.371   9.420 
    9.469   9.476   9.531   9.613   9.628   9.692   9.781   9.802 
    9.828   9.890   9.925  10.001  10.054  10.107  10.138  10.181 
   10.194  10.216  10.251  10.327  10.353  10.361  10.416  10.524 
   10.553  10.564  10.605  10.632  10.674  10.688  10.724  10.773 
   10.818  10.839  10.858  10.986  10.991  11.030  11.044  11.097 
   11.136  11.175  11.212  11.268  11.285  11.322  11.344  11.386 
   11.419  11.438  11.471  11.544  11.560  11.583  11.641  11.695 
   11.734  11.788  11.806  11.846  11.970  12.001  12.084  12.179 
   12.187  12.267  12.315  12.337  12.354  12.360  12.399  12.412 
   12.423  12.447  12.471  12.506  12.516  12.533  12.547  12.560 
   12.578  12.592  12.596  12.614  12.623  12.624  12.632  12.640 
   12.658  12.681  12.686  12.704  12.723  12.731  12.765  12.772 
   12.794  12.822  12.863  12.893  12.918  12.932  12.936  12.960 
   12.986  13.000  13.019  13.035  13.056  13.085  13.107  13.120 
   13.173  13.189  13.217  13.238  13.266  13.297  13.323  13.326 
   13.359  13.370  13.390  13.402  13.413  13.432  13.442  13.461 
   13.509  13.534  13.552  13.579  13.593  13.629  13.651  13.667 
   13.681  13.701  13.729  13.769  13.783  13.813  13.825  13.837 
   13.852  13.889  13.901  13.936  13.950  13.964  13.985  13.992 
   14.012  14.031  14.041  14.061  14.079  14.090  14.136  14.159 
   14.190  14.200  14.229  14.255  14.288  14.316  14.325  14.364 
   14.371  14.378  14.386  14.414  14.433  14.444  14.473  14.486 
   14.503  14.536  14.548  14.567  14.590  14.599  14.639  14.666 
   14.687  14.708  14.728  14.753  14.800  14.836  14.856  14.893 
   14.922  14.941  14.980  15.005  15.063  15.069  15.113  15.124 
   15.194  15.227  15.243  15.342  15.371  15.404  15.464  15.499 
   15.532  15.620  15.689  15.721  15.756  15.809  15.835  15.850 
   15.876  15.902  15.918  15.962  15.977  16.036  16.050  16.089 
   16.241  16.320  16.352  16.370  16.404  16.467  16.563  16.573 
   16.663  16.679  16.697  16.739  16.779  16.820  16.832  16.871 
   17.007  17.055  17.129  17.192  17.313  17.435  17.525  17.551 
   17.592  17.605  17.628  17.679  17.708  17.724  17.763  17.785 
   17.799  17.819  17.874  17.888  17.959  18.112  18.130  18.204 
   18.217  18.254  18.302  18.348  18.374  18.407  18.540  18.620 
   18.725  18.848  18.877  18.924  18.946  18.975  19.028  19.057 
   19.167  19.291  19.408  19.550  19.613  19.817  20.046  20.079 
   20.171  20.312  20.351  20.469  20.510  20.663  20.727  20.769 
   20.802  20.885  20.932  20.998  21.118  21.256  22.189  22.625 
   22.926  23.073  23.119  23.321  23.557  23.919  25.304  25.636 
   25.942  29.617  30.947  31.355  42.137  42.317  49.667  49.749 
   49.876  50.426  51.027  57.605  57.809  57.960  58.039  58.116 
   58.382  58.696  64.745  64.962  81.679  82.747  82.893 148.540 
  148.599 148.706 149.077 149.495 170.203 206.836 206.839 206.843 
  206.845 206.848 206.852 206.853 206.854 206.857 227.545 228.432 
  228.535 233.697 233.791 233.858 233.876 233.911 234.030 234.178 
  447.037 453.591 453.635 453.724 453.979 454.264 640.779 641.549 
  641.648 1573.851 


  >>> Running UHF-MP2 <<<

MP2 correlation energy (UHF) : -1.0219506425
MP2 total energy       (UHF) : -195.3580781065

