	*********************************************** 
	***** Beginning CEBE Calculation with MOM ***** 
	*****       Calculation Details:          ***** 
	      Geometry:	 /work/morgunov/core/calculations/mols/exp/f/cf3chch2.xyz
	      Core Basis:	 cc-pCV5Z
	      Full Basis:	 cc-pV5Z
	      DIIS (start, space):	 0 50
	      Level shift:	 0
	      Do localization?:	 False
	      Do SFX2C1E?:	 True
	      Freeze orbitals?:	 True
	      Use Cheng orbitals?:	 False
	      Do Special Basis?:	 False
	*********************************************** 
	*********************************************** 

  >>> Running RHF <<<

init D/C      : minao
init ov       : zeros
no            : 24
nv            : 849
ov_size       : 20376
max_cycle     : 1000
conv          : 6
econv         : 9
method        : gdm
scale_stop    : 0
scale_factor  : 1.000000
init E        : -413.674054044691
init |[F,P]|  : 5.13e-03
init |dE|     : 1.33e-02
check file    : None

iter      total energy   |[F,P]|      |dE|         ∆E   comment
   1    -413.793927935  3.32e-03  8.65e-03  -1.20e-01  BFGS
   2    -413.850569973  3.32e-04  8.62e-04  -5.66e-02  BFGS
   3    -413.851654645  1.04e-04  2.69e-04  -1.08e-03  BFGS
   4    -413.851768998  3.23e-05  7.92e-05  -1.14e-04  BFGS
   5    -413.851777060  1.02e-05  2.41e-05  -8.06e-06  BFGS
   6    -413.851777956  3.05e-06  8.80e-06  -8.96e-07  BFGS
   7    -413.851778027  6.13e-07  1.56e-06  -7.13e-08  BFGS
   8    -413.851778031  1.98e-07  4.91e-07  -3.65e-09  BFGS
   9    -413.851778031  7.10e-08  1.94e-07  -3.40e-10  BFGS
                                                                      gdm is converged!

SCF converged : True
final |[F,P]| : 7.10e-08
final |dE|    : 1.94e-07
final Escf    : -666.654289881851
final Etot    : -413.851778031265

  pxp & ewc             :::        0.979 (  0.04%)
  apply B               :::        0.004 (  0.00%)
  linsrch               :::     2444.871 ( 99.96%)
  grad                  :::        0.039 (  0.00%)
  Total                 :::     2445.894 (100.00%)

Alpha occupied
  -26.332 -26.329 -26.329 -11.505 -11.267 -11.265  -1.726  -1.631 
   -1.628  -1.108  -0.970  -0.866  -0.821  -0.818  -0.758  -0.711 
   -0.707  -0.668  -0.659  -0.647  -0.645  -0.608  -0.543  -0.416 

Alpha virtual
    0.092   0.098   0.109   0.129   0.171   0.193   0.205   0.228 
    0.247   0.255   0.268   0.285   0.329   0.352   0.365   0.384 
    0.384   0.384   0.391   0.413   0.417   0.452   0.460   0.473 
    0.483   0.510   0.525   0.546   0.563   0.585   0.590   0.607 
    0.651   0.655   0.665   0.666   0.681   0.695   0.713   0.719 
    0.722   0.735   0.769   0.796   0.806   0.829   0.855   0.883 
    0.892   0.898   0.929   0.936   0.954   0.955   0.977   0.979 
    1.006   1.023   1.033   1.069   1.089   1.094   1.110   1.145 
    1.156   1.171   1.239   1.252   1.307   1.347   1.380   1.388 
    1.413   1.431   1.444   1.460   1.473   1.483   1.510   1.513 
    1.545   1.576   1.585   1.591   1.611   1.623   1.627   1.632 
    1.636   1.683   1.692   1.714   1.735   1.747   1.763   1.801 
    1.828   1.831   1.852   1.860   1.871   1.886   1.910   1.935 
    1.944   1.972   1.984   1.988   2.007   2.011   2.017   2.058 
    2.066   2.067   2.086   2.111   2.124   2.135   2.147   2.156 
    2.170   2.188   2.192   2.245   2.245   2.316   2.330   2.373 
    2.390   2.392   2.395   2.410   2.440   2.500   2.509   2.547 
    2.550   2.584   2.632   2.647   2.655   2.725   2.740   2.747 
    2.774   2.796   2.820   2.888   2.891   2.918   2.982   3.022 
    3.023   3.050   3.072   3.102   3.139   3.176   3.211   3.240 
    3.277   3.281   3.294   3.328   3.341   3.348   3.367   3.418 
    3.437   3.462   3.470   3.491   3.511   3.517   3.563   3.578 
    3.594   3.645   3.658   3.676   3.686   3.713   3.732   3.746 
    3.775   3.783   3.823   3.832   3.888   3.890   3.908   3.911 
    3.927   3.938   3.947   3.972   4.003   4.031   4.035   4.047 
    4.049   4.075   4.116   4.126   4.146   4.153   4.183   4.220 
    4.249   4.250   4.276   4.277   4.297   4.301   4.341   4.345 
    4.358   4.411   4.415   4.424   4.442   4.479   4.491   4.514 
    4.527   4.555   4.580   4.589   4.601   4.629   4.636   4.674 
    4.687   4.698   4.734   4.755   4.775   4.788   4.816   4.833 
    4.837   4.862   4.887   4.924   4.930   4.968   4.974   4.996 
    5.008   5.078   5.087   5.104   5.134   5.144   5.184   5.205 
    5.227   5.232   5.267   5.309   5.369   5.372   5.393   5.407 
    5.427   5.465   5.504   5.519   5.534   5.538   5.610   5.622 
    5.652   5.680   5.689   5.711   5.757   5.793   5.829   5.839 
    5.866   5.869   5.928   5.931   5.972   5.994   6.031   6.059 
    6.082   6.134   6.138   6.167   6.200   6.277   6.375   6.392 
    6.434   6.450   6.486   6.513   6.543   6.559   6.605   6.640 
    6.723   6.775   6.864   6.965   7.022   7.027   7.152   7.205 
    7.302   7.320   7.367   7.391   7.392   7.431   7.453   7.478 
    7.543   7.557   7.582   7.609   7.624   7.643   7.644   7.683 
    7.685   7.687   7.815   7.829   7.859   7.884   7.898   7.941 
    7.968   7.994   8.059   8.110   8.117   8.234   8.238   8.281 
    8.329   8.376   8.392   8.421   8.453   8.456   8.507   8.538 
    8.569   8.642   8.671   8.740   8.829   8.889   8.895   8.902 
    8.919   8.927   9.021   9.026   9.086   9.129   9.143   9.240 
    9.279   9.283   9.352   9.367   9.412   9.480   9.484   9.505 
    9.534   9.541   9.585   9.598   9.604   9.616   9.669   9.684 
    9.720   9.756   9.793   9.808   9.839   9.885   9.895   9.926 
    9.971  10.022  10.042  10.055  10.089  10.122  10.128  10.143 
   10.172  10.176  10.193  10.226  10.253  10.278  10.298  10.327 
   10.334  10.340  10.367  10.380  10.445  10.461  10.526  10.530 
   10.563  10.567  10.592  10.630  10.636  10.642  10.680  10.716 
   10.750  10.781  10.801  10.810  10.829  10.848  10.887  10.888 
   10.913  10.935  10.936  10.972  10.995  11.010  11.042  11.047 
   11.072  11.113  11.155  11.187  11.193  11.241  11.343  11.355 
   11.371  11.427  11.475  11.488  11.527  11.559  11.579  11.590 
   11.652  11.675  11.698  11.730  11.731  11.862  11.945  11.945 
   12.127  12.143  12.186  12.262  12.419  12.435  12.596  12.642 
   12.695  12.718  12.730  12.751  12.754  12.788  12.791  12.816 
   12.834  12.843  12.867  12.879  12.897  12.953  12.961  12.995 
   13.056  13.070  13.115  13.128  13.140  13.142  13.230  13.234 
   13.271  13.278  13.278  13.293  13.398  13.410  13.440  13.528 
   13.612  13.649  13.726  13.767  13.795  13.798  13.947  13.992 
   14.008  14.013  14.035  14.096  14.171  14.210  14.235  14.249 
   14.276  14.281  14.305  14.309  14.379  14.400  14.494  14.495 
   14.524  14.527  14.535  14.571  14.579  14.678  14.690  14.819 
   14.838  14.938  14.979  15.052  15.064  15.130  15.133  15.431 
   15.481  15.515  15.532  15.675  15.908  15.963  16.021  16.169 
   16.232  16.281  16.377  16.647  16.812  16.863  16.886  16.932 
   16.964  17.001  17.193  17.366  17.476  17.561  17.602  17.720 
   17.886  18.058  18.109  18.184  18.213  18.303  18.306  18.307 
   18.331  18.331  18.332  18.334  18.334  18.335  18.335  18.336 
   18.355  18.385  18.418  18.425  18.435  18.464  18.472  18.527 
   18.584  18.587  18.627  18.737  18.827  18.835  18.876  18.947 
   18.951  18.963  19.013  19.096  19.101  19.174  19.180  19.280 
   19.314  19.314  19.411  19.471  19.687  19.776  19.801  20.818 
   20.997  21.478  23.742  23.750  23.751  23.761  23.769  23.779 
   23.796  23.881  23.900  23.976  23.994  24.018  24.279  24.385 
   24.400  24.426  24.507  24.531  24.687  24.692  24.743  24.744 
   24.748  24.769  24.827  24.839  24.852  25.237  25.277  25.298 
   25.299  25.330  25.359  25.552  25.579  25.669  25.744  25.761 
   25.812  26.006  26.021  26.046  26.087  26.112  26.149  26.413 
   26.456  26.547  28.228  28.265  28.279  28.301  28.310  28.357 
   29.098  29.112  29.187  29.194  29.228  29.235  29.330  29.604 
   29.620  37.107  37.149  37.524  40.237  41.186  42.246  46.867 
   46.889  46.907  46.954  46.988  47.006  48.504  48.529  48.573 
   79.375  79.405  79.413  79.441  79.444  79.476  79.897  79.905 
   79.946  79.958  79.962  79.979  80.246  80.297  80.306  92.719 
   92.734  92.740  92.742  92.754  92.764  92.818  92.829  92.898 
   92.911  92.919  92.940  92.981  92.996  93.010  93.025  93.030 
   93.045  93.186  93.204  93.257 103.084 103.127 103.520 131.738 
  131.751 131.771 131.814 131.841 131.852 132.868 133.105 133.141 
  234.031 234.052 234.057 234.076 234.080 234.102 234.399 234.404 
  234.435 234.444 234.445 234.456 234.637 234.699 234.705 249.708 
  249.709 249.710 249.711 249.712 249.713 249.714 249.715 249.715 
  249.716 249.717 249.717 249.718 249.718 249.719 249.719 249.720 
  249.720 249.721 249.721 249.722 249.723 249.724 249.725 249.726 
  249.727 249.727 273.698 273.742 274.120 366.514 366.521 366.544 
  366.583 366.602 366.610 367.173 367.281 367.288 367.325 367.332 
  367.335 367.338 367.341 367.345 367.370 367.374 367.398 367.412 
  367.416 367.419 367.451 367.456 367.458 367.464 367.465 367.474 
  367.854 367.922 367.953 712.771 712.785 712.788 712.801 712.805 
  712.819 713.029 713.033 713.055 713.061 713.062 713.068 713.171 
  713.201 713.203 717.861 717.903 718.245 1028.872 1028.880 1028.895 
  1028.928 1028.947 1028.953 1029.686 1029.863 1029.888 2523.238 2523.374 
  2524.542 


  >>> Running RHF-MP2 <<<


RMP2-TIMING
  rmp2                  :::     2040.067 (100.00%)
  Total                 :::     2040.067 (100.00%)

MP2 correlation energy (RHF) : -1.6619798275
MP2 total energy       (RHF) : -415.5137578588


  >>> Running UHF <<<

init D/C      : input mo_coeff
init ov       : zeros
no            : 23 24
nv            : 850 849
ov_size       : 39926
max_cycle     : 1000
conv          : 6
econv         : 9
method        : diis
mom_start     : 0
guess mix     : 0.000000
orb_swap      : [[[0, 23]], []]
init E        : -387.519777812537
init S2       : 0.750000000000149
init |[F,P]|  : 1.14e-02
init |dE|     : 3.59e-02
check file    : None

iter      total energy   |[F,P]|      |dE|         ∆E   S^2   comment
   1    -388.179911834  5.13e-03  1.64e-02  -6.60e-01  0.75  DIIS mom: 22.7/23 23.7/24
   2    -388.398930094  4.46e-04  1.34e-03  -2.19e-01  0.75  DIIS mom: 23.0/23 24.0/24
   3    -388.401149063  1.50e-04  4.37e-04  -2.22e-03  0.76  DIIS mom: 23.0/23 24.0/24
   4    -388.401483389  6.23e-05  1.81e-04  -3.34e-04  0.76  DIIS mom: 23.0/23 24.0/24
   5    -388.401602348  2.22e-05  6.09e-05  -1.19e-04  0.76  DIIS mom: 23.0/23 24.0/24
   6    -388.401617867  6.81e-06  1.78e-05  -1.55e-05  0.76  DIIS mom: 23.0/23 24.0/24
   7    -388.401619551  2.81e-06  7.27e-06  -1.68e-06  0.76  DIIS mom: 23.0/23 24.0/24
   8    -388.401619854  1.25e-06  3.00e-06  -3.03e-07  0.76  DIIS mom: 23.0/23 24.0/24
   9    -388.401619906  6.47e-07  1.47e-06  -5.25e-08  0.76  DIIS mom: 23.0/23 24.0/24
  10    -388.401619928  3.97e-07  8.03e-07  -2.22e-08  0.76  DIIS mom: 23.0/23 24.0/24
  11    -388.401619941  3.32e-07  5.90e-07  -1.23e-08  0.76  DIIS mom: 23.0/23 24.0/24
  12    -388.401619949  3.23e-07  5.59e-07  -7.86e-09  0.76  DIIS mom: 23.0/23 24.0/24
  13    -388.401619959  3.17e-07  5.45e-07  -1.08e-08  0.76  DIIS mom: 23.0/23 24.0/24
  14    -388.401619985  3.06e-07  5.27e-07  -2.52e-08  0.76  DIIS mom: 23.0/23 24.0/24
  15    -388.401620055  2.74e-07  4.82e-07  -7.05e-08  0.76  DIIS mom: 23.0/23 24.0/24
  16    -388.401620224  1.62e-07  3.20e-07  -1.69e-07  0.76  DIIS mom: 23.0/23 24.0/24
  17    -388.401620284  6.57e-08  1.60e-07  -5.97e-08  0.76  DIIS mom: 23.0/23 24.0/24
  18    -388.401620287  2.52e-08  5.85e-08  -2.64e-09  0.76  DIIS mom: 23.0/23 24.0/24
  19    -388.401620287  8.42e-09  1.89e-08  -1.15e-10  0.76  DIIS mom: 23.0/23 24.0/24
                                                                      diis is converged!

SCF converged : True
final |[F,P]| : 8.42e-09
final |dE|    : 1.89e-08
final Escf    : -641.204132137417
final Etot    : -388.401620286831
final S2      : 0.761631679728861

  diis prep             :::        1.033 (  0.02%)
  diis extrap           :::        1.007 (  0.02%)
  roothaan              :::        4.206 (  0.08%)
  fock build            :::     5152.585 ( 99.88%)
  Total                 :::     5158.829 (100.00%)

Alpha occupied
  -26.589 -26.589 -11.809 -11.468 -11.466  -2.232  -1.944  -1.880 
   -1.444  -1.353  -1.337  -1.291  -1.149  -1.070  -1.033  -0.977 
   -0.961  -0.931  -0.899  -0.860  -0.834  -0.749  -0.613 

Alpha virtual
  -24.572  -0.094  -0.063  -0.036  -0.029   0.009   0.018   0.031 
    0.049   0.065   0.072   0.086   0.096   0.103   0.138   0.182 
    0.192   0.199   0.200   0.204   0.220   0.232   0.242   0.248 
    0.270   0.279   0.314   0.332   0.339   0.379   0.393   0.396 
    0.402   0.423   0.469   0.477   0.479   0.484   0.494   0.515 
    0.529   0.546   0.552   0.589   0.602   0.606   0.614   0.640 
    0.660   0.693   0.698   0.735   0.745   0.753   0.773   0.783 
    0.799   0.825   0.836   0.846   0.856   0.895   0.914   0.923 
    0.933   0.946   0.980   1.025   1.051   1.098   1.111   1.153 
    1.157   1.203   1.206   1.221   1.233   1.255   1.271   1.289 
    1.300   1.327   1.375   1.384   1.386   1.396   1.400   1.416 
    1.431   1.437   1.475   1.482   1.492   1.495   1.515   1.523 
    1.572   1.575   1.604   1.606   1.644   1.659   1.664   1.681 
    1.706   1.734   1.737   1.765   1.773   1.775   1.795   1.812 
    1.820   1.831   1.838   1.867   1.896   1.907   1.918   1.944 
    1.961   1.966   1.988   2.001   2.037   2.040   2.109   2.124 
    2.142   2.148   2.176   2.184   2.199   2.214   2.289   2.290 
    2.312   2.316   2.324   2.385   2.425   2.430   2.462   2.517 
    2.529   2.555   2.571   2.590   2.654   2.678   2.704   2.765 
    2.790   2.812   2.817   2.819   2.884   2.911   2.936   2.994 
    3.023   3.025   3.060   3.072   3.082   3.099   3.103   3.107 
    3.178   3.190   3.215   3.217   3.255   3.285   3.294   3.343 
    3.360   3.361   3.395   3.419   3.447   3.451   3.487   3.515 
    3.525   3.533   3.554   3.561   3.585   3.629   3.651   3.660 
    3.677   3.678   3.700   3.706   3.743   3.783   3.786   3.797 
    3.824   3.841   3.872   3.873   3.887   3.891   3.935   3.955 
    3.977   3.996   3.999   4.024   4.024   4.029   4.054   4.111 
    4.120   4.134   4.170   4.187   4.190   4.195   4.260   4.265 
    4.296   4.298   4.324   4.326   4.351   4.357   4.386   4.422 
    4.425   4.455   4.468   4.482   4.532   4.559   4.567   4.568 
    4.614   4.615   4.621   4.669   4.692   4.722   4.724   4.758 
    4.768   4.784   4.832   4.874   4.877   4.905   4.937   4.941 
    4.991   4.998   5.016   5.082   5.091   5.141   5.161   5.170 
    5.195   5.196   5.247   5.273   5.302   5.306   5.319   5.341 
    5.379   5.387   5.433   5.441   5.451   5.492   5.525   5.559 
    5.583   5.615   5.622   5.636   5.689   5.715   5.765   5.783 
    5.812   5.827   5.842   5.893   5.932   5.965   5.993   6.116 
    6.127   6.175   6.207   6.246   6.286   6.325   6.355   6.385 
    6.436   6.459   6.564   6.656   6.739   6.815   6.828   6.950 
    7.004   7.061   7.073   7.093   7.116   7.162   7.177   7.193 
    7.222   7.237   7.255   7.306   7.343   7.348   7.403   7.403 
    7.429   7.453   7.476   7.530   7.551   7.571   7.605   7.652 
    7.673   7.705   7.713   7.795   7.839   7.916   7.996   8.004 
    8.034   8.044   8.100   8.133   8.180   8.181   8.217   8.278 
    8.287   8.325   8.363   8.444   8.494   8.593   8.608   8.658 
    8.667   8.691   8.708   8.749   8.810   8.832   8.897   8.917 
    9.029   9.035   9.044   9.078   9.080   9.141   9.154   9.191 
    9.215   9.256   9.277   9.315   9.324   9.326   9.360   9.411 
    9.450   9.478   9.508   9.548   9.553   9.570   9.588   9.604 
    9.662   9.708   9.724   9.767   9.816   9.830   9.873   9.885 
    9.898   9.901   9.908   9.915   9.952   9.983  10.042  10.045 
   10.072  10.079  10.117  10.123  10.124  10.202  10.213  10.252 
   10.275  10.275  10.286  10.308  10.317  10.346  10.406  10.418 
   10.448  10.449  10.489  10.498  10.529  10.558  10.572  10.606 
   10.617  10.631  10.644  10.660  10.686  10.736  10.762  10.770 
   10.786  10.834  10.862  10.928  10.929  10.966  11.012  11.105 
   11.111  11.126  11.186  11.218  11.221  11.268  11.290  11.323 
   11.350  11.403  11.417  11.456  11.469  11.477  11.610  11.685 
   11.742  11.907  11.942  11.942  12.034  12.140  12.205  12.314 
   12.419  12.450  12.482  12.489  12.518  12.552  12.569  12.599 
   12.623  12.645  12.648  12.651  12.661  12.695  12.726  12.737 
   12.748  12.749  12.801  12.813  12.845  12.880  12.887  12.954 
   12.955  12.979  13.063  13.073  13.096  13.180  13.197  13.252 
   13.319  13.415  13.463  13.527  13.578  13.599  13.607  13.763 
   13.765  13.817  13.827  13.848  13.881  13.909  13.947  13.977 
   14.002  14.062  14.066  14.088  14.120  14.156  14.195  14.214 
   14.249  14.294  14.334  14.343  14.348  14.374  14.448  14.493 
   14.622  14.633  14.738  14.780  14.861  14.874  14.936  14.938 
   15.237  15.289  15.324  15.337  15.479  15.709  15.782  15.820 
   15.975  15.995  16.044  16.052  16.100  16.247  16.469  16.613 
   16.614  16.712  16.729  16.998  17.183  17.293  17.373  17.414 
   17.540  17.690  17.785  17.878  17.881  17.885  17.886  17.893 
   17.922  17.959  17.999  18.014  18.069  18.077  18.078  18.089 
   18.089  18.090  18.091  18.105  18.146  18.158  18.190  18.245 
   18.248  18.250  18.292  18.372  18.405  18.521  18.533  18.564 
   18.605  18.672  18.714  18.769  18.801  18.810  18.889  18.909 
   18.986  19.025  19.055  19.059  19.267  19.394  19.503  19.516 
   20.633  20.806  21.291  23.244  23.249  23.374  23.408  23.502 
   23.507  23.521  23.535  23.612  23.643  23.715  23.747  23.874 
   23.925  24.106  24.129  24.200  24.202  24.213  24.284  24.287 
   24.434  24.454  24.497  24.535  24.547  24.580  24.647  24.704 
   24.922  24.988  25.031  25.084  25.093  25.160  25.300  25.390 
   25.435  25.463  25.517  25.560  25.762  25.801  25.802  25.866 
   25.893  26.156  26.255  27.381  27.386  27.987  28.009  28.040 
   28.094  28.304  28.351  28.619  28.873  28.889  28.941  28.954 
   29.199  29.345  36.139  36.852  37.162  40.030  40.870  42.046 
   45.475  45.551  46.630  46.668  46.726  46.734  47.197  48.261 
   48.269  77.769  77.771  78.266  78.325  78.641  79.146  79.159 
   79.179  79.225  79.652  79.659  79.694  79.703  80.004  80.034 
   91.178  91.188  91.303  91.327  91.439  91.455  91.656  92.476 
   92.480  92.504  92.516  92.568  92.623  92.645  92.670  92.727 
   92.739  92.749  92.783  92.925  92.975 101.275 102.826 103.139 
  129.416 129.477 130.725 131.492 131.532 131.577 131.583 132.702 
  132.844 231.224 231.225 231.574 231.613 231.846 233.792 233.799 
  233.816 233.846 234.149 234.155 234.181 234.185 234.399 234.436 
  247.363 247.363 247.368 247.368 247.369 247.370 247.372 247.379 
  247.380 249.451 249.451 249.451 249.454 249.455 249.455 249.455 
  249.457 249.459 249.460 249.462 249.463 249.463 249.463 249.464 
  249.464 249.465 249.467 270.759 273.439 273.735 362.995 363.045 
  363.883 364.116 364.119 364.168 364.177 364.231 364.239 364.547 
  366.263 366.305 366.335 366.344 366.958 367.027 367.073 367.080 
  367.084 367.089 367.110 367.139 367.146 367.154 367.191 367.195 
  367.198 367.213 367.617 367.660 708.547 708.547 708.792 708.819 
  708.946 712.526 712.530 712.542 712.563 712.777 712.782 712.799 
  712.802 712.920 712.940 713.697 717.602 717.868 1024.122 1024.165 
  1025.067 1028.622 1028.654 1028.683 1028.687 1029.494 1029.604 2518.288 
  2522.981 2523.917 

Beta occupied
  -30.085 -26.588 -26.588 -11.808 -11.467 -11.466  -2.362  -1.946 
   -1.879  -1.519  -1.435  -1.427  -1.304  -1.155  -1.073  -1.034 
   -0.978  -0.962  -0.928  -0.898  -0.860  -0.835  -0.749  -0.613 

Beta virtual
   -0.095  -0.066  -0.040  -0.030   0.003   0.014   0.029   0.042 
    0.064   0.072   0.084   0.093   0.103   0.137   0.182   0.192 
    0.196   0.198   0.203   0.220   0.232   0.241   0.248   0.268 
    0.279   0.313   0.332   0.338   0.378   0.392   0.397   0.401 
    0.422   0.470   0.476   0.479   0.484   0.494   0.516   0.529 
    0.546   0.552   0.589   0.601   0.605   0.613   0.637   0.659 
    0.693   0.698   0.729   0.745   0.754   0.772   0.782   0.799 
    0.824   0.835   0.846   0.853   0.896   0.914   0.922   0.933 
    0.945   0.979   1.024   1.051   1.098   1.113   1.154   1.157 
    1.203   1.208   1.222   1.233   1.255   1.270   1.289   1.300 
    1.327   1.375   1.383   1.383   1.395   1.401   1.416   1.430 
    1.434   1.472   1.479   1.493   1.495   1.510   1.523   1.568 
    1.576   1.602   1.605   1.645   1.659   1.663   1.681   1.695 
    1.733   1.737   1.763   1.773   1.775   1.796   1.813   1.821 
    1.830   1.835   1.867   1.894   1.907   1.918   1.943   1.960 
    1.966   1.987   2.001   2.037   2.039   2.108   2.124   2.141 
    2.147   2.173   2.184   2.199   2.209   2.283   2.289   2.308 
    2.312   2.316   2.377   2.422   2.430   2.460   2.517   2.528 
    2.555   2.571   2.590   2.649   2.679   2.704   2.766   2.785 
    2.812   2.816   2.817   2.885   2.911   2.936   2.994   3.024 
    3.027   3.061   3.072   3.082   3.098   3.103   3.108   3.178 
    3.190   3.214   3.215   3.253   3.285   3.294   3.343   3.360 
    3.361   3.394   3.419   3.446   3.451   3.485   3.516   3.526 
    3.533   3.554   3.559   3.586   3.627   3.651   3.660   3.677 
    3.678   3.700   3.706   3.744   3.783   3.786   3.797   3.824 
    3.841   3.872   3.872   3.887   3.891   3.935   3.954   3.974 
    3.994   3.998   4.024   4.024   4.030   4.054   4.112   4.118 
    4.134   4.170   4.186   4.190   4.195   4.260   4.264   4.296 
    4.299   4.318   4.328   4.350   4.357   4.386   4.422   4.424 
    4.455   4.463   4.483   4.530   4.558   4.563   4.565   4.614 
    4.615   4.620   4.668   4.691   4.715   4.723   4.755   4.767 
    4.782   4.823   4.874   4.877   4.904   4.936   4.937   4.988 
    4.998   5.017   5.082   5.086   5.131   5.159   5.166   5.193 
    5.195   5.246   5.254   5.285   5.304   5.312   5.341   5.370 
    5.387   5.417   5.430   5.443   5.486   5.517   5.546   5.581 
    5.602   5.621   5.635   5.687   5.713   5.755   5.782   5.803 
    5.826   5.841   5.889   5.928   5.964   5.989   6.113   6.122 
    6.174   6.205   6.246   6.286   6.325   6.355   6.385   6.436 
    6.455   6.564   6.657   6.739   6.815   6.828   6.949   7.004 
    7.052   7.074   7.090   7.116   7.164   7.179   7.195   7.219 
    7.235   7.256   7.306   7.344   7.349   7.403   7.403   7.426 
    7.453   7.475   7.531   7.552   7.559   7.605   7.651   7.674 
    7.704   7.713   7.795   7.840   7.916   7.996   8.004   8.033 
    8.044   8.099   8.134   8.180   8.181   8.217   8.278   8.287 
    8.325   8.362   8.444   8.494   8.592   8.607   8.658   8.667 
    8.691   8.707   8.749   8.810   8.831   8.897   8.917   9.029 
    9.034   9.043   9.077   9.079   9.140   9.153   9.191   9.211 
    9.256   9.275   9.314   9.324   9.326   9.360   9.410   9.449 
    9.477   9.506   9.546   9.553   9.569   9.587   9.603   9.660 
    9.707   9.724   9.766   9.814   9.829   9.869   9.882   9.897 
    9.899   9.908   9.914   9.950   9.981  10.040  10.043  10.072 
   10.077  10.116  10.122  10.123  10.202  10.211  10.252  10.270 
   10.273  10.278  10.305  10.315  10.341  10.404  10.418  10.438 
   10.447  10.486  10.495  10.528  10.555  10.572  10.604  10.615 
   10.630  10.637  10.660  10.686  10.737  10.762  10.770  10.786 
   10.834  10.860  10.927  10.929  10.966  11.012  11.098  11.110 
   11.126  11.185  11.208  11.218  11.266  11.290  11.322  11.350 
   11.400  11.417  11.456  11.467  11.477  11.609  11.684  11.742 
   11.905  11.937  11.942  12.032  12.138  12.201  12.291  12.384 
   12.450  12.475  12.488  12.516  12.547  12.569  12.599  12.621 
   12.641  12.647  12.649  12.658  12.690  12.717  12.723  12.745 
   12.749  12.798  12.806  12.845  12.877  12.887  12.951  12.955 
   12.969  13.063  13.074  13.096  13.180  13.196  13.252  13.318 
   13.412  13.461  13.522  13.578  13.597  13.607  13.731  13.763 
   13.813  13.827  13.848  13.860  13.909  13.935  13.976  13.999 
   14.061  14.066  14.086  14.120  14.145  14.195  14.208  14.249 
   14.293  14.333  14.343  14.348  14.374  14.445  14.493  14.620 
   14.633  14.738  14.779  14.860  14.873  14.935  14.938  15.236 
   15.289  15.324  15.336  15.478  15.708  15.780  15.806  15.808 
   15.902  15.976  16.044  16.099  16.223  16.466  16.613  16.614 
   16.712  16.729  16.997  17.183  17.293  17.373  17.414  17.540 
   17.680  17.721  17.878  17.881  17.884  17.886  17.888  17.922 
   17.959  17.999  18.013  18.070  18.076  18.077  18.089  18.089 
   18.090  18.091  18.104  18.146  18.158  18.187  18.242  18.248 
   18.250  18.283  18.371  18.397  18.516  18.533  18.563  18.601 
   18.673  18.712  18.767  18.800  18.808  18.889  18.906  18.985 
   19.024  19.047  19.055  19.265  19.384  19.502  19.517  20.633 
   20.806  21.291  23.237  23.242  23.367  23.402  23.502  23.507 
   23.521  23.534  23.611  23.642  23.714  23.747  23.868  23.917 
   24.105  24.126  24.196  24.199  24.204  24.274  24.281  24.434 
   24.452  24.497  24.535  24.547  24.580  24.628  24.686  24.909 
   24.983  25.032  25.071  25.092  25.155  25.296  25.381  25.421 
   25.462  25.510  25.555  25.762  25.801  25.802  25.843  25.892 
   26.157  26.254  27.313  27.318  27.978  28.009  28.039  28.091 
   28.248  28.287  28.550  28.873  28.889  28.941  28.954  29.195 
   29.345  35.720  36.852  37.152  40.029  40.861  42.046  45.083 
   45.160  46.630  46.666  46.725  46.726  46.837  48.261  48.269 
   77.583  77.585  78.082  78.139  78.456  79.146  79.159  79.179 
   79.225  79.653  79.659  79.694  79.703  80.004  80.035  91.085 
   91.094  91.209  91.233  91.345  91.361  91.562  92.476  92.481 
   92.504  92.516  92.568  92.623  92.646  92.670  92.727  92.739 
   92.750  92.784  92.925  92.975 100.704 102.826 103.134 128.899 
  128.961 130.215 131.492 131.532 131.577 131.583 132.701 132.844 
  230.904 230.904 231.254 231.293 231.526 233.792 233.799 233.816 
  233.846 234.149 234.155 234.181 234.185 234.399 234.437 247.251 
  247.252 247.256 247.256 247.257 247.258 247.260 247.267 247.268 
  249.451 249.451 249.451 249.454 249.455 249.455 249.456 249.457 
  249.459 249.460 249.462 249.463 249.463 249.464 249.464 249.464 
  249.465 249.467 270.208 273.440 273.734 362.503 362.554 363.461 
  363.879 363.882 363.931 363.940 363.993 364.001 364.241 366.263 
  366.305 366.335 366.344 366.958 367.027 367.073 367.080 367.084 
  367.089 367.110 367.139 367.146 367.154 367.191 367.195 367.198 
  367.213 367.617 367.660 708.205 708.205 708.451 708.477 708.603 
  712.526 712.530 712.542 712.563 712.777 712.782 712.800 712.802 
  712.914 712.940 713.256 717.602 717.867 1023.741 1023.784 1024.687 
  1028.622 1028.654 1028.683 1028.687 1029.494 1029.604 2518.008 2522.981 
  2523.914 


  >>> Running UHF-MP2 <<<

MP2 correlation energy (UHF) : -1.6046101275
MP2 total energy       (UHF) : -390.0062304144

