	*********************************************** 
	***** Beginning CEBE Calculation with MOM ***** 
	*****       Calculation Details:          ***** 
	      Geometry:	 /work/morgunov/rev2calcs/mols/exp/o/ch3och3.xyz
	      Core Basis:	 pcX-4
	      Full Basis:	 pc-4
	      DIIS (start, space):	 0 50
	      Level shift:	 0
	      Do localization?:	 False
	      Do SFX2C1E?:	 True
	      Freeze orbitals?:	 True
	      Use Cheng orbitals?:	 False
	      Do Special Basis?:	 True
	      Do Special Basis?:	 pcX-4
	*********************************************** 
	*********************************************** 

  >>> Running RHF <<<

init D/C      : minao
init ov       : zeros
no            : 13
nv            : 714
ov_size       : 9282
max_cycle     : 1000
conv          : 6
econv         : 9
method        : gdm
scale_stop    : 0
scale_factor  : 1.000000
init E        : -154.080546864348
init |[F,P]|  : 4.69e-03
init |dE|     : 1.06e-02
check file    : None

iter      total energy   |[F,P]|      |dE|         ∆E   comment
   1    -154.124959135  2.65e-03  6.11e-03  -4.44e-02  BFGS
   2    -154.139833935  3.59e-04  8.01e-04  -1.49e-02  BFGS
   3    -154.140104915  1.20e-04  2.67e-04  -2.71e-04  BFGS
   4    -154.140143681  1.58e-05  3.92e-05  -3.88e-05  BFGS
   5    -154.140144789  4.46e-06  9.70e-06  -1.11e-06  BFGS
   6    -154.140144904  9.81e-07  2.23e-06  -1.15e-07  BFGS
   7    -154.140144908  2.67e-07  6.04e-07  -4.92e-09  BFGS
   8    -154.140144909  5.83e-08  1.27e-07  -4.42e-10  BFGS
                                                                      gdm is converged!

SCF converged : True
final |[F,P]| : 5.83e-08
final |dE|    : 1.27e-07
final Escf    : -238.222926826891
final Etot    : -154.140144908908

  pxp & ewc             :::        0.380 (  0.02%)
  apply B               :::        0.002 (  0.00%)
  linsrch               :::     1694.615 ( 99.98%)
  grad                  :::        0.017 (  0.00%)
  Total                 :::     1695.014 (100.00%)

Alpha occupied
  -20.551 -11.269 -11.269  -1.372  -0.966  -0.874  -0.663  -0.651 
   -0.634  -0.551  -0.530  -0.479  -0.424 

Alpha virtual
    0.053   0.061   0.080   0.081   0.095   0.099   0.106   0.108 
    0.133   0.141   0.145   0.163   0.201   0.220   0.229   0.233 
    0.252   0.257   0.281   0.284   0.298   0.300   0.302   0.311 
    0.312   0.326   0.336   0.374   0.386   0.392   0.399   0.401 
    0.419   0.446   0.462   0.476   0.492   0.504   0.515   0.519 
    0.538   0.549   0.552   0.563   0.573   0.581   0.603   0.604 
    0.614   0.616   0.621   0.640   0.644   0.665   0.667   0.672 
    0.689   0.690   0.715   0.728   0.732   0.782   0.782   0.804 
    0.813   0.815   0.833   0.854   0.891   0.912   0.944   0.949 
    0.967   0.987   1.021   1.031   1.048   1.058   1.072   1.099 
    1.139   1.140   1.152   1.156   1.179   1.189   1.192   1.203 
    1.254   1.271   1.272   1.286   1.311   1.324   1.328   1.331 
    1.341   1.359   1.386   1.391   1.399   1.412   1.414   1.437 
    1.445   1.468   1.470   1.491   1.503   1.509   1.512   1.518 
    1.525   1.538   1.542   1.566   1.578   1.616   1.644   1.683 
    1.702   1.706   1.721   1.749   1.750   1.759   1.793   1.796 
    1.827   1.857   1.865   1.870   1.926   1.975   1.983   2.003 
    2.034   2.055   2.073   2.076   2.094   2.128   2.135   2.196 
    2.219   2.243   2.246   2.257   2.289   2.297   2.316   2.343 
    2.353   2.374   2.388   2.416   2.427   2.440   2.509   2.512 
    2.555   2.557   2.580   2.596   2.630   2.646   2.649   2.675 
    2.681   2.738   2.753   2.775   2.800   2.809   2.824   2.839 
    2.869   2.889   2.932   2.973   2.995   3.040   3.082   3.136 
    3.168   3.177   3.219   3.224   3.232   3.261   3.271   3.273 
    3.321   3.362   3.386   3.389   3.440   3.452   3.470   3.514 
    3.549   3.572   3.593   3.650   3.653   3.693   3.709   3.709 
    3.735   3.748   3.751   3.759   3.822   3.823   3.848   3.866 
    3.901   3.920   3.941   3.944   3.972   4.004   4.046   4.069 
    4.081   4.109   4.114   4.178   4.204   4.218   4.232   4.241 
    4.285   4.287   4.313   4.341   4.353   4.356   4.365   4.375 
    4.391   4.433   4.438   4.481   4.519   4.549   4.549   4.574 
    4.591   4.603   4.641   4.723   4.738   4.749   4.776   4.810 
    4.812   4.822   4.854   4.860   4.867   4.884   4.902   4.931 
    4.933   4.985   4.997   5.009   5.020   5.031   5.052   5.119 
    5.133   5.141   5.232   5.244   5.253   5.285   5.296   5.345 
    5.355   5.386   5.389   5.416   5.461   5.476   5.487   5.508 
    5.572   5.655   5.661   5.671   5.675   5.720   5.735   5.750 
    5.775   5.777   5.800   5.838   5.853   5.885   5.954   6.003 
    6.060   6.070   6.130   6.167   6.171   6.189   6.190   6.242 
    6.275   6.291   6.304   6.318   6.325   6.371   6.423   6.509 
    6.612   6.621   6.665   6.683   6.717   6.820   6.822   6.825 
    6.834   6.942   6.967   7.041   7.043   7.072   7.127   7.166 
    7.227   7.234   7.241   7.262   7.289   7.322   7.340   7.342 
    7.349   7.430   7.531   7.537   7.589   7.930   7.946   7.957 
    8.054   8.064   8.131   8.158   8.176   8.342   8.390   8.454 
    8.521   8.538   8.677   8.717   8.935   9.019   9.048   9.119 
    9.216   9.249   9.278   9.321   9.338   9.362   9.372   9.375 
    9.398   9.410   9.431   9.441   9.474   9.493   9.501   9.531 
    9.538   9.556   9.615   9.655   9.665   9.699   9.703   9.763 
    9.863   9.927  10.010  10.024  10.051  10.073  10.116  10.128 
   10.160  10.217  10.221  10.259  10.263  10.279  10.363  10.426 
   10.520  10.525  10.813  11.006  11.178  11.187  11.204  11.241 
   11.320  11.381  11.389  11.439  11.470  11.480  11.533  11.538 
   11.575  11.620  11.624  11.628  11.669  11.680  11.707  11.732 
   11.823  11.880  11.890  11.899  11.966  12.008  12.068  12.117 
   12.154  12.186  12.243  12.280  12.433  12.440  12.443  12.490 
   12.505  12.555  12.586  12.621  12.646  12.661  12.679  12.682 
   12.684  12.695  12.697  12.743  12.754  12.811  12.812  12.929 
   12.936  12.958  12.967  13.010  13.048  13.063  13.064  13.074 
   13.076  13.137  13.145  13.203  13.212  13.264  13.284  13.304 
   13.315  13.327  13.343  13.368  13.395  13.420  13.441  13.503 
   13.504  13.515  13.549  13.566  13.635  13.669  13.705  13.725 
   13.739  13.764  13.791  13.805  13.875  13.903  13.959  13.967 
   13.985  14.005  14.010  14.036  14.102  14.111  14.123  14.131 
   14.152  14.188  14.280  14.547  14.551  14.562  14.617  14.663 
   14.796  14.817  15.003  15.015  15.093  15.132  15.153  15.167 
   15.236  15.239  15.258  15.331  15.363  15.504  15.963  15.982 
   16.098  16.110  16.162  16.283  16.419  16.442  16.515  16.523 
   16.548  16.650  16.748  16.762  16.787  16.827  16.835  16.887 
   17.230  17.241  17.252  17.254  17.256  17.266  17.285  17.291 
   17.291  17.297  17.310  17.314  17.360  17.386  17.731  17.735 
   17.745  17.772  17.840  17.873  17.885  17.886  17.896  17.910 
   18.377  18.492  18.843  18.869  18.913  18.928  18.935  19.005 
   19.013  19.020  19.081  19.292  19.292  19.307  19.308  19.343 
   19.389  19.498  19.561  19.641  19.751  20.021  20.025  20.246 
   20.273  20.442  20.447  20.494  20.575  20.668  20.670  20.701 
   20.714  20.736  20.840  21.250  21.259  21.337  21.338  21.744 
   21.776  22.097  22.144  22.276  22.320  22.340  22.376  23.807 
   24.039  24.051  24.166  24.203  24.266  24.358  24.401  24.569 
   24.581  24.608  24.669  24.684  24.712  24.736  25.631  25.980 
   26.177  26.228  26.229  26.253  26.265  26.266  26.635  26.806 
   28.500  29.102  33.564  33.607  33.634  33.642  34.837  34.854 
   34.902  34.929  34.968  34.975  41.759  41.832  41.884  41.931 
   42.150  42.317  61.478  65.401  66.004  66.459  68.421  68.529 
   68.548  69.234  70.023  80.553  80.675  91.654  91.815  91.816 
   91.898  91.910  92.018  92.119  92.202  92.223  92.247  92.262 
   92.291  93.202  93.222  93.238  93.245  93.257  93.261 140.070 
  175.348 175.916 176.439 320.639 536.739 537.195 537.625 747.392 
  1796.497 2112.546 2112.875 2113.184 4514.708 12060.671 35044.854 114859.567 
  454595.120 2579392.775 


  >>> Running RHF-MP2 <<<


RMP2-TIMING
  rmp2                  :::     1250.503 (100.00%)
  Total                 :::     1250.503 (100.00%)

MP2 correlation energy (RHF) : -0.7976508788
MP2 total energy       (RHF) : -154.9377957877


  >>> Running UHF <<<

init D/C      : input mo_coeff
init ov       : zeros
no            : 12 13
nv            : 715 714
ov_size       : 17862
max_cycle     : 1000
conv          : 6
econv         : 9
method        : diis
mom_start     : 0
guess mix     : 0.000000
orb_swap      : [[[0, 12]], []]
init E        : -133.589551054962
init S2       : 0.749999999999957
init |[F,P]|  : 1.61e-02
init |dE|     : 4.61e-02
check file    : None

iter      total energy   |[F,P]|      |dE|         ∆E   S^2   comment
   1    -134.093860928  8.77e-03  2.51e-02  -5.04e-01  0.75  DIIS mom: 11.7/12 12.6/13
   2    -134.397249681  8.03e-04  2.13e-03  -3.03e-01  0.76  DIIS mom: 11.9/12 12.9/13
   3    -134.400384371  1.87e-04  4.79e-04  -3.13e-03  0.76  DIIS mom: 12.0/12 13.0/13
   4    -134.400774545  1.05e-04  2.62e-04  -3.90e-04  0.76  DIIS mom: 12.0/12 13.0/13
   5    -134.400959291  4.23e-05  1.02e-04  -1.85e-04  0.77  DIIS mom: 12.0/12 13.0/13
   6    -134.400995453  9.71e-06  2.35e-05  -3.62e-05  0.77  DIIS mom: 12.0/12 13.0/13
   7    -134.400997024  3.00e-06  7.37e-06  -1.57e-06  0.77  DIIS mom: 12.0/12 13.0/13
   8    -134.400997160  8.03e-07  1.69e-06  -1.36e-07  0.77  DIIS mom: 12.0/12 13.0/13
   9    -134.400997168  3.73e-07  7.00e-07  -8.28e-09  0.77  DIIS mom: 12.0/12 13.0/13
  10    -134.400997170  1.53e-07  2.96e-07  -2.10e-09  0.77  DIIS mom: 12.0/12 13.0/13
  11    -134.400997171  3.64e-08  7.38e-08  -3.96e-10  0.77  DIIS mom: 12.0/12 13.0/13
                                                                      diis is converged!

SCF converged : True
final |[F,P]| : 3.64e-08
final |dE|    : 7.38e-08
final Escf    : -218.483779088485
final Etot    : -134.400997170502
final S2      : 0.770824400943734

  diis prep             :::        0.304 (  0.01%)
  diis extrap           :::        0.179 (  0.01%)
  roothaan              :::        1.114 (  0.05%)
  fock build            :::     2465.620 ( 99.94%)
  Total                 :::     2467.217 (100.00%)

Alpha occupied
  -11.556 -11.556  -1.801  -1.292  -1.180  -1.057  -1.022  -0.997 
   -0.817  -0.817  -0.800  -0.791 

Alpha virtual
  -18.917  -0.098  -0.075  -0.073  -0.064  -0.049  -0.036  -0.034 
   -0.026  -0.021   0.009   0.014   0.030   0.033   0.049   0.061 
    0.062   0.067   0.096   0.096   0.101   0.122   0.127   0.127 
    0.136   0.137   0.140   0.166   0.195   0.198   0.215   0.219 
    0.220   0.242   0.265   0.268   0.269   0.283   0.292   0.334 
    0.336   0.354   0.362   0.366   0.371   0.378   0.393   0.408 
    0.419   0.424   0.439   0.440   0.449   0.451   0.472   0.477 
    0.495   0.496   0.499   0.511   0.530   0.538   0.550   0.579 
    0.606   0.607   0.619   0.620   0.655   0.703   0.705   0.730 
    0.732   0.754   0.771   0.793   0.811   0.827   0.832   0.855 
    0.884   0.909   0.926   0.933   0.943   0.954   0.980   0.984 
    0.997   1.036   1.063   1.064   1.083   1.101   1.102   1.112 
    1.117   1.130   1.144   1.177   1.178   1.190   1.206   1.211 
    1.234   1.238   1.252   1.261   1.279   1.287   1.299   1.302 
    1.305   1.321   1.332   1.340   1.353   1.375   1.410   1.418 
    1.450   1.466   1.484   1.485   1.519   1.532   1.548   1.552 
    1.578   1.584   1.621   1.632   1.637   1.679   1.696   1.734 
    1.746   1.796   1.799   1.809   1.832   1.839   1.889   1.889 
    1.958   1.966   1.996   2.000   2.020   2.042   2.051   2.077 
    2.093   2.104   2.125   2.152   2.160   2.186   2.198   2.255 
    2.282   2.322   2.330   2.337   2.356   2.379   2.396   2.414 
    2.419   2.446   2.498   2.506   2.536   2.548   2.558   2.572 
    2.578   2.627   2.633   2.655   2.714   2.740   2.771   2.814 
    2.874   2.925   2.929   2.952   2.953   2.993   2.995   3.018 
    3.020   3.073   3.123   3.127   3.148   3.186   3.219   3.227 
    3.277   3.301   3.322   3.346   3.369   3.407   3.446   3.453 
    3.456   3.487   3.507   3.513   3.523   3.572   3.579   3.603 
    3.624   3.655   3.669   3.681   3.688   3.728   3.752   3.783 
    3.808   3.818   3.858   3.862   3.932   3.958   3.965   3.976 
    3.993   4.028   4.042   4.068   4.071   4.102   4.116   4.116 
    4.128   4.147   4.179   4.195   4.215   4.260   4.264   4.286 
    4.300   4.332   4.333   4.337   4.456   4.466   4.481   4.515 
    4.537   4.557   4.559   4.569   4.582   4.601   4.621   4.650 
    4.669   4.686   4.687   4.739   4.747   4.755   4.758   4.804 
    4.841   4.866   4.866   4.957   4.960   4.979   5.020   5.022 
    5.049   5.085   5.123   5.124   5.156   5.204   5.207   5.226 
    5.248   5.310   5.378   5.384   5.401   5.404   5.451   5.468 
    5.471   5.501   5.516   5.518   5.557   5.569   5.623   5.686 
    5.744   5.788   5.793   5.866   5.875   5.884   5.897   5.923 
    5.980   6.012   6.018   6.034   6.039   6.054   6.098   6.148 
    6.239   6.336   6.337   6.387   6.413   6.435   6.532   6.540 
    6.554   6.556   6.682   6.697   6.761   6.781   6.811   6.849 
    6.900   6.959   6.965   6.974   6.984   7.018   7.042   7.076 
    7.078   7.091   7.129   7.238   7.260   7.308   7.633   7.647 
    7.683   7.753   7.804   7.865   7.894   7.914   8.050   8.093 
    8.146   8.221   8.237   8.373   8.465   8.681   8.717   8.751 
    8.801   8.956   8.989   9.023   9.063   9.081   9.099   9.111 
    9.121   9.137   9.150   9.174   9.182   9.204   9.244   9.248 
    9.266   9.285   9.294   9.354   9.396   9.398   9.408   9.448 
    9.507   9.608   9.660   9.719   9.767   9.790   9.806   9.825 
    9.848   9.854   9.952   9.957   9.963   9.993  10.017  10.034 
   10.097  10.141  10.177  10.448  10.619  10.796  10.827  10.927 
   10.938  10.978  11.038  11.039  11.152  11.187  11.190  11.244 
   11.249  11.291  11.342  11.343  11.344  11.381  11.409  11.429 
   11.461  11.554  11.614  11.617  11.619  11.698  11.707  11.761 
   11.799  11.878  11.887  11.932  11.971  12.056  12.113  12.166 
   12.218  12.227  12.273  12.301  12.333  12.346  12.355  12.364 
   12.400  12.406  12.407  12.420  12.472  12.477  12.505  12.534 
   12.654  12.662  12.670  12.698  12.704  12.758  12.783  12.793 
   12.804  12.818  12.867  12.884  12.929  12.933  12.995  13.000 
   13.022  13.055  13.056  13.056  13.075  13.122  13.129  13.173 
   13.207  13.238  13.242  13.260  13.265  13.316  13.354  13.400 
   13.412  13.428  13.486  13.487  13.515  13.571  13.603  13.666 
   13.675  13.710  13.712  13.721  13.743  13.818  13.821  13.840 
   13.849  13.858  13.877  13.991  14.253  14.279  14.294  14.335 
   14.375  14.489  14.506  14.749  14.761  14.798  14.842  14.847 
   14.888  14.931  14.964  14.984  15.054  15.090  15.215  15.685 
   15.708  15.798  15.822  15.888  15.986  16.141  16.148  16.230 
   16.238  16.261  16.359  16.430  16.441  16.490  16.547  16.567 
   16.601  16.976  16.986  16.997  16.998  17.000  17.011  17.033 
   17.034  17.038  17.039  17.055  17.058  17.102  17.130  17.473 
   17.476  17.491  17.520  17.578  17.614  17.631  17.633  17.637 
   17.652  18.008  18.131  18.574  18.589  18.615  18.633  18.652 
   18.743  18.752  18.761  18.778  18.952  18.973  18.980  19.029 
   19.061  19.113  19.179  19.302  19.378  19.394  19.673  19.676 
   19.994  20.021  20.179  20.182  20.232  20.307  20.404  20.407 
   20.432  20.441  20.453  20.533  20.987  20.995  21.076  21.076 
   21.475  21.508  21.760  21.795  22.002  22.048  22.059  22.107 
   23.542  23.565  23.681  23.776  23.783  23.854  23.934  23.953 
   24.101  24.268  24.340  24.397  24.403  24.452  24.475  24.935 
   25.301  25.833  25.923  25.928  25.932  25.965  25.978  26.002 
   26.004  27.716  28.328  33.277  33.320  33.348  33.356  34.532 
   34.573  34.622  34.637  34.675  34.687  41.494  41.573  41.625 
   41.666  41.888  42.055  60.217  63.902  64.512  64.963  66.850 
   66.957  66.980  67.676  68.478  80.260  80.380  91.389  91.547 
   91.549  91.635  91.645  91.756  91.851  91.934  91.958  91.980 
   91.997  92.024  92.937  92.956  92.976  92.976  92.993  92.994 
  138.056 172.812 173.383 173.906 317.706 532.941 533.397 533.827 
  743.557 1791.926 2107.654 2107.982 2108.292 4509.629 12055.292 35039.320 
  114853.965 454589.493 2579387.140 

Beta occupied
  -23.817 -11.555 -11.555  -1.916  -1.322  -1.217  -1.127  -1.067 
   -1.032  -0.828  -0.815  -0.809  -0.800 

Beta virtual
   -0.098  -0.079  -0.074  -0.064  -0.049  -0.036  -0.034  -0.026 
   -0.022   0.008   0.014   0.027   0.033   0.042   0.055   0.061 
    0.064   0.095   0.096   0.098   0.119   0.126   0.129   0.136 
    0.138   0.140   0.166   0.191   0.198   0.216   0.218   0.219 
    0.242   0.264   0.265   0.266   0.282   0.292   0.334   0.336 
    0.355   0.363   0.365   0.366   0.377   0.393   0.408   0.417 
    0.425   0.438   0.441   0.445   0.451   0.473   0.478   0.494 
    0.496   0.499   0.509   0.531   0.531   0.550   0.581   0.607 
    0.609   0.620   0.621   0.657   0.704   0.705   0.725   0.731 
    0.755   0.771   0.787   0.813   0.828   0.832   0.854   0.885 
    0.911   0.927   0.934   0.944   0.956   0.979   0.985   0.997 
    1.037   1.063   1.065   1.083   1.097   1.102   1.113   1.115 
    1.131   1.144   1.176   1.178   1.190   1.206   1.211   1.234 
    1.239   1.253   1.260   1.277   1.287   1.297   1.303   1.304 
    1.322   1.332   1.340   1.354   1.374   1.411   1.413   1.450 
    1.466   1.482   1.485   1.513   1.532   1.540   1.552   1.578 
    1.585   1.617   1.626   1.638   1.667   1.696   1.735   1.740 
    1.788   1.793   1.809   1.833   1.838   1.890   1.891   1.959 
    1.961   1.997   2.001   2.021   2.042   2.053   2.078   2.094 
    2.105   2.127   2.152   2.160   2.186   2.199   2.256   2.283 
    2.323   2.329   2.338   2.357   2.379   2.393   2.414   2.421 
    2.446   2.499   2.506   2.537   2.549   2.559   2.569   2.580 
    2.627   2.631   2.643   2.714   2.739   2.771   2.812   2.875 
    2.925   2.927   2.949   2.952   2.991   2.996   3.018   3.020 
    3.073   3.123   3.125   3.149   3.181   3.219   3.227   3.278 
    3.302   3.321   3.335   3.359   3.408   3.447   3.452   3.454 
    3.488   3.507   3.513   3.523   3.571   3.579   3.604   3.624 
    3.653   3.669   3.681   3.686   3.727   3.749   3.780   3.800 
    3.819   3.858   3.862   3.932   3.950   3.965   3.975   3.991 
    4.019   4.042   4.061   4.072   4.100   4.112   4.116   4.129 
    4.146   4.178   4.195   4.209   4.225   4.254   4.284   4.297 
    4.326   4.333   4.334   4.443   4.466   4.481   4.516   4.537 
    4.549   4.558   4.559   4.580   4.603   4.621   4.651   4.670 
    4.673   4.686   4.739   4.744   4.756   4.757   4.804   4.839 
    4.863   4.864   4.956   4.957   4.976   5.020   5.022   5.039 
    5.085   5.123   5.125   5.156   5.201   5.207   5.226   5.247 
    5.310   5.378   5.380   5.400   5.404   5.452   5.464   5.470 
    5.497   5.516   5.517   5.555   5.564   5.624   5.686   5.744 
    5.780   5.793   5.857   5.866   5.883   5.897   5.924   5.980 
    6.012   6.018   6.030   6.039   6.055   6.095   6.148   6.238 
    6.333   6.335   6.387   6.414   6.432   6.531   6.540   6.553 
    6.555   6.682   6.698   6.762   6.781   6.810   6.850   6.901 
    6.958   6.965   6.975   6.983   7.018   7.041   7.077   7.078 
    7.091   7.128   7.239   7.261   7.310   7.629   7.635   7.680 
    7.754   7.804   7.865   7.895   7.915   8.049   8.087   8.147 
    8.216   8.238   8.372   8.466   8.681   8.700   8.748   8.794 
    8.957   8.987   9.023   9.064   9.081   9.098   9.110   9.120 
    9.136   9.150   9.174   9.182   9.202   9.244   9.247   9.265 
    9.284   9.294   9.354   9.388   9.396   9.408   9.448   9.507 
    9.609   9.657   9.708   9.767   9.787   9.798   9.818   9.843 
    9.852   9.945   9.956   9.963   9.992  10.005  10.019  10.096 
   10.106  10.169  10.429  10.586  10.694  10.724  10.921  10.939 
   10.979  11.021  11.040  11.150  11.187  11.191  11.241  11.246 
   11.292  11.341  11.342  11.345  11.376  11.410  11.430  11.459 
   11.553  11.614  11.616  11.618  11.691  11.701  11.759  11.771 
   11.872  11.879  11.928  11.937  12.027  12.099  12.167  12.217 
   12.227  12.274  12.302  12.329  12.336  12.349  12.365  12.398 
   12.407  12.407  12.421  12.472  12.477  12.505  12.533  12.651 
   12.662  12.670  12.697  12.704  12.757  12.781  12.793  12.804 
   12.818  12.866  12.884  12.929  12.932  12.994  13.000  13.019 
   13.052  13.055  13.055  13.075  13.122  13.128  13.172  13.204 
   13.238  13.241  13.256  13.264  13.312  13.349  13.393  13.411 
   13.427  13.486  13.486  13.512  13.567  13.599  13.662  13.675 
   13.710  13.711  13.721  13.741  13.818  13.821  13.840  13.849 
   13.855  13.875  13.992  14.247  14.280  14.294  14.335  14.373 
   14.484  14.503  14.749  14.762  14.793  14.841  14.843  14.887 
   14.928  14.964  14.984  15.054  15.090  15.212  15.685  15.708 
   15.796  15.820  15.887  15.981  16.137  16.143  16.229  16.237 
   16.259  16.357  16.425  16.434  16.489  16.547  16.567  16.598 
   16.976  16.986  16.997  16.998  17.000  17.011  17.033  17.034 
   17.038  17.039  17.055  17.057  17.101  17.130  17.473  17.476 
   17.491  17.520  17.576  17.613  17.631  17.633  17.637  17.652 
   18.001  18.124  18.572  18.587  18.610  18.631  18.651  18.742 
   18.752  18.761  18.776  18.944  18.967  18.976  19.027  19.060 
   19.112  19.176  19.302  19.378  19.387  19.665  19.669  19.994 
   20.021  20.178  20.181  20.232  20.305  20.399  20.408  20.428 
   20.441  20.453  20.527  20.987  20.994  21.076  21.076  21.474 
   21.508  21.751  21.785  22.001  22.048  22.057  22.107  23.490 
   23.551  23.612  23.767  23.774  23.810  23.930  23.950  24.101 
   24.265  24.339  24.393  24.400  24.452  24.474  24.851  25.189 
   25.573  25.691  25.910  25.924  25.965  25.978  25.998  26.003 
   27.509  28.162  33.277  33.321  33.348  33.357  34.532  34.573 
   34.622  34.637  34.674  34.687  41.494  41.573  41.625  41.666 
   41.888  42.055  59.812  63.516  64.136  64.592  66.642  66.750 
   66.770  67.467  68.264  80.259  80.379  91.389  91.547  91.549 
   91.635  91.645  91.757  91.851  91.934  91.959  91.980  91.997 
   92.024  92.937  92.956  92.976  92.977  92.993  92.994 137.614 
  172.336 172.908 173.433 317.302 532.524 532.981 533.412 743.242 
  1791.715 2107.417 2107.746 2108.055 4509.506 12055.230 35039.294 114853.955 
  454589.490 2579387.139 


  >>> Running UHF-MP2 <<<

MP2 correlation energy (UHF) : -0.7434413311
MP2 total energy       (UHF) : -135.1444385016

