	*********************************************** 
	***** Beginning CEBE Calculation with MOM ***** 
	*****       Calculation Details:          ***** 
	      Geometry:	 /work/morgunov/core/calculations/mols/exp/c/c-h3cch.xyz
	      Core Basis:	 cc-pCV5Z
	      Full Basis:	 cc-pV5Z
	      Do SFX2C1E?:	 True
	      Freeze orbitals?:	 True
	      Use Cheng orbitals?:	 False
	      Do Special Basis?:	 False
	*********************************************** 
	*********************************************** 

  >>> Running RHF <<<

init D/C      : minao
init ov       : zeros
no            : 11
nv            : 644
ov_size       : 7084
max_cycle     : 1000
conv          : 6
econv         : 9
method        : gdm
scale_stop    : 0
scale_factor  : 1.000000
init E        : -115.878980857129
init |[F,P]|  : 2.98e-03
init |dE|     : 7.67e-03
check file    : None

iter      total energy   |[F,P]|      |dE|         ∆E   comment
   1    -115.911542511  1.16e-03  2.86e-03  -3.26e-02  BFGS
   2    -115.915399994  4.30e-04  1.11e-03  -3.86e-03  BFGS
   3    -115.915897966  1.20e-04  3.19e-04  -4.98e-04  BFGS
   4    -115.915933921  3.03e-05  8.08e-05  -3.60e-05  BFGS
   5    -115.915936749  3.97e-06  1.03e-05  -2.83e-06  BFGS
   6    -115.915936853  1.35e-06  3.42e-06  -1.04e-07  BFGS
   7    -115.915936863  2.81e-07  7.69e-07  -9.64e-09  BFGS
   8    -115.915936863  6.59e-08  1.70e-07  -3.28e-10  BFGS
                                                                      gdm is converged!

SCF converged : True
final |[F,P]| : 6.59e-08
final |dE|    : 1.70e-07
final Escf    : -174.583705369884
final Etot    : -115.915936863211

  pxp & ewc             :::        0.288 (  0.02%)
  apply B               :::        0.001 (  0.00%)
  linsrch               :::     1324.311 ( 99.98%)
  grad                  :::        0.014 (  0.00%)
  Total                 :::     1324.614 (100.00%)

Alpha occupied
  -11.255 -11.234 -11.217  -1.057  -0.955  -0.718  -0.616  -0.594 
   -0.594  -0.383  -0.383 

Alpha virtual
    0.088   0.109   0.133   0.133   0.150   0.177   0.177   0.210 
    0.210   0.223   0.258   0.258   0.287   0.356   0.356   0.383 
    0.384   0.425   0.438   0.438   0.485   0.499   0.499   0.521 
    0.530   0.550   0.550   0.596   0.596   0.642   0.683   0.694 
    0.694   0.732   0.743   0.743   0.826   0.826   0.857   0.879 
    0.879   0.879   0.918   0.918   0.980   0.988   0.988   1.028 
    1.028   1.040   1.064   1.064   1.072   1.141   1.145   1.145 
    1.190   1.253   1.253   1.292   1.296   1.382   1.416   1.416 
    1.420   1.452   1.452   1.454   1.511   1.548   1.551   1.551 
    1.579   1.585   1.585   1.633   1.633   1.675   1.675   1.705 
    1.725   1.725   1.772   1.849   1.849   1.893   1.915   1.915 
    1.917   1.989   1.989   2.009   2.042   2.042   2.056   2.088 
    2.120   2.120   2.126   2.126   2.172   2.232   2.232   2.282 
    2.282   2.282   2.375   2.375   2.396   2.431   2.479   2.479 
    2.503   2.533   2.533   2.564   2.655   2.655   2.722   2.744 
    2.744   2.777   2.777   2.791   2.844   2.935   2.935   3.049 
    3.140   3.140   3.190   3.250   3.250   3.256   3.286   3.286 
    3.342   3.342   3.408   3.463   3.463   3.478   3.557   3.557 
    3.563   3.618   3.658   3.658   3.734   3.742   3.742   3.749 
    3.757   3.779   3.792   3.792   3.821   3.853   3.935   3.935 
    3.989   3.989   4.016   4.019   4.036   4.036   4.048   4.098 
    4.098   4.198   4.200   4.228   4.248   4.256   4.256   4.271 
    4.271   4.372   4.372   4.487   4.526   4.534   4.534   4.569 
    4.569   4.642   4.682   4.682   4.705   4.733   4.733   4.747 
    4.779   4.779   4.807   4.831   4.831   4.899   4.952   4.952 
    4.959   4.967   4.967   5.014   5.022   5.022   5.161   5.189 
    5.189   5.231   5.231   5.339   5.365   5.365   5.386   5.386 
    5.412   5.508   5.508   5.512   5.597   5.670   5.670   5.717 
    5.749   5.749   5.793   5.803   5.803   5.831   5.906   5.906 
    5.985   6.043   6.109   6.109   6.235   6.235   6.284   6.476 
    6.618   6.618   6.751   6.786   6.786   6.812   6.843   6.843 
    6.911   6.911   7.011   7.016   7.016   7.098   7.098   7.135 
    7.172   7.172   7.390   7.390   7.484   7.493   7.493   7.616 
    7.616   7.624   7.627   7.648   7.648   7.769   7.769   7.868 
    7.960   7.960   7.990   8.147   8.147   8.209   8.292   8.374 
    8.374   8.455   8.567   8.684   8.684   8.753   8.753   8.806 
    8.806   8.947   8.947   9.042   9.124   9.152   9.152   9.195 
    9.313   9.315   9.315   9.445   9.445   9.468   9.703   9.765 
    9.805   9.805   9.855   9.922   9.922   9.961   9.961   9.980 
   10.025  10.025  10.055  10.123  10.123  10.195  10.195  10.267 
   10.298  10.298  10.387  10.445  10.445  10.515  10.517  10.517 
   10.541  10.625  10.720  10.787  10.787  10.861  10.990  10.990 
   11.016  11.052  11.121  11.162  11.162  11.288  11.288  11.436 
   11.483  11.483  11.571  11.571  11.662  11.683  11.683  11.774 
   11.774  11.788  11.991  12.127  12.127  12.387  12.387  12.474 
   12.474  12.549  12.549  12.667  12.729  12.729  12.734  12.760 
   12.763  12.763  12.789  12.790  12.801  12.801  12.869  12.920 
   12.924  12.924  12.958  12.958  13.019  13.071  13.071  13.127 
   13.199  13.301  13.301  13.388  13.388  13.487  13.505  13.505 
   13.547  13.547  13.571  13.571  13.719  13.794  13.854  13.922 
   13.977  14.033  14.033  14.069  14.072  14.072  14.140  14.140 
   14.141  14.153  14.230  14.230  14.285  14.285  14.322  14.322 
   14.428  14.428  14.472  14.547  14.568  14.568  14.647  14.647 
   14.797  14.797  14.875  14.941  14.941  14.958  15.048  15.048 
   15.273  15.309  15.517  15.517  15.525  15.679  15.679  15.787 
   16.024  16.024  16.078  16.136  16.136  16.295  16.317  16.424 
   16.424  16.576  16.576  16.802  16.802  16.893  17.425  17.635 
   17.635  17.854  17.929  17.929  17.969  17.969  18.097  18.328 
   18.328  18.373  18.374  18.451  18.481  18.665  18.666  18.755 
   18.963  19.071  19.071  20.186  20.245  20.339  20.340  21.007 
   21.387  21.387  21.630  22.291  22.814  22.814  24.010  24.157 
   24.340  24.340  25.948  35.429  35.429  35.539  35.539  36.558 
   36.558  36.717  36.717  37.186  37.186  37.450  37.468  37.468 
   38.085  40.065  46.822  46.830  46.887  46.896  47.081  47.081 
   47.267  47.267  47.527  47.579  47.586  47.586  47.692  47.692 
   47.795  47.795  48.061  48.061  48.385  48.559  49.047  50.808 
   50.889  51.928  59.343  59.343  60.212  60.212  61.101  61.211 
   61.283  61.283  63.071 107.577 107.577 107.650 107.650 108.288 
  108.288 108.452 108.452 108.736 108.736 108.929 108.931 108.931 
  109.424 110.768 130.295 130.600 131.567 165.267 165.267 165.970 
  165.970 166.729 166.791 166.879 166.879 167.554 167.554 167.558 
  167.558 167.558 167.559 167.563 167.563 167.568 167.568 167.574 
  167.576 167.576 167.580 167.580 167.584 167.584 167.584 167.584 
  167.585 167.587 167.587 167.594 167.594 167.622 167.622 167.628 
  168.376 188.248 188.252 188.277 188.280 188.355 188.355 188.438 
  188.438 188.529 188.540 188.545 188.545 188.594 188.594 188.657 
  188.657 188.766 188.766 188.885 188.966 189.269 329.435 329.435 
  329.485 329.485 329.908 329.908 330.045 330.045 330.238 330.238 
  330.338 330.365 330.365 330.704 331.674 337.823 338.130 339.058 
  465.205 465.205 465.792 465.792 466.449 466.486 466.589 466.589 
  467.823 1175.139 1176.396 1179.743 


  >>> Running RHF-MP2 <<<


RMP2-TIMING
  rmp2                  :::      951.994 (100.00%)
  Total                 :::      951.994 (100.00%)

MP2 correlation energy (RHF) : -0.6856121912
MP2 total energy       (RHF) : -116.6015490545


  >>> Running UHF <<<

init D/C      : input mo_coeff
init ov       : zeros
no            : 10 11
nv            : 645 644
ov_size       : 13534
max_cycle     : 1000
conv          : 6
econv         : 9
method        : diis
mom_start     : 0
guess mix     : 0.000000
orb_swap      : [[[0, 10]], []]
init E        : -104.661005334908
init S2       : 0.750000000000069
init |[F,P]|  : 1.20e-02
init |dE|     : 3.56e-02
check file    : None

iter      total energy   |[F,P]|      |dE|         ∆E   S^2   comment
   1    -105.015431077  6.79e-03  1.78e-02  -3.54e-01  0.75  DIIS mom: 9.7/10 10.7/11
   2    -105.195406560  8.41e-04  2.32e-03  -1.80e-01  0.76  DIIS mom: 9.9/10 11.0/11
   3    -105.198812759  4.35e-04  1.15e-03  -3.41e-03  0.76  DIIS mom: 10.0/10 11.0/11
   4    -105.200010288  1.65e-04  4.08e-04  -1.20e-03  0.77  DIIS mom: 10.0/10 11.0/11
   5    -105.200494794  9.41e-05  2.29e-04  -4.85e-04  0.77  DIIS mom: 10.0/10 11.0/11
   6    -105.200724726  3.97e-05  9.65e-05  -2.30e-04  0.78  DIIS mom: 10.0/10 11.0/11
   7    -105.200776034  2.72e-05  6.56e-05  -5.13e-05  0.78  DIIS mom: 10.0/10 11.0/11
   8    -105.200801743  2.58e-05  6.20e-05  -2.57e-05  0.79  DIIS mom: 10.0/10 11.0/11
   9    -105.200872977  2.28e-05  5.48e-05  -7.12e-05  0.79  DIIS mom: 10.0/10 11.0/11
  10    -105.201060723  9.35e-06  2.38e-05  -1.88e-04  0.81  DIIS mom: 10.0/10 11.0/11
  11    -105.201079162  2.58e-06  6.91e-06  -1.84e-05  0.82  DIIS mom: 10.0/10 11.0/11
  12    -105.201079453  1.00e-06  2.67e-06  -2.91e-07  0.82  DIIS mom: 10.0/10 11.0/11
  13    -105.201079499  3.12e-07  8.44e-07  -4.53e-08  0.83  DIIS mom: 10.0/10 11.0/11
  14    -105.201079500  1.54e-07  4.18e-07  -1.09e-09  0.82  DIIS mom: 10.0/10 11.0/11
  15    -105.201079502  3.38e-08  8.96e-08  -2.10e-09  0.82  DIIS mom: 10.0/10 11.0/11
  16    -105.201079502  5.76e-09  1.57e-08  -1.22e-10  0.82  DIIS mom: 10.0/10 11.0/11
                                                                      diis is converged!

SCF converged : True
final |[F,P]| : 5.76e-09
final |dE|    : 1.57e-08
final Escf    : -163.868848008603
final Etot    : -105.20107950193
final S2      : 0.824863343728479

  diis prep             :::        0.329 (  0.01%)
  diis extrap           :::        0.290 (  0.01%)
  roothaan              :::        1.029 (  0.04%)
  fock build            :::     2818.208 ( 99.94%)
  Total                 :::     2819.856 (100.00%)

Alpha occupied
  -11.490 -11.459  -1.399  -1.222  -0.998  -0.974  -0.974  -0.902 
   -0.623  -0.623 

Alpha virtual
  -10.146  -0.110  -0.067  -0.067  -0.040  -0.021  -0.021  -0.012 
    0.011   0.011   0.055   0.077   0.077   0.093   0.149   0.149 
    0.152   0.174   0.191   0.191   0.235   0.276   0.296   0.296 
    0.313   0.340   0.340   0.342   0.365   0.365   0.409   0.455 
    0.484   0.484   0.538   0.550   0.550   0.589   0.589   0.635 
    0.659   0.667   0.667   0.706   0.706   0.758   0.769   0.769 
    0.780   0.780   0.810   0.810   0.822   0.854   0.910   0.920 
    0.920   0.984   1.050   1.050   1.068   1.073   1.175   1.177 
    1.177   1.179   1.203   1.214   1.214   1.276   1.317   1.322 
    1.322   1.341   1.379   1.379   1.385   1.385   1.454   1.454 
    1.473   1.475   1.475   1.538   1.596   1.597   1.639   1.669 
    1.669   1.681   1.745   1.745   1.754   1.796   1.796   1.814 
    1.853   1.853   1.861   1.886   1.886   1.917   1.968   1.968 
    2.024   2.024   2.090   2.132   2.140   2.140   2.161   2.228 
    2.258   2.258   2.282   2.290   2.290   2.425   2.425   2.437 
    2.437   2.480   2.515   2.523   2.523   2.589   2.683   2.683 
    2.767   2.864   2.864   2.906   2.967   2.967   2.992   3.047 
    3.047   3.136   3.136   3.156   3.190   3.190   3.259   3.288 
    3.288   3.325   3.340   3.403   3.403   3.487   3.487   3.515 
    3.517   3.534   3.541   3.541   3.545   3.567   3.613   3.679 
    3.680   3.735   3.735   3.737   3.742   3.775   3.775   3.784 
    3.808   3.808   3.920   3.960   3.983   3.986   3.986   3.998 
    3.998   4.020   4.103   4.103   4.237   4.237   4.237   4.261 
    4.288   4.288   4.356   4.393   4.393   4.420   4.452   4.497 
    4.497   4.534   4.534   4.540   4.550   4.550   4.635   4.679 
    4.680   4.680   4.736   4.736   4.742   4.782   4.782   4.891 
    4.919   4.919   4.975   4.975   5.035   5.059   5.059   5.124 
    5.124   5.130   5.198   5.198   5.278   5.318   5.365   5.365 
    5.436   5.436   5.438   5.492   5.500   5.500   5.522   5.613 
    5.613   5.672   5.722   5.821   5.821   5.956   5.956   5.995 
    6.169   6.336   6.336   6.482   6.562   6.568   6.568   6.579 
    6.579   6.646   6.646   6.696   6.717   6.717   6.791   6.791 
    6.899   6.899   6.903   7.083   7.083   7.181   7.243   7.243 
    7.297   7.304   7.351   7.351   7.407   7.407   7.479   7.479 
    7.631   7.673   7.727   7.727   7.805   7.805   7.923   8.045 
    8.118   8.118   8.174   8.272   8.436   8.436   8.494   8.494 
    8.544   8.544   8.668   8.697   8.697   8.775   8.778   8.778 
    8.907   9.019   9.019   9.039   9.174   9.174   9.189   9.449 
    9.465   9.536   9.536   9.613   9.639   9.639   9.708   9.708 
    9.738   9.774   9.779   9.805   9.854   9.854   9.899   9.899 
    9.972   9.972   9.985  10.124  10.124  10.135  10.212  10.233 
   10.264  10.264  10.351  10.443  10.467  10.467  10.543  10.643 
   10.643  10.771  10.783  10.852  10.852  10.852  10.991  10.991 
   11.041  11.169  11.170  11.225  11.225  11.321  11.397  11.418 
   11.418  11.526  11.526  11.660  11.866  11.866  11.954  11.954 
   12.158  12.158  12.204  12.204  12.332  12.388  12.388  12.415 
   12.424  12.470  12.470  12.538  12.550  12.560  12.560  12.566 
   12.566  12.587  12.591  12.591  12.597  12.680  12.724  12.724 
   12.823  12.917  12.991  12.991  13.093  13.093  13.153  13.167 
   13.167  13.240  13.240  13.295  13.295  13.420  13.488  13.607 
   13.648  13.699  13.724  13.724  13.753  13.779  13.779  13.813 
   13.824  13.824  13.826  13.922  13.922  13.939  13.939  14.007 
   14.007  14.124  14.145  14.145  14.198  14.253  14.253  14.328 
   14.328  14.517  14.524  14.524  14.592  14.637  14.637  14.732 
   14.733  14.932  14.996  15.165  15.165  15.182  15.335  15.335 
   15.541  15.708  15.708  15.775  15.882  15.882  15.958  15.959 
   16.189  16.189  16.361  16.361  16.411  16.411  16.666  17.070 
   17.281  17.281  17.489  17.544  17.544  17.699  17.732  17.732 
   17.959  17.959  17.987  17.987  18.062  18.093  18.257  18.257 
   18.481  18.723  18.853  18.853  19.658  19.877  19.877  20.000 
   20.709  21.142  21.142  21.377  21.747  22.567  22.568  23.186 
   23.527  23.527  23.910  25.702  35.180  35.180  35.294  35.294 
   35.430  35.431  36.303  36.303  36.310  36.449  36.449  36.937 
   36.937  37.832  39.800  46.309  46.357  46.389  46.389  46.530 
   46.530  46.579  46.587  46.643  46.653  46.851  46.851  47.020 
   47.020  47.267  47.517  47.517  47.745  47.745  48.211  48.784 
   50.308  50.583  50.857  59.094  59.094  59.581  59.629  59.629 
   60.023  60.023  60.883  62.823 106.328 106.328 106.956 106.956 
  106.982 107.333 107.333 107.403 107.403 108.195 108.195 108.482 
  108.482 109.170 110.499 129.275 130.122 130.426 164.377 164.475 
  164.475 165.019 165.019 165.572 165.572 165.576 165.576 165.577 
  165.578 165.591 165.596 165.596 165.746 165.746 166.508 167.316 
  167.316 167.318 167.318 167.324 167.324 167.330 167.333 167.333 
  167.334 167.334 167.338 167.338 167.348 167.348 167.374 167.374 
  167.379 168.126 186.227 186.236 186.257 186.257 186.318 186.318 
  186.599 188.000 188.004 188.030 188.033 188.108 188.108 188.190 
  188.190 188.393 188.393 188.485 188.485 188.701 189.017 327.050 
  327.050 327.497 327.497 327.503 329.186 329.186 329.236 329.236 
  329.791 329.791 329.984 329.984 330.448 331.398 336.044 337.621 
  337.930 463.305 463.409 463.409 464.954 464.954 465.556 465.556 
  466.211 467.573 1174.544 1175.751 1176.877 

Beta occupied
  -13.811 -11.479 -11.466  -1.473  -1.233  -1.029  -1.012  -1.012 
   -0.910  -0.620  -0.620 

Beta virtual
   -0.120  -0.071  -0.071  -0.040  -0.021  -0.021  -0.012   0.016 
    0.016   0.054   0.074   0.074   0.080   0.139   0.139   0.140 
    0.166   0.189   0.189   0.237   0.272   0.297   0.297   0.311 
    0.341   0.342   0.342   0.368   0.368   0.413   0.452   0.484 
    0.484   0.537   0.550   0.550   0.586   0.586   0.626   0.659 
    0.664   0.664   0.706   0.706   0.744   0.758   0.758   0.781 
    0.781   0.808   0.808   0.821   0.851   0.910   0.921   0.921 
    0.983   1.049   1.049   1.066   1.075   1.168   1.177   1.177 
    1.178   1.206   1.219   1.219   1.269   1.316   1.316   1.316 
    1.343   1.378   1.378   1.387   1.387   1.453   1.453   1.476 
    1.477   1.477   1.539   1.595   1.595   1.642   1.669   1.673 
    1.673   1.745   1.745   1.749   1.792   1.792   1.818   1.839 
    1.839   1.847   1.888   1.888   1.909   1.971   1.971   2.023 
    2.023   2.089   2.132   2.141   2.141   2.163   2.226   2.257 
    2.257   2.271   2.288   2.288   2.423   2.423   2.427   2.427 
    2.476   2.520   2.524   2.524   2.582   2.678   2.678   2.758 
    2.862   2.862   2.896   2.962   2.962   2.985   3.046   3.046 
    3.134   3.134   3.153   3.191   3.191   3.257   3.283   3.283 
    3.321   3.342   3.403   3.403   3.487   3.487   3.515   3.516 
    3.532   3.538   3.538   3.540   3.565   3.612   3.681   3.681 
    3.715   3.735   3.735   3.745   3.772   3.772   3.783   3.802 
    3.802   3.924   3.955   3.979   3.983   3.983   4.000   4.000 
    4.015   4.107   4.107   4.229   4.231   4.231   4.260   4.290 
    4.290   4.354   4.395   4.395   4.415   4.452   4.496   4.496 
    4.534   4.534   4.542   4.545   4.545   4.629   4.681   4.681 
    4.682   4.735   4.735   4.735   4.783   4.783   4.880   4.907 
    4.907   4.974   4.974   5.031   5.058   5.058   5.126   5.126 
    5.133   5.194   5.194   5.276   5.320   5.352   5.352   5.430 
    5.430   5.436   5.495   5.497   5.497   5.506   5.612   5.612 
    5.634   5.718   5.821   5.821   5.957   5.957   5.996   6.157 
    6.336   6.336   6.476   6.561   6.567   6.567   6.576   6.576 
    6.648   6.648   6.701   6.711   6.711   6.780   6.780   6.900 
    6.900   6.900   7.077   7.077   7.179   7.243   7.243   7.291 
    7.293   7.346   7.346   7.407   7.407   7.478   7.478   7.614 
    7.666   7.727   7.727   7.790   7.790   7.918   8.045   8.122 
    8.122   8.170   8.258   8.432   8.432   8.488   8.488   8.542 
    8.542   8.602   8.684   8.684   8.736   8.754   8.754   8.906 
    9.015   9.015   9.037   9.173   9.173   9.174   9.447   9.457 
    9.533   9.533   9.611   9.634   9.634   9.706   9.706   9.738 
    9.773   9.778   9.798   9.846   9.846   9.898   9.898   9.968 
    9.968   9.985  10.117  10.117  10.137  10.206  10.228  10.260 
   10.260  10.350  10.438  10.465  10.465  10.537  10.630  10.630 
   10.772  10.779  10.846  10.846  10.852  10.987  10.987  11.023 
   11.166  11.166  11.217  11.217  11.308  11.386  11.418  11.418 
   11.525  11.525  11.651  11.864  11.864  11.931  11.931  12.145 
   12.145  12.200  12.200  12.335  12.386  12.386  12.410  12.426 
   12.471  12.471  12.533  12.547  12.552  12.552  12.565  12.565 
   12.588  12.593  12.593  12.597  12.683  12.725  12.725  12.823 
   12.916  12.990  12.990  13.093  13.093  13.154  13.168  13.168 
   13.238  13.238  13.296  13.296  13.422  13.484  13.610  13.647 
   13.699  13.727  13.727  13.753  13.780  13.780  13.815  13.824 
   13.825  13.825  13.917  13.917  13.941  13.941  14.008  14.008 
   14.113  14.144  14.144  14.197  14.252  14.252  14.327  14.327 
   14.517  14.524  14.524  14.575  14.637  14.637  14.732  14.732 
   14.922  14.993  15.165  15.165  15.184  15.337  15.337  15.540 
   15.708  15.708  15.770  15.882  15.882  15.946  15.960  16.190 
   16.190  16.361  16.361  16.407  16.407  16.663  17.072  17.282 
   17.282  17.485  17.534  17.534  17.680  17.729  17.729  17.959 
   17.959  17.974  17.974  18.027  18.095  18.233  18.234  18.474 
   18.721  18.852  18.852  19.552  19.837  19.838  19.999  20.682 
   21.145  21.145  21.363  21.655  22.562  22.562  23.003  23.361 
   23.361  23.911  25.701  35.174  35.174  35.293  35.293  35.312 
   35.312  36.178  36.178  36.186  36.448  36.448  36.937  36.937 
   37.833  39.798  46.234  46.282  46.314  46.314  46.457  46.457 
   46.579  46.586  46.644  46.654  46.849  46.849  47.021  47.021 
   47.191  47.517  47.517  47.744  47.744  48.206  48.779  50.026 
   50.577  50.785  59.093  59.093  59.242  59.312  59.313  60.003 
   60.003  60.883  62.823 106.110 106.110 106.739 106.739 106.766 
  107.333 107.333 107.403 107.403 108.194 108.194 108.483 108.483 
  109.170 110.497 128.935 130.110 130.416 164.048 164.149 164.149 
  165.019 165.019 165.475 165.475 165.479 165.479 165.480 165.481 
  165.494 165.499 165.499 165.743 165.743 166.508 167.317 167.317 
  167.319 167.319 167.325 167.325 167.331 167.332 167.332 167.334 
  167.334 167.337 167.338 167.348 167.348 167.373 167.373 167.378 
  168.126 186.063 186.073 186.093 186.093 186.155 186.155 186.436 
  188.001 188.005 188.030 188.033 188.109 188.109 188.190 188.190 
  188.394 188.394 188.485 188.485 188.701 189.016 326.822 326.822 
  327.270 327.270 327.277 329.186 329.186 329.236 329.236 329.791 
  329.791 329.984 329.984 330.448 331.398 335.757 337.618 337.928 
  463.051 463.156 463.156 464.954 464.954 465.556 465.556 466.211 
  467.573 1174.488 1175.698 1176.804 


  >>> Running UHF-MP2 <<<

MP2 correlation energy (UHF) : -0.6699685454
MP2 total energy       (UHF) : -105.8710480473

