	*********************************************** 
	***** Beginning CEBE Calculation with MOM ***** 
	*****       Calculation Details:          ***** 
	      Geometry:	 /home/am3939/core/calculations/mols/exp/c/c-f3h.xyz
	      Core Basis:	 ccX-5Z
	      Full Basis:	 cc-pV5Z
	      DIIS (start, space):	 0 50
	      Level shift:	 0
	      Do localization?:	 False
	      Do SFX2C1E?:	 True
	      Freeze orbitals?:	 True
	      Use Cheng orbitals?:	 False
	      Do Special Basis?:	 True
	      Do Special Basis?:	 ccX-5Z
	*********************************************** 
	*********************************************** 

  >>> Running RHF <<<

init D/C      : minao
init ov       : zeros
no            : 17
nv            : 503
ov_size       : 8551
max_cycle     : 1000
conv          : 6
econv         : 9
method        : gdm
scale_stop    : 0
scale_factor  : 1.000000
init E        : -336.795678660211
init |[F,P]|  : 8.39e-03
init |dE|     : 1.93e-02
check file    : None

iter      total energy   |[F,P]|      |dE|         ∆E   comment
   1    -336.897166659  5.06e-03  1.21e-02  -1.01e-01  BFGS
   2    -336.941115725  4.43e-04  1.20e-03  -4.39e-02  BFGS
   3    -336.941889108  1.42e-04  3.66e-04  -7.73e-04  BFGS
   4    -336.941987385  4.62e-05  9.76e-05  -9.83e-05  BFGS
   5    -336.941992095  1.06e-05  2.26e-05  -4.71e-06  BFGS
   6    -336.941992514  1.56e-06  3.80e-06  -4.19e-07  BFGS
   7    -336.941992524  3.96e-07  9.27e-07  -9.61e-09  BFGS
   8    -336.941992524  7.39e-08  1.72e-07  -6.71e-10  BFGS
                                                                      gdm is converged!

SCF converged : True
final |[F,P]| : 7.39e-08
final |dE|    : 1.72e-07
final Escf    : -471.171968381486
final Etot    : -336.941992524351

  pxp & ewc             :::        0.209 (  0.19%)
  apply B               :::        0.001 (  0.00%)
  linsrch               :::      110.794 ( 99.80%)
  grad                  :::        0.006 (  0.01%)
  Total                 :::      111.011 (100.00%)

Alpha occupied
  -26.342 -26.342 -26.341 -11.506  -1.739  -1.643  -1.643  -0.992 
   -0.851  -0.831  -0.831  -0.715  -0.715  -0.672  -0.672  -0.655 
   -0.597 

Alpha virtual
    0.081   0.097   0.097   0.133   0.208   0.293   0.293   0.333 
    0.346   0.346   0.393   0.428   0.428   0.455   0.463   0.463 
    0.522   0.572   0.593   0.593   0.616   0.656   0.657   0.657 
    0.701   0.742   0.742   0.883   0.900   0.900   0.912   0.912 
    0.925   1.126   1.144   1.144   1.152   1.351   1.387   1.387 
    1.433   1.433   1.449   1.490   1.490   1.542   1.542   1.646 
    1.684   1.684   1.713   1.714   1.714   1.790   1.790   1.806 
    1.806   1.891   1.893   1.893   1.968   1.987   1.987   2.064 
    2.108   2.108   2.108   2.169   2.191   2.191   2.263   2.347 
    2.347   2.399   2.450   2.450   2.561   2.635   2.635   2.667 
    2.818   2.818   2.960   2.960   3.166   3.252   3.255   3.255 
    3.296   3.296   3.381   3.452   3.452   3.509   3.525   3.529 
    3.529   3.543   3.651   3.651   3.794   3.860   3.860   3.883 
    3.913   3.913   3.969   4.018   4.033   4.034   4.036   4.064 
    4.064   4.135   4.175   4.175   4.226   4.226   4.277   4.283 
    4.387   4.387   4.395   4.528   4.528   4.544   4.619   4.619 
    4.661   4.690   4.713   4.713   4.721   4.721   5.021   5.047 
    5.067   5.067   5.104   5.245   5.245   5.259   5.296   5.296 
    5.457   5.552   5.552   5.576   5.576   5.668   5.721   5.721 
    5.775   5.824   5.824   5.887   6.145   6.145   6.152   6.208 
    6.209   6.226   6.308   6.308   6.537   6.725   6.725   7.044 
    7.158   7.158   7.345   7.476   7.476   7.593   7.593   7.608 
    7.637   7.637   7.640   7.815   7.892   7.893   7.922   7.930 
    7.994   7.994   8.133   8.133   8.139   8.193   8.366   8.366 
    8.562   8.562   8.740   8.778   8.778   8.829   8.932   8.932 
    9.038   9.404   9.446   9.446   9.475   9.533   9.534   9.578 
    9.578   9.582   9.710   9.789   9.789   9.833   9.833   9.893 
    9.893   9.961   9.994   9.994  10.050  10.155  10.155  10.210 
   10.234  10.234  10.296  10.394  10.394  10.452  10.495  10.547 
   10.547  10.549  10.674  10.674  10.720  10.720  10.740  10.828 
   10.828  10.852  10.948  10.973  10.973  10.976  11.014  11.085 
   11.085  11.143  11.315  11.334  11.334  11.460  11.460  11.561 
   11.688  11.688  12.307  12.307  12.536  12.705  12.705  12.764 
   12.809  12.809  12.966  13.077  13.077  13.187  13.269  13.269 
   13.274  13.378  13.635  13.718  13.718  13.824  13.981  14.001 
   14.001  14.353  14.353  14.603  14.603  14.753  14.753  14.825 
   15.158  15.319  15.319  15.554  15.554  15.617  16.474  17.569 
   17.569  18.014  18.014  18.292  18.306  18.316  18.316  18.321 
   18.321  18.321  18.322  18.323  18.323  18.327  18.327  18.332 
   18.429  18.433  18.433  18.503  18.503  18.548  18.548  18.599 
   18.662  18.662  18.774  18.895  18.905  19.069  19.069  19.157 
   19.157  19.168  19.187  19.187  19.258  19.585  19.785  19.809 
   19.809  19.884  19.884  19.914  20.411  20.411  21.543  22.006 
   22.006  22.160  23.728  23.736  23.736  23.754  23.754  23.762 
   23.791  23.906  23.906  23.966  23.996  23.996  24.151  24.330 
   24.397  24.397  24.461  24.556  24.556  24.725  24.725  24.776 
   24.829  24.829  24.878  25.039  25.048  25.049  25.339  25.372 
   25.372  25.401  25.401  25.450  25.624  25.624  25.712  25.818 
   25.818  25.892  26.023  26.140  26.140  26.243  26.243  26.246 
   26.714  26.714  26.891  28.848  28.865  28.865  28.879  28.900 
   28.900  29.694  29.694  29.769  29.769  29.775  29.800  30.288 
   30.288  30.592  38.372  38.372  39.368  39.368  39.550  40.227 
   40.227  40.259  40.329  40.495  40.495  41.339  41.350  41.350 
   41.777  52.125  79.932  79.933  80.374  86.763  86.763  86.764 
   86.777  86.777  86.824  86.864  86.876  86.876  89.833  89.833 
   89.876 107.447 107.447 108.232 108.232 108.487 112.385 129.907 
  129.980 129.980 130.018 130.018 130.088 130.608 210.137 210.137 
  210.180 247.600 251.400 251.400 251.403 251.403 251.405 251.405 
  251.407 251.407 251.408 251.408 251.408 276.264 276.264 276.865 
  276.865 277.088 310.787 310.787 310.787 310.791 310.791 310.806 
  310.825 310.827 310.827 396.124 396.164 396.164 396.183 396.183 
  396.221 396.511 538.083 538.083 538.122 598.611 706.788 706.788 
  707.253 707.253 707.435 1738.599 1738.599 1738.634 2327.027 


  >>> Running RHF-MP2 <<<


RMP2-TIMING
  rmp2                  :::      120.147 (100.00%)
  Total                 :::      120.147 (100.00%)

MP2 correlation energy (RHF) : -1.1966318964
MP2 total energy       (RHF) : -338.1386244207


  >>> Running UHF <<<

init D/C      : input mo_coeff
init ov       : zeros
no            : 16 17
nv            : 504 503
ov_size       : 16615
max_cycle     : 1000
conv          : 6
econv         : 9
method        : diis
mom_start     : 0
guess mix     : 0.000000
orb_swap      : [[[3, 16]], []]
init E        : -325.4360502417
init S2       : 0.750000000000114
init |[F,P]|  : 1.48e-02
init |dE|     : 3.20e-02
check file    : None

iter      total energy   |[F,P]|      |dE|         ∆E   S^2   comment
   1    -325.732037609  8.53e-03  1.86e-02  -2.96e-01  0.75  DIIS mom: 15.8/16 16.7/17
   2    -325.924436882  1.70e-03  4.29e-03  -1.92e-01  0.76  DIIS mom: 15.9/16 17.0/17
   3    -325.935604102  4.22e-04  1.15e-03  -1.12e-02  0.76  DIIS mom: 16.0/16 17.0/17
   4    -325.936927025  2.30e-04  4.91e-04  -1.32e-03  0.77  DIIS mom: 16.0/16 17.0/17
   5    -325.937827583  1.41e-04  3.02e-04  -9.01e-04  0.78  DIIS mom: 16.0/16 17.0/17
   6    -325.938383468  6.14e-05  1.41e-04  -5.56e-04  0.80  DIIS mom: 16.0/16 17.0/17
   7    -325.938502086  1.81e-05  3.95e-05  -1.19e-04  0.81  DIIS mom: 16.0/16 17.0/17
   8    -325.938508147  6.90e-06  1.39e-05  -6.06e-06  0.81  DIIS mom: 16.0/16 17.0/17
   9    -325.938508942  2.85e-06  5.75e-06  -7.95e-07  0.81  DIIS mom: 16.0/16 17.0/17
  10    -325.938509065  6.42e-07  1.39e-06  -1.23e-07  0.81  DIIS mom: 16.0/16 17.0/17
  11    -325.938509071  1.67e-07  3.91e-07  -5.74e-09  0.81  DIIS mom: 16.0/16 17.0/17
  12    -325.938509071  6.95e-08  1.71e-07  -4.66e-10  0.81  DIIS mom: 16.0/16 17.0/17
                                                                      diis is converged!

SCF converged : True
final |[F,P]| : 6.95e-08
final |dE|    : 1.71e-07
final Escf    : -460.168484928386
final Etot    : -325.93850907125
final S2      : 0.809039117588593

  diis prep             :::        0.085 (  0.05%)
  diis extrap           :::        0.077 (  0.04%)
  roothaan              :::        0.636 (  0.35%)
  fock build            :::      181.689 ( 99.56%)
  Total                 :::      182.487 (100.00%)

Alpha occupied
  -26.706 -26.706 -26.706  -2.100  -1.992  -1.992  -1.381  -1.233 
   -1.193  -1.193  -1.049  -1.049  -1.006  -1.006  -0.991  -0.963 

Alpha virtual
  -10.453  -0.131  -0.085  -0.085  -0.056  -0.014  -0.014   0.010 
    0.057   0.092   0.110   0.110   0.195   0.195   0.202   0.216 
    0.216   0.261   0.352   0.352   0.353   0.365   0.403   0.403 
    0.407   0.473   0.473   0.477   0.592   0.622   0.622   0.639 
    0.639   0.660   0.886   0.896   0.913   0.913   1.070   1.107 
    1.107   1.135   1.135   1.166   1.205   1.205   1.258   1.258 
    1.346   1.399   1.399   1.409   1.409   1.415   1.489   1.521 
    1.531   1.531   1.605   1.605   1.606   1.680   1.680   1.682 
    1.770   1.812   1.816   1.816   1.860   1.903   1.903   1.972 
    2.045   2.045   2.083   2.136   2.136   2.276   2.349   2.349 
    2.392   2.517   2.517   2.643   2.643   2.821   2.938   2.948 
    2.948   2.996   2.996   3.081   3.119   3.119   3.193   3.213 
    3.226   3.226   3.233   3.338   3.338   3.419   3.502   3.502 
    3.562   3.562   3.562   3.648   3.678   3.690   3.690   3.704 
    3.748   3.748   3.802   3.847   3.847   3.918   3.918   3.925 
    3.973   4.077   4.078   4.078   4.185   4.185   4.200   4.287 
    4.287   4.358   4.378   4.378   4.381   4.406   4.406   4.648 
    4.733   4.736   4.736   4.784   4.917   4.917   4.934   4.972 
    4.972   5.101   5.221   5.221   5.239   5.239   5.342   5.395 
    5.395   5.452   5.483   5.484   5.543   5.801   5.801   5.812 
    5.874   5.874   5.899   5.973   5.973   6.203   6.370   6.370 
    6.661   6.808   6.808   7.017   7.138   7.138   7.268   7.268 
    7.304   7.318   7.329   7.329   7.441   7.486   7.486   7.582 
    7.600   7.623   7.623   7.778   7.778   7.784   7.806   8.030 
    8.030   8.201   8.201   8.378   8.432   8.432   8.478   8.583 
    8.584   8.652   8.937   9.106   9.106   9.160   9.196   9.196 
    9.225   9.225   9.262   9.357   9.418   9.418   9.494   9.494 
    9.548   9.548   9.631   9.640   9.640   9.679   9.813   9.813 
    9.874   9.886   9.886   9.937  10.011  10.011  10.076  10.140 
   10.167  10.175  10.175  10.289  10.289  10.303  10.346  10.346 
   10.440  10.471  10.471  10.591  10.622  10.622  10.627  10.628 
   10.697  10.697  10.773  10.889  10.975  10.975  11.115  11.115 
   11.209  11.234  11.234  11.762  11.762  12.092  12.310  12.310 
   12.364  12.412  12.412  12.586  12.704  12.704  12.813  12.831 
   12.857  12.857  12.957  13.263  13.335  13.335  13.444  13.574 
   13.609  13.609  13.966  13.966  14.122  14.122  14.331  14.331 
   14.385  14.800  14.936  14.936  15.175  15.175  15.216  16.035 
   17.161  17.161  17.594  17.594  17.942  17.942  17.953  17.963 
   17.987  17.987  17.998  17.999  17.999  18.006  18.006  18.006 
   18.006  18.007  18.007  18.055  18.101  18.122  18.122  18.162 
   18.162  18.303  18.303  18.419  18.475  18.544  18.721  18.721 
   18.797  18.797  18.819  18.819  18.821  18.878  19.075  19.440 
   19.454  19.454  19.530  19.531  19.562  19.900  19.900  21.041 
   21.625  21.625  21.798  23.234  23.402  23.412  23.412  23.428 
   23.428  23.438  23.451  23.565  23.565  23.655  23.655  23.757 
   23.976  24.043  24.043  24.109  24.201  24.201  24.361  24.361 
   24.411  24.467  24.467  24.515  24.636  24.681  24.681  25.007 
   25.039  25.039  25.067  25.067  25.119  25.280  25.280  25.363 
   25.472  25.472  25.545  25.669  25.784  25.784  25.886  25.886 
   25.889  26.332  26.332  26.502  28.507  28.524  28.524  28.538 
   28.559  28.559  29.330  29.330  29.406  29.406  29.412  29.437 
   29.893  29.893  30.214  37.104  37.104  38.124  38.124  38.303 
   39.080  39.080  39.105  39.202  39.374  39.374  40.189  40.189 
   40.193  40.649  50.823  79.577  79.577  80.018  85.304  85.304 
   85.306  85.319  85.319  85.366  85.410  85.421  85.421  88.048 
   88.048  88.096 105.492 105.492 106.280 106.280 106.538 110.486 
  127.942 128.019 128.019 128.057 128.057 128.124 128.650 207.625 
  207.625 207.672 245.015 249.292 249.292 249.298 249.298 249.301 
  249.302 249.304 249.304 249.306 249.306 249.307 273.609 273.609 
  274.210 274.210 274.436 308.294 308.294 308.295 308.300 308.300 
  308.315 308.335 308.337 308.337 393.254 393.295 393.295 393.315 
  393.315 393.352 393.644 534.844 534.844 534.885 595.321 703.458 
  703.458 703.923 703.924 704.107 1734.768 1734.768 1734.804 2323.176 

Beta occupied
  -26.700 -26.700 -26.700 -14.127  -2.114  -1.979  -1.979  -1.438 
   -1.261  -1.200  -1.200  -1.044  -1.044  -0.994  -0.994  -0.988 
   -0.964 

Beta virtual
   -0.144  -0.098  -0.098  -0.059  -0.036  -0.036  -0.001   0.020 
    0.079   0.102   0.102   0.193   0.193   0.200   0.216   0.216 
    0.263   0.350   0.350   0.354   0.363   0.401   0.401   0.404 
    0.471   0.471   0.478   0.577   0.610   0.610   0.640   0.640 
    0.660   0.885   0.900   0.915   0.915   1.070   1.107   1.107 
    1.130   1.130   1.163   1.202   1.202   1.257   1.257   1.328 
    1.397   1.397   1.398   1.405   1.405   1.484   1.525   1.536 
    1.536   1.603   1.603   1.606   1.670   1.670   1.678   1.768 
    1.806   1.815   1.815   1.852   1.904   1.904   1.973   2.041 
    2.041   2.076   2.134   2.134   2.275   2.345   2.345   2.396 
    2.515   2.515   2.642   2.642   2.807   2.938   2.949   2.949 
    2.996   2.996   3.081   3.116   3.116   3.191   3.212   3.228 
    3.228   3.236   3.333   3.333   3.394   3.469   3.469   3.561 
    3.561   3.562   3.620   3.656   3.682   3.682   3.705   3.747 
    3.747   3.794   3.844   3.844   3.907   3.920   3.920   3.975 
    4.076   4.081   4.081   4.172   4.172   4.179   4.283   4.284 
    4.360   4.375   4.375   4.380   4.410   4.410   4.629   4.734 
    4.734   4.736   4.782   4.916   4.916   4.931   4.972   4.972 
    5.098   5.217   5.217   5.238   5.238   5.339   5.394   5.394 
    5.449   5.483   5.483   5.531   5.797   5.797   5.806   5.873 
    5.873   5.900   5.972   5.972   6.201   6.369   6.369   6.659 
    6.809   6.809   7.017   7.138   7.138   7.260   7.260   7.304 
    7.311   7.329   7.329   7.421   7.448   7.448   7.579   7.601 
    7.615   7.615   7.752   7.773   7.773   7.806   8.030   8.030 
    8.197   8.197   8.371   8.432   8.432   8.480   8.582   8.583 
    8.632   8.878   9.092   9.092   9.161   9.187   9.187   9.223 
    9.223   9.263   9.353   9.407   9.407   9.494   9.494   9.547 
    9.547   9.635   9.635   9.635   9.650   9.809   9.810   9.874 
    9.885   9.885   9.932  10.006  10.006  10.046  10.138  10.168 
   10.171  10.171  10.260  10.281  10.282  10.344  10.344  10.426 
   10.469  10.469  10.587  10.619  10.620  10.620  10.631  10.696 
   10.696  10.767  10.867  10.971  10.971  11.115  11.115  11.207 
   11.222  11.222  11.731  11.731  12.073  12.301  12.301  12.359 
   12.408  12.408  12.589  12.704  12.704  12.811  12.813  12.850 
   12.850  12.951  13.265  13.337  13.337  13.443  13.571  13.612 
   13.612  13.966  13.966  14.107  14.107  14.328  14.328  14.372 
   14.800  14.930  14.930  15.175  15.175  15.212  16.033  17.160 
   17.160  17.580  17.580  17.850  17.850  17.907  17.965  17.988 
   17.988  18.000  18.000  18.000  18.006  18.006  18.006  18.006 
   18.007  18.007  18.013  18.093  18.121  18.121  18.164  18.164 
   18.304  18.304  18.421  18.460  18.547  18.724  18.724  18.797 
   18.797  18.819  18.819  18.824  18.873  19.036  19.441  19.452 
   19.452  19.531  19.531  19.564  19.857  19.857  21.014  21.629 
   21.629  21.805  23.014  23.403  23.412  23.412  23.429  23.429 
   23.438  23.454  23.568  23.568  23.657  23.657  23.755  23.981 
   24.048  24.048  24.114  24.206  24.206  24.366  24.366  24.416 
   24.473  24.473  24.521  24.629  24.685  24.685  25.008  25.040 
   25.040  25.068  25.068  25.119  25.285  25.285  25.368  25.476 
   25.476  25.550  25.676  25.790  25.791  25.892  25.892  25.895 
   26.337  26.337  26.502  28.508  28.525  28.525  28.539  28.560 
   28.560  29.336  29.336  29.412  29.412  29.419  29.444  29.897 
   29.897  30.221  36.968  36.968  37.979  37.979  38.165  38.948 
   38.952  38.952  39.141  39.311  39.311  40.026  40.026  40.065 
   40.569  50.516  79.579  79.579  80.019  85.246  85.246  85.247 
   85.261  85.261  85.308  85.351  85.362  85.362  87.759  87.759 
   87.806 105.293 105.293 106.083 106.083 106.341 110.176 127.814 
  127.891 127.891 127.929 127.929 127.996 128.522 207.344 207.344 
  207.391 244.737 249.224 249.224 249.229 249.229 249.233 249.233 
  249.236 249.236 249.238 249.238 249.238 273.409 273.409 274.011 
  274.011 274.237 308.185 308.185 308.186 308.191 308.191 308.206 
  308.226 308.228 308.228 393.098 393.140 393.140 393.159 393.159 
  393.196 393.488 534.622 534.622 534.662 595.098 703.294 703.294 
  703.759 703.760 703.943 1734.636 1734.636 1734.672 2323.054 


  >>> Running UHF-MP2 <<<

MP2 correlation energy (UHF) : -1.1906502018
MP2 total energy       (UHF) : -327.1291592730

