	*********************************************** 
	***** Beginning CEBE Calculation with MOM ***** 
	*****       Calculation Details:          ***** 
	      Geometry:	 /home/am3939/core/calculations/mols/exp/f/nh2ch2f.xyz
	      Core Basis:	 pcX-4
	      Full Basis:	 pc-4
	      DIIS (start, space):	 0 50
	      Level shift:	 0
	      Do localization?:	 False
	      Do SFX2C1E?:	 True
	      Freeze orbitals?:	 True
	      Use Cheng orbitals?:	 False
	      Do Special Basis?:	 True
	      Do Special Basis?:	 pcX-4
	*********************************************** 
	*********************************************** 

  >>> Running RHF <<<

init D/C      : minao
init ov       : zeros
no            : 13
nv            : 588
ov_size       : 7644
max_cycle     : 1000
conv          : 6
econv         : 9
method        : gdm
scale_stop    : 0
scale_factor  : 1.000000
init E        : -194.108486868119
init |[F,P]|  : 5.70e-03
init |dE|     : 1.29e-02
check file    : None

iter      total energy   |[F,P]|      |dE|         ∆E   comment
   1    -194.158684555  3.31e-03  8.09e-03  -5.02e-02  BFGS
   2    -194.176775118  4.30e-04  9.58e-04  -1.81e-02  BFGS
   3    -194.177186586  1.52e-04  3.30e-04  -4.11e-04  BFGS
   4    -194.177246322  3.92e-05  8.32e-05  -5.97e-05  BFGS
   5    -194.177249990  1.28e-05  2.57e-05  -3.67e-06  BFGS
   6    -194.177250450  4.00e-06  9.00e-06  -4.60e-07  BFGS
   7    -194.177250479  9.56e-07  2.06e-06  -2.88e-08  BFGS
   8    -194.177250481  2.03e-07  4.35e-07  -2.12e-09  BFGS
   9    -194.177250481  4.50e-08  9.67e-08  -1.38e-10  BFGS
                                                                      gdm is converged!

SCF converged : True
final |[F,P]| : 4.50e-08
final |dE|    : 9.67e-08
final Escf    : -274.228163658117
final Etot    : -194.177250480851

  pxp & ewc             :::        0.323 (  0.12%)
  apply B               :::        0.001 (  0.00%)
  linsrch               :::      269.989 ( 99.88%)
  grad                  :::        0.014 (  0.01%)
  Total                 :::      270.326 (100.00%)

Alpha occupied
  -26.264 -15.560 -11.333  -1.576  -1.208  -0.912  -0.733  -0.689 
   -0.683  -0.641  -0.562  -0.519  -0.439 

Alpha virtual
    0.051   0.067   0.070   0.093   0.104   0.113   0.133   0.144 
    0.192   0.194   0.206   0.219   0.241   0.255   0.275   0.291 
    0.292   0.315   0.321   0.323   0.342   0.370   0.389   0.389 
    0.413   0.431   0.446   0.454   0.476   0.494   0.505   0.512 
    0.533   0.538   0.564   0.571   0.580   0.609   0.624   0.627 
    0.635   0.678   0.687   0.689   0.704   0.722   0.745   0.747 
    0.792   0.817   0.828   0.848   0.870   0.935   0.942   0.950 
    0.968   0.992   0.997   1.004   1.014   1.053   1.070   1.084 
    1.107   1.139   1.163   1.172   1.187   1.229   1.242   1.255 
    1.276   1.282   1.304   1.329   1.333   1.340   1.362   1.367 
    1.375   1.405   1.423   1.434   1.459   1.461   1.487   1.492 
    1.495   1.518   1.556   1.588   1.622   1.653   1.700   1.715 
    1.717   1.734   1.756   1.761   1.808   1.841   1.924   1.938 
    1.954   2.034   2.075   2.087   2.101   2.142   2.175   2.176 
    2.252   2.271   2.273   2.290   2.291   2.327   2.361   2.399 
    2.418   2.432   2.442   2.488   2.496   2.519   2.532   2.552 
    2.609   2.615   2.623   2.654   2.682   2.703   2.716   2.754 
    2.756   2.803   2.894   2.920   2.935   2.945   3.000   3.014 
    3.021   3.048   3.087   3.137   3.189   3.190   3.239   3.259 
    3.298   3.305   3.307   3.378   3.399   3.470   3.488   3.497 
    3.557   3.566   3.572   3.593   3.620   3.633   3.668   3.687 
    3.703   3.763   3.808   3.825   3.851   3.863   3.922   3.952 
    3.975   4.006   4.021   4.036   4.123   4.161   4.196   4.209 
    4.225   4.255   4.284   4.286   4.318   4.365   4.395   4.422 
    4.434   4.439   4.500   4.515   4.560   4.594   4.622   4.681 
    4.762   4.764   4.800   4.802   4.851   4.884   4.908   4.971 
    4.992   5.013   5.081   5.104   5.163   5.194   5.235   5.296 
    5.348   5.349   5.410   5.421   5.437   5.492   5.528   5.554 
    5.588   5.647   5.692   5.711   5.750   5.768   5.804   5.842 
    5.867   5.926   5.972   5.997   6.017   6.029   6.044   6.069 
    6.075   6.120   6.153   6.189   6.307   6.340   6.371   6.409 
    6.481   6.504   6.553   6.591   6.634   6.637   6.702   6.705 
    6.746   6.758   6.801   6.835   6.904   7.012   7.015   7.086 
    7.107   7.145   7.165   7.205   7.305   7.318   7.382   7.417 
    7.478   7.583   7.619   7.621   7.744   7.768   7.793   7.819 
    7.837   7.881   7.984   8.057   8.073   8.153   8.219   8.253 
    8.280   8.296   8.522   8.608   8.619   8.667   8.702   8.873 
    8.994   9.041   9.158   9.160   9.190   9.274   9.303   9.315 
    9.394   9.457   9.474   9.499   9.519   9.565   9.576   9.625 
    9.654   9.686   9.694   9.830   9.925  10.045  10.056  10.075 
   10.214  10.222  10.340  10.353  10.355  10.502  10.533  10.640 
   10.671  10.826  11.090  11.268  11.308  11.399  11.435  11.512 
   11.536  11.574  11.637  11.707  11.815  11.914  11.916  12.031 
   12.040  12.068  12.094  12.103  12.173  12.225  12.235  12.281 
   12.327  12.413  12.447  12.486  12.527  12.575  12.682  12.717 
   12.739  12.805  12.836  12.882  12.900  12.964  12.967  12.985 
   13.025  13.046  13.091  13.106  13.123  13.124  13.203  13.265 
   13.300  13.305  13.345  13.363  13.377  13.379  13.405  13.454 
   13.454  13.493  13.509  13.538  13.564  13.607  13.634  13.652 
   13.715  13.781  13.800  13.824  13.835  13.894  13.916  13.981 
   13.982  14.066  14.114  14.187  14.329  14.331  14.509  14.568 
   14.622  14.651  14.683  14.709  14.853  14.877  14.928  14.948 
   15.014  15.014  15.042  15.137  15.247  15.288  15.502  15.510 
   15.731  15.826  15.873  15.879  15.912  15.937  15.982  16.054 
   16.208  16.256  16.331  16.399  16.428  16.441  16.502  16.531 
   16.577  16.703  16.831  16.906  16.938  17.108  17.176  17.199 
   17.217  17.235  17.235  17.274  17.277  17.320  17.358  17.360 
   17.391  17.495  17.603  17.649  17.658  17.739  17.790  17.868 
   17.931  17.932  18.267  18.280  18.320  18.462  18.466  18.784 
   18.981  19.064  19.192  19.296  19.390  19.551  19.567  19.654 
   19.789  20.122  20.379  20.493  20.499  20.719  20.916  21.038 
   21.083  21.088  21.298  21.299  21.394  21.435  21.529  21.672 
   21.704  21.738  21.816  21.859  22.035  22.130  22.650  22.678 
   22.859  22.883  23.630  23.971  24.083  24.227  24.246  24.393 
   24.454  24.608  24.659  25.487  26.216  26.286  26.489  26.881 
   28.422  29.804  30.118  31.459  31.470  31.857  31.862  32.419 
   33.529  33.538  34.411  34.690  34.710  34.970  35.000  35.768 
   37.958  41.812  42.001  42.081  42.176  49.534  49.573  49.690 
   50.328  50.757  80.119  85.165  85.192  85.729  87.994  91.714 
   91.815  91.878  91.880  92.010  92.103  92.122  92.210  93.166 
   93.172  93.247  93.278  93.475  93.477  93.776  93.852  94.208 
  108.675 202.927 227.934 227.958 228.582 469.132 696.308 696.327 
  696.821 1100.540 2654.793 2738.617 2738.631 2738.987 6681.112 17849.200 
  51827.844 169672.822 670600.665 3802079.625 


  >>> Running RHF-MP2 <<<


RMP2-TIMING
  rmp2                  :::      190.175 (100.00%)
  Total                 :::      190.175 (100.00%)

MP2 correlation energy (RHF) : -0.8617458609
MP2 total energy       (RHF) : -195.0389963418


  >>> Running UHF <<<

init D/C      : input mo_coeff
init ov       : zeros
no            : 12 13
nv            : 589 588
ov_size       : 14712
max_cycle     : 1000
conv          : 6
econv         : 9
method        : diis
mom_start     : 0
guess mix     : 0.000000
orb_swap      : [[[0, 12]], []]
init E        : -167.913735962902
init S2       : 0.750000000000071
init |[F,P]|  : 1.99e-02
init |dE|     : 5.90e-02
check file    : None

iter      total energy   |[F,P]|      |dE|         ∆E   S^2   comment
   1    -168.570264324  8.75e-03  2.78e-02  -6.57e-01  0.75  DIIS mom: 11.7/12 12.7/13
   2    -168.803605874  8.93e-04  2.42e-03  -2.33e-01  0.76  DIIS mom: 12.0/12 13.0/13
   3    -168.806270487  2.54e-04  5.98e-04  -2.66e-03  0.76  DIIS mom: 12.0/12 13.0/13
   4    -168.806568088  1.00e-04  2.68e-04  -2.98e-04  0.76  DIIS mom: 12.0/12 13.0/13
   5    -168.806668640  3.34e-05  8.53e-05  -1.01e-04  0.76  DIIS mom: 12.0/12 13.0/13
   6    -168.806682419  1.40e-05  2.93e-05  -1.38e-05  0.76  DIIS mom: 12.0/12 13.0/13
   7    -168.806684844  7.23e-06  1.38e-05  -2.42e-06  0.76  DIIS mom: 12.0/12 13.0/13
   8    -168.806685594  3.52e-06  6.52e-06  -7.50e-07  0.76  DIIS mom: 12.0/12 13.0/13
   9    -168.806685807  1.18e-06  2.32e-06  -2.13e-07  0.76  DIIS mom: 12.0/12 13.0/13
  10    -168.806685827  3.39e-07  6.51e-07  -2.03e-08  0.76  DIIS mom: 12.0/12 13.0/13
  11    -168.806685828  1.15e-07  2.09e-07  -1.26e-09  0.76  DIIS mom: 12.0/12 13.0/13
  12    -168.806685829  3.78e-08  7.61e-08  -1.30e-10  0.76  DIIS mom: 12.0/12 13.0/13
                                                                      diis is converged!

SCF converged : True
final |[F,P]| : 3.78e-08
final |dE|    : 7.61e-08
final Escf    : -248.857599005773
final Etot    : -168.806685828507
final S2      : 0.762603312778516

  diis prep             :::        0.138 (  0.04%)
  diis extrap           :::        0.104 (  0.03%)
  roothaan              :::        0.901 (  0.23%)
  fock build            :::      386.600 ( 99.71%)
  Total                 :::      387.743 (100.00%)

Alpha occupied
  -15.816 -11.630  -2.131  -1.480  -1.332  -1.260  -1.255  -1.100 
   -0.958  -0.877  -0.816  -0.703 

Alpha virtual
  -24.485  -0.110  -0.081  -0.080  -0.073  -0.035  -0.034  -0.019 
   -0.018   0.017   0.024   0.048   0.050   0.057   0.070   0.083 
    0.097   0.107   0.117   0.129   0.136   0.145   0.173   0.184 
    0.191   0.232   0.237   0.258   0.261   0.278   0.289   0.294 
    0.320   0.332   0.362   0.364   0.374   0.392   0.419   0.429 
    0.437   0.438   0.474   0.483   0.505   0.514   0.525   0.548 
    0.561   0.563   0.591   0.618   0.639   0.665   0.670   0.684 
    0.698   0.723   0.729   0.743   0.769   0.774   0.812   0.840 
    0.850   0.877   0.898   0.951   0.959   0.968   1.025   1.032 
    1.041   1.043   1.067   1.080   1.114   1.120   1.124   1.144 
    1.144   1.168   1.200   1.217   1.217   1.249   1.260   1.262 
    1.270   1.284   1.297   1.315   1.374   1.396   1.414   1.478 
    1.481   1.502   1.512   1.521   1.550   1.571   1.606   1.675 
    1.706   1.718   1.776   1.804   1.826   1.851   1.867   1.919 
    1.920   1.948   2.003   2.009   2.027   2.035   2.047   2.048 
    2.068   2.094   2.141   2.169   2.175   2.200   2.234   2.252 
    2.290   2.332   2.353   2.354   2.384   2.401   2.432   2.432 
    2.469   2.510   2.546   2.612   2.624   2.640   2.644   2.744 
    2.768   2.772   2.809   2.834   2.856   2.912   2.932   2.958 
    2.999   3.025   3.052   3.075   3.127   3.162   3.175   3.244 
    3.252   3.279   3.310   3.328   3.345   3.355   3.398   3.427 
    3.429   3.465   3.523   3.542   3.570   3.608   3.613   3.675 
    3.699   3.727   3.759   3.781   3.791   3.859   3.902   3.926 
    3.964   3.982   3.993   4.033   4.034   4.086   4.117   4.119 
    4.176   4.190   4.191   4.248   4.255   4.296   4.357   4.378 
    4.409   4.510   4.517   4.525   4.527   4.592   4.632   4.658 
    4.715   4.721   4.758   4.810   4.854   4.908   4.930   4.953 
    5.017   5.041   5.075   5.116   5.148   5.165   5.218   5.236 
    5.247   5.312   5.363   5.371   5.379   5.415   5.443   5.449 
    5.529   5.534   5.578   5.597   5.620   5.670   5.708   5.739 
    5.752   5.758   5.798   5.871   5.915   6.021   6.031   6.032 
    6.130   6.144   6.159   6.258   6.284   6.301   6.339   6.360 
    6.428   6.462   6.483   6.484   6.574   6.648   6.738   6.746 
    6.759   6.804   6.862   6.872   6.926   6.967   7.001   7.100 
    7.121   7.181   7.243   7.290   7.320   7.361   7.423   7.429 
    7.516   7.552   7.586   7.693   7.751   7.753   7.871   7.924 
    7.961   7.998   8.030   8.228   8.295   8.317   8.347   8.375 
    8.616   8.753   8.759   8.883   8.888   8.900   9.019   9.036 
    9.053   9.123   9.167   9.206   9.224   9.242   9.297   9.316 
    9.342   9.399   9.401   9.440   9.567   9.621   9.770   9.815 
    9.831   9.940   9.945  10.015  10.082  10.111  10.245  10.282 
   10.397  10.420  10.573  10.820  10.985  11.013  11.123  11.139 
   11.215  11.237  11.282  11.357  11.407  11.537  11.624  11.626 
   11.740  11.783  11.797  11.832  11.837  11.887  11.947  11.959 
   12.021  12.067  12.157  12.169  12.213  12.271  12.271  12.379 
   12.390  12.443  12.456  12.473  12.505  12.580  12.604  12.636 
   12.680  12.700  12.716  12.793  12.809  12.822  12.844  12.907 
   12.939  12.945  12.962  12.964  12.981  13.014  13.015  13.050 
   13.068  13.137  13.149  13.198  13.225  13.245  13.273  13.286 
   13.364  13.385  13.429  13.481  13.489  13.540  13.569  13.582 
   13.656  13.693  13.719  13.818  13.840  13.973  14.005  14.075 
   14.122  14.193  14.284  14.326  14.335  14.463  14.464  14.565 
   14.603  14.633  14.734  14.760  14.793  14.879  14.988  15.181 
   15.202  15.355  15.359  15.483  15.553  15.610  15.629  15.714 
   15.777  15.826  15.935  15.990  16.033  16.082  16.166  16.187 
   16.236  16.326  16.419  16.572  16.645  16.672  16.793  16.810 
   16.866  16.962  16.973  16.980  17.018  17.021  17.037  17.038 
   17.075  17.138  17.221  17.275  17.331  17.412  17.472  17.543 
   17.586  17.648  17.688  18.032  18.041  18.085  18.206  18.216 
   18.528  18.713  18.789  18.905  19.027  19.140  19.259  19.270 
   19.418  19.552  19.885  20.103  20.167  20.260  20.441  20.544 
   20.571  20.690  20.778  20.845  20.848  21.151  21.194  21.232 
   21.334  21.354  21.371  21.437  21.561  21.738  21.890  22.294 
   22.363  22.459  22.528  23.179  23.714  23.823  23.992  24.009 
   24.109  24.172  24.360  24.390  25.240  25.932  26.007  26.246 
   26.641  28.166  29.550  29.868  30.524  30.535  30.936  30.945 
   31.516  33.200  33.213  33.650  33.659  33.877  34.648  34.704 
   34.926  36.989  41.536  41.765  41.795  41.931  49.278  49.319 
   49.433  50.073  50.506  79.797  83.391  83.419  83.994  86.380 
   91.232  91.237  91.448  91.500  91.525  91.571  91.647  91.650 
   91.741  91.818  91.883  91.925  92.310  92.966  92.976  93.535 
   93.612 108.421 200.416 224.983 225.007 225.639 465.567 691.927 
  691.945 692.442 1095.978 2649.441 2732.999 2733.013 2733.369 6675.227 
  17843.005 51821.493 169666.402 670594.219 3802073.172 

Beta occupied
  -29.999 -15.815 -11.631  -2.267  -1.495  -1.395  -1.351  -1.344 
   -1.114  -0.960  -0.879  -0.817  -0.702 

Beta virtual
   -0.111  -0.082  -0.080  -0.077  -0.036  -0.034  -0.026  -0.019 
    0.016   0.017   0.047   0.050   0.057   0.070   0.083   0.097 
    0.107   0.115   0.127   0.135   0.145   0.171   0.183   0.191 
    0.231   0.237   0.257   0.261   0.278   0.289   0.292   0.321 
    0.331   0.362   0.364   0.374   0.392   0.418   0.429   0.437 
    0.438   0.472   0.483   0.502   0.514   0.525   0.548   0.556 
    0.563   0.590   0.615   0.639   0.664   0.665   0.682   0.699 
    0.721   0.730   0.745   0.770   0.775   0.808   0.840   0.850 
    0.877   0.896   0.951   0.959   0.967   1.025   1.032   1.041 
    1.042   1.067   1.080   1.114   1.121   1.123   1.143   1.144 
    1.168   1.200   1.217   1.217   1.250   1.259   1.263   1.270 
    1.284   1.298   1.313   1.374   1.396   1.415   1.478   1.482 
    1.502   1.512   1.518   1.550   1.570   1.604   1.674   1.706 
    1.717   1.773   1.805   1.824   1.852   1.867   1.913   1.921 
    1.949   1.997   2.010   2.029   2.035   2.037   2.047   2.058 
    2.072   2.127   2.170   2.173   2.196   2.234   2.253   2.288 
    2.332   2.354   2.354   2.384   2.402   2.426   2.431   2.465 
    2.510   2.547   2.605   2.624   2.638   2.646   2.742   2.769 
    2.772   2.809   2.834   2.858   2.912   2.933   2.958   3.000 
    3.026   3.051   3.075   3.127   3.162   3.177   3.244   3.252 
    3.280   3.309   3.329   3.346   3.355   3.398   3.427   3.428 
    3.465   3.523   3.542   3.569   3.608   3.613   3.675   3.699 
    3.727   3.759   3.781   3.791   3.859   3.900   3.926   3.963 
    3.982   3.993   4.033   4.033   4.086   4.116   4.119   4.176 
    4.190   4.191   4.248   4.254   4.295   4.357   4.378   4.407 
    4.510   4.517   4.525   4.525   4.592   4.632   4.658   4.716 
    4.721   4.758   4.810   4.854   4.908   4.930   4.952   5.017 
    5.033   5.074   5.104   5.148   5.164   5.216   5.233   5.240 
    5.309   5.345   5.357   5.375   5.399   5.431   5.438   5.481 
    5.507   5.564   5.595   5.597   5.657   5.700   5.736   5.752 
    5.757   5.794   5.871   5.910   6.010   6.019   6.033   6.112 
    6.140   6.158   6.258   6.282   6.303   6.332   6.359   6.427 
    6.459   6.483   6.484   6.574   6.649   6.738   6.747   6.760 
    6.802   6.861   6.872   6.927   6.967   7.000   7.100   7.121 
    7.181   7.245   7.291   7.322   7.357   7.425   7.426   7.515 
    7.552   7.588   7.695   7.752   7.753   7.871   7.924   7.961 
    7.998   8.027   8.229   8.296   8.318   8.332   8.375   8.617 
    8.753   8.759   8.883   8.889   8.900   9.019   9.036   9.053 
    9.123   9.167   9.207   9.224   9.242   9.297   9.316   9.343 
    9.399   9.401   9.440   9.567   9.620   9.770   9.815   9.832 
    9.939   9.945  10.012  10.083  10.112  10.245  10.282  10.397 
   10.420  10.573  10.821  10.985  11.013  11.123  11.139  11.215 
   11.237  11.282  11.357  11.407  11.537  11.624  11.625  11.740 
   11.782  11.797  11.832  11.837  11.886  11.946  11.959  12.021 
   12.067  12.158  12.169  12.213  12.266  12.270  12.359  12.388 
   12.440  12.454  12.456  12.504  12.577  12.601  12.632  12.678 
   12.690  12.712  12.789  12.807  12.820  12.843  12.907  12.940 
   12.947  12.963  12.966  12.973  13.006  13.015  13.034  13.060 
   13.135  13.149  13.175  13.222  13.244  13.261  13.281  13.352 
   13.385  13.388  13.466  13.489  13.534  13.568  13.575  13.653 
   13.692  13.702  13.816  13.818  13.903  13.938  14.060  14.077 
   14.137  14.283  14.309  14.318  14.442  14.447  14.521  14.598 
   14.633  14.724  14.733  14.781  14.879  14.987  15.175  15.201 
   15.345  15.349  15.479  15.550  15.604  15.628  15.713  15.776 
   15.814  15.919  15.985  16.018  16.082  16.163  16.184  16.237 
   16.326  16.418  16.571  16.645  16.672  16.786  16.804  16.864 
   16.962  16.973  16.980  17.017  17.021  17.036  17.038  17.075 
   17.138  17.216  17.263  17.331  17.412  17.472  17.543  17.585 
   17.647  17.688  18.032  18.041  18.085  18.205  18.217  18.529 
   18.713  18.788  18.902  19.027  19.141  19.251  19.270  19.418 
   19.552  19.885  20.103  20.162  20.260  20.441  20.540  20.566 
   20.688  20.777  20.839  20.843  21.151  21.194  21.228  21.331 
   21.349  21.369  21.437  21.561  21.737  21.890  22.289  22.360 
   22.457  22.526  23.167  23.714  23.823  23.992  24.009  24.110 
   24.172  24.360  24.390  25.240  25.932  26.007  26.246  26.641 
   28.167  29.550  29.868  30.450  30.461  30.858  30.868  31.423 
   33.140  33.183  33.408  33.428  33.743  34.624  34.703  34.774 
   36.676  41.536  41.765  41.795  41.931  49.279  49.319  49.433 
   50.074  50.507  79.787  82.955  82.983  83.563  85.914  90.983 
   90.991  91.272  91.285  91.473  91.543  91.643  91.644  91.711 
   91.816  91.880  91.913  92.088  92.964  92.976  93.535  93.612 
  108.421 199.917 224.452 224.476 225.110 465.127 691.464 691.483 
  691.980 1095.645 2649.223 2732.738 2732.751 2733.108 6675.104 17842.944 
  51821.467 169666.392 670594.216 3802073.171 


  >>> Running UHF-MP2 <<<

MP2 correlation energy (UHF) : -0.7999466862
MP2 total energy       (UHF) : -169.6066325147

