	*********************************************** 
	***** Beginning CEBE Calculation with MOM ***** 
	*****       Calculation Details:          ***** 
	      Geometry:	 /work/morgunov/core/calculations/mols/exp/c/ch3-c-o2h.xyz
	      Core Basis:	 cc-pCV5Z
	      Full Basis:	 cc-pV5Z
	      Do localization?:	 False
	      Do SFX2C1E?:	 True
	      Freeze orbitals?:	 True
	      Use Cheng orbitals?:	 False
	      Do Special Basis?:	 False
	*********************************************** 
	*********************************************** 

  >>> Running RHF <<<

init D/C      : minao
init ov       : zeros
no            : 16
nv            : 676
ov_size       : 10816
max_cycle     : 1000
conv          : 6
econv         : 9
method        : gdm
scale_stop    : 0
scale_factor  : 1.000000
init E        : -227.781871009914
init |[F,P]|  : 5.73e-03
init |dE|     : 1.58e-02
check file    : None

iter      total energy   |[F,P]|      |dE|         ∆E   comment
   1    -227.852720707  4.38e-03  1.24e-02  -7.08e-02  BFGS
   2    -227.921506484  5.24e-04  1.40e-03  -6.88e-02  BFGS
   3    -227.922807088  2.66e-04  7.71e-04  -1.30e-03  BFGS
   4    -227.923166505  7.48e-05  2.08e-04  -3.59e-04  BFGS
   5    -227.923203721  2.74e-05  7.28e-05  -3.72e-05  BFGS
   6    -227.923212164  6.89e-06  1.80e-05  -8.44e-06  BFGS
   7    -227.923212497  2.23e-06  5.72e-06  -3.33e-07  BFGS
   8    -227.923212530  5.65e-07  1.45e-06  -3.25e-08  BFGS
   9    -227.923212532  1.50e-07  3.94e-07  -1.74e-09  BFGS
  10    -227.923212532  2.62e-08  6.89e-08  -1.13e-10  BFGS
                                                                      gdm is converged!

SCF converged : True
final |[F,P]| : 2.62e-08
final |dE|    : 6.89e-08
final Escf    : -349.612462287903
final Etot    : -227.923212531645

  pxp & ewc             :::        0.669 (  0.03%)
  apply B               :::        0.004 (  0.00%)
  linsrch               :::     2252.661 ( 99.97%)
  grad                  :::        0.026 (  0.00%)
  Total                 :::     2253.359 (100.00%)

Alpha occupied
  -20.615 -20.547 -11.388 -11.243  -1.472  -1.362  -1.033  -0.826 
   -0.710  -0.685  -0.656  -0.587  -0.575  -0.566  -0.484  -0.457 

Alpha virtual
    0.088   0.111   0.129   0.142   0.162   0.171   0.210   0.223 
    0.228   0.234   0.271   0.296   0.359   0.381   0.401   0.405 
    0.411   0.423   0.425   0.432   0.480   0.488   0.500   0.512 
    0.532   0.557   0.581   0.594   0.622   0.625   0.662   0.690 
    0.693   0.715   0.763   0.773   0.806   0.810   0.842   0.845 
    0.873   0.888   0.890   0.917   0.935   0.947   0.958   0.977 
    1.006   1.037   1.064   1.070   1.081   1.084   1.116   1.183 
    1.192   1.206   1.241   1.250   1.284   1.294   1.337   1.365 
    1.392   1.397   1.431   1.449   1.452   1.470   1.492   1.536 
    1.554   1.596   1.599   1.605   1.647   1.649   1.721   1.722 
    1.755   1.772   1.797   1.810   1.816   1.862   1.883   1.897 
    1.907   1.920   1.931   1.948   1.977   1.996   2.017   2.018 
    2.048   2.063   2.083   2.111   2.156   2.165   2.171   2.185 
    2.212   2.252   2.257   2.279   2.316   2.322   2.333   2.411 
    2.416   2.429   2.445   2.461   2.480   2.522   2.557   2.635 
    2.669   2.700   2.712   2.721   2.732   2.745   2.753   2.784 
    2.816   2.854   2.923   2.971   2.978   2.980   2.994   3.099 
    3.120   3.127   3.160   3.186   3.204   3.245   3.248   3.257 
    3.303   3.311   3.334   3.359   3.361   3.454   3.468   3.493 
    3.533   3.556   3.582   3.598   3.638   3.650   3.678   3.762 
    3.778   3.787   3.801   3.820   3.841   3.860   3.896   3.940 
    3.987   4.012   4.017   4.039   4.042   4.067   4.115   4.132 
    4.170   4.172   4.188   4.208   4.234   4.256   4.284   4.291 
    4.343   4.348   4.430   4.431   4.454   4.464   4.493   4.506 
    4.555   4.586   4.608   4.649   4.673   4.707   4.716   4.719 
    4.729   4.753   4.797   4.801   4.809   4.842   4.843   4.949 
    4.954   4.968   4.981   5.025   5.094   5.107   5.121   5.162 
    5.196   5.206   5.229   5.266   5.340   5.352   5.411   5.416 
    5.421   5.442   5.478   5.481   5.498   5.506   5.565   5.577 
    5.655   5.658   5.733   5.756   5.783   5.798   5.820   5.831 
    5.849   5.925   5.953   5.986   6.013   6.017   6.095   6.145 
    6.152   6.213   6.252   6.252   6.315   6.336   6.443   6.499 
    6.508   6.518   6.545   6.600   6.691   6.742   6.768   6.787 
    6.789   6.818   6.918   6.975   7.055   7.076   7.098   7.115 
    7.117   7.148   7.158   7.235   7.244   7.273   7.349   7.356 
    7.364   7.453   7.471   7.509   7.549   7.577   7.614   7.628 
    7.654   7.698   7.710   7.745   7.768   7.784   7.810   7.839 
    7.918   7.942   7.989   8.068   8.093   8.138   8.177   8.198 
    8.243   8.279   8.305   8.420   8.446   8.618   8.620   8.643 
    8.658   8.728   8.819   8.910   8.925   9.075   9.089   9.140 
    9.159   9.231   9.313   9.329   9.369   9.403   9.480   9.541 
    9.559   9.567   9.627   9.736   9.772   9.790   9.887   9.892 
    9.909   9.927   9.950  10.121  10.126  10.199  10.231  10.245 
   10.363  10.429  10.437  10.463  10.475  10.476  10.515  10.608 
   10.644  10.703  10.752  10.778  10.825  10.888  10.940  10.944 
   10.987  11.086  11.118  11.192  11.220  11.289  11.406  11.465 
   11.484  11.534  11.546  11.604  11.651  11.785  11.797  11.858 
   12.056  12.099  12.244  12.276  12.468  12.473  12.533  12.575 
   12.647  12.684  12.692  12.722  12.740  12.772  12.784  12.791 
   12.818  12.832  12.868  12.886  12.892  12.913  12.943  12.959 
   12.997  13.041  13.064  13.079  13.114  13.126  13.130  13.152 
   13.238  13.316  13.352  13.358  13.462  13.470  13.541  13.556 
   13.569  13.600  13.654  13.674  13.700  13.702  13.805  13.829 
   13.849  13.856  13.916  13.997  14.064  14.089  14.096  14.133 
   14.180  14.182  14.242  14.295  14.299  14.310  14.345  14.347 
   14.370  14.381  14.404  14.412  14.419  14.472  14.489  14.502 
   14.550  14.567  14.607  14.649  14.686  14.757  14.760  14.802 
   14.873  14.879  14.949  14.964  14.991  14.996  15.155  15.176 
   15.222  15.321  15.411  15.513  15.581  15.596  15.628  15.719 
   15.777  15.862  15.914  15.986  16.001  16.074  16.124  16.167 
   16.216  16.237  16.284  16.461  16.504  16.540  16.711  16.712 
   16.786  16.882  16.903  16.922  16.972  17.055  17.478  17.515 
   17.658  17.693  17.789  17.891  17.913  17.927  17.952  17.990 
   18.029  18.168  18.313  18.357  18.449  18.465  18.532  18.536 
   18.580  18.598  18.631  18.713  18.755  18.775  18.786  18.861 
   18.927  18.977  19.023  19.110  19.168  19.208  19.271  19.346 
   19.359  19.466  19.530  19.533  19.572  19.583  19.721  19.814 
   19.848  19.931  19.975  20.152  20.197  20.294  20.438  20.462 
   20.490  20.568  20.630  21.131  21.282  21.381  21.568  21.646 
   21.767  22.355  22.358  22.475  22.706  22.848  23.129  23.214 
   23.515  23.563  23.678  23.838  23.937  24.096  24.365  24.502 
   24.585  25.327  25.562  26.078  35.694  36.062  36.378  36.621 
   36.725  37.045  37.249  37.401  37.528  37.540  47.036  47.092 
   47.180  47.251  47.376  47.434  47.518  47.650  47.698  47.725 
   47.806  47.906  47.952  48.566  50.757  51.876  59.250  60.739 
   61.072  61.247  61.284  61.438  64.385  65.251 107.687 107.908 
  108.174 108.336 108.412 108.599 108.779 108.826 108.972 108.979 
  130.366 131.458 165.165 166.400 166.696 166.850 166.892 167.019 
  167.408 167.409 167.413 167.415 167.418 167.418 167.426 167.443 
  167.457 167.567 167.568 167.571 167.573 167.574 167.576 167.590 
  167.602 167.607 188.241 188.268 188.297 188.343 188.413 188.435 
  188.513 188.575 188.592 188.600 188.628 188.645 188.683 188.963 
  329.456 329.609 329.765 329.947 329.998 330.088 330.199 330.261 
  330.398 330.402 337.915 338.952 465.096 466.146 466.420 466.574 
  466.589 466.716 1175.575 1179.301 


  >>> Running RHF-MP2 <<<


RMP2-TIMING
  rmp2                  :::     1467.517 (100.00%)
  Total                 :::     1467.517 (100.00%)

MP2 correlation energy (RHF) : -1.0653891678
MP2 total energy       (RHF) : -228.9886016995


  >>> Running UHF <<<

init D/C      : input mo_coeff
init ov       : zeros
no            : 15 16
nv            : 677 676
ov_size       : 20971
max_cycle     : 1000
conv          : 6
econv         : 9
method        : diis
mom_start     : 0
guess mix     : 0.000000
orb_swap      : [[[2, 15]], []]
init E        : -216.535316261703
init S2       : 0.750000000000043
init |[F,P]|  : 9.96e-03
init |dE|     : 2.87e-02
check file    : None

iter      total energy   |[F,P]|      |dE|         ∆E   S^2   comment
   1    -216.774320143  7.08e-03  1.85e-02  -2.39e-01  0.76  DIIS mom: 14.7/15 15.6/16
   2    -216.857479671  5.53e-03  1.48e-02  -8.32e-02  0.76  DIIS mom: 14.8/15 15.8/16
   3    -216.870560032  5.36e-03  1.49e-02  -1.31e-02  0.77  DIIS mom: 14.8/15 15.8/16
   4    -216.897184374  4.80e-03  1.37e-02  -2.66e-02  0.77  DIIS mom: 14.8/15 15.9/16
   5    -216.897210777  4.83e-03  1.37e-02  -2.64e-05  0.79  DIIS mom: 14.9/15 15.8/16
   6    -216.914492341  4.47e-03  1.31e-02  -1.73e-02  0.79  DIIS mom: 14.9/15 15.9/16
   7    -216.914411610  4.52e-03  1.30e-02   8.07e-05  0.81  DIIS mom: 14.9/15 15.9/16
   8    -216.930221350  4.21e-03  1.25e-02  -1.58e-02  0.81  DIIS mom: 14.9/15 15.9/16
   9    -216.933863736  4.21e-03  1.22e-02  -3.64e-03  0.84  DIIS mom: 14.9/15 15.9/16
  10    -216.950381806  3.89e-03  1.16e-02  -1.65e-02  0.84  DIIS mom: 14.9/15 15.9/16
  11    -216.958881530  3.81e-03  1.11e-02  -8.50e-03  0.88  DIIS mom: 14.9/15 15.9/16
  12    -216.976286879  3.46e-03  1.03e-02  -1.74e-02  0.88  DIIS mom: 14.9/15 15.9/16
  13    -216.988809817  3.28e-03  9.57e-03  -1.25e-02  0.93  DIIS mom: 14.9/15 15.9/16
  14    -217.005918149  2.90e-03  8.64e-03  -1.71e-02  0.94  DIIS mom: 14.9/15 15.9/16
  15    -217.060032214  2.83e-04  7.45e-04  -5.41e-02  0.82  DIIS mom: 15.0/15 16.0/16
  16    -217.056553654  7.71e-04  2.18e-03   3.48e-03  0.82  DIIS mom: 15.0/15 16.0/16
  17    -217.067288943  5.48e-04  1.65e-03  -1.07e-02  0.97  DIIS mom: 15.0/15 16.0/16
  18    -217.056419772  1.04e-03  3.40e-03   1.09e-02  0.89  DIIS mom: 15.0/15 16.0/16
  19    -217.024710255  1.16e-03  3.34e-03   3.17e-02  1.34  DIIS mom: 14.7/15 15.7/16
  20    -217.047807728  3.62e-04  9.56e-04  -2.31e-02  0.82  DIIS mom: 14.9/15 15.9/16
  21    -217.055395137  1.00e-03  2.65e-03  -7.59e-03  1.67  DIIS mom: 14.6/15 15.5/16
  22    -216.996688389  2.16e-03  5.87e-03   5.87e-02  1.90  DIIS mom: 15.0/15 16.0/16
  23    -217.040300519  1.76e-03  5.05e-03  -4.36e-02  0.93  DIIS mom: 14.8/15 15.7/16
  24    -217.060194684  1.11e-03  3.05e-03  -1.99e-02  1.58  DIIS mom: 14.9/15 15.8/16
  25    -216.999131535  1.42e-03  3.93e-03   6.11e-02  1.32  DIIS mom: 14.2/15 15.4/16
  26    -216.575812087  2.32e-03  6.39e-03   4.23e-01  1.51  DIIS mom: 14.3/15 15.6/16
  27    -216.537987402  3.47e-03  9.60e-03   3.78e-02  1.30  DIIS mom: 14.9/15 16.0/16
  28    -216.539140153  3.33e-03  9.22e-03  -1.15e-03  1.33  DIIS mom: 15.0/15 16.0/16
  29    -216.577933146  2.12e-03  5.84e-03  -3.88e-02  1.57  DIIS mom: 14.9/15 16.0/16
  30    -216.527998826  3.31e-03  9.31e-03   4.99e-02  1.32  DIIS mom: 14.9/15 16.0/16
  31    -216.483481502  3.96e-03  1.13e-02   4.45e-02  1.14  DIIS mom: 14.9/15 16.0/16
  32    -217.015301526  2.26e-03  5.95e-03  -5.32e-01  0.96  DIIS mom: 14.4/15 15.4/16
  33    -217.063831657  3.43e-04  8.70e-04  -4.85e-02  0.88  DIIS mom: 14.8/15 15.9/16
  34    -217.073610815  2.52e-04  6.61e-04  -9.78e-03  1.06  DIIS mom: 15.0/15 16.0/16
  35    -217.077442119  1.52e-04  3.91e-04  -3.83e-03  1.18  DIIS mom: 15.0/15 16.0/16
  36    -217.078825374  6.85e-05  1.73e-04  -1.38e-03  1.27  DIIS mom: 15.0/15 16.0/16
  37    -217.078584772  9.55e-05  2.44e-04   2.41e-04  1.25  DIIS mom: 15.0/15 16.0/16
  38    -217.078731321  8.91e-05  2.29e-04  -1.47e-04  1.26  DIIS mom: 15.0/15 16.0/16
  39    -217.079000748  5.59e-05  1.46e-04  -2.69e-04  1.30  DIIS mom: 15.0/15 16.0/16
  40    -217.078991494  3.13e-05  8.10e-05   9.25e-06  1.29  DIIS mom: 15.0/15 16.0/16
  41    -217.079041789  1.06e-05  2.73e-05  -5.03e-05  1.31  DIIS mom: 15.0/15 16.0/16
  42    -217.079047311  1.60e-06  4.32e-06  -5.52e-06  1.31  DIIS mom: 15.0/15 16.0/16
  43    -217.079047274  1.68e-06  4.62e-06   3.71e-08  1.31  DIIS mom: 15.0/15 16.0/16
  44    -217.079047383  3.86e-07  1.03e-06  -1.08e-07  1.31  DIIS mom: 15.0/15 16.0/16
  45    -217.079047386  1.95e-07  5.07e-07  -3.38e-09  1.31  DIIS mom: 15.0/15 16.0/16
  46    -217.079047387  8.70e-08  2.33e-07  -4.75e-10  1.31  DIIS mom: 15.0/15 16.0/16
                                                                      diis is converged!

SCF converged : True
final |[F,P]| : 8.70e-08
final |dE|    : 2.33e-07
final Escf    : -338.768297142855
final Etot    : -217.079047386597
final S2      : 1.31334919001262

  diis prep             :::        1.794 (  0.02%)
  diis extrap           :::        2.611 (  0.02%)
  roothaan              :::        6.848 (  0.06%)
  fock build            :::    11541.217 ( 99.90%)
  Total                 :::    11552.470 (100.00%)

Alpha occupied
  -20.977 -20.916 -11.509  -1.856  -1.717  -1.326  -1.131  -1.082 
   -1.018  -1.011  -0.898  -0.844  -0.829  -0.812  -0.798 

Alpha virtual
  -10.252  -0.164  -0.088  -0.054  -0.021  -0.016  -0.013   0.025 
    0.033   0.047   0.050   0.081   0.093   0.160   0.174   0.198 
    0.198   0.203   0.218   0.231   0.232   0.249   0.261   0.279 
    0.297   0.303   0.318   0.372   0.382   0.410   0.421   0.451 
    0.466   0.482   0.482   0.534   0.549   0.560   0.584   0.610 
    0.631   0.638   0.661   0.674   0.694   0.717   0.726   0.750 
    0.760   0.790   0.830   0.831   0.854   0.861   0.872   0.884 
    0.943   0.960   0.991   1.023   1.024   1.033   1.045   1.096 
    1.106   1.135   1.168   1.180   1.213   1.224   1.247   1.251 
    1.296   1.308   1.346   1.369   1.374   1.409   1.416   1.481 
    1.498   1.510   1.547   1.550   1.564   1.580   1.588   1.617 
    1.647   1.669   1.676   1.688   1.722   1.739   1.746   1.776 
    1.780   1.814   1.827   1.828   1.889   1.920   1.935   1.938 
    1.950   1.993   2.000   2.031   2.048   2.062   2.090   2.105 
    2.157   2.162   2.189   2.194   2.244   2.260   2.283   2.309 
    2.346   2.410   2.419   2.453   2.458   2.477   2.493   2.514 
    2.526   2.567   2.594   2.670   2.696   2.704   2.724   2.739 
    2.810   2.859   2.864   2.878   2.918   2.939   2.967   2.968 
    2.997   3.002   3.019   3.052   3.098   3.101   3.184   3.201 
    3.240   3.274   3.291   3.300   3.317   3.366   3.394   3.434 
    3.501   3.517   3.528   3.542   3.556   3.586   3.591   3.633 
    3.686   3.736   3.738   3.755   3.778   3.786   3.800   3.866 
    3.867   3.903   3.913   3.928   3.956   3.959   3.969   4.050 
    4.053   4.068   4.085   4.162   4.182   4.184   4.203   4.220 
    4.249   4.284   4.308   4.339   4.402   4.409   4.435   4.468 
    4.483   4.492   4.515   4.531   4.539   4.575   4.583   4.589 
    4.672   4.704   4.726   4.738   4.782   4.823   4.860   4.873 
    4.874   4.929   4.949   4.973   5.026   5.075   5.100   5.141 
    5.153   5.170   5.179   5.220   5.223   5.238   5.244   5.319 
    5.334   5.405   5.414   5.487   5.497   5.514   5.532   5.555 
    5.573   5.604   5.677   5.693   5.712   5.719   5.754   5.808 
    5.822   5.838   5.948   5.967   6.004   6.012   6.062   6.157 
    6.211   6.224   6.254   6.268   6.314   6.394   6.457   6.466 
    6.502   6.513   6.541   6.605   6.714   6.744   6.784   6.825 
    6.840   6.849   6.879   6.891   6.901   6.942   6.994   7.005 
    7.048   7.052   7.130   7.208   7.222   7.258   7.280   7.320 
    7.342   7.351   7.382   7.396   7.444   7.469   7.501   7.508 
    7.536   7.552   7.618   7.689   7.742   7.776   7.875   7.905 
    7.931   7.949   8.000   8.013   8.084   8.149   8.242   8.297 
    8.346   8.368   8.447   8.473   8.548   8.630   8.783   8.814 
    8.844   8.852   8.938   9.018   9.061   9.083   9.091   9.204 
    9.237   9.242   9.252   9.310   9.418   9.448   9.492   9.525 
    9.618   9.620   9.654   9.676   9.831   9.832   9.904   9.950 
    9.970  10.038  10.110  10.131  10.148  10.181  10.190  10.226 
   10.303  10.376  10.377  10.415  10.444  10.517  10.581  10.604 
   10.663  10.698  10.768  10.824  10.844  10.921  11.040  11.065 
   11.145  11.164  11.165  11.232  11.264  11.347  11.468  11.510 
   11.553  11.708  11.780  11.837  11.921  12.190  12.191  12.288 
   12.327  12.395  12.400  12.440  12.463  12.478  12.511  12.516 
   12.546  12.567  12.583  12.599  12.629  12.630  12.663  12.680 
   12.703  12.739  12.741  12.787  12.821  12.851  12.856  12.862 
   12.877  12.900  13.032  13.064  13.065  13.081  13.229  13.272 
   13.318  13.333  13.354  13.407  13.437  13.448  13.463  13.502 
   13.534  13.606  13.611  13.616  13.772  13.780  13.855  13.864 
   13.893  13.901  13.908  13.931  13.948  13.974  13.995  14.027 
   14.089  14.112  14.115  14.120  14.132  14.139  14.169  14.178 
   14.243  14.308  14.330  14.348  14.385  14.402  14.459  14.478 
   14.518  14.613  14.631  14.671  14.718  14.722  14.750  14.835 
   14.868  14.937  15.042  15.145  15.197  15.279  15.339  15.370 
   15.391  15.545  15.588  15.631  15.698  15.733  15.744  15.818 
   15.875  15.882  15.986  16.003  16.182  16.194  16.251  16.360 
   16.384  16.441  16.553  16.611  16.634  16.688  16.783  17.175 
   17.288  17.430  17.438  17.523  17.610  17.643  17.654  17.689 
   17.752  17.797  17.891  17.970  18.075  18.170  18.174  18.219 
   18.231  18.286  18.299  18.374  18.450  18.462  18.500  18.538 
   18.555  18.587  18.602  18.701  18.763  18.787  18.825  18.864 
   19.017  19.042  19.083  19.134  19.151  19.215  19.285  19.378 
   19.422  19.496  19.589  19.609  19.660  19.806  19.983  20.063 
   20.156  20.203  20.248  20.324  20.682  20.892  20.956  20.992 
   21.203  21.276  21.938  22.048  22.085  22.260  22.423  22.827 
   22.921  23.085  23.216  23.401  23.492  23.523  23.643  24.083 
   24.113  24.326  24.721  25.267  25.794  34.547  34.918  35.252 
   35.995  36.142  36.349  36.474  36.952  37.269  37.279  45.843 
   45.923  46.004  46.087  46.228  46.309  46.641  47.248  47.375 
   47.394  47.427  47.526  47.595  48.294  49.431  51.575  57.665 
   59.226  59.683  60.785  60.986  61.165  63.935  64.951 105.731 
  105.953 106.227 106.682 106.821 108.063 108.149 108.492 108.709 
  108.715 128.270 131.160 162.791 164.079 164.498 165.445 165.446 
  165.448 165.449 165.451 165.453 165.457 165.464 165.473 166.414 
  166.587 166.742 167.300 167.301 167.303 167.306 167.306 167.311 
  167.323 167.340 167.344 185.954 185.987 186.029 186.072 186.134 
  186.155 186.312 188.260 188.297 188.313 188.324 188.375 188.396 
  188.696 326.605 326.758 326.914 327.252 327.342 329.677 329.736 
  329.967 330.134 330.137 335.048 338.652 461.943 463.037 463.407 
  466.142 466.309 466.442 1172.070 1178.951 

Beta occupied
  -20.943 -20.920 -13.946 -11.505  -1.856  -1.699  -1.366  -1.157 
   -1.072  -1.067  -1.028  -0.908  -0.829  -0.822  -0.794  -0.780 

Beta virtual
   -0.173  -0.088  -0.054  -0.018  -0.018  -0.014   0.020   0.030 
    0.041   0.049   0.060   0.091   0.154   0.160   0.174   0.197 
    0.211   0.218   0.229   0.234   0.236   0.256   0.279   0.303 
    0.305   0.311   0.366   0.378   0.408   0.417   0.436   0.458 
    0.478   0.480   0.526   0.536   0.552   0.573   0.602   0.631 
    0.633   0.660   0.679   0.694   0.713   0.726   0.749   0.760 
    0.794   0.830   0.833   0.856   0.864   0.872   0.888   0.948 
    0.961   0.989   1.019   1.027   1.032   1.043   1.096   1.105 
    1.130   1.165   1.180   1.212   1.223   1.248   1.253   1.295 
    1.305   1.344   1.365   1.370   1.410   1.411   1.474   1.496 
    1.502   1.540   1.543   1.563   1.590   1.613   1.615   1.643 
    1.660   1.670   1.685   1.716   1.727   1.737   1.774   1.775 
    1.814   1.820   1.827   1.887   1.918   1.929   1.939   1.950 
    1.991   1.997   2.030   2.044   2.061   2.090   2.099   2.148 
    2.157   2.188   2.197   2.243   2.258   2.273   2.303   2.316 
    2.411   2.413   2.444   2.459   2.479   2.491   2.513   2.521 
    2.568   2.600   2.669   2.691   2.711   2.720   2.737   2.824 
    2.852   2.860   2.889   2.928   2.937   2.968   2.972   2.988 
    3.018   3.018   3.054   3.099   3.105   3.186   3.197   3.241 
    3.271   3.282   3.297   3.315   3.362   3.391   3.429   3.503 
    3.513   3.526   3.538   3.550   3.582   3.592   3.629   3.680 
    3.725   3.728   3.749   3.772   3.776   3.795   3.855   3.861 
    3.899   3.904   3.920   3.954   3.955   3.964   4.048   4.049 
    4.062   4.086   4.155   4.175   4.182   4.199   4.207   4.244 
    4.286   4.307   4.331   4.400   4.404   4.447   4.465   4.483 
    4.490   4.513   4.533   4.540   4.572   4.579   4.586   4.669 
    4.707   4.725   4.731   4.778   4.821   4.844   4.863   4.869 
    4.926   4.949   4.970   5.025   5.070   5.102   5.131   5.142 
    5.169   5.176   5.213   5.223   5.234   5.240   5.313   5.332 
    5.402   5.410   5.485   5.489   5.512   5.532   5.551   5.569 
    5.605   5.674   5.690   5.712   5.717   5.751   5.801   5.833 
    5.845   5.945   5.968   5.997   6.008   6.054   6.140   6.211 
    6.226   6.254   6.259   6.312   6.394   6.451   6.459   6.497 
    6.511   6.542   6.608   6.712   6.733   6.782   6.828   6.840 
    6.853   6.876   6.904   6.904   6.942   6.996   7.001   7.049 
    7.052   7.128   7.203   7.222   7.239   7.277   7.316   7.342 
    7.360   7.364   7.396   7.439   7.468   7.495   7.506   7.533 
    7.551   7.621   7.692   7.740   7.771   7.878   7.906   7.930 
    7.931   7.998   8.009   8.063   8.140   8.227   8.310   8.341 
    8.362   8.439   8.452   8.549   8.627   8.789   8.810   8.837 
    8.846   8.928   9.008   9.059   9.085   9.089   9.200   9.221 
    9.233   9.242   9.312   9.433   9.445   9.484   9.508   9.612 
    9.614   9.651   9.673   9.824   9.830   9.904   9.948   9.961 
   10.023  10.100  10.119  10.141  10.173  10.181  10.223  10.296 
   10.366  10.371  10.397  10.427  10.506  10.574  10.594  10.658 
   10.692  10.752  10.815  10.829  10.915  11.040  11.048  11.122 
   11.136  11.157  11.226  11.261  11.342  11.454  11.503  11.554 
   11.688  11.775  11.794  11.912  12.187  12.188  12.288  12.327 
   12.384  12.398  12.439  12.458  12.476  12.509  12.511  12.544 
   12.560  12.581  12.596  12.626  12.627  12.657  12.679  12.703 
   12.721  12.739  12.784  12.816  12.849  12.854  12.861  12.875 
   12.897  13.023  13.056  13.056  13.062  13.228  13.269  13.317 
   13.331  13.352  13.405  13.436  13.448  13.462  13.490  13.531 
   13.602  13.605  13.616  13.772  13.774  13.854  13.864  13.894 
   13.918  13.920  13.937  13.950  13.973  13.991  14.040  14.089 
   14.102  14.112  14.119  14.129  14.134  14.165  14.177  14.243 
   14.309  14.330  14.346  14.387  14.395  14.456  14.479  14.517 
   14.612  14.629  14.670  14.718  14.722  14.748  14.838  14.871 
   14.934  15.038  15.144  15.195  15.274  15.338  15.369  15.396 
   15.544  15.591  15.631  15.713  15.732  15.749  15.820  15.872 
   15.886  15.985  16.006  16.174  16.194  16.255  16.387  16.389 
   16.435  16.555  16.613  16.632  16.687  16.783  17.172  17.287 
   17.429  17.433  17.519  17.602  17.640  17.653  17.686  17.752 
   17.797  17.899  17.977  18.074  18.185  18.199  18.231  18.234 
   18.286  18.299  18.375  18.463  18.466  18.490  18.538  18.539 
   18.597  18.609  18.709  18.716  18.808  18.842  18.850  19.014 
   19.047  19.090  19.152  19.163  19.200  19.285  19.384  19.446 
   19.504  19.583  19.583  19.624  19.699  19.962  20.036  20.152 
   20.202  20.245  20.323  20.598  20.878  20.933  20.942  21.173 
   21.228  21.973  22.059  22.081  22.170  22.418  22.826  22.919 
   23.117  23.200  23.397  23.494  23.508  23.627  24.062  24.114 
   24.327  24.646  25.264  25.793  34.404  34.777  35.109  35.867 
   36.016  36.350  36.473  36.948  37.270  37.280  45.755  45.838 
   45.917  45.998  46.141  46.230  46.552  47.242  47.375  47.394 
   47.427  47.527  47.595  48.294  49.067  51.571  57.301  58.883 
   59.350  60.781  60.987  61.166  63.940  64.948 105.507 105.729 
  106.003 106.463 106.602 108.064 108.150 108.492 108.710 108.715 
  127.903 131.158 162.453 163.747 164.169 165.344 165.345 165.348 
  165.349 165.351 165.352 165.356 165.366 165.372 166.413 166.587 
  166.742 167.301 167.302 167.304 167.306 167.307 167.312 167.324 
  167.340 167.344 185.787 185.821 185.862 185.905 185.968 185.990 
  186.147 188.260 188.297 188.313 188.325 188.375 188.397 188.696 
  326.375 326.528 326.684 327.023 327.113 329.678 329.736 329.967 
  330.134 330.137 334.754 338.651 461.686 462.782 463.152 466.142 
  466.309 466.442 1171.888 1178.949 


  >>> Running UHF-MP2 <<<

MP2 correlation energy (UHF) : -1.0031212543
MP2 total energy       (UHF) : -218.0821686409

