	*********************************************** 
	***** Beginning CEBE Calculation with MOM ***** 
	*****       Calculation Details:          ***** 
	      Geometry:	 /home/am3939/core/calculations/mols/exp/f/ch3of.xyz
	      Core Basis:	 ccX-5Z
	      Full Basis:	 cc-pV5Z
	      DIIS (start, space):	 0 50
	      Level shift:	 0
	      Do localization?:	 False
	      Do SFX2C1E?:	 True
	      Freeze orbitals?:	 True
	      Use Cheng orbitals?:	 False
	      Do Special Basis?:	 True
	      Do Special Basis?:	 ccX-5Z
	*********************************************** 
	*********************************************** 

  >>> Running RHF <<<

init D/C      : minao
init ov       : zeros
no            : 13
nv            : 526
ov_size       : 6838
max_cycle     : 1000
conv          : 6
econv         : 9
method        : gdm
scale_stop    : 0
scale_factor  : 1.000000
init E        : -213.810444751162
init |[F,P]|  : 4.75e-03
init |dE|     : 1.20e-02
check file    : None

iter      total energy   |[F,P]|      |dE|         ∆E   comment
   1    -213.858069547  2.57e-03  6.61e-03  -4.76e-02  BFGS
   2    -213.870026722  6.64e-04  1.79e-03  -1.20e-02  BFGS
   3    -213.870788340  2.39e-04  6.15e-04  -7.62e-04  BFGS
   4    -213.870910973  4.23e-05  1.16e-04  -1.23e-04  BFGS
   5    -213.870918688  1.67e-05  4.54e-05  -7.72e-06  BFGS
   6    -213.870920528  6.10e-06  1.69e-05  -1.84e-06  BFGS
   7    -213.870920669  1.78e-06  4.50e-06  -1.41e-07  BFGS
   8    -213.870920683  4.49e-07  1.17e-06  -1.46e-08  BFGS
   9    -213.870920684  1.38e-07  3.43e-07  -8.94e-10  BFGS
                                                                      gdm is converged!

SCF converged : True
final |[F,P]| : 1.38e-07
final |dE|    : 3.43e-07
final Escf    : -292.55497202632
final Etot    : -213.870920684185

  pxp & ewc             :::        0.364 (  0.32%)
  apply B               :::        0.002 (  0.00%)
  linsrch               :::      112.769 ( 99.66%)
  grad                  :::        0.014 (  0.01%)
  Total                 :::      113.148 (100.00%)

Alpha occupied
  -26.326 -20.680 -11.299  -1.633  -1.327  -0.949  -0.732  -0.721 
   -0.703  -0.622  -0.585  -0.565  -0.493 

Alpha virtual
    0.093   0.129   0.135   0.148   0.150   0.209   0.215   0.228 
    0.230   0.271   0.345   0.391   0.399   0.412   0.423   0.449 
    0.477   0.482   0.527   0.573   0.580   0.598   0.625   0.639 
    0.695   0.712   0.755   0.764   0.772   0.792   0.840   0.855 
    0.866   0.926   0.939   0.940   0.960   1.016   1.034   1.083 
    1.117   1.190   1.198   1.208   1.308   1.330   1.363   1.433 
    1.448   1.466   1.485   1.492   1.564   1.586   1.609   1.618 
    1.645   1.661   1.732   1.738   1.803   1.818   1.848   1.851 
    1.852   1.888   1.895   1.927   1.977   1.985   1.991   2.011 
    2.029   2.073   2.095   2.143   2.183   2.204   2.220   2.265 
    2.281   2.285   2.335   2.359   2.422   2.435   2.498   2.561 
    2.630   2.661   2.714   2.799   2.821   2.888   2.902   3.008 
    3.046   3.052   3.100   3.126   3.138   3.187   3.212   3.246 
    3.303   3.315   3.351   3.355   3.419   3.444   3.502   3.518 
    3.541   3.595   3.669   3.701   3.745   3.807   3.821   3.898 
    3.917   3.970   4.016   4.055   4.087   4.099   4.149   4.157 
    4.170   4.173   4.205   4.216   4.231   4.265   4.271   4.306 
    4.347   4.359   4.439   4.471   4.494   4.568   4.581   4.624 
    4.663   4.673   4.706   4.719   4.726   4.778   4.840   4.852 
    4.891   4.904   4.944   4.954   4.967   5.020   5.047   5.184 
    5.227   5.270   5.279   5.315   5.389   5.397   5.429   5.457 
    5.498   5.521   5.567   5.574   5.686   5.744   5.792   5.835 
    5.890   5.921   5.986   6.092   6.129   6.159   6.207   6.299 
    6.332   6.467   6.500   6.555   6.597   6.638   6.789   6.804 
    6.882   7.039   7.071   7.072   7.117   7.120   7.205   7.238 
    7.324   7.444   7.513   7.536   7.570   7.573   7.630   7.688 
    7.719   7.725   7.727   7.785   7.794   7.849   7.914   8.007 
    8.037   8.062   8.106   8.175   8.322   8.366   8.424   8.458 
    8.628   8.955   8.966   9.045   9.047   9.103   9.293   9.294 
    9.375   9.437   9.445   9.460   9.512   9.542   9.572   9.627 
    9.687   9.711   9.729   9.810   9.872   9.894   9.966   9.976 
   10.259  10.265  10.311  10.360  10.441  10.448  10.465  10.473 
   10.553  10.555  10.669  10.702  10.798  10.820  10.837  10.987 
   11.008  11.038  11.305  11.338  11.380  11.416  11.474  11.505 
   11.640  11.765  11.796  11.815  11.880  12.495  12.567  12.600 
   12.648  12.722  12.739  12.748  12.768  12.775  12.788  12.897 
   12.901  12.941  12.962  12.986  13.017  13.027  13.089  13.122 
   13.272  13.338  13.422  13.452  13.480  13.538  13.543  13.550 
   13.627  13.837  13.956  14.047  14.064  14.070  14.084  14.101 
   14.176  14.199  14.229  14.287  14.317  14.334  14.336  14.350 
   14.398  14.410  14.478  14.488  14.497  14.556  14.633  14.656 
   14.668  14.719  14.826  14.847  14.856  14.930  14.973  15.137 
   15.155  15.313  15.437  15.499  15.589  15.677  15.680  15.792 
   15.799  15.817  16.150  16.167  16.370  16.400  16.499  16.914 
   16.925  17.303  17.428  17.545  17.550  17.806  17.939  17.954 
   17.984  18.247  18.260  18.297  18.301  18.323  18.330  18.348 
   18.349  18.359  18.375  18.375  18.398  18.472  18.508  18.599 
   18.604  18.725  18.851  18.896  18.913  18.945  18.971  18.979 
   19.022  19.131  19.213  19.266  19.382  19.425  19.482  19.537 
   19.563  19.835  19.900  20.063  20.133  20.408  20.713  20.830 
   20.904  20.922  21.016  22.279  22.676  23.042  23.290  23.755 
   23.770  23.783  23.797  23.798  24.016  24.044  24.343  24.647 
   24.719  24.903  25.236  25.240  25.387  25.434  25.705  25.893 
   26.401  28.279  28.286  28.547  28.769  30.097  39.635  39.680 
   39.970  42.634  54.166  63.279  83.900  83.900  84.022  84.165 
   84.712  85.247  85.287  85.516  93.635  93.639  93.681  93.696 
   93.768  93.837  94.010 118.624 145.091 145.091 145.094 145.098 
  145.114 145.114 145.142 145.148 145.180 190.217 190.251 190.457 
  231.197 231.197 231.287 231.400 231.795 257.848 297.513 297.515 
  297.537 297.545 297.586 297.624 297.714 414.642 414.644 414.644 
  414.649 414.649 414.658 414.658 414.671 414.671 414.687 414.687 
  448.003 448.034 448.223 547.337 547.338 547.339 547.339 547.350 
  547.351 547.351 547.352 547.362 570.133 592.441 592.442 592.515 
  592.604 592.913 896.436 896.437 896.451 896.456 896.482 896.504 
  896.557 1152.522 1152.549 1152.719 1383.599 1517.618 1517.619 1517.680 
  1517.749 1517.990 3735.162 3735.186 3735.346 5407.019 


  >>> Running RHF-MP2 <<<


RMP2-TIMING
  rmp2                  :::      114.371 (100.00%)
  Total                 :::      114.371 (100.00%)

MP2 correlation energy (RHF) : -0.8857438501
MP2 total energy       (RHF) : -214.7566645343


  >>> Running UHF <<<

init D/C      : input mo_coeff
init ov       : zeros
no            : 12 13
nv            : 527 526
ov_size       : 13162
max_cycle     : 1000
conv          : 6
econv         : 9
method        : diis
mom_start     : 0
guess mix     : 0.000000
orb_swap      : [[[0, 12]], []]
init E        : -187.544614858122
init S2       : 0.750000000000037
init |[F,P]|  : 2.22e-02
init |dE|     : 6.22e-02
check file    : None

iter      total energy   |[F,P]|      |dE|         ∆E   S^2   comment
   1    -188.176879644  1.10e-02  3.23e-02  -6.32e-01  0.75  DIIS mom: 11.7/12 12.6/13
   2    -188.471324896  1.00e-03  2.76e-03  -2.94e-01  0.76  DIIS mom: 11.9/12 13.0/13
   3    -188.476432085  2.95e-04  8.76e-04  -5.11e-03  0.76  DIIS mom: 12.0/12 13.0/13
   4    -188.477313236  1.53e-04  4.29e-04  -8.81e-04  0.76  DIIS mom: 12.0/12 13.0/13
   5    -188.477666861  6.67e-05  1.88e-04  -3.54e-04  0.77  DIIS mom: 12.0/12 13.0/13
   6    -188.477773830  4.65e-05  1.35e-04  -1.07e-04  0.77  DIIS mom: 12.0/12 13.0/13
   7    -188.477863011  3.42e-05  1.01e-04  -8.92e-05  0.77  DIIS mom: 12.0/12 13.0/13
   8    -188.477938210  2.59e-05  7.63e-05  -7.52e-05  0.78  DIIS mom: 12.0/12 13.0/13
   9    -188.477992946  2.01e-05  5.73e-05  -5.47e-05  0.78  DIIS mom: 12.0/12 13.0/13
  10    -188.478050278  7.96e-06  2.06e-05  -5.73e-05  0.78  DIIS mom: 12.0/12 13.0/13
  11    -188.478056800  3.00e-06  7.03e-06  -6.52e-06  0.79  DIIS mom: 12.0/12 13.0/13
  12    -188.478057015  1.23e-06  2.95e-06  -2.15e-07  0.79  DIIS mom: 12.0/12 13.0/13
  13    -188.478057043  3.79e-07  9.61e-07  -2.87e-08  0.79  DIIS mom: 12.0/12 13.0/13
  14    -188.478057046  1.30e-07  3.52e-07  -3.08e-09  0.79  DIIS mom: 12.0/12 13.0/13
  15    -188.478057047  5.81e-08  1.60e-07  -4.42e-10  0.79  DIIS mom: 12.0/12 13.0/13
                                                                      diis is converged!

SCF converged : True
final |[F,P]| : 5.81e-08
final |dE|    : 1.60e-07
final Escf    : -267.162108389006
final Etot    : -188.478057046871
final S2      : 0.788353473153848

  diis prep             :::        0.143 (  0.07%)
  diis extrap           :::        0.125 (  0.06%)
  roothaan              :::        1.129 (  0.54%)
  fock build            :::      205.919 ( 99.33%)
  Total                 :::      207.315 (100.00%)

Alpha occupied
  -21.067 -11.561  -2.117  -1.715  -1.284  -1.239  -1.228  -1.147 
   -0.983  -0.962  -0.863  -0.805 

Alpha virtual
  -24.467  -0.214  -0.083  -0.051  -0.037  -0.035   0.004   0.016 
    0.024   0.035   0.066   0.136   0.172   0.181   0.201   0.209 
    0.228   0.261   0.267   0.297   0.342   0.374   0.375   0.392 
    0.437   0.450   0.467   0.501   0.526   0.540   0.547   0.618 
    0.638   0.639   0.704   0.716   0.727   0.745   0.792   0.797 
    0.847   0.886   0.905   0.940   0.974   1.025   1.068   1.085 
    1.166   1.198   1.211   1.227   1.245   1.289   1.320   1.352 
    1.352   1.399   1.407   1.446   1.476   1.513   1.526   1.549 
    1.563   1.586   1.598   1.635   1.672   1.694   1.726   1.733 
    1.760   1.769   1.833   1.851   1.895   1.930   1.955   1.973 
    2.022   2.032   2.038   2.098   2.113   2.146   2.201   2.223 
    2.313   2.382   2.410   2.422   2.529   2.562   2.605   2.619 
    2.726   2.731   2.743   2.796   2.817   2.835   2.899   2.937 
    2.970   2.995   3.019   3.045   3.058   3.120   3.174   3.208 
    3.224   3.258   3.298   3.376   3.392   3.478   3.532   3.543 
    3.613   3.657   3.669   3.707   3.743   3.770   3.776   3.792 
    3.817   3.832   3.859   3.884   3.908   3.909   3.956   3.973 
    4.022   4.046   4.072   4.144   4.162   4.216   4.272   4.310 
    4.338   4.381   4.404   4.445   4.450   4.461   4.536   4.553 
    4.600   4.613   4.643   4.664   4.674   4.723   4.761   4.775 
    4.916   4.958   4.977   5.016   5.053   5.116   5.119   5.157 
    5.212   5.254   5.270   5.317   5.324   5.427   5.498   5.537 
    5.578   5.616   5.640   5.707   5.814   5.836   5.871   5.937 
    5.987   6.034   6.176   6.205   6.259   6.280   6.333   6.474 
    6.506   6.564   6.747   6.779   6.800   6.813   6.851   6.916 
    6.949   7.015   7.136   7.181   7.235   7.247   7.257   7.293 
    7.349   7.386   7.391   7.438   7.458   7.462   7.529   7.587 
    7.697   7.771   7.774   7.836   7.842   7.992   8.003   8.107 
    8.109   8.271   8.427   8.495   8.627   8.705   8.723   8.877 
    8.889   9.021   9.071   9.083   9.148   9.160   9.268   9.272 
    9.343   9.345   9.387   9.391   9.502   9.586   9.623   9.638 
    9.685   9.949   9.963   9.993  10.055  10.063  10.153  10.183 
   10.186  10.197  10.201  10.267  10.294  10.482  10.517  10.526 
   10.551  10.670  10.711  10.955  11.027  11.093  11.128  11.216 
   11.218  11.336  11.492  11.506  11.532  11.572  12.193  12.236 
   12.307  12.394  12.469  12.482  12.488  12.515  12.518  12.536 
   12.623  12.645  12.688  12.707  12.726  12.767  12.775  12.831 
   12.850  12.987  13.087  13.159  13.195  13.224  13.283  13.289 
   13.296  13.354  13.569  13.701  13.794  13.803  13.803  13.818 
   13.841  13.877  13.891  13.933  13.981  14.029  14.034  14.078 
   14.079  14.129  14.146  14.204  14.216  14.222  14.230  14.301 
   14.329  14.359  14.443  14.547  14.559  14.590  14.673  14.698 
   14.848  14.863  15.025  15.124  15.209  15.268  15.394  15.414 
   15.490  15.545  15.559  15.860  15.860  16.086  16.092  16.239 
   16.645  16.671  16.915  17.173  17.278  17.292  17.542  17.615 
   17.679  17.717  17.878  17.892  17.942  17.949  17.966  17.967 
   17.970  17.982  17.983  18.035  18.075  18.117  18.160  18.188 
   18.211  18.229  18.272  18.324  18.368  18.441  18.612  18.624 
   18.652  18.684  18.837  18.841  18.858  18.996  19.058  19.110 
   19.170  19.201  19.455  19.515  19.710  19.737  20.025  20.302 
   20.540  20.620  20.667  20.691  21.882  22.280  22.683  22.903 
   23.307  23.322  23.337  23.361  23.365  23.597  23.622  23.707 
   24.217  24.289  24.455  24.663  24.666  24.832  24.881  25.177 
   25.365  25.869  27.438  27.447  27.738  27.959  29.338  38.658 
   38.704  39.028  42.372  53.079  62.899  82.281  82.282  82.422 
   82.566  83.125  83.737  83.779  84.039  92.180  92.182  92.237 
   92.255  92.339  92.408  92.585 116.890 143.537 143.537 143.544 
  143.544 143.551 143.555 143.605 143.611 143.646 187.844 187.880 
  188.108 228.587 228.587 228.690 228.803 229.205 255.216 294.819 
  294.820 294.850 294.860 294.908 294.946 295.039 412.201 412.201 
  412.202 412.204 412.204 412.208 412.208 412.213 412.213 412.220 
  412.220 444.512 444.543 444.746 544.154 544.154 544.157 544.158 
  544.159 544.159 544.173 544.175 544.186 566.439 588.737 588.737 
  588.819 588.907 589.220 892.338 892.338 892.357 892.362 892.391 
  892.413 892.468 1147.870 1147.896 1148.073 1378.794 1512.825 1512.825 
  1512.890 1512.959 1513.202 3729.542 3729.566 3729.728 5401.324 

Beta occupied
  -29.985 -21.066 -11.561  -2.254  -1.727  -1.357  -1.331  -1.320 
   -1.177  -0.988  -0.961  -0.868  -0.805 

Beta virtual
   -0.227  -0.084  -0.051  -0.037  -0.036   0.003   0.014   0.023 
    0.034   0.066   0.138   0.172   0.180   0.201   0.209   0.229 
    0.261   0.268   0.297   0.336   0.372   0.375   0.391   0.435 
    0.444   0.464   0.495   0.523   0.538   0.546   0.618   0.639 
    0.639   0.708   0.716   0.727   0.746   0.792   0.797   0.847 
    0.887   0.910   0.944   0.974   1.028   1.070   1.088   1.167 
    1.198   1.212   1.223   1.246   1.285   1.318   1.351   1.353 
    1.396   1.408   1.434   1.477   1.494   1.506   1.541   1.562 
    1.589   1.594   1.635   1.672   1.693   1.727   1.732   1.759 
    1.770   1.834   1.850   1.897   1.931   1.956   1.974   2.023 
    2.031   2.039   2.098   2.112   2.141   2.201   2.225   2.313 
    2.383   2.410   2.424   2.530   2.559   2.607   2.619   2.726 
    2.736   2.747   2.795   2.820   2.838   2.900   2.938   2.970 
    2.996   3.020   3.047   3.059   3.116   3.175   3.212   3.226 
    3.257   3.297   3.377   3.393   3.476   3.531   3.543   3.612 
    3.656   3.664   3.705   3.729   3.739   3.748   3.756   3.805 
    3.816   3.836   3.884   3.892   3.909   3.951   3.972   4.014 
    4.046   4.071   4.138   4.162   4.215   4.272   4.309   4.336 
    4.379   4.404   4.445   4.449   4.461   4.537   4.554   4.600 
    4.613   4.643   4.661   4.674   4.723   4.761   4.774   4.916 
    4.959   4.974   5.016   5.052   5.116   5.119   5.156   5.212 
    5.254   5.270   5.317   5.324   5.427   5.498   5.538   5.579 
    5.613   5.639   5.705   5.814   5.836   5.872   5.937   5.989 
    6.035   6.177   6.206   6.260   6.281   6.334   6.475   6.506 
    6.563   6.748   6.780   6.801   6.814   6.851   6.916   6.950 
    7.016   7.136   7.185   7.237   7.249   7.260   7.295   7.352 
    7.387   7.392   7.438   7.458   7.463   7.531   7.588   7.695 
    7.771   7.774   7.836   7.841   7.995   8.000   8.108   8.110 
    8.264   8.340   8.409   8.593   8.680   8.723   8.855   8.879 
    9.020   9.069   9.075   9.146   9.154   9.267   9.268   9.337 
    9.343   9.383   9.388   9.488   9.582   9.623   9.624   9.683 
    9.919   9.946   9.966  10.026  10.052  10.152  10.163  10.179 
   10.189  10.200  10.256  10.291  10.469  10.510  10.524  10.528 
   10.665  10.706  10.939  11.026  11.093  11.127  11.216  11.218 
   11.333  11.490  11.506  11.532  11.569  12.177  12.236  12.307 
   12.395  12.470  12.482  12.488  12.515  12.519  12.536  12.623 
   12.645  12.688  12.708  12.726  12.767  12.775  12.831  12.850 
   12.987  13.087  13.159  13.195  13.224  13.284  13.289  13.296 
   13.355  13.569  13.701  13.794  13.803  13.804  13.818  13.841 
   13.879  13.892  13.934  13.982  14.028  14.034  14.077  14.079 
   14.129  14.146  14.204  14.217  14.219  14.230  14.301  14.330 
   14.360  14.443  14.548  14.558  14.590  14.674  14.698  14.848 
   14.864  15.025  15.123  15.209  15.268  15.394  15.414  15.491 
   15.545  15.559  15.860  15.861  16.086  16.092  16.239  16.646 
   16.671  16.916  17.174  17.277  17.293  17.542  17.613  17.678 
   17.717  17.879  17.890  17.940  17.947  17.956  17.967  17.970 
   17.983  17.983  18.005  18.027  18.047  18.076  18.110  18.211 
   18.221  18.257  18.317  18.324  18.378  18.614  18.626  18.652 
   18.682  18.827  18.843  18.858  19.002  19.061  19.110  19.170 
   19.202  19.453  19.515  19.710  19.736  20.025  20.291  20.540 
   20.620  20.667  20.691  21.885  22.280  22.682  22.895  23.189 
   23.314  23.317  23.352  23.356  23.570  23.586  23.617  24.203 
   24.275  24.437  24.642  24.644  24.809  24.857  25.154  25.343 
   25.843  27.365  27.374  27.663  27.884  29.271  38.394  38.440 
   38.763  42.372  52.687  62.899  82.086  82.087  82.225  82.369 
   82.928  83.372  83.415  83.673  92.090  92.092  92.146  92.163 
   92.247  92.316  92.492 116.432 143.471 143.472 143.480 143.480 
  143.485 143.489 143.539 143.545 143.580 187.414 187.449 187.677 
  228.298 228.298 228.400 228.513 228.916 254.758 294.628 294.629 
  294.659 294.669 294.717 294.754 294.848 412.115 412.116 412.116 
  412.118 412.118 412.122 412.122 412.128 412.128 412.135 412.135 
  444.089 444.121 444.323 543.999 543.999 544.002 544.003 544.004 
  544.004 544.018 544.020 544.031 566.029 588.440 588.440 588.521 
  588.610 588.923 892.107 892.108 892.126 892.132 892.161 892.183 
  892.237 1147.532 1147.559 1147.735 1378.467 1512.576 1512.577 1512.641 
  1512.710 1512.954 3729.340 3729.365 3729.526 5401.147 


  >>> Running UHF-MP2 <<<

MP2 correlation energy (UHF) : -0.7927729204
MP2 total energy       (UHF) : -189.2708299673

