	*********************************************** 
	***** Beginning CEBE Calculation with MOM ***** 
	*****       Calculation Details:          ***** 
	      Geometry:	 /home/am3939/core/calculations/mols/exp/n/p-n-h2pyridine.xyz
	      Core Basis:	 ccX-5Z
	      Full Basis:	 cc-pV5Z
	      DIIS (start, space):	 0 50
	      Level shift:	 0
	      Do localization?:	 False
	      Do SFX2C1E?:	 True
	      Freeze orbitals?:	 True
	      Use Cheng orbitals?:	 False
	      Do Special Basis?:	 True
	      Do Special Basis?:	 ccX-5Z
	*********************************************** 
	*********************************************** 

  >>> Running RHF <<<

init D/C      : minao
init ov       : zeros
no            : 25
nv            : 1144
ov_size       : 28600
max_cycle     : 1000
conv          : 6
econv         : 9
method        : gdm
scale_stop    : 0
scale_factor  : 1.000000
init E        : -301.766210871311
init |[F,P]|  : 2.80e-03
init |dE|     : 6.32e-03
check file    : None

iter      total energy   |[F,P]|      |dE|         ∆E   comment
   1    -301.846854697  1.26e-03  2.72e-03  -8.06e-02  BFGS
   2    -301.859385002  4.80e-04  1.04e-03  -1.25e-02  BFGS
   3    -301.860980924  1.02e-04  2.44e-04  -1.60e-03  BFGS
   4    -301.861080434  3.59e-05  7.67e-05  -9.95e-05  BFGS
   5    -301.861094672  9.45e-06  2.06e-05  -1.42e-05  BFGS
   6    -301.861096452  2.98e-06  6.62e-06  -1.78e-06  BFGS
   7    -301.861096541  1.37e-06  2.92e-06  -8.96e-08  BFGS
   8    -301.861096558  2.23e-07  4.94e-07  -1.60e-08  BFGS
   9    -301.861096558  8.17e-08  1.76e-07  -8.72e-10  BFGS
                                                                      gdm is converged!

SCF converged : True
final |[F,P]| : 8.17e-08
final |dE|    : 1.76e-07
final Escf    : -576.955609212401
final Etot    : -301.86109655841

  pxp & ewc             :::        2.429 (  0.11%)
  apply B               :::        0.005 (  0.00%)
  linsrch               :::     2112.099 ( 99.88%)
  grad                  :::        0.082 (  0.00%)
  Total                 :::     2114.616 (100.00%)

Alpha occupied
  -15.581 -15.545 -11.299 -11.270 -11.270 -11.226 -11.226  -1.259 
   -1.228  -1.053  -1.029  -0.860  -0.845  -0.723  -0.716  -0.655 
   -0.626  -0.610  -0.591  -0.558  -0.511  -0.488  -0.412  -0.348 
   -0.334 

Alpha virtual
    0.072   0.097   0.101   0.112   0.116   0.123   0.133   0.145 
    0.161   0.165   0.170   0.183   0.196   0.225   0.228   0.240 
    0.252   0.259   0.269   0.281   0.291   0.304   0.322   0.338 
    0.345   0.348   0.361   0.363   0.377   0.386   0.387   0.405 
    0.417   0.426   0.427   0.448   0.469   0.479   0.482   0.485 
    0.487   0.489   0.504   0.511   0.525   0.555   0.557   0.562 
    0.578   0.585   0.593   0.598   0.600   0.608   0.633   0.652 
    0.659   0.680   0.696   0.702   0.712   0.718   0.725   0.734 
    0.742   0.761   0.790   0.796   0.808   0.813   0.817   0.828 
    0.832   0.837   0.849   0.873   0.882   0.905   0.935   0.936 
    0.944   0.965   0.976   0.980   0.985   0.989   0.998   1.007 
    1.016   1.024   1.028   1.041   1.049   1.052   1.070   1.077 
    1.092   1.099   1.103   1.109   1.122   1.135   1.143   1.163 
    1.175   1.183   1.210   1.216   1.229   1.240   1.259   1.264 
    1.287   1.288   1.309   1.316   1.328   1.336   1.352   1.363 
    1.374   1.393   1.394   1.414   1.447   1.453   1.473   1.494 
    1.504   1.510   1.547   1.558   1.568   1.577   1.584   1.588 
    1.591   1.624   1.628   1.631   1.645   1.652   1.661   1.678 
    1.682   1.698   1.708   1.716   1.724   1.745   1.752   1.757 
    1.768   1.809   1.814   1.833   1.836   1.854   1.855   1.863 
    1.880   1.898   1.901   1.922   1.943   1.947   1.955   1.969 
    1.972   1.992   2.002   2.011   2.027   2.030   2.046   2.051 
    2.083   2.093   2.094   2.119   2.125   2.134   2.135   2.152 
    2.163   2.173   2.179   2.184   2.204   2.211   2.212   2.237 
    2.246   2.252   2.263   2.280   2.284   2.298   2.323   2.333 
    2.346   2.349   2.351   2.364   2.382   2.398   2.412   2.451 
    2.454   2.469   2.489   2.498   2.534   2.539   2.552   2.579 
    2.584   2.601   2.605   2.628   2.630   2.639   2.652   2.665 
    2.666   2.672   2.725   2.737   2.757   2.774   2.823   2.829 
    2.864   2.866   2.876   2.882   2.899   2.922   2.928   2.928 
    2.954   2.982   3.001   3.011   3.045   3.046   3.065   3.069 
    3.102   3.123   3.124   3.128   3.164   3.181   3.198   3.214 
    3.225   3.226   3.238   3.238   3.273   3.277   3.297   3.307 
    3.314   3.367   3.390   3.398   3.403   3.418   3.432   3.458 
    3.468   3.477   3.489   3.502   3.536   3.542   3.554   3.562 
    3.591   3.620   3.639   3.652   3.674   3.675   3.697   3.702 
    3.721   3.735   3.740   3.748   3.779   3.790   3.803   3.829 
    3.839   3.852   3.857   3.879   3.884   3.917   3.931   3.948 
    3.955   3.967   3.973   4.011   4.021   4.039   4.055   4.063 
    4.063   4.073   4.091   4.111   4.115   4.138   4.150   4.162 
    4.181   4.192   4.217   4.222   4.227   4.248   4.255   4.273 
    4.281   4.296   4.308   4.338   4.345   4.348   4.357   4.368 
    4.383   4.390   4.412   4.428   4.446   4.450   4.461   4.475 
    4.501   4.531   4.562   4.562   4.585   4.608   4.640   4.655 
    4.659   4.678   4.685   4.693   4.697   4.706   4.709   4.736 
    4.759   4.772   4.773   4.796   4.807   4.814   4.841   4.848 
    4.867   4.871   4.876   4.888   4.939   4.952   4.962   4.963 
    4.987   4.990   5.000   5.003   5.043   5.049   5.067   5.072 
    5.078   5.086   5.109   5.122   5.143   5.166   5.184   5.184 
    5.189   5.196   5.220   5.223   5.242   5.266   5.268   5.298 
    5.298   5.317   5.331   5.350   5.366   5.388   5.405   5.407 
    5.425   5.453   5.463   5.467   5.476   5.490   5.502   5.526 
    5.541   5.562   5.603   5.624   5.625   5.665   5.668   5.687 
    5.701   5.712   5.729   5.753   5.776   5.814   5.821   5.836 
    5.858   5.862   5.872   5.899   5.904   5.920   5.948   5.974 
    5.989   5.993   6.002   6.021   6.043   6.046   6.061   6.069 
    6.121   6.171   6.176   6.196   6.208   6.224   6.235   6.241 
    6.265   6.279   6.320   6.339   6.342   6.380   6.387   6.416 
    6.427   6.440   6.478   6.509   6.567   6.582   6.586   6.599 
    6.613   6.624   6.657   6.681   6.693   6.704   6.775   6.783 
    6.794   6.824   6.840   6.868   6.882   6.883   6.920   6.981 
    7.003   7.021   7.071   7.077   7.095   7.105   7.162   7.180 
    7.183   7.189   7.225   7.272   7.314   7.326   7.356   7.385 
    7.390   7.472   7.480   7.542   7.575   7.582   7.594   7.601 
    7.651   7.685   7.720   7.815   7.817   7.859   7.898   7.900 
    7.919   7.987   7.994   7.998   8.086   8.091   8.119   8.149 
    8.159   8.166   8.185   8.200   8.287   8.308   8.316   8.345 
    8.355   8.398   8.409   8.415   8.450   8.481   8.484   8.505 
    8.525   8.555   8.575   8.589   8.612   8.671   8.701   8.719 
    8.749   8.752   8.790   8.819   8.830   8.878   8.889   8.909 
    8.927   8.953   8.961   8.988   9.006   9.025   9.056   9.098 
    9.098   9.118   9.131   9.163   9.170   9.206   9.254   9.257 
    9.273   9.274   9.288   9.340   9.367   9.406   9.436   9.489 
    9.498   9.511   9.546   9.586   9.594   9.625   9.632   9.649 
    9.744   9.747   9.803   9.842   9.888   9.928   9.955   9.955 
    9.971  10.008  10.057  10.068  10.071  10.114  10.129  10.165 
   10.203  10.236  10.238  10.276  10.288  10.306  10.317  10.322 
   10.342  10.368  10.390  10.392  10.435  10.465  10.478  10.493 
   10.512  10.531  10.542  10.564  10.577  10.604  10.654  10.666 
   10.682  10.714  10.728  10.757  10.818  10.834  10.851  10.880 
   10.918  10.976  10.980  10.990  11.035  11.052  11.079  11.120 
   11.123  11.131  11.151  11.156  11.189  11.225  11.228  11.254 
   11.291  11.307  11.315  11.323  11.328  11.366  11.388  11.423 
   11.454  11.470  11.483  11.513  11.531  11.533  11.559  11.599 
   11.600  11.629  11.652  11.655  11.669  11.691  11.713  11.736 
   11.772  11.814  11.889  11.916  11.965  11.968  12.009  12.011 
   12.037  12.116  12.123  12.150  12.178  12.183  12.219  12.237 
   12.243  12.305  12.347  12.392  12.443  12.444  12.478  12.489 
   12.533  12.565  12.618  12.619  12.633  12.672  12.686  12.686 
   12.708  12.720  12.733  12.733  12.760  12.761  12.794  12.804 
   12.811  12.832  12.837  12.851  12.859  12.866  12.878  12.884 
   12.904  12.919  12.928  12.949  12.959  12.978  12.980  12.996 
   13.000  13.054  13.056  13.081  13.124  13.150  13.198  13.216 
   13.222  13.254  13.259  13.267  13.297  13.301  13.355  13.381 
   13.418  13.432  13.465  13.467  13.543  13.545  13.564  13.570 
   13.595  13.600  13.659  13.663  13.681  13.703  13.711  13.716 
   13.724  13.736  13.774  13.780  13.820  13.832  13.850  13.863 
   13.874  13.899  13.904  13.905  13.968  13.973  13.976  14.005 
   14.019  14.037  14.041  14.099  14.118  14.132  14.143  14.162 
   14.175  14.216  14.222  14.226  14.236  14.238  14.261  14.281 
   14.289  14.304  14.311  14.348  14.373  14.383  14.388  14.433 
   14.440  14.463  14.466  14.485  14.488  14.509  14.517  14.547 
   14.558  14.586  14.594  14.595  14.624  14.641  14.668  14.710 
   14.735  14.746  14.797  14.851  14.852  14.890  14.895  14.943 
   14.954  14.994  14.998  15.023  15.035  15.056  15.071  15.087 
   15.118  15.146  15.163  15.180  15.184  15.240  15.314  15.333 
   15.351  15.412  15.432  15.445  15.458  15.469  15.581  15.596 
   15.599  15.616  15.624  15.686  15.721  15.767  15.809  15.821 
   15.851  15.909  15.947  15.994  16.038  16.082  16.120  16.150 
   16.187  16.263  16.274  16.301  16.358  16.365  16.390  16.521 
   16.536  16.546  16.619  16.665  16.669  16.686  16.762  16.795 
   16.798  16.819  16.821  16.838  16.980  17.039  17.060  17.179 
   17.310  17.355  17.373  17.380  17.514  17.528  17.623  17.655 
   17.677  17.723  17.767  17.920  17.951  17.996  18.055  18.058 
   18.092  18.104  18.113  18.145  18.221  18.297  18.363  18.371 
   18.387  18.468  18.471  18.687  18.697  18.764  18.840  18.870 
   18.954  19.173  19.232  19.286  19.302  19.504  19.668  19.759 
   19.978  20.280  20.514  20.579  20.900  20.993  21.008  21.066 
   21.315  21.376  21.531  21.768  22.265  23.746  23.962  26.532 
   26.752  27.196  27.971  27.987  28.288  33.432  33.647  40.013 
   41.188  41.637  42.297  42.856  53.906  54.066  54.143  54.192 
   54.290  54.467  54.474  54.525  54.626  54.657  54.704  54.744 
   54.757  54.817  54.846  54.964  55.008  55.059  55.077  55.563 
   55.608  55.654  55.988  56.121  56.556  56.810  57.183  57.899 
   57.911  58.056  72.027  72.193 100.484 100.491 100.492 100.496 
  100.509 100.512 100.519 100.530 100.537 100.541 100.561 100.570 
  100.595 100.627 100.634 100.659 100.723 100.725 125.508 125.634 
  126.008 126.487 126.491 126.592 150.567 150.804 150.844 150.950 
  150.958 151.205 151.484 151.576 151.691 152.020 155.323 155.458 
  173.454 173.538 173.637 173.704 173.708 173.758 173.773 173.803 
  173.806 173.952 173.982 174.044 174.048 174.441 294.381 294.482 
  294.819 295.247 295.258 295.342 320.670 320.670 320.674 320.674 
  320.678 320.678 320.680 320.681 320.682 320.682 320.683 320.703 
  320.703 320.708 320.708 320.712 320.712 320.714 320.715 320.716 
  320.717 320.718 341.997 342.143 373.485 373.490 373.493 373.506 
  373.507 373.508 373.509 373.509 373.514 373.518 373.521 373.524 
  373.526 373.538 373.555 373.557 373.558 373.558 384.266 384.456 
  384.472 384.561 384.571 384.757 384.994 385.060 385.145 385.407 
  529.829 529.876 529.917 529.973 529.977 529.986 530.011 530.012 
  530.015 530.091 530.118 530.162 530.172 530.363 754.802 754.877 
  755.176 755.541 755.554 755.629 825.481 825.634 976.492 976.641 
  976.642 976.710 976.730 976.863 977.063 977.112 977.169 977.375 
  2440.584 2440.643 2440.922 2441.248 2441.261 2441.334 3195.394 3195.723 


  >>> Running RHF-MP2 <<<


RMP2-TIMING
  rmp2                  :::     2760.141 (100.00%)
  Total                 :::     2760.141 (100.00%)

MP2 correlation energy (RHF) : -1.5847089450
MP2 total energy       (RHF) : -303.4458055034


  >>> Running UHF <<<

init D/C      : input mo_coeff
init ov       : zeros
no            : 24 25
nv            : 1145 1144
ov_size       : 56080
max_cycle     : 1000
conv          : 6
econv         : 9
method        : diis
mom_start     : 0
guess mix     : 0.000000
orb_swap      : [[[0, 24]], []]
init E        : -286.280515242815
init S2       : 0.750000000000153
init |[F,P]|  : 9.48e-03
init |dE|     : 2.19e-02
check file    : None

iter      total energy   |[F,P]|      |dE|         ∆E   S^2   comment
   1    -286.703772021  5.51e-03  1.18e-02  -4.23e-01  0.75  DIIS mom: 23.7/24 24.6/25
   2    -286.966876261  4.58e-04  1.04e-03  -2.63e-01  0.76  DIIS mom: 23.9/24 24.9/25
   3    -286.970015684  1.98e-04  4.27e-04  -3.14e-03  0.76  DIIS mom: 24.0/24 25.0/25
   4    -286.970735977  9.69e-05  1.97e-04  -7.20e-04  0.76  DIIS mom: 24.0/24 25.0/25
   5    -286.971098559  4.83e-05  9.89e-05  -3.63e-04  0.77  DIIS mom: 24.0/24 25.0/25
   6    -286.971188768  1.94e-05  3.96e-05  -9.02e-05  0.77  DIIS mom: 24.0/24 25.0/25
   7    -286.971205418  7.47e-06  1.52e-05  -1.67e-05  0.77  DIIS mom: 24.0/24 25.0/25
   8    -286.971208749  5.31e-06  1.04e-05  -3.33e-06  0.77  DIIS mom: 24.0/24 25.0/25
   9    -286.971210657  5.18e-06  1.01e-05  -1.91e-06  0.77  DIIS mom: 24.0/24 25.0/25
  10    -286.971211469  5.26e-06  1.02e-05  -8.12e-07  0.77  DIIS mom: 24.0/24 25.0/25
  11    -286.971198131  3.43e-06  6.72e-06   1.33e-05  0.77  DIIS mom: 24.0/24 25.0/25
  12    -286.971190979  1.25e-06  2.52e-06   7.15e-06  0.77  DIIS mom: 24.0/24 25.0/25
  13    -286.971190653  5.24e-07  1.05e-06   3.26e-07  0.77  DIIS mom: 24.0/24 25.0/25
  14    -286.971190667  2.75e-07  5.48e-07  -1.33e-08  0.77  DIIS mom: 24.0/24 25.0/25
  15    -286.971190674  1.28e-07  2.60e-07  -7.27e-09  0.77  DIIS mom: 24.0/24 25.0/25
  16    -286.971190675  5.54e-08  1.18e-07  -1.59e-09  0.77  DIIS mom: 24.0/24 25.0/25
  17    -286.971190676  2.30e-08  4.94e-08  -2.43e-10  0.77  DIIS mom: 24.0/24 25.0/25
                                                                      diis is converged!

SCF converged : True
final |[F,P]| : 2.30e-08
final |dE|    : 4.94e-08
final Escf    : -562.065703329706
final Etot    : -286.971190675715
final S2      : 0.774439192148758

  diis prep             :::        1.500 (  0.04%)
  diis extrap           :::        1.494 (  0.04%)
  roothaan              :::        8.946 (  0.22%)
  fock build            :::     4142.616 ( 99.71%)
  Total                 :::     4154.556 (100.00%)

Alpha occupied
  -15.728 -11.532 -11.443 -11.443 -11.426 -11.426  -1.613  -1.426 
   -1.284  -1.216  -1.114  -1.113  -1.018  -0.968  -0.923  -0.853 
   -0.842  -0.805  -0.772  -0.711  -0.695  -0.588  -0.562  -0.522 

Alpha virtual
  -14.184  -0.118  -0.075  -0.073  -0.055  -0.036  -0.035  -0.009 
   -0.003   0.019   0.022   0.030   0.044   0.046   0.080   0.088 
    0.091   0.105   0.112   0.119   0.130   0.139   0.143   0.160 
    0.167   0.174   0.178   0.181   0.209   0.221   0.225   0.236 
    0.247   0.253   0.254   0.266   0.271   0.278   0.280   0.305 
    0.307   0.319   0.328   0.338   0.347   0.349   0.384   0.386 
    0.414   0.423   0.426   0.427   0.433   0.436   0.444   0.468 
    0.470   0.488   0.506   0.511   0.541   0.541   0.546   0.555 
    0.562   0.579   0.595   0.601   0.609   0.630   0.641   0.654 
    0.660   0.665   0.673   0.687   0.692   0.709   0.719   0.723 
    0.742   0.768   0.779   0.793   0.806   0.809   0.813   0.815 
    0.825   0.838   0.849   0.850   0.858   0.860   0.877   0.882 
    0.897   0.900   0.905   0.935   0.939   0.940   0.958   0.963 
    0.973   0.985   0.994   1.016   1.024   1.046   1.062   1.076 
    1.093   1.095   1.110   1.111   1.137   1.154   1.173   1.174 
    1.183   1.189   1.207   1.220   1.242   1.266   1.280   1.288 
    1.320   1.330   1.333   1.347   1.351   1.379   1.380   1.399 
    1.407   1.411   1.439   1.444   1.457   1.474   1.476   1.489 
    1.496   1.503   1.521   1.525   1.531   1.542   1.563   1.574 
    1.575   1.592   1.603   1.621   1.632   1.637   1.666   1.667 
    1.675   1.688   1.706   1.715   1.739   1.754   1.754   1.761 
    1.772   1.788   1.800   1.803   1.815   1.829   1.832   1.840 
    1.861   1.885   1.888   1.907   1.924   1.932   1.939   1.963 
    1.965   1.973   1.978   1.988   2.000   2.009   2.021   2.027 
    2.039   2.047   2.065   2.070   2.080   2.102   2.105   2.109 
    2.140   2.151   2.166   2.170   2.182   2.198   2.199   2.223 
    2.235   2.271   2.275   2.288   2.296   2.326   2.338   2.364 
    2.377   2.386   2.390   2.428   2.428   2.431   2.440   2.453 
    2.474   2.475   2.480   2.492   2.528   2.544   2.564   2.619 
    2.620   2.651   2.654   2.659   2.668   2.680   2.701   2.714 
    2.741   2.742   2.776   2.807   2.812   2.846   2.848   2.860 
    2.865   2.920   2.921   2.933   2.950   2.969   2.976   2.990 
    3.009   3.020   3.038   3.046   3.053   3.067   3.088   3.107 
    3.110   3.121   3.178   3.201   3.204   3.209   3.219   3.226 
    3.250   3.270   3.275   3.296   3.301   3.334   3.338   3.340 
    3.366   3.375   3.417   3.454   3.457   3.481   3.491   3.492 
    3.504   3.525   3.535   3.542   3.543   3.572   3.581   3.626 
    3.631   3.638   3.651   3.659   3.679   3.689   3.711   3.717 
    3.734   3.759   3.766   3.778   3.788   3.825   3.833   3.862 
    3.873   3.876   3.877   3.893   3.903   3.909   3.928   3.964 
    3.976   3.984   3.992   4.000   4.022   4.025   4.040   4.066 
    4.080   4.082   4.113   4.118   4.130   4.137   4.142   4.162 
    4.171   4.180   4.197   4.222   4.224   4.225   4.265   4.275 
    4.281   4.298   4.325   4.335   4.365   4.374   4.390   4.421 
    4.446   4.449   4.477   4.491   4.492   4.498   4.505   4.511 
    4.544   4.551   4.572   4.573   4.577   4.591   4.609   4.614 
    4.640   4.654   4.680   4.694   4.694   4.728   4.728   4.744 
    4.754   4.791   4.806   4.809   4.810   4.815   4.826   4.857 
    4.859   4.873   4.887   4.905   4.909   4.937   4.966   4.975 
    4.988   4.993   5.002   5.017   5.034   5.055   5.065   5.077 
    5.090   5.102   5.105   5.123   5.150   5.171   5.183   5.188 
    5.222   5.222   5.233   5.243   5.249   5.263   5.292   5.307 
    5.312   5.329   5.368   5.393   5.411   5.430   5.451   5.464 
    5.483   5.508   5.513   5.530   5.545   5.553   5.587   5.605 
    5.619   5.631   5.634   5.638   5.664   5.670   5.689   5.715 
    5.736   5.771   5.776   5.800   5.804   5.830   5.831   5.852 
    5.855   5.892   5.926   5.935   5.953   6.010   6.011   6.024 
    6.031   6.062   6.088   6.103   6.117   6.131   6.146   6.166 
    6.181   6.231   6.236   6.251   6.310   6.322   6.331   6.362 
    6.392   6.393   6.407   6.425   6.473   6.478   6.496   6.517 
    6.553   6.565   6.613   6.616   6.642   6.674   6.689   6.702 
    6.750   6.793   6.811   6.837   6.872   6.884   6.901   6.927 
    6.972   6.976   6.988   7.008   7.079   7.094   7.094   7.125 
    7.133   7.204   7.229   7.257   7.339   7.350   7.381   7.394 
    7.408   7.465   7.493   7.497   7.598   7.604   7.621   7.707 
    7.715   7.729   7.779   7.787   7.791   7.850   7.896   7.903 
    7.943   7.952   7.978   7.992   8.004   8.035   8.086   8.087 
    8.125   8.146   8.204   8.206   8.216   8.233   8.242   8.261 
    8.279   8.279   8.359   8.360   8.366   8.372   8.457   8.469 
    8.489   8.512   8.551   8.566   8.601   8.613   8.654   8.679 
    8.700   8.718   8.763   8.766   8.772   8.814   8.836   8.847 
    8.866   8.895   8.921   8.937   8.940   8.954   9.003   9.044 
    9.060   9.065   9.079   9.087   9.105   9.122   9.200   9.243 
    9.275   9.299   9.310   9.343   9.373   9.390   9.429   9.440 
    9.453   9.542   9.547   9.614   9.647   9.691   9.731   9.752 
    9.755   9.769   9.824   9.868   9.876   9.881   9.913   9.937 
    9.969  10.008  10.039  10.053  10.091  10.097  10.104  10.122 
   10.130  10.140  10.193  10.200  10.213  10.247  10.265  10.276 
   10.308  10.320  10.339  10.353  10.381  10.389  10.405  10.466 
   10.477  10.488  10.515  10.536  10.566  10.604  10.639  10.648 
   10.673  10.701  10.774  10.781  10.796  10.849  10.858  10.877 
   10.923  10.929  10.934  10.955  10.959  10.992  11.018  11.036 
   11.054  11.078  11.093  11.098  11.127  11.133  11.147  11.172 
   11.209  11.242  11.260  11.261  11.305  11.323  11.324  11.337 
   11.366  11.409  11.422  11.432  11.451  11.455  11.474  11.479 
   11.510  11.537  11.568  11.577  11.702  11.725  11.775  11.791 
   11.814  11.820  11.889  11.901  11.912  11.954  11.969  12.010 
   12.015  12.040  12.048  12.109  12.168  12.193  12.229  12.237 
   12.248  12.284  12.299  12.354  12.356  12.391  12.414  12.435 
   12.436  12.452  12.499  12.512  12.514  12.519  12.539  12.556 
   12.564  12.614  12.619  12.620  12.635  12.644  12.645  12.662 
   12.668  12.694  12.700  12.700  12.726  12.739  12.757  12.768 
   12.788  12.802  12.814  12.819  12.883  12.903  12.919  12.954 
   12.996  13.000  13.018  13.051  13.059  13.072  13.085  13.128 
   13.188  13.191  13.211  13.213  13.253  13.257  13.293  13.345 
   13.371  13.371  13.404  13.405  13.426  13.429  13.448  13.459 
   13.489  13.522  13.523  13.538  13.570  13.580  13.587  13.607 
   13.646  13.659  13.660  13.688  13.704  13.708  13.729  13.756 
   13.763  13.788  13.797  13.822  13.833  13.836  13.857  13.882 
   13.918  13.943  13.970  13.988  13.991  14.017  14.041  14.043 
   14.051  14.068  14.086  14.090  14.107  14.109  14.116  14.132 
   14.197  14.220  14.246  14.270  14.282  14.307  14.308  14.327 
   14.332  14.372  14.377  14.381  14.384  14.406  14.406  14.420 
   14.461  14.488  14.527  14.541  14.561  14.624  14.638  14.669 
   14.706  14.711  14.728  14.741  14.790  14.839  14.858  14.869 
   14.908  14.909  14.920  14.953  14.969  14.978  15.014  15.080 
   15.115  15.143  15.153  15.219  15.241  15.250  15.278  15.331 
   15.333  15.412  15.426  15.444  15.444  15.481  15.551  15.565 
   15.576  15.626  15.673  15.726  15.818  15.841  15.871  15.891 
   15.933  15.961  16.009  16.026  16.034  16.097  16.108  16.151 
   16.191  16.279  16.279  16.325  16.348  16.387  16.412  16.484 
   16.503  16.587  16.599  16.615  16.641  16.670  16.678  16.691 
   16.969  16.976  16.985  17.120  17.193  17.213  17.340  17.341 
   17.402  17.450  17.506  17.570  17.594  17.596  17.677  17.757 
   17.812  17.862  17.903  17.918  17.941  17.969  17.991  18.025 
   18.143  18.159  18.197  18.201  18.296  18.472  18.516  18.546 
   18.651  18.692  18.971  19.057  19.089  19.125  19.250  19.321 
   19.583  19.723  20.103  20.208  20.341  20.572  20.625  20.726 
   20.838  21.092  21.140  21.200  21.346  21.792  23.323  23.462 
   25.952  26.348  27.011  27.194  27.523  27.808  32.766  33.270 
   39.805  40.997  41.431  42.115  42.658  53.043  53.304  53.332 
   53.357  53.520  53.597  53.610  53.681  53.723  53.881  53.913 
   53.959  54.012  54.283  54.330  54.472  54.577  54.664  54.786 
   54.811  54.817  54.896  55.381  55.475  55.576  56.370  56.651 
   56.809  57.006  57.730  70.804  71.859  99.120  99.138  99.145 
   99.188  99.196  99.221  99.282  99.343  99.345 100.300 100.307 
  100.310 100.327 100.346 100.354 100.359 100.447 100.454 123.693 
  124.537 124.544 125.323 125.830 126.410 148.713 148.828 149.077 
  149.559 149.889 150.384 150.620 150.767 151.302 151.394 153.374 
  155.156 171.541 171.663 171.706 171.708 171.854 171.880 172.341 
  173.271 173.354 173.521 173.524 173.588 173.862 173.867 291.684 
  292.442 292.455 294.197 294.640 295.159 318.451 318.451 318.459 
  318.459 318.466 318.466 318.470 318.470 318.473 318.473 318.474 
  320.518 320.518 320.524 320.524 320.528 320.528 320.531 320.532 
  320.533 320.536 320.536 339.254 341.828 370.859 370.865 370.866 
  370.880 370.882 370.890 370.909 370.926 370.927 373.323 373.325 
  373.326 373.330 373.338 373.341 373.344 373.374 373.376 381.518 
  381.608 381.805 382.190 382.451 384.084 384.273 384.389 384.812 
  384.879 526.737 526.806 526.831 526.835 526.910 526.935 527.181 
  529.646 529.694 529.791 529.794 529.828 529.980 529.991 751.216 
  751.875 751.890 754.620 754.997 755.448 821.910 825.312 972.886 
  972.956 973.109 973.413 973.619 976.310 976.461 976.549 976.881 
  976.931 2436.280 2436.883 2436.898 2440.404 2440.743 2441.153 3191.322 
  3195.235 

Beta occupied
  -18.465 -15.728 -11.530 -11.443 -11.443 -11.427 -11.427  -1.708 
   -1.427  -1.296  -1.219  -1.153  -1.144  -1.025  -1.001  -0.972 
   -0.856  -0.842  -0.807  -0.772  -0.714  -0.694  -0.589  -0.566 
   -0.521 

Beta virtual
   -0.127  -0.082  -0.072  -0.054  -0.040  -0.035  -0.010  -0.003 
    0.017   0.023   0.030   0.044   0.046   0.078   0.088   0.092 
    0.105   0.112   0.119   0.120   0.137   0.142   0.156   0.164 
    0.168   0.177   0.181   0.209   0.222   0.228   0.234   0.247 
    0.249   0.253   0.264   0.267   0.272   0.281   0.305   0.306 
    0.319   0.329   0.338   0.347   0.349   0.385   0.386   0.415 
    0.423   0.423   0.427   0.434   0.436   0.444   0.469   0.471 
    0.489   0.504   0.512   0.539   0.542   0.547   0.556   0.563 
    0.579   0.596   0.603   0.610   0.629   0.642   0.653   0.660 
    0.666   0.672   0.688   0.689   0.710   0.715   0.719   0.739 
    0.761   0.779   0.794   0.806   0.808   0.812   0.815   0.824 
    0.838   0.844   0.850   0.858   0.860   0.878   0.882   0.893 
    0.900   0.905   0.933   0.936   0.939   0.951   0.961   0.972 
    0.982   0.993   1.016   1.024   1.046   1.061   1.073   1.094 
    1.095   1.110   1.112   1.137   1.155   1.173   1.174   1.183 
    1.189   1.207   1.220   1.241   1.266   1.281   1.288   1.321 
    1.331   1.334   1.348   1.352   1.380   1.381   1.399   1.407 
    1.411   1.438   1.445   1.457   1.474   1.475   1.488   1.496 
    1.504   1.522   1.524   1.532   1.543   1.563   1.575   1.576 
    1.591   1.603   1.622   1.633   1.637   1.664   1.668   1.675 
    1.688   1.707   1.714   1.739   1.753   1.756   1.761   1.773 
    1.785   1.799   1.802   1.814   1.829   1.832   1.839   1.861 
    1.882   1.885   1.907   1.922   1.931   1.939   1.963   1.964 
    1.971   1.977   1.988   1.999   2.009   2.021   2.027   2.039 
    2.043   2.064   2.068   2.080   2.102   2.105   2.109   2.137 
    2.150   2.166   2.170   2.181   2.198   2.199   2.224   2.234 
    2.271   2.273   2.285   2.296   2.321   2.336   2.364   2.374 
    2.383   2.385   2.423   2.427   2.430   2.431   2.451   2.466 
    2.476   2.480   2.493   2.527   2.538   2.565   2.613   2.619 
    2.643   2.643   2.654   2.667   2.680   2.701   2.714   2.740 
    2.741   2.772   2.806   2.812   2.846   2.849   2.859   2.865 
    2.920   2.922   2.932   2.950   2.967   2.975   2.990   3.004 
    3.021   3.037   3.046   3.052   3.066   3.088   3.106   3.109 
    3.119   3.177   3.200   3.203   3.206   3.220   3.220   3.248 
    3.269   3.275   3.294   3.301   3.331   3.337   3.338   3.366 
    3.374   3.417   3.454   3.457   3.482   3.491   3.491   3.504 
    3.525   3.533   3.542   3.542   3.572   3.580   3.626   3.631 
    3.639   3.651   3.659   3.679   3.689   3.712   3.718   3.733 
    3.759   3.766   3.777   3.787   3.825   3.831   3.863   3.873 
    3.876   3.876   3.894   3.903   3.908   3.928   3.964   3.976 
    3.984   3.990   3.999   4.022   4.025   4.039   4.066   4.080 
    4.083   4.114   4.118   4.130   4.136   4.139   4.162   4.171 
    4.178   4.197   4.221   4.225   4.226   4.265   4.275   4.281 
    4.298   4.325   4.335   4.365   4.374   4.391   4.422   4.446 
    4.449   4.478   4.491   4.492   4.498   4.504   4.511   4.544 
    4.550   4.573   4.573   4.578   4.591   4.608   4.611   4.640 
    4.654   4.678   4.693   4.694   4.727   4.728   4.743   4.754 
    4.791   4.806   4.809   4.809   4.816   4.825   4.857   4.858 
    4.873   4.887   4.903   4.904   4.936   4.966   4.974   4.988 
    4.993   5.002   5.016   5.034   5.055   5.066   5.076   5.089 
    5.101   5.105   5.119   5.151   5.166   5.183   5.186   5.220 
    5.222   5.233   5.241   5.249   5.263   5.287   5.307   5.311 
    5.329   5.367   5.386   5.410   5.429   5.450   5.464   5.481 
    5.503   5.503   5.530   5.537   5.547   5.583   5.605   5.614 
    5.624   5.628   5.636   5.651   5.668   5.685   5.715   5.733 
    5.758   5.774   5.798   5.804   5.823   5.831   5.851   5.852 
    5.892   5.906   5.921   5.951   5.999   6.011   6.019   6.024 
    6.061   6.086   6.102   6.114   6.131   6.140   6.159   6.181 
    6.229   6.231   6.250   6.309   6.318   6.329   6.361   6.391 
    6.392   6.400   6.420   6.472   6.478   6.494   6.510   6.549 
    6.565   6.609   6.613   6.642   6.673   6.685   6.698   6.749 
    6.794   6.810   6.837   6.870   6.884   6.899   6.928   6.970 
    6.974   6.986   7.008   7.077   7.091   7.093   7.123   7.129 
    7.202   7.228   7.255   7.339   7.349   7.374   7.394   7.408 
    7.465   7.490   7.497   7.596   7.603   7.619   7.707   7.714 
    7.729   7.777   7.785   7.791   7.848   7.892   7.896   7.941 
    7.950   7.977   7.992   8.004   8.031   8.078   8.085   8.124 
    8.144   8.204   8.206   8.215   8.230   8.239   8.261   8.275 
    8.278   8.353   8.359   8.365   8.367   8.455   8.467   8.483 
    8.509   8.551   8.565   8.597   8.611   8.654   8.677   8.700 
    8.718   8.762   8.766   8.771   8.814   8.832   8.847   8.864 
    8.895   8.921   8.936   8.937   8.953   9.002   9.040   9.058 
    9.065   9.079   9.085   9.104   9.119   9.198   9.243   9.275 
    9.299   9.309   9.342   9.372   9.390   9.429   9.441   9.453 
    9.541   9.547   9.614   9.646   9.691   9.731   9.751   9.755 
    9.769   9.824   9.868   9.876   9.880   9.913   9.937   9.969 
   10.006  10.039  10.053  10.091  10.097  10.105  10.122  10.131 
   10.140  10.193  10.201  10.214  10.247  10.265  10.276  10.308 
   10.320  10.339  10.353  10.381  10.388  10.404  10.466  10.476 
   10.488  10.514  10.536  10.565  10.602  10.639  10.647  10.673 
   10.700  10.773  10.781  10.796  10.849  10.857  10.877  10.923 
   10.929  10.934  10.952  10.959  10.992  11.017  11.036  11.054 
   11.075  11.093  11.098  11.126  11.133  11.147  11.172  11.209 
   11.240  11.259  11.261  11.302  11.323  11.324  11.336  11.357 
   11.409  11.420  11.431  11.451  11.455  11.465  11.478  11.509 
   11.514  11.563  11.569  11.699  11.719  11.773  11.787  11.809 
   11.818  11.886  11.897  11.900  11.952  11.968  12.009  12.013 
   12.032  12.040  12.107  12.153  12.194  12.226  12.234  12.247 
   12.263  12.285  12.354  12.354  12.366  12.409  12.430  12.434 
   12.451  12.498  12.512  12.514  12.518  12.538  12.555  12.565 
   12.612  12.616  12.617  12.635  12.638  12.643  12.662  12.666 
   12.688  12.700  12.700  12.724  12.739  12.757  12.764  12.786 
   12.802  12.815  12.819  12.883  12.903  12.918  12.953  12.993 
   13.001  13.018  13.051  13.056  13.072  13.082  13.126  13.187 
   13.190  13.208  13.211  13.250  13.252  13.293  13.334  13.369 
   13.371  13.395  13.404  13.427  13.428  13.448  13.454  13.488 
   13.522  13.523  13.537  13.569  13.580  13.588  13.606  13.645 
   13.658  13.661  13.688  13.704  13.708  13.725  13.750  13.755 
   13.784  13.792  13.808  13.833  13.835  13.857  13.877  13.914 
   13.942  13.969  13.986  13.987  14.009  14.038  14.041  14.050 
   14.066  14.085  14.089  14.104  14.109  14.114  14.127  14.183 
   14.219  14.244  14.270  14.277  14.307  14.308  14.323  14.332 
   14.361  14.371  14.379  14.380  14.403  14.404  14.419  14.461 
   14.473  14.513  14.524  14.560  14.618  14.638  14.667  14.700 
   14.705  14.712  14.741  14.789  14.838  14.858  14.869  14.904 
   14.908  14.916  14.953  14.968  14.977  15.014  15.073  15.112 
   15.142  15.152  15.218  15.239  15.249  15.277  15.329  15.330 
   15.411  15.426  15.444  15.444  15.480  15.548  15.559  15.575 
   15.625  15.672  15.726  15.817  15.839  15.868  15.891  15.932 
   15.954  16.002  16.025  16.028  16.097  16.106  16.142  16.191 
   16.267  16.271  16.322  16.346  16.378  16.412  16.484  16.503 
   16.582  16.597  16.615  16.641  16.665  16.671  16.683  16.964 
   16.969  16.980  17.110  17.191  17.211  17.332  17.340  17.389 
   17.450  17.506  17.556  17.580  17.595  17.666  17.756  17.804 
   17.859  17.895  17.917  17.941  17.969  17.979  18.015  18.119 
   18.142  18.197  18.200  18.294  18.453  18.514  18.545  18.650 
   18.691  18.966  19.056  19.085  19.125  19.227  19.321  19.583 
   19.720  20.103  20.203  20.340  20.560  20.610  20.725  20.838 
   21.076  21.140  21.200  21.322  21.757  23.312  23.427  25.742 
   26.348  26.962  27.047  27.344  27.808  32.472  33.268  39.805 
   40.997  41.431  42.115  42.658  52.908  53.176  53.206  53.276 
   53.433  53.498  53.524  53.567  53.722  53.841  53.881  53.959 
   54.012  54.190  54.282  54.472  54.576  54.642  54.655  54.664 
   54.816  54.896  55.318  55.385  55.475  56.369  56.393  56.558 
   57.005  57.730  70.450  71.858  99.062  99.080  99.087  99.130 
   99.138  99.164  99.224  99.285  99.287 100.300 100.307 100.310 
  100.327 100.346 100.354 100.359 100.447 100.454 123.357 124.204 
  124.211 125.323 125.830 126.410 148.483 148.598 148.848 149.331 
  149.661 150.384 150.620 150.767 151.302 151.394 153.017 155.156 
  171.394 171.516 171.559 171.561 171.707 171.733 172.195 173.271 
  173.354 173.521 173.524 173.588 173.862 173.867 291.360 292.119 
  292.132 294.197 294.640 295.159 318.374 318.374 318.382 318.382 
  318.389 318.389 318.393 318.393 318.396 318.396 318.397 320.518 
  320.518 320.524 320.524 320.528 320.528 320.531 320.532 320.533 
  320.536 320.536 338.934 341.827 370.735 370.740 370.741 370.755 
  370.758 370.766 370.785 370.802 370.803 373.323 373.325 373.326 
  373.330 373.338 373.341 373.344 373.374 373.376 381.289 381.378 
  381.576 381.961 382.223 384.084 384.273 384.389 384.812 384.879 
  526.556 526.625 526.650 526.653 526.729 526.754 527.000 529.646 
  529.694 529.791 529.794 529.828 529.980 529.991 750.962 751.622 
  751.636 754.620 754.997 755.447 821.653 825.312 972.697 972.767 
  972.921 973.225 973.431 976.310 976.461 976.549 976.881 976.931 
  2436.131 2436.733 2436.748 2440.404 2440.743 2441.153 3191.182 3195.235 


  >>> Running UHF-MP2 <<<

MP2 correlation energy (UHF) : -1.5552496930
MP2 total energy       (UHF) : -288.5264403687

