	*********************************************** 
	***** Beginning CEBE Calculation with MOM ***** 
	*****       Calculation Details:          ***** 
	      Geometry:	 /home/am3939/core/calculations/mols/exp/n/ipr-nh2.xyz
	      Core Basis:	 pcX-4
	      Full Basis:	 pc-4
	      DIIS (start, space):	 0 50
	      Level shift:	 0
	      Do localization?:	 False
	      Do SFX2C1E?:	 True
	      Freeze orbitals?:	 True
	      Use Cheng orbitals?:	 False
	      Do Special Basis?:	 True
	      Do Special Basis?:	 pcX-4
	*********************************************** 
	*********************************************** 

  >>> Running RHF <<<

init D/C      : minao
init ov       : zeros
no            : 17
nv            : 1008
ov_size       : 17136
max_cycle     : 1000
conv          : 6
econv         : 9
method        : gdm
scale_stop    : 0
scale_factor  : 1.000000
init E        : -173.324760801046
init |[F,P]|  : 2.94e-03
init |dE|     : 5.81e-03
check file    : None

iter      total energy   |[F,P]|      |dE|         ∆E   comment
   1    -173.366685832  9.06e-04  1.80e-03  -4.19e-02  BFGS
   2    -173.370480844  2.93e-04  5.95e-04  -3.80e-03  BFGS
   3    -173.370784959  4.96e-05  1.07e-04  -3.04e-04  BFGS
   4    -173.370796007  1.41e-05  2.82e-05  -1.10e-05  BFGS
   5    -173.370797204  4.78e-06  1.03e-05  -1.20e-06  BFGS
   6    -173.370797330  1.36e-06  2.70e-06  -1.25e-07  BFGS
   7    -173.370797342  3.51e-07  7.35e-07  -1.28e-08  BFGS
   8    -173.370797344  1.21e-07  2.27e-07  -1.15e-09  BFGS
   9    -173.370797344  3.21e-08  6.51e-08  -7.49e-11  BFGS
                                                                      gdm is converged!

SCF converged : True
final |[F,P]| : 3.21e-08
final |dE|    : 6.51e-08
final Escf    : -310.122539488338
final Etot    : -173.370797343657

  pxp & ewc             :::        1.021 (  0.05%)
  apply B               :::        0.002 (  0.00%)
  linsrch               :::     1928.293 ( 99.95%)
  grad                  :::        0.034 (  0.00%)
  Total                 :::     1929.351 (100.00%)

Alpha occupied
  -15.532 -11.246 -11.204 -11.204  -1.187  -1.016  -0.932  -0.780 
   -0.656  -0.654  -0.601  -0.539  -0.528  -0.507  -0.491  -0.473 
   -0.388 

Alpha virtual
    0.047   0.062   0.063   0.071   0.087   0.093   0.095   0.105 
    0.113   0.126   0.131   0.138   0.138   0.145   0.155   0.164 
    0.174   0.192   0.209   0.219   0.221   0.230   0.239   0.246 
    0.253   0.260   0.271   0.271   0.296   0.300   0.304   0.308 
    0.328   0.328   0.342   0.343   0.364   0.372   0.378   0.387 
    0.398   0.419   0.427   0.439   0.441   0.467   0.471   0.482 
    0.485   0.491   0.492   0.495   0.509   0.511   0.520   0.521 
    0.532   0.542   0.550   0.560   0.572   0.583   0.585   0.606 
    0.608   0.625   0.630   0.633   0.635   0.639   0.654   0.661 
    0.664   0.678   0.678   0.703   0.703   0.712   0.715   0.718 
    0.723   0.732   0.749   0.756   0.763   0.770   0.772   0.780 
    0.804   0.811   0.825   0.832   0.860   0.865   0.871   0.885 
    0.892   0.899   0.906   0.912   0.919   0.956   0.961   0.984 
    0.997   1.005   1.042   1.053   1.060   1.072   1.082   1.100 
    1.115   1.123   1.131   1.149   1.156   1.172   1.177   1.198 
    1.214   1.224   1.240   1.241   1.246   1.267   1.271   1.283 
    1.294   1.310   1.323   1.324   1.328   1.355   1.358   1.370 
    1.371   1.372   1.398   1.413   1.416   1.427   1.440   1.449 
    1.449   1.459   1.460   1.483   1.500   1.511   1.514   1.526 
    1.528   1.541   1.546   1.553   1.559   1.568   1.582   1.595 
    1.601   1.611   1.620   1.622   1.627   1.643   1.649   1.669 
    1.692   1.696   1.716   1.719   1.726   1.731   1.737   1.743 
    1.758   1.777   1.787   1.793   1.822   1.838   1.849   1.867 
    1.877   1.885   1.897   1.900   1.944   1.947   1.979   1.996 
    2.001   2.029   2.030   2.040   2.094   2.101   2.128   2.129 
    2.136   2.148   2.173   2.201   2.215   2.244   2.248   2.254 
    2.281   2.298   2.309   2.324   2.357   2.371   2.395   2.407 
    2.424   2.443   2.446   2.466   2.493   2.501   2.507   2.526 
    2.527   2.551   2.565   2.571   2.590   2.615   2.635   2.642 
    2.661   2.661   2.673   2.690   2.713   2.721   2.727   2.749 
    2.752   2.762   2.768   2.794   2.822   2.837   2.841   2.866 
    2.887   2.893   2.912   2.940   2.948   2.972   2.976   2.993 
    3.012   3.032   3.061   3.067   3.104   3.133   3.153   3.198 
    3.224   3.234   3.281   3.289   3.298   3.328   3.333   3.347 
    3.355   3.362   3.378   3.409   3.423   3.439   3.471   3.473 
    3.488   3.496   3.505   3.508   3.522   3.556   3.568   3.599 
    3.609   3.624   3.661   3.661   3.665   3.690   3.721   3.721 
    3.734   3.765   3.785   3.807   3.807   3.815   3.844   3.855 
    3.879   3.888   3.913   3.919   3.952   3.961   3.962   3.990 
    3.999   4.017   4.022   4.049   4.055   4.091   4.100   4.105 
    4.114   4.124   4.153   4.164   4.184   4.221   4.226   4.234 
    4.250   4.268   4.271   4.274   4.297   4.310   4.317   4.334 
    4.353   4.367   4.375   4.399   4.409   4.421   4.437   4.446 
    4.465   4.465   4.480   4.490   4.514   4.523   4.552   4.565 
    4.568   4.602   4.632   4.638   4.652   4.665   4.674   4.694 
    4.710   4.715   4.753   4.763   4.771   4.783   4.803   4.813 
    4.865   4.875   4.879   4.917   4.923   4.933   4.950   4.971 
    4.990   5.004   5.013   5.028   5.084   5.086   5.103   5.113 
    5.130   5.141   5.148   5.178   5.182   5.197   5.202   5.218 
    5.241   5.304   5.308   5.315   5.316   5.339   5.345   5.355 
    5.382   5.406   5.417   5.441   5.472   5.487   5.517   5.520 
    5.563   5.573   5.584   5.595   5.618   5.652   5.658   5.671 
    5.672   5.716   5.718   5.739   5.760   5.766   5.777   5.793 
    5.797   5.821   5.875   5.890   5.900   5.947   5.951   5.969 
    5.980   6.003   6.042   6.070   6.072   6.093   6.111   6.145 
    6.159   6.168   6.214   6.247   6.257   6.287   6.288   6.294 
    6.390   6.422   6.435   6.445   6.460   6.481   6.533   6.534 
    6.540   6.559   6.590   6.629   6.639   6.720   6.739   6.760 
    6.787   6.813   6.834   6.854   6.861   6.903   6.935   6.956 
    7.014   7.037   7.041   7.064   7.073   7.089   7.161   7.182 
    7.220   7.245   7.268   7.293   7.313   7.326   7.335   7.366 
    7.375   7.385   7.411   7.430   7.445   7.472   7.502   7.528 
    7.535   7.618   7.744   7.752   7.794   7.825   7.830   7.866 
    7.912   7.959   8.008   8.082   8.115   8.137   8.220   8.251 
    8.265   8.277   8.329   8.367   8.373   8.448   8.483   8.553 
    8.581   8.687   8.701   8.768   8.832   8.891   8.942   9.040 
    9.070   9.115   9.170   9.223   9.253   9.279   9.310   9.364 
    9.390   9.420   9.433   9.458   9.469   9.477   9.485   9.495 
    9.503   9.530   9.564   9.570   9.583   9.587   9.604   9.622 
    9.636   9.640   9.687   9.704   9.712   9.750   9.776   9.789 
    9.833   9.847   9.876   9.896   9.932   9.939   9.959   9.960 
   10.023  10.078  10.108  10.137  10.174  10.175  10.229  10.237 
   10.296  10.307  10.342  10.352  10.361  10.379  10.404  10.442 
   10.455  10.457  10.523  10.536  10.583  10.594  10.632  10.896 
   11.003  11.059  11.083  11.201  11.231  11.242  11.253  11.299 
   11.329  11.366  11.398  11.400  11.415  11.428  11.489  11.529 
   11.594  11.692  11.699  11.727  11.740  11.744  11.768  11.778 
   11.792  11.834  11.860  11.881  11.913  11.976  12.001  12.033 
   12.040  12.068  12.095  12.116  12.126  12.201  12.229  12.269 
   12.276  12.300  12.319  12.349  12.353  12.396  12.408  12.447 
   12.455  12.465  12.482  12.497  12.523  12.548  12.582  12.604 
   12.644  12.659  12.691  12.717  12.728  12.743  12.758  12.790 
   12.802  12.805  12.845  12.860  12.861  12.878  12.906  12.920 
   12.931  12.957  12.968  13.027  13.044  13.083  13.096  13.134 
   13.166  13.171  13.192  13.207  13.232  13.233  13.254  13.262 
   13.268  13.289  13.313  13.328  13.345  13.346  13.364  13.396 
   13.399  13.421  13.459  13.480  13.490  13.496  13.498  13.502 
   13.538  13.539  13.546  13.570  13.584  13.590  13.612  13.618 
   13.639  13.651  13.705  13.774  13.794  13.810  13.863  13.866 
   13.880  13.886  13.910  13.979  14.014  14.039  14.046  14.083 
   14.106  14.127  14.139  14.174  14.219  14.242  14.262  14.319 
   14.334  14.345  14.405  14.465  14.472  14.503  14.574  14.644 
   14.666  14.687  14.722  14.725  14.791  14.796  14.838  14.851 
   14.951  14.952  14.982  15.076  15.078  15.187  15.193  15.207 
   15.230  15.304  15.380  15.398  15.454  15.489  15.508  15.583 
   15.621  15.692  15.775  15.824  15.865  15.932  15.991  16.029 
   16.063  16.101  16.137  16.156  16.180  16.256  16.304  16.330 
   16.452  16.470  16.474  16.485  16.492  16.630  16.636  16.645 
   16.674  16.798  16.822  16.871  16.899  16.921  16.959  16.965 
   17.118  17.219  17.250  17.255  17.258  17.262  17.263  17.276 
   17.284  17.285  17.295  17.303  17.315  17.327  17.335  17.336 
   17.342  17.344  17.355  17.392  17.423  17.427  17.522  17.668 
   17.719  17.784  17.787  17.797  17.810  17.822  17.827  17.893 
   17.955  17.955  17.961  17.970  17.992  18.011  18.174  18.308 
   18.322  18.350  18.413  18.431  18.747  18.760  18.952  18.965 
   18.992  19.129  19.142  19.160  19.170  19.211  19.218  19.357 
   19.390  19.391  19.403  19.412  19.591  19.674  19.698  19.707 
   19.769  20.159  20.379  20.385  20.437  20.445  20.468  20.491 
   20.555  20.580  20.593  20.668  20.670  20.791  20.809  20.815 
   20.842  20.864  21.140  21.285  21.315  21.325  21.351  21.365 
   21.380  21.443  21.704  21.726  21.842  21.849  21.999  22.095 
   22.135  22.192  22.502  22.594  22.607  22.648  22.697  22.806 
   23.292  23.540  23.895  23.922  24.047  24.099  24.303  24.337 
   24.371  24.415  24.421  24.453  24.584  24.626  24.771  24.778 
   24.793  24.797  24.807  24.841  24.894  26.225  26.319  26.328 
   26.368  26.387  26.412  26.441  27.443  27.758  33.560  33.583 
   33.674  33.703  33.738  33.783  34.251  34.479  34.550  34.632 
   34.870  35.056  35.106  35.122  35.156  41.859  41.959  41.962 
   42.036  42.111  42.201  42.242  42.345  42.403  45.557  49.611 
   49.655  49.749  50.247  50.811  53.189  54.095  54.110  78.955 
   80.384  81.231  91.726  91.790  91.809  91.953  91.990  91.993 
   92.037  92.039  92.096  92.149  92.209  92.243  92.309  92.315 
   92.341  92.343  92.369  92.393  93.280  93.306  93.321  93.326 
   93.353  93.368  93.409  93.824  93.894 101.120 140.851 141.434 
  141.443 228.749 430.125 430.600 430.600 530.141 1271.814 1691.497 
  1691.838 1691.840 3195.701 8540.528 24825.764 81391.783 322260.281 1830824.122 


  >>> Running RHF-MP2 <<<


RMP2-TIMING
  rmp2                  :::     1401.679 (100.00%)
  Total                 :::     1401.679 (100.00%)

MP2 correlation energy (RHF) : -1.0031855768
MP2 total energy       (RHF) : -174.3739829205


  >>> Running UHF <<<

init D/C      : input mo_coeff
init ov       : zeros
no            : 16 17
nv            : 1009 1008
ov_size       : 33280
max_cycle     : 1000
conv          : 6
econv         : 9
method        : diis
mom_start     : 0
guess mix     : 0.000000
orb_swap      : [[[0, 16]], []]
init E        : -157.838556075274
init S2       : 0.750000000000123
init |[F,P]|  : 1.10e-02
init |dE|     : 2.83e-02
check file    : None

iter      total energy   |[F,P]|      |dE|         ∆E   S^2   comment
   1    -158.255694828  6.42e-03  1.54e-02  -4.17e-01  0.75  DIIS mom: 15.7/16 16.6/17
   2    -158.518315036  4.87e-04  1.19e-03  -2.63e-01  0.76  DIIS mom: 15.9/16 16.9/17
   3    -158.520706430  1.59e-04  3.43e-04  -2.39e-03  0.76  DIIS mom: 16.0/16 17.0/17
   4    -158.521227156  9.45e-05  2.01e-04  -5.21e-04  0.77  DIIS mom: 16.0/16 17.0/17
   5    -158.521491429  4.02e-05  8.37e-05  -2.64e-04  0.77  DIIS mom: 16.0/16 17.0/17
   6    -158.521543313  1.29e-05  2.73e-05  -5.19e-05  0.78  DIIS mom: 16.0/16 17.0/17
   7    -158.521548132  3.50e-06  7.71e-06  -4.82e-06  0.78  DIIS mom: 16.0/16 17.0/17
   8    -158.521548411  1.33e-06  2.87e-06  -2.79e-07  0.78  DIIS mom: 16.0/16 17.0/17
   9    -158.521548455  5.58e-07  1.15e-06  -4.33e-08  0.78  DIIS mom: 16.0/16 17.0/17
  10    -158.521548462  2.87e-07  5.61e-07  -7.72e-09  0.78  DIIS mom: 16.0/16 17.0/17
  11    -158.521548465  1.12e-07  2.21e-07  -2.61e-09  0.78  DIIS mom: 16.0/16 17.0/17
  12    -158.521548466  3.50e-08  7.08e-08  -4.31e-10  0.78  DIIS mom: 16.0/16 17.0/17
                                                                      diis is converged!

SCF converged : True
final |[F,P]| : 3.50e-08
final |dE|    : 7.08e-08
final Escf    : -295.273290610185
final Etot    : -158.521548465505
final S2      : 0.777338878683372

  diis prep             :::        0.502 (  0.02%)
  diis extrap           :::        0.374 (  0.01%)
  roothaan              :::        2.927 (  0.11%)
  fock build            :::     2768.564 ( 99.86%)
  Total                 :::     2772.368 (100.00%)

Alpha occupied
  -11.510 -11.399 -11.399  -1.570  -1.271  -1.140  -1.052  -1.039 
   -0.957  -0.859  -0.791  -0.751  -0.739  -0.723  -0.682  -0.679 

Alpha virtual
  -14.148  -0.120  -0.080  -0.067  -0.060  -0.038  -0.030  -0.027 
   -0.024  -0.020  -0.007   0.010   0.017   0.017   0.020   0.024 
    0.028   0.041   0.048   0.061   0.071   0.081   0.083   0.089 
    0.098   0.100   0.106   0.113   0.122   0.139   0.139   0.154 
    0.158   0.168   0.180   0.184   0.186   0.192   0.194   0.210 
    0.227   0.239   0.248   0.257   0.269   0.275   0.279   0.291 
    0.301   0.304   0.320   0.322   0.334   0.337   0.345   0.356 
    0.356   0.367   0.374   0.381   0.394   0.400   0.406   0.420 
    0.424   0.432   0.443   0.449   0.458   0.472   0.478   0.487 
    0.490   0.494   0.505   0.528   0.530   0.543   0.545   0.550 
    0.558   0.558   0.564   0.572   0.586   0.592   0.600   0.601 
    0.609   0.622   0.626   0.630   0.644   0.670   0.687   0.688 
    0.705   0.718   0.721   0.729   0.743   0.758   0.760   0.770 
    0.792   0.797   0.815   0.847   0.866   0.878   0.882   0.900 
    0.911   0.916   0.926   0.930   0.963   0.974   0.986   0.987 
    1.027   1.029   1.037   1.044   1.049   1.057   1.069   1.074 
    1.081   1.087   1.110   1.119   1.119   1.139   1.155   1.161 
    1.163   1.167   1.177   1.207   1.209   1.219   1.234   1.240 
    1.247   1.257   1.270   1.274   1.288   1.307   1.319   1.329 
    1.334   1.335   1.363   1.365   1.366   1.383   1.392   1.401 
    1.410   1.413   1.418   1.428   1.439   1.453   1.455   1.461 
    1.466   1.495   1.503   1.504   1.517   1.531   1.541   1.552 
    1.554   1.559   1.572   1.594   1.595   1.623   1.627   1.656 
    1.669   1.678   1.681   1.695   1.704   1.729   1.730   1.781 
    1.782   1.806   1.809   1.837   1.843   1.877   1.901   1.908 
    1.932   1.933   1.936   1.946   1.983   2.012   2.025   2.033 
    2.045   2.065   2.073   2.111   2.122   2.147   2.158   2.186 
    2.198   2.201   2.232   2.236   2.250   2.271   2.288   2.299 
    2.314   2.328   2.346   2.355   2.361   2.384   2.391   2.430 
    2.442   2.453   2.466   2.471   2.475   2.483   2.515   2.517 
    2.537   2.548   2.550   2.561   2.589   2.599   2.609   2.647 
    2.654   2.662   2.665   2.709   2.719   2.738   2.747   2.757 
    2.763   2.801   2.809   2.833   2.844   2.893   2.893   2.932 
    2.974   2.983   3.008   3.053   3.054   3.073   3.095   3.115 
    3.128   3.139   3.145   3.155   3.181   3.186   3.195   3.236 
    3.252   3.254   3.264   3.285   3.289   3.307   3.337   3.344 
    3.363   3.378   3.385   3.421   3.453   3.457   3.462   3.499 
    3.511   3.531   3.534   3.566   3.583   3.587   3.594   3.633 
    3.645   3.662   3.668   3.693   3.695   3.717   3.724   3.749 
    3.757   3.768   3.782   3.798   3.815   3.832   3.849   3.861 
    3.871   3.889   3.895   3.925   3.945   3.951   3.974   4.004 
    4.019   4.023   4.025   4.040   4.054   4.069   4.089   4.092 
    4.114   4.135   4.142   4.145   4.158   4.208   4.220   4.221 
    4.237   4.249   4.249   4.282   4.283   4.288   4.307   4.317 
    4.346   4.350   4.371   4.389   4.417   4.421   4.428   4.453 
    4.484   4.492   4.506   4.526   4.527   4.548   4.566   4.580 
    4.593   4.648   4.649   4.666   4.697   4.709   4.723   4.739 
    4.765   4.766   4.773   4.804   4.806   4.871   4.874   4.878 
    4.900   4.905   4.919   4.936   4.945   4.962   4.972   4.982 
    5.003   5.031   5.057   5.080   5.085   5.098   5.126   5.130 
    5.142   5.157   5.181   5.189   5.231   5.245   5.270   5.290 
    5.299   5.346   5.347   5.351   5.366   5.391   5.414   5.436 
    5.443   5.451   5.481   5.499   5.505   5.528   5.559   5.565 
    5.570   5.582   5.621   5.651   5.675   5.680   5.711   5.731 
    5.740   5.766   5.772   5.788   5.849   5.855   5.860   5.882 
    5.897   5.945   5.960   5.996   6.003   6.014   6.049   6.059 
    6.079   6.129   6.166   6.208   6.216   6.237   6.239   6.300 
    6.310   6.330   6.333   6.375   6.390   6.424   6.468   6.481 
    6.525   6.530   6.541   6.562   6.622   6.626   6.668   6.705 
    6.726   6.747   6.787   6.803   6.830   6.841   6.852   6.903 
    6.958   6.985   6.996   7.029   7.070   7.082   7.106   7.117 
    7.137   7.151   7.180   7.209   7.217   7.240   7.272   7.276 
    7.312   7.323   7.372   7.479   7.491   7.541   7.567   7.576 
    7.604   7.629   7.724   7.786   7.853   7.854   7.913   7.940 
    7.998   8.040   8.042   8.076   8.079   8.105   8.197   8.204 
    8.340   8.348   8.383   8.437   8.494   8.561   8.593   8.713 
    8.734   8.743   8.792   8.814   9.000   9.034   9.075   9.075 
    9.109   9.142   9.170   9.196   9.226   9.227   9.231   9.242 
    9.273   9.275   9.302   9.313   9.342   9.375   9.380   9.391 
    9.395   9.424   9.439   9.460   9.464   9.489   9.500   9.534 
    9.552   9.563   9.632   9.651   9.655   9.698   9.716   9.728 
    9.751   9.773   9.799   9.897   9.923   9.933   9.959   9.983 
   10.016  10.026  10.045  10.089  10.112  10.125  10.149  10.156 
   10.167  10.200  10.200  10.249  10.289  10.313  10.347  10.405 
   10.588  10.632  10.844  10.860  10.952  10.988  11.000  11.018 
   11.060  11.107  11.167  11.187  11.203  11.207  11.216  11.244 
   11.292  11.336  11.484  11.499  11.507  11.533  11.535  11.561 
   11.570  11.584  11.603  11.609  11.654  11.689  11.733  11.750 
   11.785  11.802  11.812  11.844  11.876  11.891  11.896  11.948 
   11.953  11.993  12.035  12.048  12.082  12.099  12.126  12.169 
   12.176  12.205  12.205  12.251  12.288  12.288  12.306  12.354 
   12.377  12.380  12.416  12.422  12.486  12.487  12.522  12.529 
   12.569  12.570  12.580  12.623  12.640  12.649  12.658  12.685 
   12.688  12.709  12.721  12.755  12.772  12.780  12.813  12.855 
   12.869  12.922  12.933  12.938  12.962  12.967  12.981  13.014 
   13.044  13.060  13.060  13.089  13.102  13.115  13.133  13.134 
   13.149  13.158  13.181  13.207  13.229  13.263  13.275  13.278 
   13.288  13.292  13.312  13.329  13.355  13.359  13.367  13.370 
   13.398  13.414  13.416  13.434  13.493  13.584  13.587  13.613 
   13.636  13.658  13.677  13.684  13.748  13.781  13.804  13.813 
   13.865  13.868  13.886  13.900  13.943  13.981  14.008  14.041 
   14.094  14.122  14.125  14.179  14.209  14.239  14.258  14.322 
   14.340  14.433  14.463  14.492  14.499  14.527  14.532  14.580 
   14.637  14.666  14.667  14.750  14.780  14.783  14.969  15.003 
   15.009  15.011  15.039  15.154  15.198  15.235  15.271  15.290 
   15.366  15.396  15.443  15.551  15.558  15.613  15.633  15.673 
   15.759  15.798  15.809  15.811  15.910  15.922  15.963  16.031 
   16.061  16.114  16.272  16.272  16.282  16.285  16.291  16.301 
   16.433  16.448  16.476  16.504  16.575  16.694  16.726  16.744 
   16.766  16.779  16.858  16.899  16.908  16.949  16.978  17.056 
   17.061  17.067  17.067  17.089  17.092  17.097  17.097  17.112 
   17.141  17.146  17.147  17.152  17.158  17.172  17.203  17.247 
   17.273  17.385  17.504  17.526  17.561  17.601  17.610  17.628 
   17.634  17.716  17.763  17.772  17.773  17.801  17.817  17.819 
   17.873  17.908  17.945  17.977  18.019  18.265  18.539  18.553 
   18.739  18.778  18.844  18.920  18.938  18.969  18.985  18.990 
   18.998  19.196  19.199  19.213  19.221  19.249  19.329  19.474 
   19.510  19.518  19.808  19.924  20.043  20.218  20.245  20.253 
   20.272  20.358  20.380  20.401  20.460  20.477  20.555  20.606 
   20.619  20.629  20.653  20.834  20.907  21.041  21.071  21.131 
   21.156  21.178  21.188  21.336  21.375  21.536  21.638  21.642 
   21.841  21.906  21.940  22.115  22.280  22.324  22.415  22.429 
   22.459  22.662  22.988  23.339  23.710  23.724  23.859  24.016 
   24.033  24.112  24.153  24.179  24.252  24.309  24.394  24.430 
   24.580  24.596  24.600  24.613  24.647  24.687  25.988  26.129 
   26.137  26.177  26.197  26.222  26.245  27.030  27.311  33.317 
   33.341  33.475  33.508  33.527  33.568  34.011  34.263  34.335 
   34.378  34.617  34.862  34.907  34.928  34.962  41.613  41.750 
   41.763  41.772  41.789  41.890  41.970  42.148  42.212  44.482 
   48.259  48.304  48.403  48.899  49.470  51.822  52.733  52.751 
   78.715  80.189  81.014  91.383  91.529  91.544  91.596  91.619 
   91.769  91.796  91.822  91.847  91.902  91.970  91.976  92.114 
   92.122  92.143  92.150  92.170  92.197  93.053  93.113  93.129 
   93.131  93.160  93.176  93.202  93.411  93.480  99.395 138.563 
  139.144 139.152 226.229 426.748 427.221 427.222 526.831 1267.853 
  1687.197 1687.537 1687.539 3191.285 8535.842 24820.938 81386.895 322255.370 
  1830819.204 

Beta occupied
  -18.431 -11.508 -11.399 -11.399  -1.665  -1.281  -1.151  -1.081 
   -1.080  -0.999  -0.900  -0.802  -0.752  -0.746  -0.723  -0.681 
   -0.681 

Beta virtual
   -0.126  -0.084  -0.067  -0.061  -0.038  -0.030  -0.027  -0.025 
   -0.020  -0.009   0.009   0.015   0.018   0.020   0.025   0.027 
    0.039   0.043   0.061   0.071   0.081   0.083   0.089   0.098 
    0.098   0.108   0.108   0.117   0.137   0.140   0.154   0.156 
    0.166   0.180   0.184   0.186   0.191   0.196   0.210   0.227 
    0.239   0.244   0.258   0.268   0.275   0.276   0.287   0.302 
    0.304   0.320   0.321   0.332   0.338   0.345   0.356   0.357 
    0.367   0.375   0.382   0.390   0.398   0.406   0.419   0.422 
    0.432   0.439   0.449   0.458   0.472   0.478   0.487   0.490 
    0.493   0.505   0.529   0.530   0.543   0.544   0.550   0.557 
    0.559   0.564   0.572   0.585   0.591   0.599   0.602   0.608 
    0.622   0.624   0.629   0.644   0.667   0.688   0.689   0.705 
    0.717   0.719   0.729   0.744   0.758   0.760   0.767   0.790 
    0.798   0.816   0.847   0.867   0.878   0.880   0.900   0.910 
    0.917   0.925   0.930   0.962   0.973   0.986   0.986   1.027 
    1.028   1.036   1.045   1.049   1.058   1.069   1.074   1.082 
    1.086   1.107   1.118   1.120   1.138   1.155   1.160   1.161 
    1.165   1.178   1.205   1.208   1.218   1.235   1.238   1.247 
    1.257   1.270   1.273   1.289   1.307   1.319   1.329   1.335 
    1.335   1.361   1.365   1.366   1.382   1.389   1.401   1.406 
    1.411   1.418   1.427   1.438   1.453   1.453   1.461   1.465 
    1.495   1.503   1.503   1.516   1.531   1.542   1.552   1.555 
    1.557   1.572   1.593   1.595   1.617   1.628   1.656   1.670 
    1.677   1.681   1.696   1.703   1.727   1.729   1.780   1.781 
    1.807   1.809   1.835   1.843   1.876   1.901   1.908   1.932 
    1.932   1.934   1.946   1.981   2.010   2.026   2.034   2.044 
    2.063   2.073   2.111   2.122   2.145   2.155   2.178   2.197 
    2.197   2.231   2.236   2.247   2.271   2.287   2.299   2.314 
    2.328   2.345   2.355   2.361   2.384   2.391   2.430   2.441 
    2.452   2.465   2.470   2.471   2.483   2.515   2.516   2.536 
    2.546   2.548   2.560   2.589   2.599   2.609   2.647   2.651 
    2.662   2.665   2.708   2.718   2.738   2.747   2.757   2.762 
    2.798   2.809   2.833   2.841   2.888   2.894   2.933   2.973 
    2.982   3.008   3.048   3.053   3.074   3.088   3.112   3.129 
    3.139   3.144   3.155   3.182   3.183   3.194   3.238   3.249 
    3.253   3.264   3.287   3.289   3.308   3.336   3.344   3.362 
    3.377   3.385   3.420   3.454   3.455   3.460   3.500   3.508 
    3.528   3.534   3.562   3.581   3.587   3.593   3.632   3.645 
    3.662   3.666   3.690   3.691   3.714   3.723   3.749   3.755 
    3.763   3.776   3.796   3.816   3.829   3.847   3.860   3.861 
    3.885   3.893   3.923   3.944   3.950   3.964   3.999   4.015 
    4.020   4.023   4.034   4.052   4.069   4.089   4.091   4.114 
    4.134   4.139   4.144   4.154   4.208   4.217   4.221   4.237 
    4.245   4.249   4.281   4.283   4.287   4.307   4.316   4.341 
    4.349   4.371   4.386   4.417   4.420   4.428   4.452   4.484 
    4.493   4.505   4.526   4.527   4.545   4.566   4.579   4.593 
    4.648   4.649   4.666   4.697   4.709   4.723   4.739   4.763 
    4.767   4.770   4.805   4.805   4.872   4.874   4.878   4.900 
    4.905   4.917   4.936   4.945   4.962   4.972   4.981   5.002 
    5.031   5.056   5.079   5.085   5.098   5.126   5.130   5.142 
    5.156   5.181   5.188   5.231   5.243   5.270   5.288   5.298 
    5.343   5.345   5.351   5.364   5.390   5.414   5.435   5.442 
    5.451   5.481   5.495   5.504   5.527   5.558   5.564   5.569 
    5.581   5.621   5.649   5.674   5.679   5.710   5.731   5.739 
    5.762   5.769   5.785   5.845   5.854   5.860   5.874   5.895 
    5.944   5.960   5.995   5.996   6.009   6.047   6.059   6.079 
    6.128   6.157   6.208   6.215   6.236   6.239   6.299   6.308 
    6.327   6.330   6.375   6.388   6.423   6.463   6.481   6.524 
    6.528   6.540   6.559   6.621   6.625   6.664   6.701   6.724 
    6.745   6.784   6.801   6.829   6.841   6.851   6.901   6.957 
    6.983   6.996   7.028   7.069   7.081   7.103   7.116   7.135 
    7.151   7.180   7.208   7.217   7.240   7.272   7.274   7.311 
    7.323   7.370   7.476   7.491   7.537   7.557   7.573   7.599 
    7.628   7.723   7.786   7.848   7.854   7.911   7.933   7.988 
    8.038   8.039   8.066   8.072   8.096   8.195   8.196   8.339 
    8.339   8.361   8.436   8.470   8.553   8.578   8.706   8.735 
    8.742   8.763   8.784   9.001   9.033   9.075   9.075   9.109 
    9.139   9.171   9.186   9.218   9.228   9.230   9.240   9.271 
    9.273   9.302   9.312   9.342   9.375   9.379   9.387   9.396 
    9.424   9.438   9.460   9.464   9.483   9.490   9.506   9.546 
    9.562   9.632   9.649   9.652   9.695   9.713   9.724   9.748 
    9.770   9.799   9.889   9.922   9.931   9.951   9.981   9.993 
   10.023  10.035  10.085  10.106  10.119  10.149  10.154  10.163 
   10.199  10.200  10.250  10.289  10.310  10.345  10.401  10.585 
   10.593  10.844  10.860  10.949  10.987  11.000  11.018  11.059 
   11.107  11.167  11.187  11.203  11.207  11.216  11.244  11.292 
   11.335  11.483  11.499  11.507  11.532  11.534  11.561  11.570 
   11.583  11.602  11.608  11.652  11.688  11.731  11.745  11.785 
   11.802  11.812  11.843  11.875  11.886  11.896  11.947  11.947 
   11.989  12.034  12.047  12.081  12.099  12.125  12.167  12.173 
   12.202  12.205  12.251  12.286  12.288  12.303  12.349  12.378 
   12.379  12.416  12.421  12.482  12.487  12.522  12.530  12.568 
   12.570  12.580  12.623  12.640  12.649  12.656  12.681  12.687 
   12.709  12.721  12.755  12.773  12.779  12.811  12.856  12.869 
   12.919  12.933  12.936  12.962  12.967  12.979  13.014  13.044 
   13.059  13.060  13.087  13.102  13.115  13.131  13.134  13.147 
   13.157  13.179  13.206  13.227  13.263  13.274  13.277  13.287 
   13.292  13.312  13.329  13.353  13.359  13.367  13.369  13.397 
   13.414  13.415  13.432  13.491  13.584  13.587  13.612  13.635 
   13.658  13.677  13.684  13.748  13.781  13.804  13.813  13.866 
   13.868  13.886  13.899  13.942  13.981  14.007  14.041  14.094 
   14.122  14.125  14.179  14.208  14.239  14.257  14.320  14.338 
   14.431  14.462  14.490  14.497  14.524  14.532  14.578  14.637 
   14.663  14.664  14.748  14.776  14.781  14.968  15.003  15.008 
   15.010  15.037  15.153  15.198  15.234  15.271  15.290  15.366 
   15.394  15.439  15.541  15.555  15.606  15.630  15.665  15.757 
   15.795  15.804  15.806  15.904  15.922  15.957  16.029  16.061 
   16.106  16.268  16.272  16.276  16.283  16.289  16.300  16.426 
   16.448  16.476  16.495  16.574  16.690  16.726  16.741  16.766 
   16.774  16.856  16.900  16.910  16.949  16.966  17.049  17.061 
   17.066  17.067  17.086  17.089  17.097  17.097  17.109  17.140 
   17.146  17.147  17.151  17.154  17.170  17.203  17.247  17.262 
   17.386  17.502  17.521  17.561  17.601  17.607  17.627  17.634 
   17.698  17.763  17.772  17.773  17.787  17.801  17.816  17.859 
   17.874  17.941  17.970  18.018  18.219  18.525  18.538  18.718 
   18.778  18.825  18.919  18.937  18.969  18.985  18.988  18.998 
   19.194  19.199  19.213  19.221  19.236  19.326  19.471  19.510 
   19.518  19.809  19.831  20.043  20.219  20.243  20.253  20.272 
   20.356  20.380  20.401  20.460  20.477  20.528  20.605  20.619 
   20.628  20.653  20.778  20.905  21.028  21.070  21.130  21.156 
   21.177  21.188  21.328  21.332  21.525  21.599  21.638  21.816 
   21.904  21.939  22.052  22.201  22.314  22.414  22.423  22.459 
   22.590  22.881  23.255  23.713  23.724  23.859  24.012  24.036 
   24.112  24.153  24.179  24.252  24.308  24.394  24.428  24.580 
   24.596  24.600  24.613  24.647  24.687  25.988  26.129  26.137 
   26.178  26.197  26.222  26.245  27.022  27.294  33.318  33.342 
   33.475  33.508  33.527  33.568  34.011  34.263  34.335  34.378 
   34.617  34.862  34.907  34.928  34.962  41.612  41.750  41.763 
   41.772  41.789  41.890  41.970  42.148  42.212  44.148  48.088 
   48.133  48.233  48.720  49.293  51.484  52.412  52.431  78.715 
   80.189  81.014  91.385  91.529  91.545  91.597  91.620  91.771 
   91.796  91.822  91.847  91.902  91.970  91.976  92.114  92.122 
   92.143  92.150  92.170  92.197  93.053  93.113  93.129  93.131 
   93.160  93.176  93.202  93.412  93.481  99.013 138.147 138.730 
  138.739 225.871 426.389 426.863 426.863 526.547 1267.659 1686.995 
  1687.335 1687.337 3191.172 8535.785 24820.913 81386.886 322255.367 1830819.203 


  >>> Running UHF-MP2 <<<

MP2 correlation energy (UHF) : -0.9731570227
MP2 total energy       (UHF) : -159.4947054882

