	*********************************************** 
	***** Beginning CEBE Calculation with MOM ***** 
	*****       Calculation Details:          ***** 
	      Geometry:	 /home/am3939/core/calculations/mols/exp/c/h2c-c-ch2.xyz
	      Core Basis:	 ccX-5Z
	      Full Basis:	 cc-pV5Z
	      DIIS (start, space):	 0 50
	      Level shift:	 0
	      Do localization?:	 False
	      Do SFX2C1E?:	 True
	      Freeze orbitals?:	 True
	      Use Cheng orbitals?:	 False
	      Do Special Basis?:	 True
	      Do Special Basis?:	 ccX-5Z
	*********************************************** 
	*********************************************** 

  >>> Running RHF <<<

init D/C      : minao
init ov       : zeros
no            : 11
nv            : 785
ov_size       : 8635
max_cycle     : 1000
conv          : 6
econv         : 9
method        : gdm
scale_stop    : 0
scale_factor  : 1.000000
init E        : -115.880710765444
init |[F,P]|  : 2.63e-03
init |dE|     : 6.17e-03
check file    : None

iter      total energy   |[F,P]|      |dE|         ∆E   comment
   1    -115.911689523  7.29e-04  1.72e-03  -3.10e-02  BFGS
   2    -115.914522939  1.82e-04  4.40e-04  -2.83e-03  BFGS
   3    -115.914637050  5.94e-05  1.41e-04  -1.14e-04  BFGS
   4    -115.914650514  1.90e-05  4.31e-05  -1.35e-05  BFGS
   5    -115.914652979  6.61e-06  1.57e-05  -2.47e-06  BFGS
   6    -115.914653204  1.78e-06  3.87e-06  -2.24e-07  BFGS
   7    -115.914653225  3.60e-07  8.45e-07  -2.15e-08  BFGS
   8    -115.914653226  7.64e-08  1.90e-07  -7.76e-10  BFGS
                                                                      gdm is converged!

SCF converged : True
final |[F,P]| : 7.64e-08
final |dE|    : 1.90e-07
final Escf    : -175.038283934901
final Etot    : -115.914653225824

  pxp & ewc             :::        0.441 (  0.13%)
  apply B               :::        0.001 (  0.00%)
  linsrch               :::      347.761 ( 99.87%)
  grad                  :::        0.014 (  0.00%)
  Total                 :::      348.217 (100.00%)

Alpha occupied
  -11.263 -11.237 -11.237  -1.074  -0.958  -0.715  -0.628  -0.608 
   -0.608  -0.379  -0.379 

Alpha virtual
    0.073   0.083   0.083   0.088   0.114   0.116   0.116   0.149 
    0.149   0.154   0.170   0.195   0.195   0.224   0.273   0.273 
    0.273   0.293   0.352   0.362   0.378   0.378   0.393   0.422 
    0.422   0.425   0.427   0.492   0.492   0.494   0.541   0.541 
    0.553   0.566   0.566   0.625   0.627   0.627   0.661   0.675 
    0.726   0.726   0.742   0.760   0.760   0.782   0.822   0.850 
    0.865   0.880   0.909   0.909   0.923   0.960   0.960   0.969 
    0.994   0.994   1.024   1.033   1.040   1.040   1.070   1.070 
    1.092   1.125   1.130   1.223   1.291   1.291   1.316   1.381 
    1.381   1.389   1.403   1.404   1.411   1.434   1.434   1.448 
    1.521   1.521   1.577   1.592   1.608   1.609   1.610   1.674 
    1.674   1.696   1.698   1.698   1.726   1.763   1.816   1.820 
    1.820   1.864   1.937   1.937   1.947   1.954   1.987   1.987 
    2.050   2.050   2.060   2.082   2.110   2.110   2.118   2.124 
    2.126   2.126   2.191   2.203   2.203   2.206   2.212   2.272 
    2.272   2.334   2.334   2.379   2.499   2.556   2.559   2.578 
    2.582   2.582   2.610   2.651   2.686   2.686   2.748   2.762 
    2.874   2.894   2.924   2.924   2.943   3.015   3.073   3.073 
    3.156   3.156   3.169   3.227   3.249   3.260   3.265   3.265 
    3.312   3.370   3.406   3.406   3.460   3.468   3.599   3.599 
    3.636   3.638   3.638   3.745   3.745   3.770   3.783   3.786 
    3.879   3.901   3.903   3.914   3.914   3.935   3.995   3.995 
    4.011   4.088   4.088   4.104   4.107   4.189   4.231   4.231 
    4.254   4.255   4.255   4.255   4.285   4.330   4.349   4.349 
    4.371   4.426   4.426   4.439   4.444   4.444   4.476   4.489 
    4.561   4.590   4.590   4.634   4.658   4.722   4.722   4.765 
    4.765   4.778   4.804   4.878   4.908   4.908   4.943   5.018 
    5.032   5.038   5.073   5.075   5.075   5.105   5.169   5.170 
    5.170   5.182   5.227   5.253   5.257   5.257   5.324   5.346 
    5.346   5.380   5.414   5.414   5.479   5.496   5.529   5.529 
    5.611   5.622   5.625   5.625   5.697   5.794   5.794   5.812 
    5.890   5.890   5.900   5.981   5.981   6.051   6.076   6.076 
    6.088   6.322   6.435   6.448   6.486   6.486   6.529   6.594 
    6.741   6.741   6.772   6.942   6.942   7.025   7.223   7.223 
    7.307   7.317   7.353   7.397   7.420   7.420   7.449   7.599 
    7.599   7.631   7.686   7.749   7.749   7.797   7.797   7.809 
    7.921   7.934   7.934   8.035   8.205   8.233   8.312   8.329 
    8.329   8.454   8.454   8.509   8.535   8.595   8.775   8.775 
    8.841   8.899   8.899   8.982   9.058   9.059   9.059   9.115 
    9.115   9.170   9.247   9.247   9.346   9.346   9.387   9.387 
    9.529   9.593   9.605   9.648   9.648   9.719   9.742   9.742 
    9.756   9.760   9.781   9.986  10.027  10.037  10.053  10.053 
   10.157  10.191  10.236  10.238  10.238  10.262  10.285  10.308 
   10.378  10.378  10.453  10.700  10.759  10.773  10.787  10.787 
   10.909  10.909  11.042  11.093  11.093  11.168  11.171  11.273 
   11.292  11.315  11.315  11.407  11.429  11.580  11.580  11.585 
   11.600  11.689  11.689  11.705  11.753  11.770  12.021  12.021 
   12.195  12.289  12.289  12.339  12.483  12.483  12.581  12.597 
   12.598  12.618  12.743  12.768  12.793  12.796  12.796  12.804 
   12.804  12.828  12.848  12.848  12.882  12.951  12.959  12.959 
   12.967  12.967  13.004  13.004  13.084  13.116  13.282  13.323 
   13.424  13.427  13.444  13.444  13.493  13.599  13.599  13.658 
   13.658  13.738  13.751  13.923  13.942  13.978  13.987  13.987 
   14.014  14.035  14.035  14.083  14.086  14.086  14.091  14.216 
   14.216  14.239  14.240  14.320  14.320  14.336  14.406  14.430 
   14.501  14.501  14.522  14.704  14.751  14.751  14.754  14.859 
   14.859  14.930  14.947  14.965  15.007  15.007  15.343  15.400 
   15.408  15.408  15.456  15.577  15.577  15.673  15.880  15.933 
   16.000  16.041  16.041  16.338  16.338  16.420  16.464  16.648 
   16.735  16.735  16.762  17.435  17.435  17.449  17.510  17.524 
   17.524  17.702  17.702  17.848  17.903  17.976  18.162  18.269 
   18.327  18.327  18.680  18.680  18.922  18.922  18.992  19.129 
   19.129  19.191  19.191  19.201  19.350  19.574  19.651  19.746 
   19.746  20.171  20.521  21.261  21.510  22.079  22.079  22.440 
   24.920  25.250  26.242  37.859  38.061  38.627  38.641  38.945 
   38.945  39.035  39.035  39.299  39.683  39.743  39.951  39.951 
   40.076  40.076  40.223  40.223  40.235  40.256  40.347  40.347 
   40.413  40.438  40.518  40.518  40.544  40.586  40.586  40.610 
   40.694  40.961  40.961  41.178  41.178  41.309  41.373  41.415 
   41.415  42.069  42.201  42.201  42.260  42.603  42.932  44.602 
   52.763  52.999  53.948  86.933  86.933  86.963  86.963  86.984 
   86.984  86.989  87.008  87.011  87.036  87.038  87.042  87.043 
   87.061  87.062  87.065  87.082  87.082  87.109  87.109  87.139 
   87.151  87.151  87.248  87.248  87.252  87.273  89.553  89.553 
   89.631  89.631  90.308  90.308  90.628  90.906  91.177 107.224 
  107.372 107.749 107.763 108.058 108.058 108.088 108.088 108.283 
  108.604 108.645 109.031 109.031 109.854 109.995 113.039 113.245 
  114.294 129.824 129.824 129.990 130.088 130.110 130.110 130.156 
  130.189 130.330 130.330 130.366 130.426 130.432 130.432 130.517 
  130.517 130.613 130.613 130.823 130.966 131.864 209.932 209.932 
  210.002 210.002 210.609 210.609 210.874 211.150 211.384 248.219 
  248.420 249.247 251.648 251.648 251.652 251.652 251.655 251.655 
  251.658 251.658 251.659 251.659 251.661 251.678 251.678 251.678 
  251.678 251.679 251.679 251.679 251.679 251.679 251.679 251.680 
  251.680 251.680 251.680 251.681 251.681 251.681 251.681 251.683 
  251.683 251.683 251.683 276.162 276.276 276.569 276.580 276.815 
  276.815 276.832 276.832 277.065 277.251 277.296 277.576 277.576 
  278.258 278.382 311.015 311.015 311.027 311.027 311.038 311.043 
  311.043 311.046 311.050 311.064 311.066 311.067 311.067 311.074 
  311.074 311.081 311.082 311.082 311.088 311.088 311.101 311.104 
  311.104 311.143 311.143 311.148 311.156 396.190 396.190 396.286 
  396.341 396.359 396.359 396.386 396.404 396.486 396.486 396.504 
  396.519 396.542 396.542 396.587 396.587 396.650 396.650 396.757 
  396.842 397.348 537.949 537.949 538.010 538.010 538.537 538.537 
  538.759 539.014 539.201 599.242 599.456 600.320 706.775 706.863 
  707.092 707.100 707.283 707.283 707.296 707.296 707.475 707.627 
  707.659 707.879 707.879 708.411 708.495 1738.506 1738.506 1738.562 
  1738.562 1739.041 1739.041 1739.239 1739.479 1739.642 2327.969 2328.384 
  2330.041 


  >>> Running RHF-MP2 <<<


RMP2-TIMING
  rmp2                  :::      411.872 (100.00%)
  Total                 :::      411.872 (100.00%)

MP2 correlation energy (RHF) : -0.6822857469
MP2 total energy       (RHF) : -116.5969389728


  >>> Running UHF <<<

init D/C      : input mo_coeff
init ov       : zeros
no            : 10 11
nv            : 786 785
ov_size       : 16495
max_cycle     : 1000
conv          : 6
econv         : 9
method        : diis
mom_start     : 0
guess mix     : 0.000000
orb_swap      : [[[0, 10]], []]
init E        : -104.651689737326
init S2       : 0.750000000000039
init |[F,P]|  : 1.16e-02
init |dE|     : 3.23e-02
check file    : None

iter      total energy   |[F,P]|      |dE|         ∆E   S^2   comment
   1    -104.906401995  8.64e-03  2.18e-02  -2.55e-01  0.76  DIIS mom: 9.6/10 10.5/11
   2    -105.230851276  7.99e-04  1.97e-03  -3.24e-01  0.76  DIIS mom: 9.9/10 10.9/11
   3    -105.237517953  3.73e-04  8.77e-04  -6.67e-03  0.77  DIIS mom: 10.0/10 11.0/11
   4    -105.240008696  2.96e-04  6.47e-04  -2.49e-03  0.79  DIIS mom: 10.0/10 11.0/11
   5    -105.243245971  2.66e-04  5.64e-04  -3.24e-03  0.83  DIIS mom: 10.0/10 11.0/11
   6    -105.247385890  2.43e-04  5.20e-04  -4.14e-03  0.91  DIIS mom: 10.0/10 11.0/11
   7    -105.255404741  1.49e-04  3.49e-04  -8.02e-03  1.47  DIIS mom: 9.9/10 11.0/11
   8    -105.254027010  1.63e-04  3.64e-04   1.38e-03  1.17  DIIS mom: 10.0/10 11.0/11
   9    -105.255692146  4.81e-05  1.06e-04  -1.67e-03  1.45  DIIS mom: 10.0/10 11.0/11
  10    -105.255769565  7.82e-06  1.72e-05  -7.74e-05  1.39  DIIS mom: 10.0/10 11.0/11
  11    -105.255772575  3.23e-06  7.17e-06  -3.01e-06  1.40  DIIS mom: 10.0/10 11.0/11
  12    -105.255772924  1.59e-06  3.50e-06  -3.49e-07  1.40  DIIS mom: 10.0/10 11.0/11
  13    -105.255773038  4.58e-07  9.89e-07  -1.14e-07  1.40  DIIS mom: 10.0/10 11.0/11
  14    -105.255773049  4.97e-08  1.05e-07  -1.16e-08  1.40  DIIS mom: 10.0/10 11.0/11
  15    -105.255773049  3.52e-08  7.89e-08  -7.75e-11  1.40  DIIS mom: 10.0/10 11.0/11
                                                                      diis is converged!

SCF converged : True
final |[F,P]| : 3.52e-08
final |dE|    : 7.89e-08
final Escf    : -164.379403758542
final Etot    : -105.255773049464
final S2      : 1.39987508420211

  diis prep             :::        0.271 (  0.04%)
  diis extrap           :::        0.246 (  0.03%)
  roothaan              :::        1.724 (  0.23%)
  fock build            :::      758.945 ( 99.71%)
  Total                 :::      761.185 (100.00%)

Alpha occupied
  -11.567 -11.567  -1.399  -1.296  -1.000  -0.944  -0.887  -0.887 
   -0.696  -0.696 

Alpha virtual
  -10.054  -0.127  -0.127  -0.078  -0.066  -0.054  -0.054  -0.038 
   -0.020  -0.020  -0.006   0.022   0.038   0.038   0.056   0.113 
    0.113   0.113   0.127   0.163   0.179   0.187   0.187   0.196 
    0.196   0.220   0.236   0.236   0.272   0.293   0.293   0.302 
    0.348   0.349   0.349   0.365   0.395   0.427   0.427   0.453 
    0.476   0.513   0.526   0.526   0.560   0.560   0.585   0.614 
    0.652   0.652   0.671   0.693   0.693   0.701   0.736   0.736 
    0.766   0.766   0.772   0.818   0.818   0.823   0.828   0.837 
    0.837   0.873   0.911   0.912   0.928   1.060   1.060   1.084 
    1.142   1.158   1.158   1.158   1.164   1.186   1.196   1.196 
    1.224   1.292   1.292   1.335   1.342   1.360   1.376   1.388 
    1.442   1.442   1.468   1.468   1.469   1.490   1.499   1.579 
    1.579   1.589   1.612   1.690   1.690   1.714   1.731   1.758 
    1.758   1.793   1.793   1.830   1.841   1.841   1.850   1.877 
    1.877   1.879   1.895   1.954   1.965   1.965   1.981   1.988 
    2.020   2.020   2.104   2.104   2.160   2.253   2.298   2.311 
    2.334   2.334   2.335   2.346   2.401   2.444   2.444   2.492 
    2.500   2.633   2.640   2.680   2.680   2.690   2.762   2.822 
    2.822   2.902   2.906   2.906   2.972   2.998   3.010   3.010 
    3.012   3.044   3.120   3.151   3.151   3.177   3.219   3.328 
    3.328   3.362   3.379   3.379   3.487   3.487   3.496   3.516 
    3.520   3.617   3.626   3.651   3.662   3.662   3.668   3.712 
    3.712   3.768   3.820   3.820   3.846   3.850   3.930   3.946 
    3.946   3.985   3.991   3.992   4.002   4.002   4.073   4.073 
    4.077   4.097   4.145   4.145   4.157   4.169   4.169   4.223 
    4.238   4.286   4.311   4.311   4.374   4.420   4.456   4.456 
    4.497   4.516   4.516   4.528   4.613   4.646   4.646   4.680 
    4.761   4.769   4.801   4.803   4.823   4.823   4.854   4.914 
    4.914   4.914   4.926   4.958   4.982   5.013   5.013   5.059 
    5.086   5.086   5.120   5.166   5.166   5.215   5.228   5.264 
    5.264   5.330   5.354   5.354   5.359   5.366   5.530   5.530 
    5.547   5.623   5.623   5.642   5.710   5.722   5.774   5.815 
    5.815   5.817   6.038   6.175   6.181   6.199   6.199   6.271 
    6.333   6.480   6.480   6.508   6.677   6.677   6.755   6.957 
    6.957   7.025   7.046   7.064   7.136   7.154   7.154   7.162 
    7.325   7.325   7.380   7.399   7.505   7.505   7.520   7.520 
    7.540   7.609   7.663   7.663   7.767   7.938   7.941   8.041 
    8.041   8.045   8.183   8.183   8.224   8.267   8.297   8.476 
    8.476   8.544   8.590   8.590   8.696   8.726   8.750   8.750 
    8.775   8.775   8.880   8.891   8.891   9.039   9.039   9.076 
    9.076   9.239   9.293   9.304   9.348   9.348   9.419   9.431 
    9.443   9.443   9.476   9.488   9.711   9.742   9.743   9.743 
    9.752   9.827   9.897   9.934   9.934   9.939   9.943   9.972 
   10.019  10.077  10.077  10.151  10.366  10.443  10.446  10.493 
   10.493  10.615  10.615  10.726  10.789  10.789  10.875  10.886 
   10.933  11.010  11.018  11.018  11.059  11.100  11.247  11.247 
   11.283  11.312  11.351  11.366  11.366  11.402  11.444  11.690 
   11.690  11.735  11.981  11.981  12.058  12.188  12.188  12.200 
   12.216  12.289  12.311  12.453  12.514  12.520  12.520  12.540 
   12.546  12.546  12.546  12.591  12.591  12.619  12.679  12.697 
   12.701  12.701  12.701  12.726  12.726  12.821  12.828  12.948 
   13.067  13.127  13.141  13.168  13.168  13.229  13.297  13.297 
   13.402  13.402  13.474  13.489  13.662  13.685  13.713  13.734 
   13.734  13.749  13.778  13.778  13.812  13.812  13.823  13.829 
   13.953  13.953  13.986  13.988  14.068  14.068  14.077  14.147 
   14.172  14.226  14.226  14.253  14.427  14.437  14.483  14.483 
   14.598  14.598  14.667  14.684  14.696  14.734  14.734  15.027 
   15.079  15.079  15.141  15.191  15.302  15.302  15.389  15.618 
   15.665  15.738  15.759  15.759  16.078  16.078  16.149  16.201 
   16.371  16.423  16.423  16.462  17.180  17.180  17.193  17.248 
   17.248  17.255  17.420  17.440  17.440  17.643  17.716  17.892 
   17.999  18.047  18.047  18.377  18.377  18.491  18.491  18.643 
   18.695  18.695  18.868  18.868  18.938  19.078  19.305  19.372 
   19.442  19.442  19.869  20.222  20.642  21.215  21.803  21.803 
   22.132  24.603  24.931  25.524  36.728  36.932  37.900  37.900 
   38.304  38.319  38.611  38.611  38.633  38.982  38.982  39.284 
   39.284  39.324  39.362  39.362  39.446  39.572  39.734  39.734 
   39.912  39.912  40.096  40.169  40.187  40.187  40.239  40.239 
   40.287  40.317  40.438  40.438  40.647  40.647  40.690  40.821 
   40.901  40.901  41.729  41.767  41.875  41.875  42.196  42.199 
   44.082  52.442  52.679  52.786  85.633  85.633  85.655  85.655 
   85.683  85.702  85.751  85.751  85.783  86.706  86.710  86.711 
   86.711  86.712  86.721  86.734  86.735  86.736  86.757  86.757 
   86.760  86.814  86.814  86.914  86.927  86.927  86.934  87.972 
   87.972  89.248  89.248  89.436  89.989  89.989  90.304  90.680 
  105.417 105.564 106.279 106.279 107.064 107.426 107.441 107.740 
  107.740 108.243 108.282 108.699 108.699 109.158 109.532 112.534 
  112.723 112.924 128.013 128.013 128.208 128.270 128.698 128.698 
  129.193 129.788 129.788 129.797 129.866 130.005 130.005 130.039 
  130.137 130.137 130.262 130.262 130.364 130.648 131.090 207.618 
  207.618 208.926 209.627 209.627 210.287 210.287 210.553 210.912 
  246.800 247.901 248.099 249.695 249.695 249.695 249.695 249.695 
  249.695 249.696 249.696 249.696 249.697 249.697 251.352 251.352 
  251.352 251.352 251.355 251.355 251.355 251.355 251.356 251.356 
  251.358 251.358 251.358 251.358 251.361 251.361 251.361 251.361 
  251.365 251.365 251.365 251.365 273.652 273.765 274.327 274.327 
  275.219 276.248 276.259 276.493 276.493 276.887 276.930 277.245 
  277.245 277.479 277.937 308.672 308.672 308.680 308.680 308.690 
  308.696 308.717 308.717 308.735 310.741 310.742 310.742 310.743 
  310.744 310.746 310.752 310.752 310.758 310.760 310.761 310.761 
  310.779 310.779 310.816 310.822 310.822 310.829 393.464 393.464 
  393.579 393.612 393.862 393.862 394.237 396.039 396.039 396.043 
  396.083 396.165 396.165 396.181 396.235 396.235 396.309 396.309 
  396.338 396.522 396.677 534.897 534.897 536.032 537.644 537.644 
  538.215 538.215 538.439 538.758 597.166 598.923 599.136 703.584 
  703.672 704.112 704.112 704.853 706.772 706.780 706.962 706.962 
  707.269 707.307 707.550 707.550 707.674 708.092 1734.854 1734.854 
  1735.888 1738.200 1738.200 1738.720 1738.720 1738.920 1739.216 2326.319 
  2327.654 2328.066 

Beta occupied
  -13.760 -11.549 -11.549  -1.504  -1.272  -1.026  -0.961  -0.951 
   -0.951  -0.767  -0.767 

Beta virtual
   -0.127  -0.127  -0.074  -0.065  -0.045  -0.045  -0.040  -0.009 
   -0.009  -0.003   0.024   0.030   0.030   0.060   0.115   0.115 
    0.116   0.119   0.158   0.175   0.192   0.192   0.199   0.208 
    0.233   0.246   0.246   0.274   0.274   0.285   0.287   0.342 
    0.352   0.352   0.368   0.395   0.429   0.429   0.449   0.469 
    0.502   0.528   0.528   0.563   0.563   0.588   0.617   0.650 
    0.659   0.672   0.672   0.675   0.691   0.749   0.749   0.768 
    0.777   0.777   0.803   0.803   0.817   0.830   0.834   0.834 
    0.873   0.901   0.913   0.926   1.064   1.064   1.081   1.142 
    1.160   1.160   1.166   1.176   1.185   1.199   1.199   1.227 
    1.294   1.294   1.326   1.342   1.362   1.375   1.383   1.450 
    1.450   1.460   1.468   1.468   1.481   1.499   1.570   1.570 
    1.590   1.611   1.678   1.678   1.693   1.730   1.747   1.747 
    1.774   1.774   1.835   1.837   1.847   1.847   1.881   1.881 
    1.886   1.898   1.959   1.969   1.969   1.980   1.989   2.020 
    2.020   2.106   2.106   2.156   2.248   2.285   2.310   2.334 
    2.336   2.336   2.343   2.409   2.444   2.444   2.482   2.514 
    2.633   2.633   2.681   2.681   2.697   2.768   2.813   2.813 
    2.899   2.906   2.906   2.969   2.993   3.003   3.010   3.010 
    3.023   3.114   3.154   3.154   3.175   3.212   3.331   3.331 
    3.366   3.377   3.377   3.483   3.483   3.495   3.508   3.521 
    3.622   3.625   3.650   3.650   3.652   3.675   3.702   3.702 
    3.768   3.820   3.820   3.847   3.853   3.927   3.927   3.932 
    3.983   3.988   3.989   4.005   4.005   4.056   4.056   4.067 
    4.105   4.141   4.141   4.148   4.177   4.177   4.216   4.220 
    4.260   4.304   4.304   4.368   4.422   4.455   4.455   4.500 
    4.505   4.508   4.508   4.599   4.640   4.640   4.664   4.753 
    4.762   4.801   4.801   4.821   4.821   4.855   4.915   4.915 
    4.918   4.919   4.955   4.982   5.011   5.011   5.058   5.087 
    5.087   5.128   5.162   5.162   5.200   5.236   5.265   5.265 
    5.322   5.340   5.351   5.351   5.364   5.530   5.530   5.543 
    5.622   5.622   5.640   5.704   5.724   5.762   5.817   5.818 
    5.818   6.036   6.177   6.178   6.192   6.192   6.269   6.328 
    6.478   6.478   6.507   6.674   6.674   6.757   6.952   6.952 
    6.997   7.026   7.064   7.140   7.150   7.157   7.157   7.329 
    7.329   7.379   7.391   7.490   7.490   7.510   7.510   7.539 
    7.597   7.664   7.664   7.761   7.923   7.944   8.036   8.036 
    8.049   8.184   8.184   8.221   8.264   8.299   8.485   8.485 
    8.544   8.567   8.567   8.688   8.688   8.697   8.721   8.768 
    8.768   8.878   8.878   8.881   9.043   9.043   9.078   9.078 
    9.240   9.295   9.301   9.355   9.355   9.409   9.425   9.430 
    9.430   9.473   9.487   9.685   9.729   9.729   9.731   9.748 
    9.799   9.895   9.916   9.916   9.936   9.939   9.978  10.028 
   10.072  10.072  10.159  10.341  10.428  10.438  10.473  10.473 
   10.615  10.615  10.740  10.787  10.787  10.875  10.881  10.910 
   10.998  11.020  11.020  11.039  11.094  11.242  11.242  11.269 
   11.308  11.317  11.363  11.363  11.381  11.435  11.672  11.682 
   11.682  11.983  11.983  12.058  12.153  12.153  12.190  12.190 
   12.300  12.317  12.447  12.513  12.517  12.517  12.538  12.541 
   12.545  12.545  12.590  12.590  12.614  12.670  12.695  12.699 
   12.699  12.699  12.726  12.726  12.813  12.825  12.939  13.067 
   13.132  13.144  13.166  13.166  13.228  13.290  13.290  13.401 
   13.401  13.475  13.488  13.659  13.684  13.707  13.732  13.732 
   13.745  13.776  13.776  13.813  13.813  13.819  13.825  13.951 
   13.951  13.985  13.986  14.067  14.067  14.076  14.146  14.170 
   14.223  14.223  14.244  14.400  14.435  14.481  14.481  14.597 
   14.597  14.666  14.683  14.696  14.729  14.729  15.020  15.067 
   15.067  15.140  15.189  15.299  15.299  15.388  15.618  15.662 
   15.738  15.756  15.756  16.076  16.076  16.147  16.199  16.364 
   16.419  16.419  16.452  17.178  17.178  17.192  17.242  17.242 
   17.253  17.386  17.436  17.436  17.641  17.715  17.893  18.001 
   18.035  18.035  18.254  18.254  18.442  18.442  18.627  18.687 
   18.687  18.880  18.880  18.938  19.075  19.304  19.368  19.442 
   19.442  19.868  20.198  20.516  21.213  21.804  21.804  22.134 
   24.610  24.938  25.276  36.569  36.773  37.754  37.754  38.311 
   38.326  38.556  38.613  38.613  38.897  38.897  39.045  39.045 
   39.248  39.350  39.369  39.380  39.471  39.718  39.718  39.917 
   39.917  40.101  40.174  40.191  40.191  40.241  40.241  40.294 
   40.314  40.379  40.379  40.652  40.652  40.653  40.774  40.904 
   40.904  41.685  41.729  41.881  41.881  42.150  42.191  44.068 
   52.434  52.491  52.683  85.561  85.562  85.586  85.586  85.617 
   85.635  85.687  85.687  85.719  86.709  86.714  86.715  86.715 
   86.717  86.724  86.737  86.738  86.740  86.761  86.761  86.764 
   86.817  86.817  86.916  86.929  86.929  86.935  87.675  87.675 
   89.152  89.252  89.252  89.991  89.991  90.306  90.680 105.210 
  105.357 106.077 106.077 106.899 107.429 107.444 107.743 107.743 
  108.242 108.285 108.700 108.700 109.126 109.534 112.231 112.723 
  112.926 127.878 127.878 128.075 128.137 128.566 128.566 129.082 
  129.791 129.791 129.799 129.869 130.007 130.007 130.042 130.139 
  130.139 130.264 130.264 130.363 130.649 131.076 207.333 207.333 
  208.646 209.629 209.629 210.289 210.289 210.554 210.913 246.523 
  247.902 248.101 249.624 249.624 249.624 249.624 249.624 249.624 
  249.624 249.624 249.624 249.624 249.625 251.354 251.354 251.354 
  251.354 251.356 251.356 251.356 251.356 251.357 251.357 251.359 
  251.359 251.359 251.359 251.362 251.362 251.362 251.362 251.366 
  251.366 251.366 251.366 273.449 273.563 274.126 274.126 275.034 
  276.249 276.260 276.495 276.495 276.887 276.931 277.246 277.246 
  277.467 277.938 308.560 308.560 308.568 308.568 308.579 308.586 
  308.606 308.606 308.625 310.742 310.743 310.743 310.745 310.745 
  310.747 310.753 310.753 310.759 310.761 310.762 310.762 310.780 
  310.780 310.817 310.823 310.823 310.830 393.306 393.306 393.421 
  393.455 393.705 393.705 394.084 396.040 396.040 396.044 396.084 
  396.166 396.166 396.182 396.236 396.236 396.310 396.310 396.338 
  396.523 396.674 534.674 534.674 535.810 537.645 537.645 538.216 
  538.216 538.440 538.759 596.943 598.924 599.137 703.419 703.507 
  703.948 703.948 704.693 706.772 706.781 706.963 706.963 707.269 
  707.308 707.551 707.551 707.670 708.092 1734.723 1734.723 1735.756 
  1738.201 1738.201 1738.720 1738.720 1738.920 1739.216 2326.198 2327.654 
  2328.066 


  >>> Running UHF-MP2 <<<

MP2 correlation energy (UHF) : -0.6113997487
MP2 total energy       (UHF) : -105.8671727982

