	*********************************************** 
	***** Beginning CEBE Calculation with MOM ***** 
	*****       Calculation Details:          ***** 
	      Geometry:	 /home/am3939/core/calculations/mols/exp/f/pf3.xyz
	      Core Basis:	 pcX-4
	      Full Basis:	 pc-4
	      DIIS (start, space):	 0 50
	      Level shift:	 0
	      Do localization?:	 True
	      Atoms that were localized?:	 ['F']
	      Do SFX2C1E?:	 True
	      Freeze orbitals?:	 True
	      Use Cheng orbitals?:	 False
	      Do Special Basis?:	 True
	      Do Special Basis?:	 pcX-4
	*********************************************** 
	*********************************************** 

  >>> Running RHF <<<

init D/C      : minao
init ov       : zeros
no            : 21
nv            : 477
ov_size       : 10017
max_cycle     : 1000
conv          : 6
econv         : 9
method        : gdm
scale_stop    : 0
scale_factor  : 1.000000
init E        : -639.252877642683
init |[F,P]|  : 6.52e-03
init |dE|     : 1.43e-02
check file    : None

iter      total energy   |[F,P]|      |dE|         ∆E   comment
   1    -639.319470645  3.93e-03  8.26e-03  -6.66e-02  BFGS
   2    -639.342710246  3.63e-04  8.67e-04  -2.32e-02  BFGS
   3    -639.343171958  1.18e-04  2.60e-04  -4.62e-04  BFGS
   4    -639.343220619  2.34e-05  5.07e-05  -4.87e-05  BFGS
   5    -639.343223158  7.43e-06  1.52e-05  -2.54e-06  BFGS
   6    -639.343223450  1.03e-06  2.44e-06  -2.92e-07  BFGS
   7    -639.343223455  2.89e-07  6.66e-07  -5.08e-09  BFGS
   8    -639.343223455  3.41e-08  7.65e-08  -4.09e-10  BFGS
                                                                      gdm is converged!

SCF converged : True
final |[F,P]| : 3.41e-08
final |dE|    : 7.65e-08
final Escf    : -833.643022412194
final Etot    : -639.343223455153

  pxp & ewc             :::        0.205 (  0.26%)
  apply B               :::        0.001 (  0.00%)
  linsrch               :::       79.609 ( 99.73%)
  grad                  :::        0.007 (  0.01%)
  Total                 :::       79.822 (100.00%)

Alpha occupied
  -80.058 -26.347 -26.347 -26.347  -7.622  -5.516  -5.516  -5.513 
   -1.711  -1.655  -1.655  -0.928  -0.809  -0.809  -0.782  -0.740 
   -0.740  -0.696  -0.696  -0.679  -0.444 

Alpha virtual
    0.073   0.073   0.084   0.124   0.180   0.180   0.210   0.210 
    0.224   0.230   0.230   0.291   0.300   0.307   0.307   0.328 
    0.412   0.412   0.423   0.452   0.452   0.494   0.522   0.522 
    0.610   0.691   0.731   0.731   0.743   0.743   0.759   0.821 
    0.821   0.844   0.854   0.862   0.862   0.873   0.888   0.888 
    0.906   0.919   0.919   0.936   0.936   0.964   1.063   1.063 
    1.155   1.170   1.170   1.204   1.204   1.279   1.321   1.370 
    1.400   1.400   1.413   1.451   1.451   1.478   1.478   1.500 
    1.570   1.597   1.597   2.057   2.081   2.081   2.104   2.104 
    2.146   2.150   2.218   2.218   2.233   2.233   2.267   2.322 
    2.322   2.322   2.330   2.330   2.345   2.348   2.367   2.367 
    2.386   2.386   2.429   2.446   2.446   2.473   2.473   2.492 
    2.585   2.590   2.590   2.642   2.681   2.681   2.727   2.780 
    2.780   2.827   2.918   2.918   2.949   2.992   2.992   3.045 
    3.045   3.046   3.111   3.111   3.120   3.182   3.189   3.299 
    3.299   3.305   3.448   3.462   3.462   3.587   3.667   3.667 
    3.868   3.888   3.888   4.016   4.016   4.147   4.239   4.239 
    4.313   5.001   5.001   5.268   5.306   5.306   5.320   5.360 
    5.360   5.381   5.465   5.465   5.513   5.516   5.526   5.526 
    5.558   5.558   5.638   5.638   5.638   5.711   5.712   5.712 
    5.779   5.801   5.801   5.849   5.859   5.859   5.950   5.950 
    5.994   6.090   6.090   6.090   6.220   6.248   6.248   6.406 
    6.406   6.411   6.456   6.456   6.561   6.574   6.574   6.580 
    6.645   6.645   6.661   6.757   6.757   6.763   6.855   6.855 
    7.099   7.301   7.301   7.412   7.445   7.445   7.464   7.532 
    7.581   7.582   7.582   7.598   7.598   7.687   7.687   7.700 
    7.700   7.738   7.741   7.804   7.804   7.880   7.918   7.918 
    7.935   8.044   8.044   8.249   8.249   8.250   8.376   8.376 
    8.382   8.505   8.789   8.789   8.905   8.979   8.979   9.236 
    9.237   9.251   9.444   9.543   9.543   9.842  10.436  10.436 
   11.098  11.701  11.701  11.919  12.079  12.079  12.672  12.744 
   12.744  12.758  12.779  12.827  12.827  13.027  13.059  13.059 
   13.161  13.215  13.215  13.238  13.252  13.252  13.273  13.276 
   13.277  13.277  13.280  13.280  13.281  13.283  13.295  13.295 
   13.348  13.348  13.367  13.435  13.435  13.474  13.570  13.570 
   13.615  13.615  13.626  13.626  13.653  13.666  13.667  13.749 
   13.749  13.814  13.825  13.825  13.915  13.915  13.917  14.541 
   14.560  14.564  14.564  14.620  14.620  14.706  14.706  14.724 
   15.654  15.654  15.659  15.713  15.713  15.738  15.792  15.792 
   15.870  15.882  15.882  15.946  15.970  15.970  16.023  16.128 
   16.128  16.153  16.419  16.419  16.556  16.612  16.612  17.028 
   17.409  17.467  17.467  19.203  19.203  20.921  20.928  20.928 
   20.933  20.933  20.941  20.943  21.010  21.010  21.103  21.103 
   21.114  21.329  21.362  21.422  21.497  21.497  21.597  21.597 
   21.987  21.987  21.997  22.079  22.097  22.097  22.526  22.526 
   26.797  31.223  31.223  31.230  31.244  31.284  31.284  31.477 
   31.517  31.517  31.596  31.742  31.742  32.097  32.097  32.230 
   34.477  34.479  34.484  34.484  34.522  34.522  35.076  35.084 
   35.084  37.049  37.125  37.125  60.732  60.750  60.750  61.548 
   61.548  85.003  85.005  85.009  85.009  85.027  85.027  85.379 
   85.410  85.410  87.381  87.448  87.448  92.987  92.987  92.991 
   93.001  93.028  93.028  93.158  93.192  93.192  93.262  93.372 
   93.372  93.745  93.745  93.794 202.478 202.514 202.514 227.783 
  227.786 227.788 227.788 227.808 227.808 228.189 228.225 228.225 
  468.697 468.731 468.731 696.171 696.175 696.175 696.175 696.193 
  696.193 696.500 696.524 696.524 1100.124 1100.154 1100.154 2654.394 
  2654.423 2654.423 2738.496 2738.499 2738.500 2738.500 2738.512 2738.512 
  2738.733 2738.750 2738.750 6680.729 6680.756 6680.756 17848.833 17848.858 
  17848.858 51827.496 51827.520 51827.520 169672.494 169672.516 169672.516 670600.362 
  670600.382 670600.382 3802079.359 3802079.375 3802079.375 


  >>> Running RHF-MP2 <<<


RMP2-TIMING
  rmp2                  :::       82.464 (100.00%)
  Total                 :::       82.464 (100.00%)

MP2 correlation energy (RHF) : -1.3994980333
MP2 total energy       (RHF) : -640.7427214884


  >>> Running UHF <<<

init D/C      : input mo_coeff
init ov       : zeros
no            : 20 21
nv            : 478 477
ov_size       : 19577
max_cycle     : 1000
conv          : 6
econv         : 9
method        : diis
mom_start     : 0
guess mix     : 0.000000
orb_swap      : [[[1, 20]], []]
init E        : -613.1952999364
init S2       : 0.750000000000131
init |[F,P]|  : 3.67e-02
init |dE|     : 6.90e-02
check file    : None

iter      total energy   |[F,P]|      |dE|         ∆E   S^2   comment
   1    -613.646835220  9.80e-03  2.39e-02  -4.52e-01  0.75  DIIS mom: 19.7/20 20.7/21
   2    -613.856252720  2.97e-03  6.69e-03  -2.09e-01  0.76  DIIS mom: 19.9/20 21.0/21
   3    -613.876563085  2.13e-04  5.16e-04  -2.03e-02  0.76  DIIS mom: 20.0/20 21.0/21
   4    -613.876852698  1.15e-04  2.62e-04  -2.90e-04  0.76  DIIS mom: 20.0/20 21.0/21
   5    -613.876932336  4.84e-05  1.10e-04  -7.96e-05  0.76  DIIS mom: 20.0/20 21.0/21
   6    -613.876966640  1.74e-05  3.73e-05  -3.43e-05  0.76  DIIS mom: 20.0/20 21.0/21
   7    -613.876975142  1.28e-05  2.71e-05  -8.50e-06  0.76  DIIS mom: 20.0/20 21.0/21
   8    -613.876984658  7.74e-06  1.63e-05  -9.52e-06  0.76  DIIS mom: 20.0/20 21.0/21
   9    -613.876989420  2.31e-06  4.94e-06  -4.76e-06  0.76  DIIS mom: 20.0/20 21.0/21
  10    -613.876989711  7.49e-07  1.56e-06  -2.91e-07  0.76  DIIS mom: 20.0/20 21.0/21
  11    -613.876989724  1.87e-07  3.87e-07  -1.31e-08  0.76  DIIS mom: 20.0/20 21.0/21
  12    -613.876989725  5.51e-08  1.11e-07  -5.38e-10  0.76  DIIS mom: 20.0/20 21.0/21
                                                                      diis is converged!

SCF converged : True
final |[F,P]| : 5.51e-08
final |dE|    : 1.11e-07
final Escf    : -808.176788681934
final Etot    : -613.876989724893
final S2      : 0.763666941840953

  diis prep             :::        0.080 (  0.06%)
  diis extrap           :::        0.074 (  0.06%)
  roothaan              :::        0.575 (  0.44%)
  fock build            :::      131.322 ( 99.45%)
  Total                 :::      132.051 (100.00%)

Alpha occupied
  -80.363 -26.609 -26.609  -7.929  -5.825  -5.819  -5.817  -2.252 
   -1.947  -1.909  -1.443  -1.364  -1.363  -1.137  -1.041  -1.014 
   -0.992  -0.961  -0.938  -0.735 

Alpha virtual
  -24.594  -0.132  -0.124  -0.081  -0.068  -0.034  -0.030   0.024 
    0.028   0.029   0.048   0.056   0.065   0.108   0.127   0.132 
    0.147   0.172   0.192   0.193   0.230   0.235   0.251   0.272 
    0.294   0.376   0.438   0.483   0.492   0.499   0.525   0.538 
    0.563   0.563   0.586   0.603   0.621   0.627   0.627   0.646 
    0.668   0.685   0.685   0.704   0.705   0.733   0.734   0.789 
    0.814   0.899   0.910   0.926   0.956   0.972   1.032   1.076 
    1.113   1.137   1.156   1.158   1.194   1.197   1.216   1.234 
    1.259   1.316   1.345   1.354   1.705   1.777   1.808   1.823 
    1.836   1.863   1.879   1.906   1.916   1.940   1.948   1.970 
    1.981   1.986   2.010   2.021   2.035   2.068   2.071   2.081 
    2.106   2.133   2.143   2.177   2.178   2.197   2.203   2.225 
    2.231   2.309   2.316   2.335   2.367   2.395   2.413   2.443 
    2.501   2.502   2.565   2.613   2.663   2.669   2.710   2.726 
    2.763   2.771   2.780   2.825   2.826   2.843   2.899   2.921 
    3.014   3.024   3.029   3.166   3.181   3.201   3.309   3.387 
    3.399   3.517   3.569   3.617   3.696   3.746   3.865   3.931 
    3.956   4.032   4.680   4.723   4.966   4.981   4.993   5.013 
    5.041   5.042   5.065   5.076   5.087   5.210   5.225   5.236 
    5.243   5.262   5.273   5.277   5.304   5.310   5.341   5.356 
    5.370   5.458   5.472   5.482   5.548   5.561   5.568   5.615 
    5.699   5.701   5.758   5.781   5.794   5.818   5.897   5.984 
    6.039   6.065   6.113   6.148   6.151   6.252   6.259   6.281 
    6.299   6.335   6.348   6.373   6.418   6.478   6.482   6.534 
    6.598   6.798   6.959   7.015   7.099   7.120   7.128   7.144 
    7.176   7.191   7.298   7.324   7.324   7.340   7.354   7.380 
    7.409   7.422   7.441   7.451   7.494   7.519   7.583   7.611 
    7.635   7.639   7.735   7.758   7.931   7.950   7.968   7.991 
    8.082   8.099   8.212   8.462   8.500   8.599   8.684   8.690 
    8.890   8.936   8.967   9.138   9.223   9.262   9.535  10.105 
   10.155  10.794  11.384  11.409  11.611  11.755  11.785  12.160 
   12.212  12.361  12.498  12.498  12.535  12.545  12.550  12.585 
   12.787  12.804  12.829  12.830  12.841  12.843  12.879  12.901 
   12.941  12.944  12.999  13.001  13.021  13.024  13.030  13.030 
   13.034  13.035  13.038  13.076  13.112  13.128  13.147  13.219 
   13.236  13.283  13.291  13.293  13.302  13.342  13.365  13.389 
   13.416  13.419  13.471  13.556  13.567  13.587  13.600  13.662 
   13.822  13.858  14.013  14.299  14.313  14.332  14.358  14.461 
   14.471  15.160  15.161  15.240  15.322  15.361  15.433  15.441 
   15.459  15.488  15.583  15.595  15.618  15.640  15.655  15.701 
   15.766  15.793  15.878  16.079  16.101  16.191  16.253  16.348 
   16.701  17.095  17.148  17.170  18.850  18.917  20.439  20.441 
   20.523  20.560  20.678  20.679  20.682  20.686  20.725  20.791 
   20.799  20.852  20.955  21.026  21.028  21.168  21.212  21.283 
   21.318  21.544  21.566  21.737  21.786  21.793  21.840  22.130 
   22.269  26.489  30.276  30.313  30.624  30.645  30.971  30.972 
   31.005  31.027  31.138  31.246  31.335  31.385  31.475  31.830 
   31.931  33.390  33.409  34.002  34.223  34.229  34.241  34.264 
   34.822  34.828  36.080  36.817  36.867  60.426  60.442  60.448 
   61.239  61.246  83.212  83.224  83.613  84.745  84.751  84.753 
   84.767  85.128  85.149  85.790  87.143  87.188  91.035  91.061 
   91.291  91.314  91.797  92.729  92.731  92.752  92.767  92.919 
   92.977  93.019  93.094  93.476  93.516 199.966 202.229 202.253 
  224.815 224.825 225.241 227.526 227.528 227.532 227.548 227.940 
  227.963 465.130 468.448 468.470 691.771 691.780 692.111 695.914 
  695.915 695.919 695.932 696.247 696.262 1095.558 1099.873 1099.894 
  2649.038 2654.144 2654.163 2732.859 2732.865 2733.103 2738.239 2738.239 
  2738.243 2738.252 2738.479 2738.490 6674.839 6680.478 6680.496 17842.632 
  17848.582 17848.599 51821.137 51827.245 51827.260 169666.065 169672.242 169672.256 
  670593.906 670600.109 670600.122 3802072.893 3802079.105 3802079.116 

Beta occupied
  -80.363 -30.107 -26.608 -26.608  -7.929  -5.823  -5.819  -5.817 
   -2.386  -1.947  -1.908  -1.528  -1.457  -1.456  -1.140  -1.041 
   -1.014  -0.992  -0.959  -0.938  -0.739 

Beta virtual
   -0.135  -0.128  -0.084  -0.071  -0.036  -0.030   0.022   0.026 
    0.028   0.041   0.056   0.063   0.107   0.126   0.132   0.147 
    0.173   0.192   0.193   0.227   0.236   0.250   0.271   0.293 
    0.373   0.434   0.483   0.490   0.497   0.525   0.534   0.560 
    0.565   0.585   0.602   0.618   0.627   0.628   0.645   0.668 
    0.685   0.686   0.704   0.705   0.733   0.735   0.784   0.814 
    0.900   0.911   0.925   0.957   0.973   1.031   1.077   1.113 
    1.136   1.155   1.159   1.195   1.196   1.218   1.235   1.260 
    1.314   1.343   1.355   1.674   1.781   1.808   1.822   1.835 
    1.864   1.880   1.909   1.910   1.928   1.930   1.962   1.974 
    1.976   2.010   2.021   2.035   2.068   2.071   2.081   2.107 
    2.133   2.144   2.177   2.178   2.196   2.204   2.226   2.232 
    2.310   2.315   2.335   2.367   2.396   2.412   2.442   2.503 
    2.504   2.565   2.613   2.663   2.669   2.707   2.727   2.761 
    2.772   2.780   2.825   2.826   2.844   2.900   2.922   3.015 
    3.025   3.029   3.167   3.182   3.201   3.309   3.388   3.400 
    3.503   3.567   3.617   3.695   3.746   3.865   3.931   3.956 
    4.032   4.676   4.722   4.965   4.977   4.991   5.012   5.036 
    5.037   5.061   5.075   5.086   5.126   5.222   5.235   5.240 
    5.244   5.254   5.277   5.286   5.289   5.335   5.349   5.363 
    5.441   5.462   5.472   5.546   5.558   5.559   5.615   5.691 
    5.700   5.746   5.774   5.793   5.800   5.888   5.985   6.041 
    6.063   6.113   6.146   6.149   6.252   6.258   6.278   6.298 
    6.335   6.348   6.373   6.419   6.479   6.482   6.535   6.598 
    6.797   6.956   7.016   7.100   7.121   7.124   7.143   7.179 
    7.193   7.298   7.324   7.324   7.340   7.354   7.380   7.409 
    7.423   7.442   7.452   7.493   7.519   7.584   7.611   7.635 
    7.639   7.735   7.758   7.931   7.951   7.969   7.979   8.083 
    8.100   8.213   8.462   8.501   8.600   8.683   8.690   8.891 
    8.937   8.967   9.138   9.224   9.261   9.535  10.104  10.155 
   10.794  11.383  11.409  11.611  11.751  11.785  12.131  12.184 
   12.357  12.493  12.499  12.516  12.519  12.549  12.580  12.781 
   12.788  12.827  12.830  12.843  12.845  12.880  12.897  12.929 
   12.941  12.998  12.999  13.020  13.023  13.030  13.030  13.034 
   13.035  13.037  13.073  13.111  13.128  13.146  13.216  13.226 
   13.280  13.289  13.291  13.300  13.342  13.364  13.389  13.411 
   13.415  13.469  13.555  13.567  13.582  13.592  13.662  13.681 
   13.727  13.817  14.299  14.313  14.332  14.357  14.461  14.470 
   15.080  15.150  15.201  15.312  15.353  15.431  15.438  15.459 
   15.488  15.579  15.588  15.619  15.639  15.653  15.698  15.762 
   15.792  15.878  16.075  16.098  16.181  16.253  16.348  16.695 
   17.095  17.148  17.169  18.843  18.917  20.434  20.436  20.518 
   20.555  20.678  20.680  20.682  20.686  20.725  20.789  20.799 
   20.852  20.952  21.021  21.026  21.167  21.212  21.283  21.317 
   21.539  21.562  21.737  21.786  21.793  21.840  22.126  22.269 
   26.487  30.202  30.239  30.550  30.572  30.971  30.972  31.005 
   31.027  31.062  31.246  31.329  31.383  31.471  31.830  31.930 
   33.107  33.126  33.725  34.223  34.229  34.241  34.263  34.822 
   34.828  35.724  36.817  36.867  60.426  60.443  60.447  61.239 
   61.246  82.776  82.788  83.177  84.746  84.751  84.753  84.767 
   85.125  85.150  85.321  87.143  87.188  90.786  90.812  91.042 
   91.066  91.548  92.730  92.731  92.752  92.768  92.919  92.976 
   93.018  93.094  93.475  93.516 199.466 202.229 202.253 224.283 
  224.294 224.711 227.526 227.528 227.532 227.548 227.940 227.963 
  464.689 468.448 468.470 691.309 691.318 691.649 695.914 695.915 
  695.919 695.932 696.247 696.262 1095.224 1099.873 1099.894 2648.820 
  2654.144 2654.163 2732.597 2732.604 2732.841 2738.239 2738.239 2738.243 
  2738.252 2738.479 2738.490 6674.715 6680.478 6680.496 17842.571 17848.582 
  17848.599 51821.111 51827.245 51827.260 169666.056 169672.242 169672.256 670593.903 
  670600.109 670600.122 3802072.892 3802079.105 3802079.116 

  SA 0  : 0 (0.94)    SB 0  : 0 (0.94)
  SA 1  : 2 (0.50) 3 (0.50)    SB 1  : 1 (0.99)
  SA 2  : 2 (0.50) 3 (0.50)    SB 2  : 2 (0.50) 3 (0.50)
  SA 3  : 4 (0.32) 5 (0.33) 6 (0.33)    SB 3  : 2 (0.50) 3 (0.50)
  SA 4  : 4 (0.50) 5 (0.12) 6 (0.12) 7 (0.25)    SB 4  : 4 (0.32) 5 (0.33) 6 (0.33)
  SA 5  : 5 (0.50) 6 (0.50)    SB 5  : 4 (0.61) 5 (0.15) 6 (0.15)
  SA 6  : 4 (0.17) 7 (0.71)    SB 6  : 5 (0.50) 6 (0.50)
  SA 7  : 8 (0.35) 9 (0.21) 14 (0.21) 15 (0.21)    SB 7  : 7 (0.86)
  SA 8  : 10 (0.20) 11 (0.20) 18 (0.10) 19 (0.10)    SB 8  : 8 (0.33) 9 (0.21) 14 (0.22) 15 (0.21)
  SA 9  : 10 (0.18) 11 (0.18) 12 (0.12) 13 (0.10) 16 (0.12) 17 (0.10) 18 (0.10) 19 (0.10)    SB 9  : 10 (0.20) 11 (0.20) 18 (0.10) 19 (0.10)
  SA 10 : 8 (0.60) 14 (0.15)    SB 10 : 10 (0.18) 11 (0.18) 12 (0.12) 13 (0.10) 16 (0.12) 17 (0.10) 18 (0.10) 19 (0.10)
  SA 11 : 9 (0.18) 14 (0.61) 15 (0.18)    SB 11 : 8 (0.61) 14 (0.15)
  SA 12 : 9 (0.48) 15 (0.48)    SB 12 : 9 (0.18) 14 (0.60) 15 (0.18)
  SA 13 : 10 (0.25) 11 (0.25)    SB 13 : 9 (0.48) 15 (0.48)
  SA 14 : 10 (0.28) 11 (0.28) 18 (0.15) 19 (0.15)    SB 14 : 10 (0.25) 11 (0.25)
  SA 15 : 12 (0.24) 16 (0.24) 18 (0.23) 19 (0.23)    SB 15 : 10 (0.28) 11 (0.28) 18 (0.14) 19 (0.14)
  SA 16 : 13 (0.37) 17 (0.37)    SB 16 : 12 (0.26) 16 (0.26) 18 (0.21) 19 (0.21)
  SA 17 : 13 (0.30) 17 (0.30) 18 (0.19) 19 (0.19)    SB 17 : 13 (0.36) 17 (0.36)
  SA 18 : 12 (0.38) 16 (0.38)    SB 18 : 13 (0.31) 17 (0.31) 18 (0.19) 19 (0.19)
  SA 19 : 20 (0.82)    SB 19 : 12 (0.38) 16 (0.38)
  SB 20 : 20 (0.80)

The transition for spin alpha is from 18 (0.01) to 1 (0.98).



  >>> Running UHF-MP2 <<<

MP2 correlation energy (UHF) : -1.3473373975
MP2 total energy       (UHF) : -615.2243271224

