	*********************************************** 
	***** Beginning CEBE Calculation with MOM ***** 
	*****       Calculation Details:          ***** 
	      Geometry:	 /home/am3939/core/calculations/mols/exp/c/ch3-c-n.xyz
	      Core Basis:	 pcX-4
	      Full Basis:	 pc-4
	      DIIS (start, space):	 0 50
	      Level shift:	 0
	      Do localization?:	 False
	      Do SFX2C1E?:	 True
	      Freeze orbitals?:	 True
	      Use Cheng orbitals?:	 False
	      Do Special Basis?:	 True
	      Do Special Basis?:	 pcX-4
	*********************************************** 
	*********************************************** 

  >>> Running RHF <<<

init D/C      : minao
init ov       : zeros
no            : 11
nv            : 549
ov_size       : 6039
max_cycle     : 1000
conv          : 6
econv         : 9
method        : gdm
scale_stop    : 0
scale_factor  : 1.000000
init E        : -131.725412129329
init |[F,P]|  : 7.20e-03
init |dE|     : 1.41e-02
check file    : None

iter      total energy   |[F,P]|      |dE|         ∆E   comment
   1    -131.769619983  5.61e-03  1.28e-02  -4.42e-02  BFGS
   2    -131.820660889  9.26e-04  1.74e-03  -5.10e-02  BFGS
   3    -131.822065817  2.27e-04  4.56e-04  -1.40e-03  BFGS
   4    -131.822220643  6.10e-05  1.38e-04  -1.55e-04  BFGS
   5    -131.822232280  1.75e-05  3.68e-05  -1.16e-05  BFGS
   6    -131.822233427  6.27e-06  1.35e-05  -1.15e-06  BFGS
   7    -131.822233647  3.17e-06  6.99e-06  -2.20e-07  BFGS
   8    -131.822233702  1.69e-06  3.43e-06  -5.51e-08  BFGS
   9    -131.822233715  5.66e-07  1.22e-06  -1.26e-08  BFGS
  10    -131.822233716  2.06e-07  4.71e-07  -1.42e-09  BFGS
  11    -131.822233716  8.60e-08  1.80e-07  -1.94e-10  BFGS
                                                                      gdm is converged!

SCF converged : True
final |[F,P]| : 8.60e-08
final |dE|    : 1.80e-07
final Escf    : -190.58554837497
final Etot    : -131.822233716388

  pxp & ewc             :::        0.336 (  0.17%)
  apply B               :::        0.002 (  0.00%)
  linsrch               :::      200.366 ( 99.83%)
  grad                  :::        0.012 (  0.01%)
  Total                 :::      200.716 (100.00%)

Alpha occupied
  -15.569 -11.292 -11.283  -1.222  -1.119  -0.775  -0.663  -0.562 
   -0.519  -0.466  -0.409 

Alpha virtual
    0.026   0.066   0.068   0.077   0.102   0.111   0.113   0.117 
    0.119   0.165   0.167   0.175   0.186   0.211   0.218   0.221 
    0.259   0.264   0.284   0.297   0.310   0.317   0.354   0.356 
    0.367   0.368   0.373   0.406   0.410   0.415   0.453   0.469 
    0.470   0.473   0.508   0.527   0.539   0.546   0.583   0.593 
    0.595   0.614   0.620   0.631   0.659   0.671   0.678   0.680 
    0.702   0.717   0.751   0.761   0.768   0.801   0.834   0.874 
    0.875   0.882   0.889   0.910   0.912   0.975   0.978   0.993 
    1.050   1.090   1.103   1.114   1.128   1.182   1.191   1.225 
    1.242   1.256   1.287   1.300   1.310   1.327   1.341   1.358 
    1.366   1.373   1.414   1.422   1.446   1.457   1.477   1.498 
    1.534   1.539   1.570   1.572   1.603   1.625   1.646   1.653 
    1.682   1.696   1.737   1.783   1.783   1.819   1.867   1.890 
    1.937   1.953   1.955   1.974   2.001   2.026   2.050   2.071 
    2.086   2.095   2.112   2.184   2.201   2.219   2.242   2.261 
    2.332   2.348   2.400   2.403   2.407   2.443   2.491   2.502 
    2.527   2.541   2.573   2.587   2.589   2.699   2.708   2.718 
    2.790   2.848   2.854   2.883   2.954   3.043   3.058   3.099 
    3.143   3.219   3.219   3.261   3.261   3.287   3.309   3.312 
    3.392   3.409   3.493   3.562   3.568   3.625   3.632   3.680 
    3.711   3.716   3.762   3.766   3.792   3.821   3.880   3.903 
    3.912   3.984   4.010   4.055   4.070   4.150   4.170   4.217 
    4.244   4.255   4.271   4.300   4.302   4.391   4.395   4.429 
    4.442   4.485   4.518   4.527   4.553   4.591   4.607   4.637 
    4.669   4.684   4.702   4.735   4.787   4.810   4.832   4.863 
    4.889   4.911   4.951   4.953   4.978   4.997   5.014   5.073 
    5.105   5.142   5.179   5.209   5.247   5.291   5.317   5.386 
    5.431   5.446   5.449   5.485   5.490   5.556   5.645   5.686 
    5.709   5.740   5.779   5.800   5.864   5.893   5.992   6.020 
    6.030   6.058   6.108   6.169   6.224   6.280   6.306   6.398 
    6.467   6.520   6.602   6.613   6.627   6.682   6.758   6.794 
    6.857   6.863   6.886   6.926   6.966   6.998   7.007   7.078 
    7.122   7.131   7.215   7.224   7.277   7.282   7.344   7.438 
    7.478   7.585   7.819   7.876   7.942   7.946   7.994   8.196 
    8.221   8.261   8.477   8.725   8.960   9.028   9.094   9.133 
    9.144   9.202   9.206   9.256   9.289   9.345   9.406   9.468 
    9.499   9.507   9.583   9.630   9.737   9.880   9.892   9.989 
   10.010  10.012  10.186  10.277  10.598  10.665  10.697  10.707 
   10.805  10.833  10.944  10.991  10.994  11.031  11.085  11.135 
   11.142  11.184  11.205  11.234  11.239  11.283  11.294  11.377 
   11.417  11.467  11.487  11.519  11.536  11.590  11.615  11.715 
   11.747  11.749  11.843  11.868  11.932  11.961  11.976  11.988 
   11.988  12.042  12.070  12.132  12.186  12.236  12.247  12.281 
   12.309  12.327  12.340  12.376  12.377  12.445  12.498  12.511 
   12.574  12.576  12.611  12.644  12.749  12.751  12.780  12.785 
   12.852  12.930  12.947  13.024  13.061  13.250  13.278  13.304 
   13.322  13.365  13.411  13.419  13.507  13.517  13.602  13.660 
   13.735  13.767  13.787  13.829  13.882  13.920  14.057  14.060 
   14.096  14.107  14.170  14.288  14.340  14.428  14.552  14.660 
   14.786  14.920  14.922  14.922  14.962  15.027  15.208  15.215 
   15.231  15.261  15.265  15.473  15.559  15.565  15.613  15.668 
   15.758  15.767  15.924  15.929  15.940  16.025  16.034  16.102 
   16.205  16.380  16.418  16.629  16.836  16.858  17.076  17.077 
   17.198  17.378  17.387  17.541  17.562  17.583  17.611  17.834 
   18.108  18.310  18.334  18.362  18.422  18.531  18.723  18.793 
   18.911  19.021  19.229  19.310  19.348  19.541  19.725  19.826 
   19.921  19.987  20.293  20.324  20.505  20.779  20.880  20.941 
   21.373  21.387  21.714  22.081  22.142  22.632  24.202  24.214 
   24.469  25.051  25.101  25.376  26.001  26.099  26.346  26.434 
   27.428  27.440  29.161  29.761  30.576  32.821  32.827  33.388 
   33.788  34.040  34.195  34.336  34.609  34.827  35.826  36.348 
   36.390  36.919  37.417  37.864  39.376  42.011  42.087  42.536 
   48.887  48.891  49.376  49.399  50.357  62.595  63.102  91.842 
   91.868  92.000  92.169  92.663  93.071  93.232  93.330  93.363 
   94.747  94.788  94.910  95.269  95.675  96.944 108.070 136.768 
  137.235 288.931 288.966 289.040 289.334 289.643 290.690 311.094 
  311.538 739.482 739.918 1137.963 1137.990 1138.034 1138.244 1138.470 
  1139.213 1851.318 1851.733 4946.765 4947.157 14408.114 14408.483 47393.513 
  47393.854 188468.284 188468.591 1077044.338 1077044.599 


  >>> Running RHF-MP2 <<<


RMP2-TIMING
  rmp2                  :::      117.940 (100.00%)
  Total                 :::      117.940 (100.00%)

MP2 correlation energy (RHF) : -0.7243348689
MP2 total energy       (RHF) : -132.5465685853


  >>> Running UHF <<<

init D/C      : input mo_coeff
init ov       : zeros
no            : 10 11
nv            : 550 549
ov_size       : 11539
max_cycle     : 1000
conv          : 6
econv         : 9
method        : diis
mom_start     : 0
guess mix     : 0.000000
orb_swap      : [[[2, 10]], []]
init E        : -120.539386774101
init S2       : 0.750000000000082
init |[F,P]|  : 1.49e-02
init |dE|     : 3.85e-02
check file    : None

iter      total energy   |[F,P]|      |dE|         ∆E   S^2   comment
   1    -120.740988178  1.08e-02  2.57e-02  -2.02e-01  0.76  DIIS mom: 9.7/10 10.6/11
   2    -121.040097290  2.55e-03  6.24e-03  -2.99e-01  0.76  DIIS mom: 9.9/10 10.9/11
   3    -121.061284706  6.99e-04  1.66e-03  -2.12e-02  0.77  DIIS mom: 10.0/10 11.0/11
   4    -121.064047196  3.71e-04  8.02e-04  -2.76e-03  0.78  DIIS mom: 10.0/10 11.0/11
   5    -121.066229705  3.57e-04  7.71e-04  -2.18e-03  0.80  DIIS mom: 10.0/10 11.0/11
   6    -121.068848976  3.52e-04  7.62e-04  -2.62e-03  0.83  DIIS mom: 10.0/10 11.0/11
   7    -121.072041454  3.45e-04  7.47e-04  -3.19e-03  0.88  DIIS mom: 10.0/10 11.0/11
   8    -121.081028793  3.82e-04  9.38e-04  -8.99e-03  1.62  DIIS mom: 9.9/10 10.9/11
   9    -121.080431748  2.59e-04  5.87e-04   5.97e-04  1.10  DIIS mom: 10.0/10 11.0/11
  10    -121.083469794  1.01e-04  2.28e-04  -3.04e-03  1.29  DIIS mom: 10.0/10 11.0/11
  11    -121.083873197  1.10e-05  2.45e-05  -4.03e-04  1.39  DIIS mom: 10.0/10 11.0/11
  12    -121.083874854  7.63e-06  1.65e-05  -1.66e-06  1.38  DIIS mom: 10.0/10 11.0/11
  13    -121.083876879  1.55e-06  3.52e-06  -2.02e-06  1.38  DIIS mom: 10.0/10 11.0/11
  14    -121.083876602  3.20e-06  7.35e-06   2.78e-07  1.38  DIIS mom: 10.0/10 11.0/11
  15    -121.083876928  4.46e-07  1.03e-06  -3.27e-07  1.38  DIIS mom: 10.0/10 11.0/11
  16    -121.083876934  9.49e-08  2.05e-07  -6.03e-09  1.38  DIIS mom: 10.0/10 11.0/11
  17    -121.083876934  1.51e-07  3.37e-07   5.72e-10  1.38  DIIS mom: 10.0/10 11.0/11
                                                                      diis is converged!

SCF converged : True
final |[F,P]| : 1.51e-07
final |dE|    : 3.37e-07
final Escf    : -179.847191592422
final Etot    : -121.083876933841
final S2      : 1.38214203007231

  diis prep             :::        0.156 (  0.04%)
  diis extrap           :::        0.154 (  0.04%)
  roothaan              :::        1.063 (  0.31%)
  fock build            :::      345.912 ( 99.60%)
  Total                 :::      347.285 (100.00%)

Alpha occupied
  -16.010 -11.561  -1.685  -1.395  -1.087  -0.975  -0.938  -0.923 
   -0.858  -0.682 

Alpha virtual
  -10.166  -0.152  -0.147  -0.127  -0.077  -0.075  -0.063  -0.046 
   -0.032  -0.032  -0.021  -0.017   0.016   0.028   0.051   0.058 
    0.060   0.072   0.081   0.095   0.121   0.122   0.129   0.154 
    0.165   0.185   0.187   0.195   0.208   0.235   0.236   0.263 
    0.279   0.290   0.295   0.314   0.331   0.340   0.373   0.379 
    0.389   0.410   0.427   0.441   0.442   0.452   0.466   0.470 
    0.480   0.522   0.530   0.559   0.568   0.579   0.585   0.621 
    0.632   0.636   0.652   0.654   0.693   0.694   0.741   0.780 
    0.781   0.812   0.851   0.883   0.908   0.911   0.932   0.947 
    0.980   1.004   1.031   1.037   1.063   1.067   1.091   1.135 
    1.151   1.154   1.160   1.201   1.209   1.221   1.239   1.252 
    1.275   1.299   1.306   1.328   1.357   1.363   1.379   1.396 
    1.425   1.432   1.448   1.513   1.517   1.543   1.573   1.601 
    1.627   1.670   1.675   1.683   1.721   1.739   1.791   1.792 
    1.804   1.806   1.823   1.861   1.933   1.946   1.977   1.994 
    2.009   2.070   2.128   2.136   2.160   2.177   2.206   2.228 
    2.245   2.254   2.276   2.288   2.322   2.336   2.435   2.449 
    2.492   2.528   2.599   2.613   2.641   2.690   2.764   2.770 
    2.851   2.864   2.905   2.941   2.948   3.000   3.018   3.054 
    3.076   3.125   3.152   3.227   3.320   3.323   3.343   3.361 
    3.375   3.406   3.412   3.472   3.540   3.546   3.576   3.608 
    3.646   3.657   3.752   3.764   3.785   3.826   3.897   3.920 
    3.939   3.966   3.986   3.989   4.009   4.038   4.102   4.129 
    4.148   4.168   4.224   4.234   4.242   4.284   4.291   4.300 
    4.369   4.383   4.385   4.416   4.480   4.514   4.518   4.552 
    4.553   4.577   4.616   4.643   4.647   4.671   4.702   4.709 
    4.779   4.826   4.864   4.885   4.926   4.964   5.028   5.033 
    5.096   5.107   5.114   5.153   5.179   5.186   5.274   5.360 
    5.430   5.434   5.470   5.482   5.516   5.580   5.609   5.665 
    5.707   5.744   5.793   5.834   5.884   5.936   5.994   6.038 
    6.096   6.175   6.200   6.309   6.329   6.349   6.429   6.456 
    6.531   6.573   6.602   6.605   6.640   6.706   6.730   6.763 
    6.809   6.834   6.837   6.860   6.896   6.964   6.973   7.050 
    7.095   7.114   7.240   7.443   7.601   7.604   7.631   7.663 
    7.879   7.921   7.958   8.111   8.357   8.636   8.733   8.774 
    8.816   8.840   8.931   8.959   9.003   9.049   9.106   9.167 
    9.221   9.244   9.266   9.340   9.383   9.499   9.605   9.616 
    9.642   9.648   9.758   9.929   9.987  10.189  10.238  10.280 
   10.415  10.425  10.441  10.578  10.651  10.659  10.687  10.712 
   10.763  10.836  10.841  10.916  10.921  10.931  10.996  11.008 
   11.082  11.117  11.167  11.184  11.190  11.205  11.307  11.312 
   11.327  11.328  11.392  11.392  11.464  11.488  11.498  11.580 
   11.580  11.642  11.689  11.795  11.816  11.881  11.893  11.980 
   11.982  11.985  12.001  12.021  12.039  12.043  12.152  12.225 
   12.229  12.233  12.272  12.276  12.333  12.414  12.416  12.445 
   12.483  12.515  12.645  12.682  12.736  12.762  12.897  12.916 
   12.952  12.984  13.027  13.100  13.107  13.142  13.183  13.305 
   13.329  13.424  13.435  13.464  13.553  13.571  13.605  13.743 
   13.765  13.828  13.831  13.876  14.013  14.018  14.164  14.194 
   14.300  14.499  14.499  14.540  14.611  14.611  14.770  14.809 
   14.811  14.842  14.968  14.976  15.076  15.077  15.268  15.313 
   15.391  15.399  15.511  15.535  15.539  15.580  15.664  15.746 
   15.775  15.943  16.004  16.047  16.151  16.447  16.463  16.778 
   16.837  16.838  17.105  17.120  17.123  17.157  17.341  17.353 
   17.598  17.788  17.894  17.912  18.052  18.163  18.261  18.480 
   18.552  18.674  18.766  18.887  18.900  18.908  19.123  19.484 
   19.590  19.682  19.748  20.051  20.081  20.269  20.517  20.629 
   20.702  21.137  21.148  21.475  21.599  21.905  22.395  23.964 
   23.978  24.229  24.671  24.815  25.140  25.761  25.861  26.109 
   26.187  27.001  27.013  28.584  29.496  29.836  31.657  31.662 
   32.812  32.867  33.200  33.669  34.010  34.314  34.544  34.844 
   35.181  35.235  36.432  37.153  37.571  38.348  41.775  41.849 
   42.293  48.456  48.460  48.950  48.973  49.930  61.662  62.388 
   91.599  91.624  91.756  91.929  92.424  92.775  92.825  92.857 
   93.000  93.092  93.116  94.301  94.986  95.329  95.396 107.646 
  135.151 136.548 286.051 286.083 287.557 289.005 289.050 289.364 
  308.766 310.873 736.555 739.257 1134.278 1134.301 1135.402 1137.879 
  1137.964 1138.194 1847.942 1851.091 4943.106 4946.536 14404.296 14407.882 
  47389.609 47393.278 188464.326 188468.045 1077040.331 1077044.095 

Beta occupied
  -15.972 -13.872 -11.560  -1.698  -1.412  -1.165  -1.014  -0.989 
   -0.921  -0.853  -0.680 

Beta virtual
   -0.143  -0.142  -0.122  -0.079  -0.069  -0.059  -0.051  -0.036 
   -0.035  -0.020  -0.016   0.014   0.027   0.042   0.052   0.062 
    0.073   0.082   0.083   0.120   0.121   0.130   0.138   0.150 
    0.187   0.188   0.195   0.207   0.235   0.240   0.256   0.279 
    0.287   0.291   0.309   0.334   0.341   0.371   0.378   0.384 
    0.410   0.428   0.443   0.444   0.456   0.471   0.475   0.483 
    0.520   0.528   0.551   0.565   0.574   0.589   0.616   0.624 
    0.626   0.644   0.652   0.685   0.686   0.728   0.777   0.780 
    0.804   0.842   0.883   0.903   0.911   0.930   0.940   0.976 
    0.997   1.018   1.040   1.066   1.072   1.090   1.134   1.154 
    1.159   1.161   1.205   1.216   1.231   1.241   1.255   1.275 
    1.306   1.309   1.333   1.360   1.365   1.387   1.408   1.435 
    1.440   1.451   1.514   1.527   1.551   1.564   1.593   1.617 
    1.655   1.679   1.686   1.706   1.734   1.770   1.770   1.795 
    1.807   1.810   1.856   1.918   1.924   1.968   1.991   2.011 
    2.074   2.124   2.140   2.159   2.173   2.200   2.212   2.219 
    2.254   2.266   2.284   2.321   2.331   2.431   2.443   2.489 
    2.530   2.594   2.611   2.636   2.683   2.756   2.782   2.853 
    2.880   2.896   2.956   2.975   2.997   3.020   3.051   3.073 
    3.120   3.143   3.227   3.314   3.320   3.343   3.355   3.372 
    3.413   3.430   3.478   3.538   3.544   3.571   3.593   3.645 
    3.657   3.752   3.761   3.773   3.822   3.897   3.898   3.934 
    3.950   3.976   3.980   4.005   4.032   4.103   4.131   4.146 
    4.163   4.224   4.231   4.242   4.280   4.294   4.305   4.371 
    4.380   4.380   4.405   4.471   4.497   4.506   4.542   4.546 
    4.560   4.593   4.639   4.645   4.668   4.701   4.706   4.778 
    4.824   4.857   4.876   4.925   4.959   5.030   5.033   5.094 
    5.122   5.136   5.147   5.171   5.186   5.260   5.349   5.429 
    5.433   5.468   5.487   5.516   5.561   5.607   5.648   5.689 
    5.736   5.785   5.827   5.881   5.936   5.989   6.038   6.071 
    6.176   6.177   6.300   6.313   6.343   6.422   6.444   6.529 
    6.552   6.595   6.602   6.637   6.707   6.731   6.766   6.811 
    6.851   6.875   6.880   6.899   6.945   6.971   7.041   7.098 
    7.133   7.249   7.420   7.610   7.613   7.621   7.631   7.883 
    7.918   7.956   8.097   8.348   8.620   8.721   8.758   8.813 
    8.834   8.929   8.958   9.001   9.048   9.105   9.165   9.219 
    9.241   9.264   9.338   9.385   9.499   9.632   9.634   9.649 
    9.655   9.755   9.925   9.980  10.168  10.180  10.222  10.398 
   10.413  10.420  10.568  10.643  10.648  10.679  10.701  10.754 
   10.837  10.839  10.889  10.894  10.928  10.993  11.005  11.079 
   11.106  11.154  11.181  11.186  11.196  11.289  11.295  11.341 
   11.344  11.370  11.371  11.457  11.487  11.501  11.607  11.607 
   11.640  11.686  11.789  11.796  11.849  11.889  11.974  11.981 
   11.993  12.007  12.017  12.037  12.046  12.131  12.214  12.222 
   12.227  12.257  12.270  12.330  12.404  12.410  12.443  12.481 
   12.500  12.641  12.678  12.724  12.755  12.882  12.889  12.922 
   12.973  13.021  13.080  13.093  13.115  13.173  13.301  13.330 
   13.423  13.424  13.458  13.551  13.562  13.595  13.715  13.763 
   13.827  13.828  13.871  13.951  14.017  14.158  14.169  14.287 
   14.527  14.536  14.540  14.570  14.606  14.753  14.758  14.836 
   14.838  14.930  14.972  15.025  15.033  15.253  15.309  15.386 
   15.396  15.514  15.555  15.555  15.578  15.660  15.735  15.774 
   15.942  16.002  16.045  16.097  16.455  16.470  16.760  16.837 
   16.837  17.103  17.136  17.162  17.181  17.340  17.351  17.598 
   17.790  17.902  17.920  18.050  18.162  18.258  18.480  18.552 
   18.673  18.765  18.855  18.896  18.897  19.109  19.483  19.589 
   19.681  19.747  20.051  20.081  20.268  20.515  20.628  20.701 
   21.136  21.147  21.473  21.569  21.904  22.394  23.962  23.977 
   24.227  24.684  24.814  25.139  25.759  25.859  26.108  26.184 
   27.024  27.037  28.468  29.496  29.692  31.499  31.504  32.673 
   32.720  33.183  33.651  33.989  34.305  34.530  34.721  34.906 
   34.968  36.386  37.153  37.554  38.162  41.774  41.848  42.291 
   48.476  48.479  48.964  48.987  49.940  61.352  62.381  91.599 
   91.620  91.753  91.928  92.423  92.437  92.471  92.831  92.993 
   93.091  93.108  94.111  94.985  95.171  95.395 107.653 134.838 
  136.546 285.729 285.760 287.261 288.982 289.050 289.363 308.502 
  310.872 736.367 739.256 1134.094 1134.116 1135.220 1137.876 1137.964 
  1138.194 1847.828 1851.091 4943.047 4946.536 14404.270 14407.882 47389.599 
  47393.278 188464.323 188468.045 1077040.330 1077044.095 


  >>> Running UHF-MP2 <<<

MP2 correlation energy (UHF) : -0.6518217979
MP2 total energy       (UHF) : -121.7356987317

