	*********************************************** 
	***** Beginning CEBE Calculation with MOM ***** 
	*****       Calculation Details:          ***** 
	      Geometry:	 /home/am3939/core/calculations/mols/exp/f/c3h7f.xyz
	      Core Basis:	 pcX-4
	      Full Basis:	 pc-4
	      DIIS (start, space):	 0 50
	      Level shift:	 0
	      Do localization?:	 False
	      Do SFX2C1E?:	 True
	      Freeze orbitals?:	 True
	      Use Cheng orbitals?:	 False
	      Do Special Basis?:	 True
	      Do Special Basis?:	 pcX-4
	*********************************************** 
	*********************************************** 

  >>> Running RHF <<<

init D/C      : minao
init ov       : zeros
no            : 17
nv            : 882
ov_size       : 14994
max_cycle     : 1000
conv          : 6
econv         : 9
method        : gdm
scale_stop    : 0
scale_factor  : 1.000000
init E        : -217.128929256033
init |[F,P]|  : 4.12e-03
init |dE|     : 9.36e-03
check file    : None

iter      total energy   |[F,P]|      |dE|         ∆E   comment
   1    -217.185953516  2.39e-03  6.08e-03  -5.70e-02  BFGS
   2    -217.207016799  2.98e-04  6.90e-04  -2.11e-02  BFGS
   3    -217.207371050  8.85e-05  2.08e-04  -3.54e-04  BFGS
   4    -217.207412084  1.92e-05  4.39e-05  -4.10e-05  BFGS
   5    -217.207414557  6.09e-06  1.31e-05  -2.47e-06  BFGS
   6    -217.207414893  1.41e-06  3.02e-06  -3.36e-07  BFGS
   7    -217.207414905  4.78e-07  9.59e-07  -1.18e-08  BFGS
   8    -217.207414906  1.29e-07  2.48e-07  -1.31e-09  BFGS
   9    -217.207414906  3.04e-08  6.13e-08  -7.07e-11  BFGS
                                                                      gdm is converged!

SCF converged : True
final |[F,P]| : 3.04e-08
final |dE|    : 6.13e-08
final Escf    : -344.249478571994
final Etot    : -217.20741490613

  pxp & ewc             :::        1.271 (  0.07%)
  apply B               :::        0.003 (  0.00%)
  linsrch               :::     1722.866 ( 99.92%)
  grad                  :::        0.042 (  0.00%)
  Total                 :::     1724.182 (100.00%)

Alpha occupied
  -26.253 -11.301 -11.233 -11.224  -1.551  -1.063  -0.937  -0.828 
   -0.704  -0.661  -0.641  -0.609  -0.571  -0.544  -0.514  -0.496 
   -0.473 

Alpha virtual
    0.048   0.061   0.066   0.068   0.093   0.098   0.103   0.106 
    0.111   0.137   0.138   0.143   0.148   0.155   0.160   0.169 
    0.205   0.216   0.229   0.241   0.258   0.260   0.271   0.284 
    0.295   0.299   0.318   0.322   0.324   0.330   0.342   0.346 
    0.361   0.364   0.373   0.379   0.381   0.399   0.406   0.422 
    0.428   0.460   0.463   0.478   0.481   0.487   0.492   0.505 
    0.506   0.528   0.531   0.547   0.550   0.570   0.591   0.591 
    0.607   0.616   0.619   0.630   0.642   0.645   0.649   0.663 
    0.668   0.669   0.679   0.683   0.684   0.712   0.713   0.730 
    0.748   0.754   0.760   0.764   0.765   0.811   0.829   0.853 
    0.858   0.861   0.863   0.880   0.912   0.937   0.938   0.962 
    0.964   1.000   1.011   1.013   1.020   1.032   1.041   1.058 
    1.086   1.087   1.097   1.101   1.107   1.145   1.169   1.176 
    1.182   1.186   1.190   1.196   1.216   1.231   1.245   1.254 
    1.290   1.307   1.312   1.333   1.334   1.339   1.345   1.358 
    1.368   1.378   1.408   1.415   1.427   1.441   1.449   1.465 
    1.477   1.490   1.501   1.513   1.518   1.529   1.544   1.548 
    1.560   1.565   1.567   1.573   1.594   1.597   1.624   1.640 
    1.645   1.678   1.685   1.687   1.698   1.706   1.723   1.743 
    1.755   1.770   1.774   1.781   1.798   1.847   1.854   1.886 
    1.924   1.940   1.949   1.961   1.982   2.005   2.023   2.048 
    2.052   2.061   2.100   2.133   2.166   2.188   2.189   2.195 
    2.242   2.272   2.280   2.311   2.318   2.346   2.349   2.378 
    2.388   2.388   2.406   2.413   2.433   2.444   2.463   2.476 
    2.491   2.495   2.507   2.524   2.544   2.573   2.576   2.600 
    2.609   2.637   2.646   2.650   2.669   2.694   2.697   2.715 
    2.728   2.736   2.751   2.766   2.780   2.828   2.834   2.850 
    2.859   2.869   2.880   2.885   2.914   2.942   2.964   2.972 
    2.981   3.015   3.015   3.045   3.061   3.101   3.112   3.122 
    3.152   3.210   3.251   3.275   3.279   3.309   3.317   3.349 
    3.350   3.375   3.402   3.442   3.453   3.463   3.497   3.509 
    3.560   3.582   3.587   3.609   3.645   3.656   3.660   3.675 
    3.696   3.727   3.737   3.764   3.774   3.786   3.794   3.839 
    3.857   3.878   3.935   3.956   3.971   3.980   3.986   4.016 
    4.028   4.044   4.068   4.095   4.116   4.146   4.151   4.169 
    4.170   4.201   4.230   4.237   4.237   4.247   4.259   4.275 
    4.302   4.325   4.347   4.377   4.385   4.389   4.391   4.426 
    4.435   4.442   4.463   4.505   4.528   4.542   4.566   4.573 
    4.596   4.637   4.677   4.688   4.710   4.735   4.786   4.796 
    4.802   4.816   4.842   4.854   4.860   4.888   4.889   4.907 
    4.931   4.954   4.994   5.001   5.008   5.032   5.037   5.085 
    5.089   5.142   5.157   5.163   5.197   5.202   5.230   5.240 
    5.253   5.284   5.311   5.320   5.328   5.360   5.368   5.396 
    5.410   5.419   5.443   5.477   5.506   5.516   5.528   5.535 
    5.569   5.631   5.636   5.653   5.668   5.680   5.697   5.711 
    5.754   5.756   5.772   5.792   5.837   5.845   5.846   5.881 
    5.897   5.906   5.942   5.943   5.963   5.971   6.033   6.043 
    6.052   6.089   6.100   6.125   6.126   6.140   6.201   6.204 
    6.218   6.271   6.292   6.344   6.408   6.420   6.441   6.445 
    6.500   6.523   6.544   6.565   6.616   6.635   6.681   6.708 
    6.732   6.742   6.755   6.812   6.858   6.861   6.900   6.966 
    7.012   7.021   7.029   7.051   7.055   7.082   7.136   7.137 
    7.230   7.231   7.277   7.310   7.320   7.333   7.344   7.370 
    7.392   7.408   7.463   7.477   7.539   7.546   7.629   7.633 
    7.666   7.766   7.780   7.781   7.816   7.840   7.878   7.932 
    8.010   8.061   8.111   8.144   8.176   8.228   8.258   8.277 
    8.310   8.391   8.418   8.519   8.573   8.603   8.675   8.783 
    8.839   9.024   9.068   9.110   9.197   9.241   9.272   9.277 
    9.347   9.381   9.387   9.431   9.437   9.478   9.486   9.489 
    9.525   9.536   9.550   9.558   9.586   9.591   9.597   9.631 
    9.673   9.693   9.719   9.736   9.768   9.773   9.825   9.829 
    9.871   9.881   9.925   9.951  10.054  10.078  10.125  10.126 
   10.189  10.205  10.228  10.233  10.261  10.300  10.346  10.370 
   10.372  10.468  10.529  10.621  10.947  10.985  11.037  11.158 
   11.158  11.191  11.237  11.271  11.307  11.310  11.358  11.399 
   11.404  11.411  11.567  11.578  11.631  11.634  11.671  11.688 
   11.689  11.745  11.772  11.798  11.808  11.830  11.858  11.903 
   11.957  11.967  12.020  12.059  12.066  12.086  12.124  12.167 
   12.217  12.242  12.251  12.311  12.350  12.395  12.427  12.442 
   12.512  12.547  12.550  12.568  12.599  12.618  12.627  12.695 
   12.714  12.729  12.747  12.747  12.782  12.804  12.823  12.844 
   12.870  12.904  12.941  12.944  12.975  12.990  13.022  13.033 
   13.064  13.078  13.099  13.141  13.161  13.165  13.178  13.193 
   13.215  13.228  13.242  13.259  13.265  13.278  13.293  13.322 
   13.336  13.383  13.386  13.398  13.398  13.418  13.431  13.433 
   13.452  13.456  13.464  13.471  13.524  13.533  13.565  13.576 
   13.629  13.637  13.649  13.679  13.719  13.727  13.763  13.775 
   13.814  13.826  13.853  13.867  13.869  13.910  13.924  13.945 
   13.987  14.028  14.081  14.092  14.112  14.171  14.197  14.200 
   14.228  14.261  14.270  14.307  14.313  14.400  14.500  14.573 
   14.573  14.625  14.642  14.665  14.679  14.694  14.781  14.795 
   14.819  14.825  14.904  14.926  14.976  15.017  15.071  15.158 
   15.215  15.224  15.228  15.255  15.307  15.356  15.428  15.471 
   15.482  15.649  15.676  15.704  15.771  15.895  15.922  15.975 
   15.994  16.035  16.114  16.175  16.205  16.294  16.342  16.386 
   16.415  16.520  16.560  16.591  16.628  16.789  16.808  16.853 
   16.890  17.062  17.072  17.212  17.236  17.239  17.254  17.258 
   17.266  17.272  17.280  17.300  17.310  17.316  17.322  17.328 
   17.336  17.353  17.361  17.365  17.562  17.569  17.704  17.740 
   17.758  17.766  17.860  17.915  17.938  17.957  17.965  17.974 
   17.992  18.065  18.284  18.775  18.888  18.978  19.049  19.131 
   19.151  19.153  19.281  19.313  19.329  19.368  19.381  19.502 
   19.636  19.704  19.878  20.020  20.189  20.397  20.422  20.444 
   20.525  20.534  20.661  20.673  20.686  20.734  20.734  20.844 
   20.894  20.951  21.068  21.075  21.231  21.244  21.284  21.287 
   21.321  21.354  21.430  21.579  21.715  21.724  21.836  21.960 
   22.097  22.118  22.217  22.398  22.438  22.465  22.513  22.663 
   22.727  23.549  23.943  24.155  24.211  24.246  24.311  24.501 
   24.516  24.619  24.647  24.689  24.748  24.756  24.793  24.794 
   26.198  26.211  26.284  26.303  26.373  26.611  27.010  31.483 
   31.493  31.874  31.914  32.352  33.464  33.507  33.564  33.567 
   33.652  33.674  34.122  34.162  34.372  34.531  34.698  34.780 
   34.949  34.967  35.066  35.074  35.133  35.578  37.883  41.747 
   41.911  42.030  42.136  42.166  42.275  42.429  78.658  79.676 
   80.732  85.189  85.239  85.693  88.025  91.734  91.867  91.920 
   91.952  91.982  92.108  92.142  92.176  92.235  92.242  92.291 
   92.295  92.324  92.333  93.188  93.198  93.234  93.254  93.268 
   93.307  93.335  93.491  93.514  93.539  93.629  94.060 202.964 
  227.956 227.998 228.546 469.166 696.327 696.360 696.793 1100.573 
  2654.824 2738.634 2738.657 2738.969 6681.142 17849.228 51827.872 169672.848 
  670600.689 3802079.647 


  >>> Running RHF-MP2 <<<


RMP2-TIMING
  rmp2                  :::     1271.110 (100.00%)
  Total                 :::     1271.110 (100.00%)

MP2 correlation energy (RHF) : -1.0482068763
MP2 total energy       (RHF) : -218.2556217824


  >>> Running UHF <<<

init D/C      : input mo_coeff
init ov       : zeros
no            : 16 17
nv            : 883 882
ov_size       : 29122
max_cycle     : 1000
conv          : 6
econv         : 9
method        : diis
mom_start     : 0
guess mix     : 0.000000
orb_swap      : [[[0, 16]], []]
init E        : -190.953994779842
init S2       : 0.750000000000146
init |[F,P]|  : 1.34e-02
init |dE|     : 4.20e-02
check file    : None

iter      total energy   |[F,P]|      |dE|         ∆E   S^2   comment
   1    -191.620891200  5.83e-03  1.97e-02  -6.67e-01  0.75  DIIS mom: 15.7/16 16.7/17
   2    -191.850674204  5.62e-04  1.64e-03  -2.30e-01  0.75  DIIS mom: 16.0/16 17.0/17
   3    -191.853173987  1.22e-04  3.27e-04  -2.50e-03  0.76  DIIS mom: 16.0/16 17.0/17
   4    -191.853423941  5.62e-05  1.55e-04  -2.50e-04  0.76  DIIS mom: 16.0/16 17.0/17
   5    -191.853494541  1.79e-05  4.67e-05  -7.06e-05  0.76  DIIS mom: 16.0/16 17.0/17
   6    -191.853502283  6.49e-06  1.47e-05  -7.74e-06  0.76  DIIS mom: 16.0/16 17.0/17
   7    -191.853503172  2.63e-06  5.43e-06  -8.89e-07  0.76  DIIS mom: 16.0/16 17.0/17
   8    -191.853503303  9.07e-07  1.76e-06  -1.31e-07  0.76  DIIS mom: 16.0/16 17.0/17
   9    -191.853503318  2.76e-07  5.25e-07  -1.53e-08  0.76  DIIS mom: 16.0/16 17.0/17
  10    -191.853503320  1.01e-07  1.94e-07  -1.65e-09  0.76  DIIS mom: 16.0/16 17.0/17
  11    -191.853503320  4.50e-08  8.64e-08  -2.39e-10  0.76  DIIS mom: 16.0/16 17.0/17
                                                                      diis is converged!

SCF converged : True
final |[F,P]| : 4.50e-08
final |dE|    : 8.64e-08
final Escf    : -318.895566986001
final Etot    : -191.853503320137
final S2      : 0.762145249772161

  diis prep             :::        0.588 (  0.03%)
  diis extrap           :::        0.424 (  0.02%)
  roothaan              :::        3.526 (  0.16%)
  fock build            :::     2267.418 ( 99.80%)
  Total                 :::     2271.957 (100.00%)

Alpha occupied
  -11.594 -11.450 -11.399  -2.101  -1.362  -1.247  -1.236  -1.221 
   -1.098  -1.024  -0.912  -0.799  -0.784  -0.720  -0.697  -0.685 

Alpha virtual
  -24.465  -0.100  -0.084  -0.070  -0.070  -0.041  -0.035  -0.028 
   -0.021  -0.018  -0.008   0.014   0.018   0.018   0.020   0.029 
    0.040   0.041   0.064   0.073   0.087   0.090   0.105   0.115 
    0.119   0.142   0.144   0.145   0.157   0.159   0.165   0.173 
    0.182   0.184   0.192   0.209   0.211   0.227   0.230   0.234 
    0.238   0.260   0.286   0.295   0.309   0.320   0.320   0.332 
    0.340   0.346   0.363   0.370   0.379   0.381   0.407   0.418 
    0.422   0.425   0.451   0.456   0.464   0.476   0.481   0.486 
    0.489   0.500   0.509   0.523   0.523   0.534   0.539   0.543 
    0.557   0.580   0.581   0.590   0.595   0.601   0.615   0.646 
    0.663   0.667   0.672   0.692   0.707   0.727   0.733   0.736 
    0.737   0.753   0.761   0.777   0.805   0.810   0.833   0.843 
    0.863   0.863   0.890   0.903   0.909   0.911   0.940   0.965 
    0.978   0.982   0.986   1.015   1.020   1.041   1.044   1.048 
    1.075   1.105   1.125   1.130   1.138   1.143   1.154   1.155 
    1.169   1.191   1.203   1.210   1.213   1.236   1.263   1.269 
    1.273   1.287   1.309   1.319   1.329   1.343   1.352   1.361 
    1.372   1.372   1.377   1.388   1.400   1.405   1.418   1.434 
    1.450   1.461   1.479   1.482   1.498   1.504   1.525   1.536 
    1.553   1.561   1.584   1.584   1.599   1.606   1.650   1.663 
    1.693   1.712   1.715   1.747   1.749   1.782   1.808   1.827 
    1.836   1.852   1.878   1.892   1.902   1.942   1.964   1.967 
    1.982   2.029   2.049   2.050   2.065   2.076   2.084   2.116 
    2.125   2.132   2.144   2.145   2.158   2.180   2.184   2.198 
    2.242   2.252   2.276   2.279   2.282   2.308   2.325   2.353 
    2.379   2.402   2.425   2.426   2.441   2.461   2.461   2.475 
    2.513   2.523   2.533   2.540   2.549   2.561   2.574   2.582 
    2.622   2.632   2.641   2.651   2.653   2.673   2.705   2.706 
    2.721   2.765   2.791   2.794   2.808   2.848   2.878   2.898 
    2.905   2.923   2.969   3.017   3.049   3.064   3.090   3.094 
    3.126   3.138   3.169   3.185   3.219   3.220   3.246   3.297 
    3.307   3.355   3.370   3.377   3.379   3.422   3.453   3.467 
    3.469   3.489   3.523   3.535   3.556   3.570   3.588   3.595 
    3.628   3.639   3.683   3.738   3.741   3.758   3.769   3.774 
    3.795   3.809   3.826   3.863   3.889   3.907   3.923   3.934 
    3.955   3.960   3.987   4.015   4.018   4.026   4.035   4.055 
    4.076   4.093   4.117   4.128   4.151   4.173   4.180   4.193 
    4.204   4.239   4.265   4.268   4.314   4.336   4.350   4.361 
    4.372   4.392   4.425   4.468   4.475   4.486   4.509   4.570 
    4.574   4.577   4.587   4.633   4.638   4.656   4.674   4.674 
    4.705   4.722   4.735   4.789   4.794   4.811   4.828   4.831 
    4.862   4.872   4.901   4.928   4.938   4.980   4.983   5.019 
    5.023   5.033   5.066   5.082   5.097   5.105   5.141   5.149 
    5.150   5.200   5.201   5.205   5.232   5.247   5.304   5.308 
    5.309   5.323   5.358   5.361   5.401   5.404   5.413   5.447 
    5.477   5.503   5.511   5.539   5.556   5.561   5.600   5.612 
    5.618   5.630   5.651   5.660   5.676   5.698   5.719   5.736 
    5.748   5.752   5.803   5.813   5.835   5.891   5.907   5.909 
    5.952   5.991   6.017   6.063   6.086   6.114   6.149   6.208 
    6.230   6.260   6.296   6.304   6.342   6.345   6.353   6.399 
    6.411   6.440   6.479   6.496   6.584   6.599   6.626   6.677 
    6.718   6.752   6.754   6.805   6.818   6.826   6.842   6.873 
    6.908   6.963   7.019   7.042   7.053   7.063   7.098   7.109 
    7.130   7.140   7.193   7.225   7.244   7.284   7.304   7.325 
    7.375   7.395   7.411   7.453   7.459   7.560   7.573   7.620 
    7.703   7.748   7.764   7.832   7.886   7.939   8.001   8.048 
    8.063   8.078   8.099   8.152   8.255   8.301   8.330   8.370 
    8.507   8.657   8.713   8.839   8.904   8.924   9.027   9.049 
    9.065   9.146   9.182   9.188   9.223   9.233   9.237   9.272 
    9.301   9.311   9.325   9.341   9.341   9.354   9.376   9.382 
    9.414   9.460   9.463   9.479   9.516   9.541   9.599   9.620 
    9.626   9.653   9.672   9.697   9.741   9.794   9.841   9.915 
    9.929   9.978  10.005  10.010  10.035  10.040  10.073  10.101 
   10.137  10.178  10.203  10.324  10.413  10.707  10.747  10.807 
   10.923  10.939  10.983  11.009  11.058  11.095  11.116  11.129 
   11.175  11.180  11.199  11.288  11.298  11.391  11.400  11.444 
   11.479  11.497  11.509  11.551  11.563  11.571  11.616  11.636 
   11.697  11.714  11.753  11.794  11.818  11.833  11.853  11.888 
   11.936  11.944  11.993  12.025  12.076  12.146  12.190  12.235 
   12.254  12.287  12.290  12.333  12.351  12.356  12.378  12.392 
   12.417  12.461  12.483  12.498  12.502  12.531  12.550  12.585 
   12.591  12.624  12.640  12.644  12.664  12.676  12.708  12.778 
   12.782  12.817  12.821  12.832  12.866  12.880  12.902  12.926 
   12.955  12.966  12.979  12.982  12.990  12.993  13.010  13.015 
   13.034  13.043  13.058  13.078  13.085  13.096  13.115  13.156 
   13.171  13.189  13.227  13.228  13.234  13.258  13.289  13.305 
   13.332  13.346  13.353  13.364  13.380  13.444  13.447  13.496 
   13.507  13.535  13.575  13.595  13.602  13.637  13.638  13.709 
   13.714  13.733  13.778  13.810  13.841  13.850  13.871  13.936 
   13.973  13.978  14.007  14.044  14.053  14.098  14.126  14.187 
   14.202  14.247  14.296  14.306  14.391  14.411  14.428  14.466 
   14.477  14.498  14.557  14.592  14.603  14.664  14.719  14.726 
   14.790  14.914  14.983  15.018  15.048  15.084  15.160  15.192 
   15.243  15.290  15.410  15.418  15.443  15.478  15.550  15.570 
   15.622  15.716  15.755  15.801  15.868  15.905  15.982  16.062 
   16.164  16.192  16.215  16.255  16.364  16.429  16.482  16.621 
   16.649  16.661  16.674  16.720  16.917  16.980  17.020  17.023 
   17.056  17.062  17.067  17.071  17.083  17.089  17.091  17.097 
   17.122  17.143  17.147  17.160  17.191  17.219  17.356  17.467 
   17.530  17.574  17.590  17.644  17.690  17.708  17.720  17.771 
   17.793  17.800  17.807  18.065  18.486  18.714  18.765  18.846 
   18.900  18.979  18.984  19.060  19.082  19.153  19.166  19.208 
   19.233  19.432  19.468  19.607  19.793  19.897  20.211  20.223 
   20.276  20.351  20.352  20.365  20.414  20.467  20.545  20.562 
   20.593  20.594  20.634  20.661  20.740  20.847  20.851  21.018 
   21.062  21.108  21.115  21.182  21.270  21.286  21.311  21.646 
   21.758  21.825  21.923  22.005  22.102  22.168  22.212  22.271 
   22.292  22.364  23.113  23.773  23.925  23.969  24.069  24.134 
   24.287  24.293  24.373  24.403  24.465  24.520  24.580  24.587 
   24.621  25.997  26.010  26.110  26.128  26.203  26.336  26.735 
   30.557  30.567  30.962  31.002  31.453  33.219  33.220  33.295 
   33.360  33.465  33.468  33.656  33.685  33.739  33.958  34.190 
   34.303  34.530  34.730  34.781  34.827  34.906  34.908  36.910 
   41.542  41.737  41.821  41.899  41.956  42.099  42.170  78.416 
   79.419  80.532  83.425  83.476  83.962  86.421  91.258  91.270 
   91.519  91.553  91.567  91.642  91.693  91.777  91.809  91.908 
   91.910  91.927  91.984  92.005  92.069  92.113  92.131  92.158 
   92.191  93.040  93.055  93.093  93.127  93.160  93.264  93.349 
  200.462 225.014 225.056 225.613 465.612 691.955 691.988 692.424 
  1096.021 2649.481 2733.025 2733.048 2733.361 6675.267 17843.043 51821.530 
  169666.437 670594.252 3802073.203 

Beta occupied
  -29.979 -11.593 -11.450 -11.399  -2.237  -1.418  -1.328  -1.326 
   -1.251  -1.115  -1.026  -0.916  -0.800  -0.784  -0.721  -0.697 
   -0.685 

Beta virtual
   -0.102  -0.089  -0.070  -0.070  -0.043  -0.035  -0.028  -0.022 
   -0.018  -0.013   0.014   0.017   0.018   0.020   0.029   0.040 
    0.040   0.063   0.073   0.087   0.090   0.103   0.115   0.119 
    0.140   0.144   0.144   0.155   0.159   0.165   0.173   0.181 
    0.183   0.192   0.209   0.210   0.227   0.230   0.234   0.238 
    0.260   0.285   0.295   0.310   0.320   0.320   0.332   0.340 
    0.346   0.363   0.370   0.379   0.381   0.407   0.418   0.422 
    0.425   0.450   0.456   0.464   0.476   0.480   0.487   0.489 
    0.500   0.508   0.523   0.524   0.533   0.539   0.542   0.557 
    0.579   0.579   0.589   0.594   0.601   0.609   0.644   0.661 
    0.666   0.673   0.691   0.707   0.722   0.731   0.736   0.738 
    0.749   0.761   0.777   0.807   0.811   0.834   0.843   0.862 
    0.864   0.890   0.903   0.909   0.912   0.940   0.965   0.978 
    0.982   0.986   1.015   1.020   1.041   1.043   1.048   1.075 
    1.105   1.125   1.130   1.138   1.143   1.154   1.155   1.170 
    1.191   1.203   1.208   1.214   1.236   1.263   1.269   1.274 
    1.287   1.309   1.319   1.329   1.342   1.352   1.361   1.372 
    1.372   1.377   1.388   1.400   1.405   1.419   1.434   1.450 
    1.462   1.479   1.482   1.497   1.505   1.524   1.536   1.553 
    1.561   1.583   1.585   1.599   1.606   1.646   1.663   1.693 
    1.712   1.713   1.747   1.747   1.781   1.808   1.827   1.836 
    1.852   1.878   1.892   1.900   1.943   1.963   1.964   1.978 
    2.027   2.045   2.051   2.055   2.073   2.085   2.108   2.118 
    2.125   2.140   2.145   2.158   2.178   2.181   2.197   2.241 
    2.252   2.276   2.279   2.280   2.306   2.324   2.354   2.377 
    2.402   2.424   2.426   2.436   2.460   2.460   2.475   2.512 
    2.524   2.532   2.539   2.549   2.561   2.571   2.583   2.621 
    2.632   2.636   2.650   2.653   2.673   2.703   2.706   2.721 
    2.765   2.789   2.794   2.808   2.847   2.878   2.898   2.905 
    2.923   2.969   3.018   3.050   3.065   3.089   3.095   3.127 
    3.138   3.170   3.186   3.220   3.220   3.246   3.297   3.307 
    3.356   3.370   3.377   3.379   3.422   3.452   3.467   3.469 
    3.489   3.522   3.535   3.556   3.570   3.588   3.595   3.628 
    3.640   3.683   3.738   3.740   3.758   3.769   3.775   3.795 
    3.808   3.826   3.862   3.888   3.907   3.923   3.933   3.955 
    3.960   3.986   4.014   4.019   4.026   4.035   4.055   4.076 
    4.093   4.116   4.128   4.151   4.173   4.179   4.193   4.203 
    4.239   4.265   4.268   4.314   4.336   4.350   4.361   4.372 
    4.392   4.424   4.468   4.475   4.487   4.509   4.570   4.575 
    4.577   4.587   4.634   4.638   4.657   4.674   4.674   4.705 
    4.722   4.736   4.790   4.794   4.811   4.828   4.831   4.862 
    4.872   4.901   4.928   4.937   4.979   4.982   5.019   5.023 
    5.033   5.066   5.081   5.098   5.105   5.140   5.144   5.149 
    5.200   5.201   5.201   5.230   5.247   5.301   5.306   5.307 
    5.321   5.347   5.355   5.386   5.398   5.398   5.429   5.476 
    5.488   5.505   5.510   5.557   5.559   5.582   5.595   5.613 
    5.626   5.634   5.646   5.668   5.691   5.718   5.736   5.745 
    5.749   5.803   5.813   5.829   5.888   5.907   5.907   5.953 
    5.988   6.016   6.055   6.083   6.101   6.146   6.200   6.230 
    6.256   6.294   6.301   6.342   6.346   6.354   6.399   6.411 
    6.436   6.476   6.492   6.584   6.600   6.625   6.677   6.718 
    6.752   6.753   6.803   6.818   6.827   6.842   6.873   6.908 
    6.963   7.019   7.042   7.049   7.063   7.098   7.110   7.130 
    7.140   7.193   7.224   7.244   7.284   7.304   7.327   7.371 
    7.395   7.414   7.448   7.460   7.560   7.573   7.618   7.703 
    7.751   7.762   7.832   7.887   7.939   8.001   8.047   8.061 
    8.075   8.099   8.151   8.256   8.301   8.330   8.367   8.502 
    8.658   8.714   8.840   8.905   8.924   9.027   9.050   9.066 
    9.146   9.182   9.188   9.223   9.233   9.237   9.272   9.301 
    9.311   9.325   9.340   9.341   9.354   9.376   9.382   9.414 
    9.460   9.463   9.479   9.516   9.541   9.599   9.620   9.626 
    9.653   9.672   9.697   9.741   9.794   9.841   9.915   9.929 
    9.978  10.005  10.010  10.035  10.040  10.073  10.100  10.137 
   10.178  10.204  10.324  10.413  10.707  10.747  10.807  10.923 
   10.939  10.984  11.009  11.059  11.095  11.116  11.129  11.175 
   11.180  11.199  11.288  11.298  11.391  11.400  11.444  11.479 
   11.498  11.509  11.551  11.563  11.571  11.617  11.636  11.697 
   11.714  11.754  11.794  11.818  11.833  11.853  11.888  11.935 
   11.944  11.992  12.025  12.076  12.145  12.190  12.235  12.253 
   12.285  12.289  12.332  12.350  12.355  12.376  12.387  12.407 
   12.452  12.472  12.496  12.501  12.531  12.550  12.582  12.591 
   12.621  12.639  12.643  12.661  12.676  12.707  12.775  12.782 
   12.817  12.817  12.827  12.854  12.871  12.899  12.926  12.954 
   12.968  12.978  12.984  12.990  12.993  13.011  13.015  13.030 
   13.042  13.058  13.077  13.084  13.092  13.111  13.155  13.158 
   13.187  13.224  13.227  13.228  13.258  13.280  13.304  13.323 
   13.340  13.342  13.358  13.373  13.425  13.445  13.492  13.492 
   13.534  13.572  13.587  13.601  13.628  13.634  13.697  13.705 
   13.733  13.778  13.808  13.834  13.844  13.844  13.932  13.971 
   13.973  13.992  13.999  14.052  14.075  14.091  14.177  14.181 
   14.214  14.268  14.276  14.361  14.405  14.418  14.462  14.472 
   14.479  14.553  14.592  14.601  14.659  14.719  14.723  14.732 
   14.914  14.981  15.018  15.048  15.083  15.160  15.190  15.242 
   15.290  15.401  15.412  15.441  15.477  15.545  15.569  15.621 
   15.708  15.748  15.799  15.867  15.894  15.972  16.041  16.147 
   16.190  16.214  16.255  16.364  16.429  16.478  16.621  16.643 
   16.661  16.667  16.720  16.913  16.980  17.019  17.022  17.055 
   17.062  17.067  17.071  17.084  17.089  17.091  17.097  17.121 
   17.143  17.147  17.159  17.191  17.207  17.356  17.467  17.530 
   17.574  17.590  17.643  17.690  17.708  17.720  17.771  17.792 
   17.800  17.807  18.061  18.477  18.714  18.765  18.846  18.900 
   18.979  18.984  19.059  19.082  19.153  19.166  19.207  19.233 
   19.432  19.468  19.607  19.792  19.894  20.211  20.223  20.276 
   20.348  20.352  20.364  20.413  20.466  20.544  20.562  20.589 
   20.590  20.634  20.660  20.740  20.843  20.846  21.017  21.061 
   21.108  21.115  21.180  21.265  21.286  21.307  21.646  21.758 
   21.824  21.923  22.005  22.101  22.168  22.207  22.267  22.292 
   22.363  23.103  23.773  23.925  23.969  24.069  24.134  24.287 
   24.293  24.373  24.403  24.465  24.520  24.580  24.587  24.621 
   25.997  26.010  26.110  26.128  26.203  26.337  26.735  30.482 
   30.493  30.885  30.925  31.363  33.204  33.216  33.274  33.343 
   33.399  33.434  33.477  33.478  33.646  33.951  34.189  34.271 
   34.393  34.730  34.748  34.827  34.898  34.906  36.577  41.542 
   41.737  41.822  41.899  41.956  42.099  42.170  78.414  79.416 
   80.530  82.989  83.040  83.529  85.954  91.011  91.021  91.288 
   91.328  91.562  91.632  91.686  91.776  91.785  91.844  91.908 
   91.917  91.968  92.003  92.034  92.071  92.114  92.132  92.157 
   93.040  93.055  93.093  93.127  93.160  93.264  93.349 199.964 
  224.483 224.526 225.084 465.171 691.493 691.526 691.963 1095.687 
  2649.263 2732.763 2732.787 2733.100 6675.143 17842.982 51821.503 169666.427 
  670594.249 3802073.202 


  >>> Running UHF-MP2 <<<

MP2 correlation energy (UHF) : -0.9786082448
MP2 total energy       (UHF) : -192.8321115649

