	*********************************************** 
	***** Beginning CEBE Calculation with MOM ***** 
	*****       Calculation Details:          ***** 
	      Geometry:	 /work/morgunov/rev2calcs/mols/exp/o/hcooch3.xyz
	      Core Basis:	 ccX-5Z
	      Full Basis:	 cc-pV5Z
	      DIIS (start, space):	 0 50
	      Level shift:	 0
	      Do localization?:	 False
	      Do SFX2C1E?:	 True
	      Freeze orbitals?:	 True
	      Use Cheng orbitals?:	 False
	      Do Special Basis?:	 True
	      Do Special Basis?:	 ccX-5Z
	*********************************************** 
	*********************************************** 

  >>> Running RHF <<<

init D/C      : minao
init ov       : zeros
no            : 16
nv            : 770
ov_size       : 12320
max_cycle     : 1000
conv          : 6
econv         : 9
method        : gdm
scale_stop    : 0
scale_factor  : 1.000000
init E        : -227.747047081515
init |[F,P]|  : 5.85e-03
init |dE|     : 1.46e-02
check file    : None

iter      total energy   |[F,P]|      |dE|         ∆E   comment
   1    -227.819932262  4.65e-03  1.13e-02  -7.29e-02  BFGS
   2    -227.885725943  5.86e-04  1.36e-03  -6.58e-02  BFGS
   3    -227.887060612  3.10e-04  7.65e-04  -1.33e-03  BFGS
   4    -227.887452416  8.14e-05  2.01e-04  -3.92e-04  BFGS
   5    -227.887499662  3.45e-05  8.51e-05  -4.72e-05  BFGS
   6    -227.887510192  1.02e-05  2.53e-05  -1.05e-05  BFGS
   7    -227.887510820  2.05e-06  4.91e-06  -6.28e-07  BFGS
   8    -227.887510857  6.12e-07  1.49e-06  -3.63e-08  BFGS
   9    -227.887510859  2.00e-07  4.86e-07  -2.39e-09  BFGS
  10    -227.887510859  4.65e-08  1.17e-07  -2.28e-10  BFGS
                                                                      gdm is converged!

SCF converged : True
final |[F,P]| : 4.65e-08
final |dE|    : 1.17e-07
final Escf    : -350.629324334087
final Etot    : -227.887510859227

  pxp & ewc             :::        0.913 (  0.05%)
  apply B               :::        0.004 (  0.00%)
  linsrch               :::     1876.552 ( 99.95%)
  grad                  :::        0.037 (  0.00%)
  Total                 :::     1877.506 (100.00%)

Alpha occupied
  -20.616 -20.546 -11.379 -11.294  -1.471  -1.371  -0.989  -0.819 
   -0.750  -0.683  -0.679  -0.603  -0.556  -0.536  -0.471  -0.457 

Alpha virtual
    0.090   0.108   0.125   0.129   0.142   0.153   0.162   0.186 
    0.187   0.189   0.225   0.227   0.255   0.261   0.314   0.322 
    0.324   0.360   0.378   0.398   0.419   0.427   0.446   0.481 
    0.499   0.511   0.530   0.546   0.547   0.567   0.594   0.595 
    0.612   0.616   0.630   0.640   0.668   0.672   0.703   0.709 
    0.718   0.748   0.782   0.807   0.809   0.827   0.831   0.845 
    0.906   0.932   0.932   0.957   0.958   0.968   1.013   1.034 
    1.036   1.061   1.078   1.087   1.118   1.196   1.207   1.257 
    1.259   1.278   1.324   1.340   1.371   1.381   1.414   1.419 
    1.444   1.454   1.461   1.481   1.497   1.498   1.512   1.514 
    1.531   1.556   1.575   1.594   1.606   1.629   1.661   1.690 
    1.696   1.741   1.760   1.769   1.788   1.804   1.812   1.871 
    1.881   1.903   1.922   1.961   1.963   1.980   2.011   2.044 
    2.057   2.063   2.083   2.098   2.116   2.151   2.162   2.175 
    2.193   2.198   2.220   2.267   2.274   2.288   2.330   2.356 
    2.402   2.439   2.460   2.476   2.539   2.555   2.582   2.629 
    2.644   2.667   2.724   2.755   2.778   2.794   2.841   2.851 
    2.890   2.941   2.973   3.019   3.050   3.071   3.083   3.130 
    3.164   3.170   3.185   3.218   3.233   3.248   3.267   3.274 
    3.322   3.329   3.350   3.356   3.360   3.377   3.413   3.423 
    3.447   3.488   3.501   3.534   3.540   3.578   3.582   3.606 
    3.612   3.640   3.675   3.696   3.752   3.761   3.794   3.832 
    3.858   3.863   3.880   3.910   3.917   3.948   4.001   4.041 
    4.051   4.059   4.091   4.136   4.159   4.169   4.181   4.203 
    4.245   4.275   4.286   4.297   4.315   4.363   4.401   4.447 
    4.464   4.507   4.522   4.578   4.608   4.622   4.645   4.668 
    4.717   4.722   4.727   4.755   4.791   4.799   4.820   4.867 
    4.876   4.928   4.928   4.980   4.985   4.997   5.034   5.060 
    5.096   5.101   5.179   5.200   5.209   5.227   5.266   5.329 
    5.357   5.374   5.395   5.439   5.445   5.485   5.525   5.551 
    5.577   5.593   5.607   5.622   5.659   5.691   5.738   5.767 
    5.787   5.814   5.843   5.862   5.879   5.893   5.921   6.028 
    6.103   6.119   6.128   6.156   6.219   6.255   6.305   6.394 
    6.398   6.453   6.506   6.523   6.562   6.597   6.697   6.747 
    6.796   6.882   6.889   6.928   6.942   6.981   7.060   7.110 
    7.143   7.155   7.157   7.167   7.172   7.195   7.221   7.297 
    7.303   7.369   7.391   7.400   7.411   7.440   7.457   7.502 
    7.566   7.569   7.606   7.620   7.656   7.661   7.728   7.782 
    7.820   7.822   7.833   7.883   7.899   7.943   7.970   7.979 
    8.048   8.088   8.169   8.235   8.243   8.276   8.325   8.403 
    8.489   8.509   8.594   8.668   8.701   8.765   8.912   8.918 
    8.959   9.049   9.062   9.137   9.170   9.207   9.284   9.386 
    9.436   9.479   9.509   9.534   9.564   9.600   9.632   9.648 
    9.758   9.784   9.863   9.883   9.889   9.908  10.059  10.060 
   10.069  10.107  10.186  10.223  10.266  10.274  10.307  10.347 
   10.384  10.423  10.451  10.474  10.503  10.519  10.519  10.558 
   10.599  10.684  10.698  10.769  10.817  10.851  10.890  10.929 
   11.092  11.176  11.206  11.288  11.409  11.445  11.496  11.498 
   11.501  11.569  11.583  11.674  11.797  11.845  11.850  12.028 
   12.234  12.254  12.474  12.488  12.573  12.610  12.680  12.699 
   12.744  12.755  12.757  12.791  12.802  12.806  12.817  12.835 
   12.848  12.900  12.928  12.979  12.993  13.001  13.050  13.052 
   13.081  13.155  13.260  13.270  13.366  13.432  13.455  13.456 
   13.493  13.495  13.512  13.527  13.565  13.575  13.596  13.615 
   13.722  13.745  13.814  13.880  13.915  13.931  14.014  14.079 
   14.104  14.129  14.135  14.149  14.173  14.179  14.236  14.242 
   14.253  14.282  14.293  14.310  14.329  14.334  14.370  14.395 
   14.418  14.434  14.467  14.488  14.521  14.545  14.566  14.611 
   14.618  14.622  14.651  14.730  14.739  14.766  14.784  14.869 
   14.881  14.887  14.969  14.977  15.060  15.094  15.096  15.100 
   15.133  15.263  15.345  15.385  15.418  15.430  15.471  15.586 
   15.603  15.660  15.692  15.767  15.808  15.818  15.821  15.869 
   16.061  16.104  16.170  16.304  16.306  16.354  16.442  16.456 
   16.554  16.679  16.812  16.953  16.954  17.000  17.437  17.442 
   17.469  17.598  17.667  17.707  17.807  17.869  17.989  18.042 
   18.117  18.376  18.385  18.460  18.511  18.593  18.596  18.600 
   18.642  18.727  18.894  18.954  18.956  18.996  19.009  19.047 
   19.120  19.131  19.174  19.267  19.320  19.357  19.424  19.474 
   19.510  19.525  19.528  19.638  19.639  19.686  19.780  19.850 
   19.855  19.925  19.987  19.995  20.079  20.252  20.384  20.576 
   20.783  20.861  20.935  20.937  20.992  21.021  21.326  21.649 
   21.836  22.038  22.251  22.690  22.699  23.144  23.321  23.333 
   23.691  24.209  24.444  24.762  30.822  30.846  31.069  31.235 
   31.617  31.932  41.823  42.724  43.408  43.605  66.028  66.111 
   66.122  66.124  66.309  66.328  66.439  66.555  66.601  66.654 
   66.660  66.836  66.898  67.314  67.574  67.711  70.529  70.565 
   70.610  70.675  70.756  70.812  70.841  70.945  71.119  71.254 
   71.266  71.440  71.585  71.741  94.022  94.225 118.583 118.589 
  118.605 118.607 118.615 118.619 118.629 118.632 118.640 118.641 
  118.655 118.687 118.688 118.692 118.716 118.729 118.736 118.749 
  147.428 147.429 147.604 147.727 147.976 148.249 183.946 184.024 
  184.151 184.340 184.390 184.444 184.595 184.908 185.050 185.215 
  203.509 203.702 225.508 225.530 225.530 225.558 225.620 225.643 
  225.679 225.701 225.763 225.878 225.893 225.968 226.047 226.113 
  347.093 347.110 347.256 347.359 347.593 347.827 385.956 385.957 
  385.960 385.960 385.962 385.964 385.965 385.969 385.969 385.976 
  385.976 386.023 386.023 386.030 386.030 386.035 386.035 386.038 
  386.039 386.040 386.043 386.043 449.024 449.203 449.968 449.970 
  449.976 449.977 449.983 449.985 449.989 450.008 450.012 450.021 
  450.022 450.029 450.032 450.047 450.047 450.047 450.063 450.067 
  473.016 473.077 473.159 473.312 473.349 473.411 473.528 473.758 
  473.868 474.014 685.432 685.450 685.458 685.468 685.490 685.524 
  685.538 685.552 685.571 685.638 685.679 685.692 685.762 685.801 
  892.620 892.651 892.771 892.851 893.066 893.258 1087.467 1087.655 
  1213.239 1213.286 1213.332 1213.454 1213.480 1213.549 1213.638 1213.802 
  1213.887 1214.017 2892.008 2892.048 2892.152 2892.218 2892.423 2892.589 
  4236.735 4237.145 


  >>> Running RHF-MP2 <<<


RMP2-TIMING
  rmp2                  :::     1971.832 (100.00%)
  Total                 :::     1971.832 (100.00%)

MP2 correlation energy (RHF) : -1.0714303361
MP2 total energy       (RHF) : -228.9589411953


  >>> Running UHF <<<

init D/C      : input mo_coeff
init ov       : zeros
no            : 15 16
nv            : 771 770
ov_size       : 23885
max_cycle     : 1000
conv          : 6
econv         : 9
method        : diis
mom_start     : 0
guess mix     : 0.000000
orb_swap      : [[[0, 15]], []]
init E        : -207.271499097292
init S2       : 0.750000000000131
init |[F,P]|  : 1.51e-02
init |dE|     : 4.00e-02
check file    : None

iter      total energy   |[F,P]|      |dE|         ∆E   S^2   comment
   1    -207.743088467  8.57e-03  2.25e-02  -4.72e-01  0.75  DIIS mom: 14.7/15 15.6/16
   2    -208.075109021  1.15e-03  2.87e-03  -3.32e-01  0.76  DIIS mom: 14.9/15 15.9/16
   3    -208.081408298  5.64e-04  1.40e-03  -6.30e-03  0.76  DIIS mom: 15.0/15 16.0/16
   4    -208.083424286  1.25e-04  3.10e-04  -2.02e-03  0.76  DIIS mom: 15.0/15 16.0/16
   5    -208.083739570  5.67e-05  1.38e-04  -3.15e-04  0.77  DIIS mom: 15.0/15 16.0/16
   6    -208.083816634  2.27e-05  5.24e-05  -7.71e-05  0.77  DIIS mom: 15.0/15 16.0/16
   7    -208.083833212  1.45e-05  3.15e-05  -1.66e-05  0.77  DIIS mom: 15.0/15 16.0/16
   8    -208.083842128  1.33e-05  2.85e-05  -8.92e-06  0.77  DIIS mom: 15.0/15 16.0/16
   9    -208.083854383  1.26e-05  2.70e-05  -1.23e-05  0.77  DIIS mom: 15.0/15 16.0/16
  10    -208.083885274  1.10e-05  2.38e-05  -3.09e-05  0.77  DIIS mom: 15.0/15 16.0/16
  11    -208.083946096  7.46e-06  1.68e-05  -6.08e-05  0.78  DIIS mom: 15.0/15 16.0/16
  12    -208.083965694  3.60e-06  8.23e-06  -1.96e-05  0.79  DIIS mom: 15.0/15 16.0/16
  13    -208.083968319  1.20e-06  2.71e-06  -2.63e-06  0.79  DIIS mom: 15.0/15 16.0/16
  14    -208.083968553  8.47e-07  2.13e-06  -2.34e-07  0.79  DIIS mom: 15.0/15 16.0/16
  15    -208.083968566  1.84e-07  4.30e-07  -1.26e-08  0.79  DIIS mom: 15.0/15 16.0/16
  16    -208.083968568  7.69e-08  1.86e-07  -1.87e-09  0.79  DIIS mom: 15.0/15 16.0/16
  17    -208.083968568  1.75e-08  4.15e-08  -3.70e-10  0.79  DIIS mom: 15.0/15 16.0/16
                                                                      diis is converged!

SCF converged : True
final |[F,P]| : 1.75e-08
final |dE|    : 4.15e-08
final Escf    : -330.825782042813
final Etot    : -208.083968567953
final S2      : 0.791418030952073

  diis prep             :::        0.889 (  0.03%)
  diis extrap           :::        0.605 (  0.02%)
  roothaan              :::        3.299 (  0.10%)
  fock build            :::     3415.330 ( 99.86%)
  Total                 :::     3420.123 (100.00%)

Alpha occupied
  -20.842 -11.673 -11.575  -1.882  -1.676  -1.333  -1.168  -1.103 
   -1.078  -1.018  -0.903  -0.839  -0.835  -0.803  -0.745 

Alpha virtual
  -18.981  -0.109  -0.082  -0.064  -0.047  -0.033  -0.032  -0.001 
    0.007   0.019   0.028   0.049   0.060   0.082   0.086   0.105 
    0.124   0.135   0.167   0.188   0.196   0.213   0.222   0.230 
    0.257   0.266   0.297   0.308   0.323   0.340   0.348   0.358 
    0.396   0.402   0.419   0.430   0.433   0.455   0.467   0.495 
    0.499   0.503   0.544   0.562   0.581   0.603   0.618   0.620 
    0.638   0.691   0.712   0.716   0.746   0.749   0.753   0.799 
    0.812   0.828   0.848   0.850   0.881   0.897   0.967   0.978 
    1.021   1.033   1.042   1.064   1.103   1.113   1.117   1.155 
    1.186   1.203   1.221   1.224   1.248   1.266   1.269   1.272 
    1.274   1.301   1.315   1.336   1.355   1.368   1.396   1.403 
    1.456   1.456   1.508   1.511   1.532   1.546   1.569   1.578 
    1.634   1.644   1.661   1.689   1.719   1.726   1.737   1.780 
    1.805   1.820   1.827   1.851   1.865   1.892   1.914   1.934 
    1.945   1.954   1.962   1.976   2.025   2.042   2.056   2.102 
    2.118   2.168   2.204   2.216   2.237   2.298   2.300   2.338 
    2.380   2.393   2.420   2.468   2.492   2.528   2.543   2.585 
    2.603   2.637   2.685   2.719   2.765   2.770   2.783   2.807 
    2.849   2.896   2.906   2.912   2.949   2.960   2.980   2.991 
    2.997   3.036   3.039   3.076   3.092   3.095   3.101   3.141 
    3.153   3.172   3.220   3.239   3.252   3.272   3.308   3.312 
    3.328   3.355   3.365   3.416   3.427   3.485   3.487   3.535 
    3.574   3.607   3.609   3.617   3.636   3.660   3.693   3.731 
    3.784   3.792   3.796   3.824   3.872   3.893   3.927   3.929 
    3.953   3.983   4.017   4.026   4.050   4.051   4.098   4.151 
    4.197   4.205   4.244   4.259   4.315   4.351   4.352   4.387 
    4.405   4.460   4.467   4.480   4.513   4.534   4.558   4.559 
    4.614   4.626   4.668   4.684   4.712   4.728   4.755   4.773 
    4.808   4.851   4.854   4.930   4.954   4.954   4.978   4.999 
    5.057   5.100   5.100   5.138   5.182   5.186   5.219   5.268 
    5.303   5.313   5.327   5.350   5.364   5.398   5.429   5.491 
    5.497   5.523   5.560   5.566   5.602   5.621   5.628   5.646 
    5.753   5.834   5.841   5.876   5.898   5.954   5.980   6.034 
    6.124   6.125   6.181   6.228   6.257   6.291   6.297   6.391 
    6.436   6.499   6.594   6.608   6.637   6.649   6.683   6.702 
    6.809   6.836   6.882   6.885   6.898   6.908   6.916   6.925 
    7.021   7.021   7.064   7.094   7.111   7.113   7.173   7.185 
    7.232   7.281   7.289   7.316   7.349   7.380   7.387   7.424 
    7.499   7.534   7.537   7.564   7.599   7.612   7.645   7.674 
    7.681   7.762   7.818   7.888   7.946   7.973   7.982   8.020 
    8.092   8.169   8.210   8.294   8.376   8.386   8.464   8.619 
    8.620   8.671   8.700   8.777   8.816   8.845   8.904   8.968 
    9.067   9.136   9.187   9.224   9.262   9.277   9.312   9.349 
    9.354   9.470   9.501   9.595   9.595   9.608   9.632   9.747 
    9.756   9.778   9.834   9.895   9.921   9.972   9.978  10.003 
   10.060  10.105  10.133  10.153  10.200  10.217  10.247  10.248 
   10.273  10.321  10.396  10.398  10.469  10.545  10.562  10.616 
   10.646  10.812  10.880  10.931  10.997  11.127  11.170  11.211 
   11.231  11.234  11.291  11.303  11.385  11.530  11.536  11.548 
   11.728  11.923  11.952  12.167  12.206  12.305  12.342  12.424 
   12.428  12.491  12.504  12.507  12.539  12.549  12.552  12.558 
   12.577  12.595  12.635  12.677  12.718  12.738  12.741  12.792 
   12.802  12.820  12.889  12.974  12.993  13.113  13.147  13.185 
   13.186  13.200  13.234  13.248  13.277  13.309  13.320  13.332 
   13.352  13.452  13.484  13.540  13.570  13.659  13.661  13.766 
   13.829  13.851  13.875  13.875  13.891  13.915  13.917  13.942 
   13.950  13.988  14.007  14.016  14.039  14.041  14.058  14.096 
   14.127  14.131  14.170  14.193  14.199  14.221  14.242  14.276 
   14.299  14.334  14.362  14.367  14.403  14.448  14.484  14.490 
   14.547  14.559  14.618  14.683  14.714  14.788  14.822  14.824 
   14.833  14.852  14.938  15.050  15.091  15.109  15.139  15.168 
   15.291  15.316  15.372  15.435  15.475  15.485  15.542  15.553 
   15.602  15.749  15.767  15.872  15.995  16.033  16.067  16.153 
   16.180  16.279  16.393  16.525  16.635  16.694  16.744  17.114 
   17.183  17.214  17.342  17.393  17.435  17.518  17.611  17.737 
   17.788  17.853  18.106  18.120  18.194  18.252  18.311  18.312 
   18.337  18.373  18.417  18.579  18.611  18.639  18.704  18.742 
   18.768  18.792  18.821  18.881  18.942  18.967  18.990  19.047 
   19.145  19.149  19.163  19.217  19.249  19.273  19.340  19.379 
   19.483  19.517  19.532  19.597  19.671  19.746  19.765  19.981 
   20.124  20.399  20.562  20.650  20.660  20.730  20.756  20.916 
   21.271  21.420  21.748  21.942  22.007  22.397  22.455  22.675 
   23.035  23.378  23.551  23.755  24.478  29.989  30.378  30.531 
   30.776  31.093  31.341  41.491  42.412  42.700  43.120  64.787 
   64.886  65.100  65.120  65.189  65.523  65.739  65.818  65.832 
   65.858  66.038  66.166  66.341  66.342  66.576  67.405  69.370 
   69.421  69.551  69.688  69.871  70.012  70.224  70.236  70.278 
   70.454  70.551  70.957  71.244  71.437  92.658  93.749 117.156 
  117.161 117.186 117.192 117.204 117.212 117.226 117.288 117.298 
  118.308 118.309 118.335 118.344 118.391 118.393 118.396 118.442 
  118.456 145.336 145.632 146.137 147.134 147.328 147.693 181.814 
  182.007 182.047 182.556 182.718 183.654 183.739 184.142 184.319 
  184.915 201.342 203.235 223.177 223.202 223.271 223.342 223.409 
  223.520 223.623 225.218 225.237 225.337 225.388 225.598 225.741 
  225.817 344.014 344.276 344.730 346.816 346.977 347.309 383.560 
  383.560 383.565 383.565 383.568 383.571 383.571 383.577 383.577 
  383.584 383.584 385.727 385.727 385.735 385.735 385.740 385.741 
  385.744 385.746 385.747 385.752 385.752 445.908 447.083 447.084 
  447.089 447.092 447.096 447.098 447.102 447.120 447.123 448.750 
  449.727 449.728 449.735 449.739 449.753 449.754 449.754 449.772 
  449.776 469.856 470.011 470.041 470.443 470.568 472.725 472.791 
  473.114 473.248 473.716 681.830 681.844 681.884 681.926 681.964 
  682.029 682.087 685.165 685.175 685.233 685.263 685.386 685.466 
  685.508 888.516 888.744 889.138 892.360 892.492 892.782 1083.385 
  1087.196 1209.077 1209.200 1209.221 1209.537 1209.634 1212.950 1213.001 
  1213.256 1213.357 1213.723 2887.049 2887.257 2887.617 2891.759 2891.874 
  2892.140 4232.085 4236.478 

Beta occupied
  -23.881 -20.835 -11.676 -11.574  -1.994  -1.666  -1.374  -1.232 
   -1.186  -1.100  -1.034  -0.901  -0.843  -0.840  -0.780  -0.740 

Beta virtual
   -0.109  -0.084  -0.072  -0.050  -0.034  -0.033  -0.004   0.008 
    0.019   0.027   0.040   0.059   0.083   0.084   0.095   0.118 
    0.132   0.166   0.183   0.195   0.210   0.222   0.225   0.257 
    0.264   0.293   0.302   0.320   0.340   0.345   0.357   0.396 
    0.404   0.421   0.430   0.433   0.455   0.469   0.495   0.496 
    0.503   0.543   0.562   0.578   0.603   0.618   0.619   0.638 
    0.691   0.708   0.717   0.746   0.749   0.753   0.800   0.811 
    0.827   0.849   0.850   0.882   0.897   0.968   0.978   1.021 
    1.030   1.040   1.061   1.094   1.105   1.114   1.156   1.186 
    1.201   1.221   1.224   1.246   1.266   1.268   1.274   1.278 
    1.301   1.315   1.336   1.353   1.365   1.395   1.398   1.457 
    1.458   1.508   1.511   1.531   1.547   1.568   1.577   1.633 
    1.645   1.657   1.688   1.718   1.724   1.737   1.781   1.804 
    1.821   1.827   1.850   1.866   1.892   1.914   1.935   1.945 
    1.954   1.963   1.974   2.025   2.042   2.055   2.101   2.119 
    2.166   2.204   2.214   2.237   2.297   2.298   2.337   2.378 
    2.391   2.422   2.463   2.492   2.527   2.541   2.585   2.604 
    2.637   2.684   2.717   2.755   2.765   2.776   2.805   2.848 
    2.877   2.905   2.916   2.944   2.950   2.979   2.986   2.988 
    3.027   3.030   3.084   3.090   3.092   3.104   3.140   3.149 
    3.170   3.217   3.240   3.250   3.273   3.307   3.311   3.321 
    3.356   3.363   3.416   3.427   3.485   3.486   3.534   3.574 
    3.607   3.609   3.615   3.628   3.659   3.692   3.729   3.782 
    3.790   3.796   3.821   3.872   3.891   3.927   3.929   3.953 
    3.981   4.017   4.025   4.047   4.050   4.098   4.151   4.197 
    4.205   4.244   4.257   4.314   4.350   4.350   4.385   4.403 
    4.459   4.467   4.480   4.514   4.532   4.559   4.560   4.613 
    4.627   4.668   4.684   4.707   4.727   4.756   4.773   4.806 
    4.851   4.854   4.931   4.954   4.954   4.979   4.996   5.056 
    5.097   5.098   5.137   5.182   5.184   5.217   5.265   5.304 
    5.310   5.325   5.351   5.363   5.397   5.428   5.491   5.493 
    5.522   5.559   5.563   5.601   5.621   5.628   5.642   5.752 
    5.831   5.838   5.876   5.898   5.957   5.978   6.034   6.123 
    6.125   6.179   6.226   6.249   6.274   6.295   6.374   6.426 
    6.492   6.595   6.600   6.623   6.650   6.673   6.681   6.813 
    6.815   6.880   6.888   6.900   6.908   6.909   6.926   7.017 
    7.023   7.059   7.097   7.097   7.110   7.176   7.185   7.232 
    7.282   7.285   7.316   7.349   7.377   7.388   7.423   7.496 
    7.534   7.535   7.564   7.594   7.612   7.636   7.674   7.675 
    7.759   7.817   7.883   7.943   7.969   7.983   8.015   8.072 
    8.156   8.203   8.288   8.352   8.388   8.461   8.616   8.617 
    8.666   8.687   8.770   8.799   8.839   8.902   8.961   9.061 
    9.134   9.187   9.221   9.262   9.276   9.310   9.349   9.351 
    9.467   9.502   9.594   9.595   9.607   9.630   9.741   9.749 
    9.781   9.832   9.890   9.915   9.972   9.976  10.001  10.060 
   10.103  10.133  10.152  10.200  10.216  10.247  10.249  10.270 
   10.321  10.394  10.395  10.465  10.543  10.561  10.616  10.644 
   10.812  10.879  10.930  10.996  11.127  11.170  11.209  11.231 
   11.233  11.290  11.301  11.384  11.530  11.531  11.546  11.727 
   11.917  11.948  12.164  12.204  12.306  12.341  12.422  12.429 
   12.491  12.504  12.507  12.539  12.549  12.552  12.558  12.577 
   12.595  12.632  12.677  12.717  12.739  12.740  12.790  12.802 
   12.820  12.888  12.965  12.993  13.112  13.131  13.183  13.186 
   13.197  13.234  13.247  13.277  13.308  13.320  13.332  13.351 
   13.445  13.483  13.531  13.561  13.659  13.660  13.766  13.829 
   13.852  13.873  13.874  13.891  13.898  13.913  13.927  13.950 
   13.974  14.008  14.013  14.020  14.042  14.059  14.092  14.105 
   14.126  14.168  14.180  14.195  14.208  14.239  14.277  14.281 
   14.317  14.362  14.367  14.382  14.456  14.481  14.486  14.540 
   14.552  14.615  14.677  14.713  14.787  14.823  14.823  14.833 
   14.847  14.924  15.045  15.091  15.103  15.139  15.166  15.289 
   15.313  15.372  15.432  15.459  15.483  15.539  15.553  15.599 
   15.735  15.748  15.866  15.986  16.033  16.067  16.151  16.179 
   16.279  16.394  16.525  16.627  16.694  16.744  17.105  17.184 
   17.214  17.342  17.390  17.435  17.516  17.611  17.737  17.788 
   17.853  18.105  18.120  18.193  18.252  18.316  18.317  18.337 
   18.374  18.410  18.569  18.614  18.617  18.705  18.743  18.766 
   18.788  18.823  18.850  18.932  18.948  18.983  19.037  19.126 
   19.145  19.154  19.197  19.217  19.242  19.335  19.378  19.474 
   19.499  19.531  19.596  19.665  19.743  19.744  19.967  20.102 
   20.390  20.557  20.656  20.658  20.730  20.755  20.900  21.239 
   21.405  21.756  21.945  21.949  22.397  22.397  22.624  23.041 
   23.362  23.510  23.697  24.482  29.756  30.149  30.537  30.741 
   30.908  31.341  41.450  42.289  42.516  43.123  64.469  64.704 
   64.786  64.946  65.008  65.231  65.669  65.742  65.822  65.853 
   65.961  66.048  66.342  66.345  66.575  67.406  69.292  69.343 
   69.473  69.610  69.790  69.935  70.149  70.240  70.278  70.457 
   70.554  70.960  71.245  71.439  92.253  93.750 117.096 117.101 
  117.126 117.131 117.143 117.151 117.166 117.227 117.238 118.311 
  118.312 118.338 118.346 118.393 118.396 118.398 118.443 118.457 
  144.952 145.249 145.757 147.136 147.328 147.693 181.554 181.748 
  181.788 182.298 182.459 183.656 183.740 184.144 184.319 184.916 
  200.936 203.235 223.009 223.034 223.104 223.175 223.241 223.353 
  223.456 225.220 225.238 225.338 225.389 225.599 225.741 225.817 
  343.635 343.898 344.353 346.817 346.977 347.309 383.476 383.476 
  383.480 383.481 383.483 383.486 383.487 383.492 383.492 383.500 
  383.500 385.728 385.728 385.736 385.736 385.741 385.742 385.744 
  385.747 385.747 385.752 385.752 445.544 446.943 446.944 446.949 
  446.952 446.956 446.958 446.962 446.980 446.983 448.751 449.728 
  449.728 449.736 449.739 449.754 449.754 449.755 449.773 449.777 
  469.591 469.746 469.776 470.179 470.303 472.725 472.791 473.114 
  473.249 473.717 681.623 681.637 681.678 681.719 681.757 681.823 
  681.881 685.165 685.176 685.234 685.263 685.387 685.467 685.509 
  888.212 888.440 888.835 892.361 892.492 892.782 1083.094 1087.196 
  1208.856 1208.979 1209.000 1209.317 1209.413 1212.950 1213.001 1213.256 
  1213.357 1213.723 2886.867 2887.075 2887.436 2891.760 2891.874 2892.140 
  4231.926 4236.478 


  >>> Running UHF-MP2 <<<

MP2 correlation energy (UHF) : -1.0225730951
MP2 total energy       (UHF) : -209.1065416630

