	*********************************************** 
	***** Beginning CEBE Calculation with MOM ***** 
	*****       Calculation Details:          ***** 
	      Geometry:	 /work/morgunov/rev2calcs/mols/exp/o/c2h5oh.xyz
	      Core Basis:	 pcX-4
	      Full Basis:	 pc-4
	      DIIS (start, space):	 0 50
	      Level shift:	 0
	      Do localization?:	 False
	      Do SFX2C1E?:	 True
	      Freeze orbitals?:	 True
	      Use Cheng orbitals?:	 False
	      Do Special Basis?:	 True
	      Do Special Basis?:	 pcX-4
	*********************************************** 
	*********************************************** 

  >>> Running RHF <<<

init D/C      : minao
init ov       : zeros
no            : 13
nv            : 714
ov_size       : 9282
max_cycle     : 1000
conv          : 6
econv         : 9
method        : gdm
scale_stop    : 0
scale_factor  : 1.000000
init E        : -154.092080257139
init |[F,P]|  : 4.87e-03
init |dE|     : 1.09e-02
check file    : None

iter      total energy   |[F,P]|      |dE|         ∆E   comment
   1    -154.138085677  2.83e-03  6.55e-03  -4.60e-02  BFGS
   2    -154.154936565  3.39e-04  7.49e-04  -1.69e-02  BFGS
   3    -154.155210442  8.77e-05  1.96e-04  -2.74e-04  BFGS
   4    -154.155232897  2.16e-05  4.84e-05  -2.25e-05  BFGS
   5    -154.155234211  6.51e-06  1.47e-05  -1.31e-06  BFGS
   6    -154.155234346  1.36e-06  3.18e-06  -1.35e-07  BFGS
   7    -154.155234355  2.94e-07  6.70e-07  -8.99e-09  BFGS
   8    -154.155234355  1.03e-07  2.09e-07  -4.53e-10  BFGS
                                                                      gdm is converged!

SCF converged : True
final |[F,P]| : 1.03e-07
final |dE|    : 2.09e-07
final Escf    : -236.165979133002
final Etot    : -154.155234355111

  pxp & ewc             :::        0.597 (  0.03%)
  apply B               :::        0.003 (  0.00%)
  linsrch               :::     2140.061 ( 99.97%)
  grad                  :::        0.025 (  0.00%)
  Total                 :::     2140.685 (100.00%)

Alpha occupied
  -20.550 -11.270 -11.212  -1.352  -1.013  -0.832  -0.693  -0.650 
   -0.571  -0.533  -0.528  -0.489  -0.443 

Alpha virtual
    0.048   0.061   0.075   0.077   0.098   0.107   0.111   0.116 
    0.118   0.147   0.149   0.156   0.207   0.211   0.222   0.243 
    0.263   0.265   0.266   0.281   0.290   0.297   0.310   0.319 
    0.327   0.338   0.347   0.355   0.371   0.397   0.413   0.416 
    0.447   0.466   0.490   0.493   0.495   0.506   0.508   0.524 
    0.535   0.545   0.547   0.576   0.577   0.590   0.599   0.613 
    0.616   0.636   0.637   0.655   0.657   0.668   0.668   0.681 
    0.688   0.688   0.709   0.729   0.761   0.779   0.798   0.818 
    0.825   0.837   0.863   0.873   0.878   0.897   0.940   0.943 
    0.957   1.001   1.029   1.031   1.054   1.063   1.076   1.093 
    1.119   1.140   1.152   1.159   1.192   1.196   1.216   1.230 
    1.246   1.251   1.277   1.280   1.302   1.304   1.306   1.325 
    1.334   1.344   1.364   1.389   1.407   1.424   1.429   1.446 
    1.468   1.471   1.483   1.489   1.520   1.528   1.539   1.552 
    1.556   1.556   1.567   1.600   1.612   1.649   1.652   1.674 
    1.684   1.707   1.726   1.745   1.761   1.773   1.784   1.818 
    1.844   1.853   1.885   1.885   1.921   1.955   1.964   2.008 
    2.013   2.054   2.077   2.086   2.108   2.135   2.146   2.185 
    2.204   2.237   2.269   2.273   2.306   2.334   2.338   2.353 
    2.395   2.395   2.439   2.454   2.471   2.505   2.510   2.559 
    2.576   2.601   2.621   2.644   2.650   2.657   2.663   2.698 
    2.714   2.728   2.741   2.771   2.790   2.826   2.853   2.875 
    2.885   2.942   2.965   2.996   3.012   3.064   3.087   3.098 
    3.130   3.153   3.219   3.229   3.252   3.284   3.289   3.302 
    3.347   3.380   3.383   3.397   3.434   3.474   3.488   3.507 
    3.523   3.593   3.616   3.631   3.658   3.677   3.692   3.705 
    3.726   3.745   3.774   3.790   3.818   3.822   3.850   3.860 
    3.895   3.897   3.941   4.008   4.024   4.035   4.095   4.127 
    4.141   4.153   4.158   4.181   4.195   4.201   4.221   4.229 
    4.287   4.308   4.308   4.326   4.350   4.362   4.398   4.402 
    4.415   4.421   4.438   4.449   4.466   4.494   4.530   4.566 
    4.607   4.644   4.671   4.707   4.714   4.760   4.767   4.788 
    4.831   4.852   4.877   4.883   4.916   4.934   4.943   4.981 
    4.994   5.012   5.013   5.056   5.095   5.105   5.152   5.163 
    5.177   5.203   5.207   5.240   5.241   5.279   5.312   5.328 
    5.350   5.365   5.432   5.454   5.470   5.479   5.522   5.522 
    5.541   5.628   5.635   5.671   5.729   5.760   5.775   5.806 
    5.813   5.823   5.875   5.886   5.898   5.920   5.943   5.970 
    6.023   6.037   6.039   6.091   6.127   6.225   6.242   6.268 
    6.268   6.351   6.395   6.420   6.463   6.491   6.530   6.567 
    6.648   6.657   6.695   6.718   6.783   6.813   6.840   6.843 
    6.938   6.969   7.065   7.086   7.154   7.187   7.196   7.209 
    7.237   7.263   7.293   7.297   7.352   7.352   7.396   7.399 
    7.516   7.554   7.670   7.741   7.816   7.894   7.930   7.965 
    8.019   8.075   8.122   8.174   8.183   8.250   8.252   8.374 
    8.409   8.511   8.575   8.665   8.771   8.837   8.935   9.030 
    9.141   9.230   9.260   9.297   9.317   9.376   9.389   9.405 
    9.424   9.426   9.453   9.496   9.524   9.544   9.572   9.611 
    9.619   9.642   9.649   9.732   9.734   9.753   9.804   9.824 
    9.902   9.962  10.013  10.072  10.110  10.155  10.161  10.183 
   10.220  10.231  10.267  10.295  10.342  10.346  10.481  10.482 
   10.675  10.949  10.974  11.136  11.137  11.147  11.178  11.241 
   11.271  11.299  11.342  11.349  11.475  11.477  11.541  11.553 
   11.570  11.607  11.704  11.715  11.737  11.749  11.808  11.873 
   11.900  11.932  11.965  11.997  12.059  12.130  12.170  12.179 
   12.238  12.275  12.339  12.374  12.399  12.415  12.423  12.462 
   12.519  12.521  12.566  12.600  12.616  12.661  12.678  12.696 
   12.737  12.754  12.757  12.776  12.831  12.854  12.902  12.935 
   12.964  13.017  13.023  13.071  13.121  13.145  13.157  13.172 
   13.177  13.179  13.206  13.213  13.252  13.286  13.315  13.326 
   13.333  13.359  13.375  13.387  13.400  13.462  13.481  13.485 
   13.539  13.545  13.618  13.635  13.645  13.724  13.752  13.793 
   13.854  13.871  13.875  13.913  13.961  13.997  14.010  14.067 
   14.077  14.149  14.176  14.265  14.266  14.292  14.316  14.373 
   14.427  14.483  14.508  14.536  14.587  14.650  14.749  14.788 
   14.867  14.942  15.003  15.028  15.119  15.177  15.222  15.287 
   15.347  15.468  15.509  15.511  15.575  15.700  15.874  15.945 
   15.970  16.079  16.228  16.331  16.420  16.459  16.478  16.560 
   16.605  16.823  16.849  16.850  16.907  17.244  17.252  17.254 
   17.262  17.268  17.270  17.289  17.295  17.305  17.320  17.330 
   17.350  17.421  17.577  17.666  17.738  17.743  17.820  17.822 
   17.842  17.858  17.870  17.913  17.943  17.974  17.998  18.101 
   18.284  18.285  18.526  18.642  18.687  18.848  18.899  18.976 
   19.035  19.075  19.151  19.226  19.312  19.318  19.384  19.420 
   19.425  19.451  19.663  19.713  19.889  20.178  20.218  20.292 
   20.340  20.443  20.555  20.569  20.573  20.731  20.751  20.805 
   20.950  21.011  21.334  21.387  21.391  21.493  21.634  21.752 
   21.902  21.936  21.986  22.116  22.215  22.418  22.503  23.878 
   24.115  24.174  24.244  24.265  24.324  24.435  24.483  24.508 
   24.631  24.669  24.707  24.716  24.725  24.789  25.575  26.155 
   26.265  26.272  26.334  26.386  26.389  26.534  26.849  28.387 
   29.094  29.832  33.454  33.542  33.674  33.715  34.366  34.543 
   34.834  34.926  35.000  35.089  41.792  41.852  42.014  42.078 
   42.182  42.343  61.513  65.423  66.092  66.483  68.398  68.524 
   68.656  69.360  70.636  79.226  80.942  91.697  91.776  91.861 
   91.958  91.995  92.038  92.113  92.150  92.256  92.263  92.274 
   92.322  93.208  93.249  93.299  93.331  93.360  94.347 140.074 
  175.368 176.040 176.431 320.631 536.756 537.300 537.617 747.382 
  1796.486 2112.560 2112.952 2113.179 4514.697 12060.661 35044.844 114859.558 
  454595.113 2579392.769 


  >>> Running RHF-MP2 <<<


RMP2-TIMING
  rmp2                  :::     1592.903 (100.00%)
  Total                 :::     1592.903 (100.00%)

MP2 correlation energy (RHF) : -0.8027165137
MP2 total energy       (RHF) : -154.9579508688


  >>> Running UHF <<<

init D/C      : input mo_coeff
init ov       : zeros
no            : 12 13
nv            : 715 714
ov_size       : 17862
max_cycle     : 1000
conv          : 6
econv         : 9
method        : diis
mom_start     : 0
guess mix     : 0.000000
orb_swap      : [[[0, 12]], []]
init E        : -133.604882568536
init S2       : 0.750000000000082
init |[F,P]|  : 1.63e-02
init |dE|     : 4.59e-02
check file    : None

iter      total energy   |[F,P]|      |dE|         ∆E   S^2   comment
   1    -134.119057209  8.78e-03  2.45e-02  -5.14e-01  0.75  DIIS mom: 11.7/12 12.6/13
   2    -134.400293456  7.09e-04  1.88e-03  -2.81e-01  0.76  DIIS mom: 11.9/12 13.0/13
   3    -134.402829533  1.88e-04  4.62e-04  -2.54e-03  0.76  DIIS mom: 12.0/12 13.0/13
   4    -134.403240303  1.05e-04  2.50e-04  -4.11e-04  0.76  DIIS mom: 12.0/12 13.0/13
   5    -134.403411080  4.20e-05  9.62e-05  -1.71e-04  0.77  DIIS mom: 12.0/12 13.0/13
   6    -134.403441850  1.25e-05  2.88e-05  -3.08e-05  0.77  DIIS mom: 12.0/12 13.0/13
   7    -134.403444351  3.20e-06  7.78e-06  -2.50e-06  0.77  DIIS mom: 12.0/12 13.0/13
   8    -134.403444497  8.78e-07  2.07e-06  -1.45e-07  0.77  DIIS mom: 12.0/12 13.0/13
   9    -134.403444507  3.03e-07  6.43e-07  -9.69e-09  0.77  DIIS mom: 12.0/12 13.0/13
  10    -134.403444508  1.40e-07  2.74e-07  -1.22e-09  0.77  DIIS mom: 12.0/12 13.0/13
  11    -134.403444508  6.78e-08  1.32e-07  -2.67e-10  0.77  DIIS mom: 12.0/12 13.0/13
                                                                      diis is converged!

SCF converged : True
final |[F,P]| : 6.78e-08
final |dE|    : 1.32e-07
final Escf    : -216.414189285948
final Etot    : -134.403444508057
final S2      : 0.770601931753355

  diis prep             :::        0.491 (  0.02%)
  diis extrap           :::        0.222 (  0.01%)
  roothaan              :::        1.774 (  0.06%)
  fock build            :::     3114.552 ( 99.92%)
  Total                 :::     3117.040 (100.00%)

Alpha occupied
  -11.561 -11.424  -1.816  -1.298  -1.131  -1.123  -1.052  -0.975 
   -0.844  -0.767  -0.752  -0.722 

Alpha virtual
  -18.946  -0.140  -0.079  -0.069  -0.069  -0.038  -0.025  -0.025 
   -0.024  -0.019  -0.008   0.012   0.026   0.027   0.048   0.066 
    0.075   0.080   0.083   0.099   0.108   0.117   0.123   0.130 
    0.137   0.157   0.175   0.177   0.182   0.196   0.201   0.222 
    0.239   0.272   0.275   0.292   0.295   0.311   0.327   0.340 
    0.341   0.353   0.358   0.368   0.375   0.397   0.398   0.402 
    0.424   0.427   0.442   0.450   0.457   0.466   0.474   0.477 
    0.510   0.513   0.514   0.516   0.542   0.566   0.579   0.590 
    0.590   0.614   0.632   0.665   0.673   0.677   0.701   0.730 
    0.734   0.749   0.783   0.799   0.820   0.839   0.848   0.867 
    0.888   0.909   0.934   0.943   0.953   0.984   0.998   0.999 
    1.016   1.028   1.043   1.048   1.063   1.083   1.098   1.105 
    1.109   1.131   1.147   1.153   1.173   1.190   1.214   1.223 
    1.226   1.246   1.251   1.265   1.275   1.309   1.319   1.332 
    1.347   1.365   1.366   1.374   1.385   1.393   1.430   1.445 
    1.464   1.479   1.497   1.511   1.515   1.537   1.579   1.580 
    1.586   1.587   1.614   1.633   1.645   1.689   1.697   1.709 
    1.756   1.774   1.816   1.843   1.856   1.867   1.897   1.904 
    1.938   1.945   1.988   2.020   2.033   2.046   2.099   2.105 
    2.115   2.157   2.158   2.185   2.202   2.236   2.257   2.280 
    2.330   2.334   2.362   2.373   2.409   2.426   2.451   2.451 
    2.466   2.479   2.493   2.501   2.502   2.550   2.588   2.612 
    2.639   2.642   2.686   2.706   2.751   2.751   2.818   2.831 
    2.849   2.869   2.885   2.945   2.948   2.983   3.022   3.052 
    3.079   3.104   3.121   3.147   3.163   3.192   3.198   3.239 
    3.252   3.302   3.335   3.386   3.397   3.405   3.432   3.447 
    3.451   3.476   3.509   3.511   3.542   3.565   3.593   3.609 
    3.623   3.631   3.664   3.695   3.732   3.773   3.778   3.817 
    3.888   3.901   3.906   3.921   3.922   3.942   3.963   3.974 
    3.990   4.039   4.050   4.058   4.082   4.105   4.108   4.127 
    4.148   4.158   4.193   4.198   4.228   4.232   4.248   4.273 
    4.285   4.324   4.346   4.363   4.407   4.444   4.464   4.506 
    4.549   4.575   4.589   4.613   4.635   4.668   4.682   4.706 
    4.743   4.743   4.763   4.773   4.796   4.805   4.829   4.892 
    4.896   4.900   4.949   4.957   4.990   4.990   5.040   5.071 
    5.075   5.101   5.122   5.180   5.191   5.223   5.233   5.265 
    5.280   5.291   5.373   5.381   5.436   5.448   5.466   5.518 
    5.545   5.563   5.592   5.622   5.633   5.639   5.672   5.684 
    5.720   5.722   5.767   5.772   5.809   5.872   5.953   5.970 
    5.986   6.011   6.095   6.123   6.146   6.192   6.220   6.264 
    6.291   6.401   6.402   6.428   6.440   6.505   6.508   6.564 
    6.604   6.667   6.741   6.793   6.819   6.850   6.916   6.944 
    6.968   6.977   7.031   7.042   7.070   7.087   7.112   7.117 
    7.145   7.258   7.296   7.381   7.459   7.537   7.604   7.620 
    7.651   7.757   7.786   7.804   7.864   7.917   8.012   8.020 
    8.099   8.140   8.191   8.293   8.358   8.433   8.569   8.595 
    8.763   8.906   8.939   8.968   9.012   9.033   9.095   9.133 
    9.165   9.179   9.188   9.207   9.273   9.274   9.318   9.320 
    9.339   9.345   9.397   9.407   9.442   9.477   9.519   9.561 
    9.593   9.599   9.651   9.734   9.766   9.836   9.840   9.893 
    9.926   9.933   9.977  10.004  10.015  10.082  10.101  10.181 
   10.195  10.346  10.500  10.501  10.728  10.888  10.896  10.923 
   10.965  10.997  11.043  11.060  11.067  11.100  11.121  11.206 
   11.207  11.287  11.346  11.402  11.456  11.488  11.522  11.530 
   11.594  11.612  11.704  11.709  11.732  11.777  11.851  11.869 
   11.903  11.928  11.977  12.008  12.044  12.091  12.106  12.172 
   12.187  12.206  12.240  12.268  12.280  12.308  12.389  12.416 
   12.445  12.445  12.491  12.522  12.543  12.558  12.588  12.609 
   12.673  12.717  12.725  12.739  12.792  12.824  12.831  12.882 
   12.890  12.893  12.926  12.931  12.955  12.983  13.022  13.034 
   13.049  13.072  13.077  13.113  13.122  13.136  13.190  13.224 
   13.240  13.272  13.283  13.316  13.324  13.345  13.452  13.493 
   13.545  13.576  13.578  13.601  13.664  13.696  13.711  13.745 
   13.793  13.840  13.865  13.928  13.943  13.965  13.992  14.032 
   14.039  14.134  14.215  14.264  14.274  14.303  14.362  14.461 
   14.530  14.552  14.687  14.732  14.764  14.817  14.855  14.966 
   14.990  15.092  15.215  15.240  15.271  15.298  15.458  15.593 
   15.644  15.680  15.803  15.915  16.035  16.150  16.233  16.252 
   16.268  16.375  16.518  16.599  16.642  16.681  16.858  16.870 
   16.996  17.009  17.025  17.038  17.051  17.067  17.068  17.109 
   17.123  17.133  17.199  17.260  17.333  17.353  17.467  17.476 
   17.584  17.590  17.614  17.619  17.658  17.691  17.707  17.711 
   17.743  17.889  18.027  18.128  18.256  18.308  18.457  18.680 
   18.757  18.772  18.830  18.852  18.944  18.997  19.011  19.071 
   19.128  19.171  19.237  19.361  19.477  19.489  19.870  19.893 
   20.004  20.015  20.186  20.285  20.352  20.365  20.476  20.546 
   20.590  20.656  20.742  20.986  21.120  21.179  21.185  21.206 
   21.431  21.570  21.681  21.712  21.836  21.899  22.210  22.291 
   23.515  23.669  23.710  23.792  23.840  23.917  24.042  24.080 
   24.127  24.203  24.323  24.428  24.474  24.498  24.551  24.859 
   25.613  25.781  25.950  25.954  26.009  26.018  26.144  26.163 
   27.628  28.435  29.115  33.176  33.283  33.448  33.471  34.084 
   34.321  34.538  34.657  34.778  34.864  41.552  41.555  41.644 
   41.841  41.927  42.124  60.226  63.897  64.571  64.960  66.799 
   66.923  67.060  67.777  69.054  78.960  80.698  91.294  91.492 
   91.558  91.595  91.746  91.797  91.844  91.894  91.987  92.042 
   92.062  92.097  92.991  93.002  93.059  93.098  93.129  93.872 
  138.031 172.803 173.478 173.868 317.669 532.928 533.473 533.790 
  743.517 1791.886 2107.638 2108.030 2108.257 4509.588 12055.252 35039.281 
  114853.927 454589.456 2579387.104 

Beta occupied
  -23.845 -11.560 -11.424  -1.934  -1.324  -1.195  -1.158  -1.130 
   -1.006  -0.854  -0.769  -0.753  -0.723 

Beta virtual
   -0.146  -0.080  -0.070  -0.069  -0.038  -0.028  -0.026  -0.025 
   -0.019  -0.012   0.009   0.026   0.026   0.047   0.066   0.066 
    0.080   0.081   0.099   0.109   0.116   0.123   0.130   0.137 
    0.156   0.175   0.176   0.182   0.196   0.200   0.223   0.240 
    0.270   0.275   0.291   0.292   0.312   0.327   0.339   0.341 
    0.353   0.357   0.368   0.372   0.395   0.397   0.401   0.424 
    0.424   0.443   0.446   0.458   0.465   0.472   0.478   0.510 
    0.512   0.514   0.516   0.542   0.568   0.576   0.590   0.592 
    0.613   0.634   0.666   0.674   0.677   0.701   0.731   0.735 
    0.747   0.783   0.797   0.821   0.838   0.848   0.867   0.889 
    0.910   0.934   0.944   0.953   0.983   0.993   0.998   1.017 
    1.028   1.043   1.048   1.064   1.082   1.098   1.106   1.110 
    1.131   1.146   1.152   1.172   1.188   1.213   1.223   1.227 
    1.245   1.252   1.264   1.275   1.308   1.317   1.332   1.347 
    1.365   1.367   1.374   1.385   1.392   1.431   1.445   1.464 
    1.479   1.497   1.501   1.513   1.537   1.575   1.579   1.582 
    1.587   1.615   1.634   1.639   1.680   1.698   1.708   1.754 
    1.774   1.816   1.841   1.856   1.868   1.896   1.902   1.937 
    1.943   1.982   2.017   2.034   2.047   2.100   2.106   2.115 
    2.158   2.159   2.184   2.202   2.236   2.254   2.281   2.332 
    2.334   2.361   2.372   2.410   2.427   2.450   2.451   2.464 
    2.480   2.492   2.499   2.503   2.551   2.588   2.613   2.639 
    2.640   2.684   2.707   2.746   2.752   2.818   2.832   2.849 
    2.870   2.886   2.941   2.949   2.984   3.022   3.053   3.080 
    3.103   3.119   3.148   3.164   3.192   3.192   3.239   3.251 
    3.302   3.335   3.386   3.396   3.406   3.430   3.440   3.452 
    3.475   3.509   3.511   3.541   3.565   3.594   3.607   3.622 
    3.630   3.662   3.696   3.722   3.772   3.777   3.810   3.887 
    3.899   3.906   3.917   3.920   3.942   3.961   3.970   3.988 
    4.040   4.047   4.058   4.075   4.099   4.107   4.116   4.148 
    4.157   4.187   4.197   4.226   4.228   4.248   4.262   4.271 
    4.315   4.331   4.362   4.405   4.438   4.460   4.505   4.548 
    4.571   4.587   4.611   4.633   4.655   4.682   4.706   4.740 
    4.742   4.763   4.773   4.787   4.804   4.827   4.892   4.896 
    4.899   4.948   4.956   4.988   4.990   5.040   5.070   5.074 
    5.101   5.120   5.179   5.192   5.223   5.233   5.265   5.280 
    5.290   5.368   5.382   5.433   5.448   5.462   5.517   5.545 
    5.561   5.592   5.622   5.631   5.638   5.667   5.685   5.714 
    5.721   5.765   5.768   5.803   5.868   5.952   5.968   5.986 
    6.011   6.095   6.118   6.145   6.189   6.220   6.262   6.288 
    6.400   6.400   6.428   6.439   6.504   6.507   6.563   6.604 
    6.667   6.742   6.783   6.819   6.846   6.916   6.945   6.969 
    6.974   7.027   7.042   7.071   7.086   7.112   7.117   7.145 
    7.257   7.297   7.382   7.459   7.531   7.603   7.620   7.651 
    7.755   7.787   7.804   7.861   7.917   8.012   8.018   8.096 
    8.138   8.192   8.293   8.357   8.438   8.569   8.590   8.764 
    8.906   8.940   8.969   9.012   9.032   9.094   9.132   9.164 
    9.178   9.187   9.207   9.273   9.274   9.318   9.320   9.331 
    9.344   9.395   9.407   9.441   9.475   9.519   9.559   9.591 
    9.597   9.639   9.733   9.749   9.831   9.837   9.886   9.923 
    9.929   9.975  10.001  10.013  10.065  10.098  10.169  10.187 
   10.314  10.443  10.452  10.689  10.888  10.894  10.914  10.951 
   10.989  10.995  11.039  11.050  11.100  11.115  11.203  11.206 
   11.288  11.340  11.366  11.455  11.478  11.522  11.530  11.588 
   11.609  11.691  11.704  11.730  11.773  11.841  11.865  11.903 
   11.903  11.977  11.992  12.045  12.085  12.092  12.163  12.187 
   12.204  12.241  12.265  12.281  12.308  12.389  12.417  12.444 
   12.445  12.492  12.522  12.540  12.556  12.588  12.609  12.671 
   12.717  12.724  12.739  12.791  12.822  12.829  12.880  12.890 
   12.890  12.923  12.931  12.955  12.982  13.018  13.031  13.049 
   13.072  13.075  13.112  13.122  13.136  13.189  13.223  13.238 
   13.267  13.281  13.316  13.321  13.342  13.451  13.491  13.543 
   13.575  13.577  13.601  13.664  13.695  13.710  13.744  13.793 
   13.840  13.862  13.928  13.939  13.959  13.986  14.029  14.036 
   14.134  14.211  14.263  14.274  14.301  14.361  14.460  14.530 
   14.552  14.687  14.731  14.764  14.816  14.855  14.966  14.988 
   15.090  15.214  15.236  15.271  15.297  15.458  15.583  15.641 
   15.679  15.800  15.913  16.034  16.149  16.224  16.251  16.268 
   16.375  16.516  16.599  16.643  16.681  16.860  16.871  16.996 
   17.009  17.025  17.038  17.051  17.067  17.068  17.109  17.123 
   17.133  17.199  17.258  17.333  17.350  17.464  17.476  17.583 
   17.589  17.614  17.619  17.658  17.690  17.706  17.710  17.743 
   17.884  18.025  18.122  18.250  18.303  18.449  18.679  18.755 
   18.772  18.825  18.850  18.943  18.993  19.007  19.067  19.127 
   19.171  19.236  19.359  19.464  19.489  19.868  19.894  20.004 
   20.015  20.186  20.282  20.352  20.365  20.477  20.546  20.590 
   20.654  20.742  20.970  21.116  21.178  21.185  21.200  21.424 
   21.565  21.680  21.712  21.836  21.894  22.210  22.291  23.450 
   23.668  23.697  23.718  23.824  23.887  24.041  24.078  24.126 
   24.201  24.315  24.423  24.472  24.498  24.550  24.780  25.370 
   25.630  25.713  25.953  26.007  26.018  26.142  26.163  27.477 
   28.333  29.007  33.176  33.283  33.448  33.471  34.084  34.321 
   34.537  34.657  34.778  34.864  41.553  41.555  41.644  41.841 
   41.927  42.124  59.822  63.510  64.198  64.587  66.591  66.716 
   66.850  67.565  68.845  78.959  80.698  91.296  91.492  91.560 
   91.595  91.746  91.797  91.844  91.894  91.987  92.042  92.062 
   92.097  92.991  93.002  93.059  93.098  93.129  93.873 137.589 
  172.327 173.004 173.396 317.265 532.512 533.057 533.374 743.201 
  1791.674 2107.401 2107.794 2108.020 4509.466 12055.190 35039.255 114853.917 
  454589.453 2579387.103 


  >>> Running UHF-MP2 <<<

MP2 correlation energy (UHF) : -0.7541159024
MP2 total energy       (UHF) : -135.1575604105

