	*********************************************** 
	***** Beginning CEBE Calculation with MOM ***** 
	*****       Calculation Details:          ***** 
	      Geometry:	 /home/am3939/core/calculations/mols/exp/n/p-n-h2pyridine.xyz
	      Core Basis:	 pcX-4
	      Full Basis:	 pc-4
	      DIIS (start, space):	 0 50
	      Level shift:	 0
	      Do localization?:	 False
	      Do SFX2C1E?:	 True
	      Freeze orbitals?:	 True
	      Use Cheng orbitals?:	 False
	      Do Special Basis?:	 True
	      Do Special Basis?:	 pcX-4
	*********************************************** 
	*********************************************** 

  >>> Running RHF <<<

init D/C      : minao
init ov       : zeros
no            : 25
nv            : 1160
ov_size       : 29000
max_cycle     : 1000
conv          : 6
econv         : 9
method        : gdm
scale_stop    : 0
scale_factor  : 1.000000
init E        : -301.766485799797
init |[F,P]|  : 3.27e-03
init |dE|     : 6.28e-03
check file    : None

iter      total energy   |[F,P]|      |dE|         ∆E   comment
   1    -301.847155967  1.38e-03  2.71e-03  -8.07e-02  BFGS
   2    -301.859699761  5.26e-04  1.03e-03  -1.25e-02  BFGS
   3    -301.861296060  1.20e-04  2.43e-04  -1.60e-03  BFGS
   4    -301.861395737  3.96e-05  7.63e-05  -9.97e-05  BFGS
   5    -301.861410001  1.04e-05  2.05e-05  -1.43e-05  BFGS
   6    -301.861411784  3.32e-06  6.59e-06  -1.78e-06  BFGS
   7    -301.861411874  1.48e-06  2.90e-06  -8.99e-08  BFGS
   8    -301.861411890  2.53e-07  4.92e-07  -1.61e-08  BFGS
   9    -301.861411891  9.16e-08  1.74e-07  -8.74e-10  BFGS
                                                                      gdm is converged!

SCF converged : True
final |[F,P]| : 9.16e-08
final |dE|    : 1.74e-07
final Escf    : -576.955924545035
final Etot    : -301.861411891045

  pxp & ewc             :::        1.580 (  0.04%)
  apply B               :::        0.003 (  0.00%)
  linsrch               :::     3578.534 ( 99.95%)
  grad                  :::        0.073 (  0.00%)
  Total                 :::     3580.190 (100.00%)

Alpha occupied
  -15.581 -15.545 -11.299 -11.270 -11.270 -11.226 -11.226  -1.259 
   -1.228  -1.053  -1.029  -0.860  -0.845  -0.723  -0.716  -0.655 
   -0.626  -0.610  -0.591  -0.558  -0.512  -0.488  -0.412  -0.348 
   -0.334 

Alpha virtual
    0.040   0.057   0.062   0.078   0.081   0.086   0.104   0.106 
    0.110   0.112   0.116   0.118   0.128   0.129   0.142   0.149 
    0.155   0.164   0.171   0.173   0.192   0.199   0.203   0.210 
    0.217   0.225   0.234   0.238   0.244   0.248   0.253   0.256 
    0.257   0.269   0.269   0.290   0.298   0.310   0.316   0.325 
    0.332   0.345   0.356   0.367   0.368   0.387   0.391   0.404 
    0.410   0.421   0.428   0.433   0.436   0.444   0.450   0.459 
    0.460   0.464   0.478   0.479   0.482   0.491   0.503   0.505 
    0.512   0.520   0.525   0.525   0.541   0.546   0.548   0.551 
    0.568   0.572   0.574   0.575   0.589   0.593   0.599   0.606 
    0.612   0.621   0.622   0.632   0.658   0.660   0.671   0.679 
    0.685   0.695   0.703   0.705   0.705   0.722   0.730   0.740 
    0.742   0.753   0.754   0.757   0.768   0.777   0.781   0.797 
    0.802   0.808   0.813   0.826   0.833   0.839   0.848   0.851 
    0.866   0.870   0.876   0.892   0.902   0.905   0.918   0.919 
    0.936   0.937   0.947   0.951   0.956   0.969   0.976   0.978 
    1.000   1.023   1.031   1.033   1.046   1.053   1.075   1.080 
    1.097   1.107   1.114   1.126   1.131   1.142   1.164   1.167 
    1.180   1.187   1.204   1.208   1.234   1.237   1.243   1.249 
    1.282   1.283   1.294   1.302   1.304   1.322   1.333   1.335 
    1.343   1.347   1.349   1.370   1.379   1.388   1.390   1.401 
    1.405   1.421   1.424   1.439   1.440   1.453   1.468   1.471 
    1.474   1.483   1.493   1.510   1.516   1.527   1.531   1.544 
    1.549   1.559   1.566   1.569   1.580   1.595   1.609   1.612 
    1.616   1.628   1.631   1.638   1.649   1.660   1.681   1.685 
    1.686   1.717   1.723   1.751   1.751   1.763   1.780   1.801 
    1.807   1.817   1.837   1.839   1.847   1.848   1.856   1.883 
    1.885   1.893   1.916   1.939   1.959   1.963   1.972   1.977 
    2.012   2.016   2.025   2.053   2.067   2.076   2.089   2.092 
    2.119   2.146   2.149   2.152   2.157   2.165   2.176   2.190 
    2.192   2.228   2.236   2.275   2.279   2.281   2.301   2.306 
    2.331   2.342   2.352   2.359   2.383   2.397   2.400   2.407 
    2.422   2.425   2.426   2.465   2.473   2.484   2.505   2.523 
    2.533   2.542   2.546   2.552   2.578   2.592   2.595   2.606 
    2.621   2.636   2.644   2.653   2.653   2.663   2.666   2.670 
    2.692   2.708   2.726   2.729   2.745   2.747   2.759   2.772 
    2.803   2.816   2.817   2.822   2.837   2.871   2.881   2.885 
    2.911   2.925   2.929   2.939   2.955   3.017   3.038   3.038 
    3.061   3.093   3.095   3.124   3.144   3.153   3.157   3.165 
    3.180   3.198   3.224   3.239   3.259   3.269   3.271   3.302 
    3.307   3.337   3.343   3.361   3.371   3.397   3.403   3.430 
    3.460   3.461   3.523   3.529   3.535   3.538   3.544   3.549 
    3.566   3.576   3.610   3.615   3.623   3.637   3.656   3.675 
    3.679   3.703   3.709   3.724   3.729   3.753   3.756   3.773 
    3.791   3.795   3.796   3.815   3.848   3.855   3.855   3.894 
    3.899   3.903   3.923   3.931   3.969   3.974   4.000   4.022 
    4.033   4.046   4.049   4.073   4.076   4.092   4.122   4.137 
    4.160   4.176   4.196   4.197   4.219   4.220   4.237   4.249 
    4.273   4.276   4.278   4.310   4.315   4.329   4.359   4.382 
    4.424   4.427   4.440   4.450   4.457   4.465   4.481   4.482 
    4.503   4.511   4.519   4.531   4.576   4.590   4.591   4.594 
    4.598   4.626   4.640   4.651   4.657   4.663   4.676   4.695 
    4.712   4.720   4.727   4.755   4.774   4.785   4.789   4.796 
    4.834   4.844   4.855   4.860   4.866   4.876   4.899   4.910 
    4.924   4.932   4.963   4.972   4.982   4.985   5.006   5.012 
    5.025   5.034   5.046   5.054   5.056   5.073   5.094   5.112 
    5.125   5.138   5.154   5.164   5.172   5.175   5.186   5.204 
    5.231   5.239   5.249   5.250   5.254   5.295   5.297   5.312 
    5.314   5.319   5.320   5.354   5.367   5.382   5.396   5.415 
    5.454   5.458   5.478   5.484   5.513   5.519   5.541   5.571 
    5.598   5.602   5.618   5.627   5.649   5.678   5.708   5.719 
    5.723   5.752   5.765   5.775   5.788   5.807   5.813   5.851 
    5.857   5.883   5.887   5.888   5.891   5.921   5.946   5.965 
    5.971   6.008   6.017   6.042   6.051   6.070   6.092   6.130 
    6.153   6.196   6.196   6.212   6.277   6.287   6.343   6.347 
    6.391   6.419   6.432   6.443   6.467   6.503   6.523   6.546 
    6.558   6.560   6.599   6.628   6.642   6.668   6.683   6.689 
    6.691   6.705   6.725   6.767   6.776   6.786   6.809   6.818 
    6.823   6.871   6.886   6.890   6.936   6.973   7.002   7.016 
    7.033   7.044   7.061   7.063   7.146   7.165   7.175   7.178 
    7.188   7.207   7.223   7.228   7.229   7.247   7.307   7.332 
    7.359   7.365   7.396   7.417   7.446   7.449   7.483   7.522 
    7.531   7.585   7.615   7.671   7.678   7.770   7.775   7.797 
    7.801   7.834   7.875   7.951   8.010   8.041   8.099   8.118 
    8.147   8.153   8.157   8.218   8.231   8.236   8.306   8.372 
    8.386   8.444   8.477   8.496   8.509   8.533   8.584   8.594 
    8.669   8.673   8.703   8.779   8.823   8.863   8.885   8.923 
    8.958   8.967   8.984   9.087   9.152   9.177   9.182   9.245 
    9.258   9.279   9.296   9.330   9.386   9.412   9.423   9.475 
    9.475   9.522   9.522   9.531   9.544   9.560   9.567   9.598 
    9.605   9.642   9.690   9.710   9.752   9.774   9.797   9.834 
    9.845   9.877   9.878   9.997  10.008  10.095  10.119  10.127 
   10.175  10.235  10.264  10.294  10.372  10.429  10.443  10.463 
   10.495  10.530  10.547  10.587  10.624  10.670  10.727  10.784 
   10.790  10.799  10.851  10.905  10.919  10.939  10.952  10.999 
   11.000  11.021  11.093  11.106  11.171  11.186  11.193  11.236 
   11.260  11.264  11.326  11.347  11.417  11.428  11.452  11.462 
   11.471  11.486  11.501  11.514  11.533  11.536  11.547  11.566 
   11.587  11.600  11.625  11.634  11.644  11.664  11.681  11.696 
   11.711  11.723  11.762  11.778  11.782  11.861  11.902  11.916 
   11.967  11.995  12.015  12.041  12.046  12.073  12.078  12.092 
   12.103  12.155  12.163  12.164  12.183  12.186  12.201  12.217 
   12.251  12.253  12.253  12.261  12.266  12.270  12.286  12.288 
   12.310  12.314  12.322  12.334  12.341  12.359  12.367  12.369 
   12.379  12.400  12.430  12.444  12.453  12.462  12.475  12.488 
   12.520  12.536  12.543  12.566  12.582  12.603  12.668  12.676 
   12.685  12.699  12.725  12.738  12.752  12.782  12.813  12.841 
   12.847  12.887  12.892  12.893  12.904  12.922  12.931  12.935 
   12.989  12.989  12.994  13.022  13.037  13.059  13.071  13.074 
   13.096  13.125  13.147  13.148  13.175  13.189  13.203  13.232 
   13.262  13.267  13.284  13.322  13.324  13.332  13.344  13.381 
   13.383  13.386  13.402  13.406  13.412  13.498  13.499  13.511 
   13.538  13.561  13.580  13.602  13.620  13.640  13.653  13.667 
   13.668  13.687  13.705  13.724  13.745  13.750  13.789  13.798 
   13.818  13.818  13.870  13.870  13.917  13.919  13.923  13.973 
   14.001  14.002  14.023  14.044  14.116  14.137  14.170  14.175 
   14.207  14.247  14.250  14.270  14.297  14.311  14.329  14.348 
   14.357  14.375  14.424  14.429  14.515  14.602  14.612  14.658 
   14.672  14.745  14.759  14.791  14.834  14.879  14.891  14.933 
   14.950  14.953  14.997  15.094  15.176  15.180  15.209  15.298 
   15.333  15.368  15.396  15.458  15.519  15.541  15.580  15.602 
   15.621  15.649  15.655  15.683  15.701  15.806  15.863  15.888 
   15.910  15.956  15.969  15.988  15.993  16.030  16.047  16.071 
   16.113  16.142  16.145  16.182  16.191  16.205  16.280  16.309 
   16.378  16.390  16.472  16.485  16.514  16.568  16.622  16.625 
   16.693  16.718  16.794  16.828  16.876  16.918  16.935  16.953 
   17.015  17.179  17.182  17.193  17.208  17.227  17.233  17.234 
   17.241  17.248  17.254  17.265  17.272  17.273  17.322  17.373 
   17.383  17.483  17.505  17.525  17.590  17.624  17.625  17.681 
   17.705  17.764  17.781  17.786  17.824  17.849  17.906  17.990 
   18.017  18.071  18.177  18.201  18.228  18.310  18.355  18.376 
   18.396  18.551  18.587  18.693  18.896  18.959  19.038  19.045 
   19.050  19.063  19.139  19.202  19.224  19.235  19.239  19.358 
   19.407  19.443  19.502  19.515  19.528  19.599  19.742  19.910 
   19.919  20.021  20.075  20.190  20.409  20.512  20.587  20.705 
   20.789  20.813  20.863  20.891  20.926  20.933  21.061  21.257 
   21.260  21.281  21.319  21.433  21.551  21.598  21.718  21.785 
   21.937  22.118  22.248  22.458  22.622  22.754  22.811  22.907 
   23.064  23.083  23.260  23.440  23.750  23.851  24.009  24.023 
   24.044  24.180  24.207  24.217  24.265  24.308  24.337  24.523 
   24.633  24.690  24.871  24.894  26.149  26.221  26.507  26.554 
   27.357  27.928  32.968  33.097  33.150  33.215  33.331  33.390 
   33.432  33.448  33.549  33.640  33.644  33.703  33.846  33.858 
   34.802  34.810  34.889  34.967  35.123  35.293  35.380  35.461 
   35.612  35.643  35.672  41.705  42.044  42.096  42.103  42.147 
   42.205  44.703  45.592  49.142  49.327  49.366  49.500  49.587 
   49.740  50.196  50.217  50.324  50.718  52.561  52.882  53.537 
   54.078  54.131  54.172  77.077  77.989  78.644  79.605  80.450 
   91.730  91.789  91.809  91.883  91.887  91.921  91.923  92.106 
   92.137  92.197  92.359  92.364  93.219  93.278  93.467  93.520 
   93.832  93.871 100.314 101.112 140.341 140.591 141.087 141.404 
  141.452 141.461 227.992 228.737 429.721 429.906 430.319 430.561 
  430.608 430.625 529.422 530.126 1271.132 1271.798 1691.211 1691.325 
  1691.636 1691.796 1691.831 1691.858 3195.055 3195.682 8539.919 8540.507 
  24825.194 24825.741 81391.257 81391.757 322259.809 322260.252 1830823.726 1830824.090 


  >>> Running RHF-MP2 <<<


RMP2-TIMING
  rmp2                  :::     2687.771 (100.00%)
  Total                 :::     2687.771 (100.00%)

MP2 correlation energy (RHF) : -1.6210027250
MP2 total energy       (RHF) : -303.4824146161


  >>> Running UHF <<<

init D/C      : input mo_coeff
init ov       : zeros
no            : 24 25
nv            : 1161 1160
ov_size       : 56864
max_cycle     : 1000
conv          : 6
econv         : 9
method        : diis
mom_start     : 0
guess mix     : 0.000000
orb_swap      : [[[0, 24]], []]
init E        : -286.280770158768
init S2       : 0.750000000000046
init |[F,P]|  : 9.42e-03
init |dE|     : 2.17e-02
check file    : None

iter      total energy   |[F,P]|      |dE|         ∆E   S^2   comment
   1    -286.704062143  5.47e-03  1.17e-02  -4.23e-01  0.75  DIIS mom: 23.7/24 24.6/25
   2    -286.967201020  4.83e-04  1.03e-03  -2.63e-01  0.76  DIIS mom: 23.9/24 24.9/25
   3    -286.970330181  2.14e-04  4.15e-04  -3.13e-03  0.76  DIIS mom: 24.0/24 25.0/25
   4    -286.971034587  1.02e-04  1.94e-04  -7.04e-04  0.76  DIIS mom: 24.0/24 25.0/25
   5    -286.971393286  5.20e-05  9.91e-05  -3.59e-04  0.77  DIIS mom: 24.0/24 25.0/25
   6    -286.971486447  2.12e-05  3.96e-05  -9.32e-05  0.77  DIIS mom: 24.0/24 25.0/25
   7    -286.971504359  8.15e-06  1.49e-05  -1.79e-05  0.77  DIIS mom: 24.0/24 25.0/25
   8    -286.971507600  6.05e-06  1.04e-05  -3.24e-06  0.77  DIIS mom: 24.0/24 25.0/25
   9    -286.971509528  5.94e-06  1.00e-05  -1.93e-06  0.77  DIIS mom: 24.0/24 25.0/25
  10    -286.971510094  6.00e-06  1.01e-05  -5.66e-07  0.77  DIIS mom: 24.0/24 25.0/25
  11    -286.971496268  3.74e-06  6.45e-06   1.38e-05  0.77  DIIS mom: 24.0/24 25.0/25
  12    -286.971489879  1.39e-06  2.50e-06   6.39e-06  0.77  DIIS mom: 24.0/24 25.0/25
  13    -286.971489566  5.90e-07  1.04e-06   3.13e-07  0.77  DIIS mom: 24.0/24 25.0/25
  14    -286.971489575  3.08e-07  5.39e-07  -9.34e-09  0.77  DIIS mom: 24.0/24 25.0/25
  15    -286.971489581  1.38e-07  2.54e-07  -6.59e-09  0.77  DIIS mom: 24.0/24 25.0/25
  16    -286.971489583  6.07e-08  1.18e-07  -1.43e-09  0.77  DIIS mom: 24.0/24 25.0/25
  17    -286.971489583  2.52e-08  4.99e-08  -2.45e-10  0.77  DIIS mom: 24.0/24 25.0/25
                                                                      diis is converged!

SCF converged : True
final |[F,P]| : 2.52e-08
final |dE|    : 4.99e-08
final Escf    : -562.066002237138
final Etot    : -286.971489583148
final S2      : 0.774439031630429

  diis prep             :::        1.293 (  0.02%)
  diis extrap           :::        1.340 (  0.02%)
  roothaan              :::        7.085 (  0.10%)
  fock build            :::     7110.478 ( 99.86%)
  Total                 :::     7120.197 (100.00%)

Alpha occupied
  -15.728 -11.532 -11.443 -11.443 -11.426 -11.426  -1.613  -1.426 
   -1.284  -1.216  -1.114  -1.113  -1.018  -0.968  -0.923  -0.853 
   -0.842  -0.805  -0.772  -0.711  -0.695  -0.588  -0.562  -0.522 

Alpha virtual
  -14.184  -0.127  -0.089  -0.076  -0.059  -0.057  -0.050  -0.036 
   -0.031  -0.028  -0.008  -0.007  -0.004  -0.000   0.013   0.017 
    0.031   0.032   0.037   0.042   0.048   0.048   0.055   0.068 
    0.078   0.088   0.088   0.103   0.112   0.114   0.114   0.128 
    0.129   0.135   0.139   0.143   0.144   0.160   0.171   0.180 
    0.183   0.193   0.194   0.195   0.216   0.223   0.232   0.237 
    0.237   0.253   0.254   0.261   0.272   0.273   0.284   0.291 
    0.291   0.299   0.302   0.317   0.329   0.336   0.343   0.345 
    0.347   0.353   0.360   0.372   0.378   0.380   0.390   0.390 
    0.394   0.409   0.420   0.421   0.428   0.434   0.440   0.450 
    0.452   0.455   0.459   0.464   0.475   0.496   0.509   0.509 
    0.527   0.530   0.534   0.543   0.547   0.568   0.568   0.571 
    0.575   0.588   0.594   0.602   0.605   0.609   0.621   0.628 
    0.633   0.642   0.653   0.653   0.662   0.664   0.665   0.692 
    0.695   0.701   0.701   0.711   0.721   0.724   0.740   0.748 
    0.752   0.760   0.770   0.775   0.786   0.791   0.802   0.812 
    0.817   0.839   0.839   0.853   0.864   0.879   0.882   0.905 
    0.918   0.921   0.941   0.941   0.958   0.968   0.975   0.985 
    0.988   0.989   1.010   1.016   1.026   1.042   1.050   1.061 
    1.069   1.095   1.098   1.114   1.118   1.128   1.141   1.145 
    1.148   1.166   1.167   1.178   1.187   1.192   1.196   1.209 
    1.215   1.225   1.243   1.256   1.264   1.268   1.281   1.290 
    1.297   1.302   1.319   1.328   1.331   1.332   1.344   1.363 
    1.365   1.369   1.386   1.389   1.395   1.412   1.418   1.433 
    1.433   1.438   1.455   1.463   1.466   1.482   1.484   1.487 
    1.499   1.516   1.528   1.530   1.556   1.567   1.580   1.580 
    1.625   1.629   1.645   1.649   1.654   1.669   1.675   1.677 
    1.687   1.720   1.722   1.741   1.746   1.758   1.767   1.790 
    1.811   1.812   1.822   1.834   1.853   1.880   1.884   1.894 
    1.914   1.938   1.951   1.955   1.964   1.972   1.987   1.987 
    2.003   2.017   2.037   2.049   2.075   2.092   2.105   2.120 
    2.122   2.133   2.134   2.152   2.154   2.176   2.198   2.209 
    2.216   2.218   2.232   2.262   2.271   2.272   2.298   2.316 
    2.335   2.335   2.344   2.354   2.362   2.369   2.395   2.398 
    2.423   2.432   2.435   2.449   2.456   2.470   2.480   2.488 
    2.499   2.502   2.528   2.540   2.546   2.554   2.559   2.570 
    2.583   2.620   2.621   2.636   2.642   2.648   2.664   2.665 
    2.680   2.713   2.733   2.739   2.744   2.765   2.795   2.830 
    2.839   2.866   2.873   2.914   2.921   2.955   2.956   2.973 
    2.983   2.984   2.994   3.012   3.022   3.031   3.060   3.077 
    3.078   3.106   3.124   3.140   3.143   3.177   3.188   3.211 
    3.217   3.235   3.255   3.293   3.312   3.316   3.325   3.344 
    3.348   3.372   3.376   3.394   3.397   3.415   3.419   3.447 
    3.462   3.485   3.503   3.522   3.530   3.533   3.554   3.557 
    3.570   3.583   3.596   3.617   3.630   3.647   3.653   3.676 
    3.690   3.718   3.720   3.732   3.743   3.751   3.752   3.786 
    3.791   3.796   3.806   3.840   3.841   3.869   3.885   3.908 
    3.916   3.955   3.966   3.975   4.007   4.014   4.027   4.039 
    4.055   4.055   4.072   4.075   4.078   4.114   4.121   4.127 
    4.159   4.178   4.194   4.232   4.252   4.261   4.264   4.284 
    4.284   4.307   4.308   4.321   4.340   4.350   4.382   4.406 
    4.409   4.410   4.419   4.435   4.438   4.460   4.467   4.485 
    4.504   4.511   4.521   4.534   4.563   4.585   4.587   4.595 
    4.607   4.626   4.626   4.653   4.665   4.670   4.691   4.704 
    4.716   4.724   4.729   4.765   4.766   4.780   4.789   4.793 
    4.803   4.845   4.850   4.852   4.855   4.859   4.893   4.899 
    4.906   4.930   4.955   4.965   4.968   4.977   4.978   4.996 
    5.008   5.011   5.021   5.046   5.061   5.067   5.086   5.104 
    5.104   5.114   5.119   5.119   5.129   5.166   5.175   5.196 
    5.220   5.247   5.260   5.261   5.286   5.304   5.317   5.327 
    5.357   5.366   5.388   5.423   5.429   5.439   5.480   5.495 
    5.530   5.534   5.535   5.574   5.583   5.592   5.613   5.628 
    5.639   5.655   5.662   5.693   5.695   5.709   5.717   5.744 
    5.753   5.763   5.794   5.809   5.832   5.838   5.866   5.866 
    5.931   5.961   5.972   5.990   6.006   6.045   6.074   6.109 
    6.142   6.181   6.193   6.209   6.235   6.281   6.291   6.298 
    6.318   6.349   6.355   6.364   6.414   6.454   6.467   6.481 
    6.481   6.491   6.491   6.523   6.554   6.567   6.572   6.597 
    6.605   6.606   6.650   6.664   6.675   6.687   6.765   6.793 
    6.803   6.831   6.846   6.850   6.856   6.923   6.940   6.956 
    6.962   6.984   7.008   7.033   7.035   7.046   7.052   7.111 
    7.129   7.142   7.175   7.208   7.223   7.228   7.248   7.252 
    7.310   7.338   7.351   7.386   7.460   7.485   7.544   7.554 
    7.572   7.579   7.628   7.630   7.724   7.815   7.844   7.850 
    7.904   7.923   7.943   7.972   7.990   8.012   8.027   8.044 
    8.109   8.169   8.182   8.265   8.282   8.286   8.340   8.346 
    8.366   8.458   8.466   8.499   8.517   8.570   8.588   8.595 
    8.683   8.694   8.703   8.810   8.830   8.905   8.913   8.967 
    8.995   9.075   9.095   9.107   9.138   9.140   9.166   9.170 
    9.193   9.240   9.279   9.321   9.343   9.347   9.354   9.354 
    9.385   9.386   9.397   9.421   9.484   9.492   9.588   9.612 
    9.622   9.638   9.644   9.677   9.742   9.801   9.826   9.899 
    9.924   9.942   9.948   9.991  10.066  10.090  10.096  10.180 
   10.198  10.272  10.336  10.343  10.384  10.418  10.457  10.487 
   10.573  10.593  10.597  10.650  10.652  10.726  10.735  10.756 
   10.763  10.803  10.817  10.867  10.894  10.976  10.990  11.005 
   11.033  11.054  11.079  11.136  11.151  11.227  11.237  11.256 
   11.269  11.270  11.282  11.306  11.309  11.331  11.342  11.343 
   11.361  11.396  11.415  11.444  11.451  11.455  11.471  11.480 
   11.491  11.504  11.536  11.556  11.569  11.584  11.660  11.670 
   11.703  11.703  11.738  11.751  11.793  11.822  11.834  11.866 
   11.878  11.901  11.915  11.924  11.925  11.971  11.974  11.987 
   11.996  12.006  12.021  12.045  12.061  12.070  12.073  12.079 
   12.082  12.088  12.117  12.117  12.125  12.132  12.141  12.142 
   12.149  12.194  12.202  12.217  12.235  12.243  12.256  12.263 
   12.264  12.304  12.327  12.332  12.363  12.374  12.408  12.442 
   12.445  12.457  12.490  12.497  12.525  12.550  12.558  12.608 
   12.620  12.641  12.659  12.676  12.687  12.703  12.717  12.725 
   12.735  12.746  12.776  12.789  12.803  12.807  12.808  12.826 
   12.864  12.880  12.917  12.932  12.934  12.953  12.972  12.975 
   13.003  13.004  13.049  13.073  13.089  13.126  13.135  13.146 
   13.179  13.183  13.186  13.193  13.210  13.216  13.236  13.238 
   13.298  13.305  13.350  13.361  13.393  13.402  13.418  13.435 
   13.448  13.480  13.494  13.495  13.525  13.549  13.568  13.589 
   13.600  13.606  13.614  13.639  13.671  13.677  13.697  13.725 
   13.752  13.799  13.801  13.809  13.849  13.914  13.947  13.952 
   13.985  14.011  14.043  14.053  14.064  14.088  14.112  14.139 
   14.151  14.161  14.167  14.206  14.243  14.246  14.372  14.390 
   14.441  14.460  14.530  14.575  14.587  14.591  14.611  14.669 
   14.702  14.747  14.752  14.760  14.817  14.936  14.972  14.987 
   15.079  15.119  15.178  15.187  15.263  15.283  15.318  15.354 
   15.380  15.405  15.434  15.445  15.474  15.525  15.543  15.599 
   15.599  15.663  15.679  15.690  15.781  15.785  15.817  15.865 
   15.880  15.908  15.914  15.943  15.958  15.981  16.002  16.030 
   16.067  16.135  16.193  16.211  16.226  16.227  16.276  16.353 
   16.411  16.448  16.469  16.539  16.612  16.651  16.733  16.740 
   16.752  16.753  16.818  16.858  16.873  16.894  16.895  16.991 
   17.021  17.032  17.051  17.057  17.078  17.087  17.101  17.104 
   17.115  17.164  17.183  17.233  17.315  17.332  17.447  17.450 
   17.483  17.487  17.542  17.577  17.595  17.608  17.633  17.633 
   17.707  17.818  17.823  17.843  17.890  17.913  17.951  17.984 
   18.101  18.146  18.196  18.256  18.404  18.657  18.698  18.732 
   18.789  18.860  18.876  18.880  18.989  19.003  19.052  19.065 
   19.078  19.114  19.184  19.260  19.319  19.327  19.407  19.531 
   19.585  19.727  19.747  19.767  19.850  20.132  20.228  20.348 
   20.524  20.618  20.629  20.685  20.714  20.754  20.757  20.762 
   20.888  20.943  21.086  21.107  21.205  21.250  21.390  21.534 
   21.593  21.607  21.745  21.787  22.091  22.193  22.499  22.538 
   22.664  22.729  22.771  22.892  23.250  23.272  23.654  23.655 
   23.705  23.840  23.865  23.894  23.948  24.038  24.039  24.129 
   24.308  24.348  24.457  24.694  24.716  25.974  26.045  26.332 
   26.382  26.962  27.496  32.764  32.912  32.954  33.001  33.155 
   33.214  33.234  33.242  33.351  33.441  33.446  33.513  33.646 
   33.649  34.610  34.638  34.696  34.769  34.892  35.106  35.179 
   35.264  35.420  35.454  35.484  41.530  41.704  41.713  41.866 
   41.972  42.028  44.518  44.537  48.163  48.249  48.409  48.958 
   48.982  49.144  49.183  49.389  50.016  50.041  51.529  52.376 
   52.733  52.781  53.357  53.989  76.873  77.800  78.447  79.421 
   80.246  91.336  91.489  91.493  91.618  91.628  91.712  91.741 
   91.747  91.963  92.020  92.182  92.185  93.042  93.100  93.291 
   93.346  93.437  93.476  99.399 100.132 138.317 139.129 139.174 
  140.156 140.906 141.276 226.231 227.809 426.543 427.197 427.243 
  429.538 430.138 430.442 526.831 529.241 1267.850 1270.951 1687.039 
  1687.509 1687.544 1691.030 1691.456 1691.677 3191.280 3194.875 8535.834 
  8539.739 24820.929 24825.014 81386.883 81391.077 322255.355 322259.629 1830819.185 
  1830823.547 

Beta occupied
  -18.465 -15.728 -11.530 -11.443 -11.443 -11.427 -11.427  -1.708 
   -1.427  -1.296  -1.219  -1.153  -1.144  -1.025  -1.001  -0.972 
   -0.856  -0.842  -0.807  -0.772  -0.714  -0.695  -0.589  -0.566 
   -0.521 

Beta virtual
   -0.134  -0.093  -0.074  -0.058  -0.057  -0.053  -0.037  -0.032 
   -0.028  -0.009  -0.007  -0.005  -0.000   0.010   0.017   0.030 
    0.031   0.032   0.042   0.048   0.048   0.055   0.068   0.075 
    0.087   0.089   0.104   0.112   0.113   0.114   0.129   0.130 
    0.135   0.139   0.143   0.144   0.160   0.171   0.176   0.183 
    0.187   0.193   0.194   0.210   0.223   0.232   0.236   0.237 
    0.251   0.256   0.260   0.270   0.274   0.284   0.288   0.291 
    0.299   0.301   0.318   0.329   0.336   0.344   0.344   0.348 
    0.353   0.360   0.372   0.376   0.379   0.388   0.390   0.394 
    0.407   0.420   0.421   0.428   0.434   0.440   0.450   0.452 
    0.456   0.457   0.464   0.476   0.496   0.509   0.510   0.527 
    0.527   0.534   0.543   0.546   0.567   0.567   0.571   0.575 
    0.588   0.594   0.602   0.604   0.606   0.621   0.626   0.630 
    0.643   0.652   0.652   0.662   0.664   0.665   0.691   0.695 
    0.699   0.702   0.711   0.721   0.723   0.739   0.747   0.750 
    0.759   0.770   0.775   0.787   0.791   0.803   0.812   0.817 
    0.838   0.840   0.852   0.865   0.878   0.883   0.906   0.918 
    0.921   0.942   0.942   0.959   0.968   0.974   0.986   0.988 
    0.989   1.009   1.015   1.025   1.042   1.050   1.062   1.068 
    1.093   1.098   1.113   1.117   1.127   1.143   1.144   1.147 
    1.166   1.166   1.179   1.186   1.192   1.196   1.209   1.215 
    1.223   1.244   1.255   1.264   1.268   1.280   1.289   1.298 
    1.301   1.319   1.326   1.329   1.332   1.343   1.360   1.364 
    1.369   1.384   1.390   1.393   1.410   1.418   1.431   1.434 
    1.438   1.450   1.460   1.467   1.482   1.483   1.487   1.498 
    1.516   1.528   1.530   1.554   1.567   1.580   1.581   1.624 
    1.629   1.644   1.647   1.654   1.669   1.675   1.677   1.685 
    1.720   1.720   1.739   1.746   1.757   1.766   1.790   1.810 
    1.812   1.823   1.835   1.853   1.881   1.884   1.894   1.913 
    1.938   1.950   1.955   1.964   1.971   1.987   1.987   2.003 
    2.017   2.035   2.048   2.073   2.092   2.105   2.118   2.122 
    2.129   2.133   2.147   2.151   2.176   2.198   2.209   2.218 
    2.218   2.232   2.262   2.268   2.271   2.297   2.316   2.333 
    2.334   2.343   2.355   2.361   2.368   2.396   2.398   2.423 
    2.432   2.435   2.448   2.456   2.470   2.480   2.489   2.499 
    2.501   2.527   2.540   2.547   2.552   2.559   2.569   2.582 
    2.615   2.619   2.635   2.641   2.648   2.662   2.665   2.679 
    2.713   2.733   2.739   2.743   2.765   2.789   2.828   2.840 
    2.865   2.873   2.913   2.920   2.953   2.957   2.974   2.983 
    2.984   2.994   3.011   3.021   3.029   3.058   3.073   3.078 
    3.106   3.123   3.140   3.140   3.169   3.188   3.211   3.216 
    3.233   3.256   3.294   3.311   3.317   3.324   3.344   3.347 
    3.372   3.376   3.394   3.398   3.414   3.419   3.449   3.459 
    3.484   3.497   3.523   3.530   3.530   3.552   3.557   3.570 
    3.581   3.595   3.616   3.630   3.645   3.652   3.672   3.687 
    3.717   3.717   3.730   3.734   3.750   3.750   3.782   3.783 
    3.789   3.805   3.830   3.840   3.869   3.885   3.906   3.916 
    3.953   3.957   3.975   4.006   4.013   4.027   4.036   4.040 
    4.055   4.070   4.072   4.079   4.113   4.119   4.127   4.150 
    4.177   4.193   4.232   4.248   4.259   4.261   4.283   4.284 
    4.307   4.308   4.322   4.340   4.348   4.379   4.405   4.409 
    4.410   4.415   4.434   4.438   4.459   4.467   4.485   4.504 
    4.511   4.520   4.534   4.563   4.584   4.588   4.594   4.608 
    4.623   4.626   4.652   4.664   4.670   4.691   4.703   4.716 
    4.724   4.727   4.765   4.766   4.778   4.789   4.793   4.803 
    4.845   4.850   4.852   4.855   4.860   4.893   4.900   4.906 
    4.930   4.955   4.964   4.968   4.978   4.978   4.996   5.008 
    5.011   5.019   5.044   5.061   5.067   5.086   5.104   5.105 
    5.114   5.119   5.120   5.129   5.165   5.174   5.197   5.218 
    5.247   5.259   5.260   5.286   5.304   5.316   5.326   5.357 
    5.366   5.389   5.422   5.429   5.439   5.480   5.493   5.530 
    5.532   5.534   5.574   5.582   5.591   5.613   5.627   5.629 
    5.654   5.661   5.692   5.695   5.709   5.714   5.742   5.751 
    5.763   5.794   5.805   5.832   5.837   5.866   5.866   5.929 
    5.960   5.972   5.987   6.006   6.034   6.072   6.104   6.141 
    6.181   6.188   6.208   6.235   6.281   6.287   6.298   6.315 
    6.349   6.355   6.363   6.412   6.454   6.464   6.481   6.481 
    6.490   6.491   6.522   6.552   6.565   6.570   6.596   6.604 
    6.605   6.647   6.664   6.671   6.687   6.764   6.788   6.803 
    6.830   6.845   6.850   6.855   6.920   6.938   6.953   6.961 
    6.983   7.008   7.033   7.035   7.046   7.052   7.111   7.127 
    7.142   7.175   7.208   7.223   7.225   7.248   7.251   7.309 
    7.338   7.344   7.383   7.459   7.484   7.538   7.554   7.570 
    7.578   7.627   7.628   7.720   7.814   7.833   7.849   7.895 
    7.921   7.941   7.971   7.986   8.012   8.016   8.039   8.100 
    8.152   8.182   8.259   8.276   8.280   8.340   8.344   8.364 
    8.447   8.462   8.482   8.499   8.568   8.570   8.588   8.683 
    8.692   8.696   8.810   8.812   8.906   8.908   8.954   8.990 
    9.075   9.091   9.107   9.136   9.139   9.165   9.172   9.181 
    9.225   9.242   9.321   9.343   9.347   9.353   9.353   9.382 
    9.385   9.392   9.421   9.482   9.487   9.587   9.604   9.622 
    9.637   9.639   9.676   9.738   9.786   9.820   9.891   9.899 
    9.937   9.948   9.989  10.064  10.087  10.090  10.179  10.197 
   10.271  10.335  10.342  10.384  10.418  10.455  10.485  10.567 
   10.594  10.597  10.632  10.650  10.726  10.735  10.756  10.760 
   10.803  10.817  10.865  10.893  10.976  10.990  11.003  11.031 
   11.054  11.079  11.136  11.151  11.227  11.236  11.255  11.269 
   11.270  11.282  11.306  11.309  11.331  11.342  11.343  11.361 
   11.396  11.415  11.444  11.451  11.455  11.471  11.480  11.490 
   11.504  11.536  11.556  11.569  11.584  11.659  11.669  11.697 
   11.700  11.737  11.745  11.792  11.822  11.830  11.866  11.877 
   11.900  11.911  11.924  11.924  11.971  11.974  11.986  11.993 
   12.006  12.016  12.045  12.061  12.070  12.072  12.079  12.082 
   12.088  12.116  12.116  12.126  12.132  12.141  12.142  12.149 
   12.194  12.202  12.217  12.234  12.243  12.254  12.263  12.263 
   12.304  12.324  12.332  12.363  12.374  12.408  12.435  12.444 
   12.455  12.489  12.496  12.525  12.550  12.558  12.606  12.618 
   12.641  12.660  12.677  12.687  12.703  12.718  12.724  12.735 
   12.746  12.771  12.790  12.803  12.807  12.808  12.825  12.864 
   12.879  12.916  12.930  12.934  12.953  12.972  12.974  13.002 
   13.003  13.047  13.073  13.089  13.126  13.134  13.145  13.178 
   13.183  13.186  13.192  13.209  13.216  13.233  13.236  13.297 
   13.305  13.348  13.360  13.391  13.402  13.419  13.434  13.448 
   13.480  13.494  13.495  13.525  13.548  13.568  13.587  13.596 
   13.606  13.613  13.639  13.670  13.677  13.696  13.725  13.751 
   13.799  13.801  13.808  13.849  13.914  13.947  13.952  13.985 
   14.011  14.042  14.052  14.064  14.088  14.112  14.139  14.151 
   14.161  14.167  14.204  14.242  14.246  14.371  14.389  14.440 
   14.459  14.530  14.574  14.580  14.590  14.611  14.669  14.702 
   14.746  14.751  14.759  14.816  14.935  14.971  14.986  15.078 
   15.119  15.178  15.186  15.263  15.281  15.315  15.350  15.378 
   15.402  15.431  15.444  15.474  15.525  15.527  15.592  15.595 
   15.659  15.676  15.688  15.780  15.783  15.815  15.865  15.879 
   15.906  15.911  15.942  15.957  15.975  16.002  16.028  16.066 
   16.121  16.191  16.210  16.223  16.223  16.272  16.351  16.410 
   16.444  16.467  16.539  16.609  16.650  16.730  16.739  16.751 
   16.752  16.807  16.858  16.875  16.886  16.895  16.984  17.012 
   17.028  17.051  17.057  17.077  17.087  17.099  17.104  17.110 
   17.161  17.180  17.230  17.312  17.331  17.447  17.450  17.481 
   17.487  17.538  17.573  17.595  17.608  17.628  17.632  17.706 
   17.797  17.810  17.840  17.888  17.903  17.934  17.982  18.093 
   18.105  18.195  18.241  18.399  18.621  18.670  18.728  18.775 
   18.860  18.876  18.880  18.987  18.999  19.052  19.063  19.072 
   19.091  19.174  19.260  19.319  19.327  19.405  19.530  19.585 
   19.697  19.727  19.747  19.848  20.120  20.226  20.348  20.523 
   20.618  20.629  20.669  20.685  20.714  20.754  20.757  20.887 
   20.936  21.086  21.106  21.199  21.250  21.390  21.512  21.534 
   21.604  21.722  21.744  22.064  22.135  22.461  22.477  22.634 
   22.727  22.744  22.892  23.187  23.249  23.611  23.657  23.688 
   23.840  23.865  23.897  23.946  24.038  24.039  24.129  24.306 
   24.348  24.457  24.694  24.716  25.974  26.045  26.332  26.382 
   26.955  27.479  32.764  32.912  32.954  33.002  33.155  33.214 
   33.234  33.243  33.351  33.441  33.446  33.513  33.646  33.649 
   34.610  34.638  34.696  34.769  34.891  35.106  35.179  35.264 
   35.420  35.455  35.484  41.530  41.704  41.711  41.866  41.972 
   42.028  44.201  44.522  47.992  48.078  48.240  48.803  48.959 
   49.143  49.183  49.213  50.016  50.041  51.190  52.375  52.415 
   52.461  53.357  53.989  76.873  77.800  78.447  79.421  80.246 
   91.337  91.490  91.495  91.618  91.628  91.713  91.741  91.747 
   91.963  92.020  92.182  92.185  93.042  93.100  93.291  93.346 
   93.438  93.477  99.018 100.132 137.901 138.715 138.761 140.156 
  140.906 141.276 225.873 227.809 426.184 426.839 426.884 429.538 
  430.138 430.442 526.546 529.241 1267.656 1270.951 1686.837 1687.307 
  1687.342 1691.030 1691.456 1691.677 3191.167 3194.875 8535.777 8539.739 
  24820.904 24825.014 81386.874 81391.077 322255.352 322259.629 1830819.185 1830823.547 


  >>> Running UHF-MP2 <<<

MP2 correlation energy (UHF) : -1.5944524275
MP2 total energy       (UHF) : -288.5659420106

