	*********************************************** 
	***** Beginning CEBE Calculation with MOM ***** 
	*****       Calculation Details:          ***** 
	      Geometry:	 /work/morgunov/core/calculations/mols/exp/c/c-f2h2.xyz
	      Core Basis:	 cc-pCV5Z
	      Full Basis:	 cc-pV5Z
	      Do SFX2C1E?:	 True
	      Freeze orbitals?:	 True
	      Use Cheng orbitals?:	 False
	      Do Special Basis?:	 False
	*********************************************** 
	*********************************************** 

  >>> Running RHF <<<

init D/C      : minao
init ov       : zeros
no            : 13
nv            : 424
ov_size       : 5512
max_cycle     : 1000
conv          : 6
econv         : 9
method        : gdm
scale_stop    : 0
scale_factor  : 1.000000
init E        : -237.924839442511
init |[F,P]|  : 7.42e-03
init |dE|     : 1.90e-02
check file    : None

iter      total energy   |[F,P]|      |dE|         ∆E   comment
   1    -237.992664695  4.40e-03  1.18e-02  -6.78e-02  BFGS
   2    -238.019962091  4.34e-04  1.21e-03  -2.73e-02  BFGS
   3    -238.020414009  1.39e-04  3.86e-04  -4.52e-04  BFGS
   4    -238.020476132  3.75e-05  8.91e-05  -6.21e-05  BFGS
   5    -238.020479395  1.13e-05  2.49e-05  -3.26e-06  BFGS
   6    -238.020479775  1.15e-06  3.02e-06  -3.80e-07  BFGS
   7    -238.020479779  3.21e-07  8.00e-07  -4.18e-09  BFGS
   8    -238.020479780  4.36e-08  1.05e-07  -3.34e-10  BFGS
                                                                      gdm is converged!

SCF converged : True
final |[F,P]| : 4.36e-08
final |dE|    : 1.05e-07
final Escf    : -315.620785712078
final Etot    : -238.020479779723

  pxp & ewc             :::        0.194 (  0.06%)
  apply B               :::        0.002 (  0.00%)
  linsrch               :::      331.157 ( 99.94%)
  grad                  :::        0.007 (  0.00%)
  Total                 :::      331.359 (100.00%)

Alpha occupied
  -26.309 -26.309 -11.403  -1.663  -1.602  -0.972  -0.781  -0.773 
   -0.758  -0.669  -0.634  -0.624  -0.537 

Alpha virtual
    0.098   0.127   0.168   0.168   0.235   0.302   0.350   0.380 
    0.401   0.413   0.425   0.437   0.447   0.486   0.564   0.575 
    0.596   0.643   0.657   0.668   0.671   0.717   0.816   0.833 
    0.842   0.911   0.920   0.938   0.949   1.005   1.070   1.092 
    1.115   1.190   1.393   1.406   1.421   1.437   1.476   1.526 
    1.530   1.560   1.584   1.604   1.649   1.662   1.692   1.738 
    1.752   1.776   1.793   1.829   1.847   1.920   1.977   1.991 
    2.026   2.036   2.093   2.103   2.130   2.177   2.219   2.229 
    2.249   2.304   2.356   2.380   2.415   2.420   2.539   2.611 
    2.627   2.639   2.881   2.897   2.926   2.954   3.006   3.091 
    3.227   3.304   3.328   3.361   3.401   3.453   3.474   3.480 
    3.529   3.568   3.600   3.628   3.681   3.715   3.802   3.842 
    3.884   3.969   3.972   4.030   4.034   4.048   4.067   4.077 
    4.118   4.139   4.158   4.196   4.221   4.349   4.357   4.386 
    4.439   4.483   4.493   4.529   4.588   4.597   4.606   4.715 
    4.752   4.793   4.804   4.832   4.952   4.961   5.002   5.051 
    5.063   5.074   5.260   5.374   5.389   5.398   5.423   5.424 
    5.477   5.508   5.532   5.619   5.625   5.671   5.750   5.818 
    5.892   5.893   5.906   5.927   6.007   6.158   6.225   6.245 
    6.406   6.452   6.483   6.669   6.714   6.838   6.861   7.163 
    7.228   7.257   7.330   7.511   7.522   7.573   7.603   7.671 
    7.676   7.683   7.718   7.732   7.918   8.040   8.057   8.099 
    8.219   8.230   8.320   8.407   8.468   8.588   8.738   8.746 
    8.789   9.079   9.179   9.252   9.323   9.511   9.532   9.563 
    9.586   9.705   9.743   9.793   9.805   9.886   9.906   9.936 
    9.947   9.965  10.008  10.026  10.096  10.098  10.214  10.283 
   10.333  10.397  10.423  10.456  10.459  10.517  10.547  10.637 
   10.671  10.764  10.858  10.863  10.869  10.904  11.003  11.104 
   11.107  11.117  11.164  11.178  11.238  11.296  11.411  11.503 
   11.888  12.105  12.330  12.396  12.491  12.546  12.565  12.717 
   12.761  12.773  12.796  12.833  12.837  12.861  12.987  13.010 
   13.128  13.200  13.220  13.290  13.435  13.461  13.493  13.545 
   13.791  13.805  13.869  13.983  13.989  14.101  14.103  14.149 
   14.257  14.268  14.347  14.417  14.442  14.465  14.521  14.712 
   14.785  14.858  14.895  15.104  15.166  15.249  15.327  15.543 
   15.545  15.918  16.052  16.207  16.836  17.384  17.607  17.618 
   17.834  17.993  18.070  18.076  18.284  18.335  18.353  18.354 
   18.354  18.356  18.357  18.363  18.374  18.380  18.424  18.504 
   18.530  18.553  18.602  18.666  18.929  18.977  18.998  19.055 
   19.085  19.107  19.124  19.156  19.199  19.773  19.834  19.844 
   19.853  20.208  20.374  20.847  21.767  22.306  22.620  23.251 
   23.771  23.772  23.773  23.793  23.898  23.948  24.016  24.067 
   24.096  24.363  24.431  24.451  24.552  24.746  24.822  24.833 
   24.880  25.134  25.260  25.380  25.438  25.439  25.449  25.648 
   25.744  25.761  25.842  26.067  26.166  26.189  26.214  26.507 
   26.707  28.872  28.882  28.894  28.913  29.666  29.672  29.705 
   29.762  30.215  30.326  36.193  36.294  37.124  37.217  37.263 
   47.241  47.335  47.336  47.356  47.427  47.554  48.140  51.293 
   60.462  60.692  61.078  79.597  80.086 107.952 108.031 108.480 
  108.651 108.678 130.859 166.145 166.342 166.679 167.395 167.396 
  167.401 167.403 167.405 167.406 167.418 167.426 167.433 188.310 
  188.343 188.347 188.359 188.382 188.446 188.699 329.626 329.681 
  329.980 330.107 330.138 338.362 465.920 466.100 466.400 1177.544 


  >>> Running RHF-MP2 <<<


RMP2-TIMING
  rmp2                  :::      271.912 (100.00%)
  Total                 :::      271.912 (100.00%)

MP2 correlation energy (RHF) : -0.8858088358
MP2 total energy       (RHF) : -238.9062886156


  >>> Running UHF <<<

init D/C      : input mo_coeff
init ov       : zeros
no            : 12 13
nv            : 425 424
ov_size       : 10612
max_cycle     : 1000
conv          : 6
econv         : 9
method        : diis
mom_start     : 0
guess mix     : 0.000000
orb_swap      : [[[2, 12]], []]
init E        : -226.617047337821
init S2       : 0.750000000000005
init |[F,P]|  : 1.58e-02
init |dE|     : 3.99e-02
check file    : None

iter      total energy   |[F,P]|      |dE|         ∆E   S^2   comment
   1    -226.946447548  8.95e-03  2.16e-02  -3.29e-01  0.75  DIIS mom: 11.8/12 12.7/13
   2    -227.118996574  1.52e-03  4.39e-03  -1.73e-01  0.76  DIIS mom: 12.0/12 13.0/13
   3    -227.126323230  4.85e-04  1.49e-03  -7.33e-03  0.76  DIIS mom: 12.0/12 13.0/13
   4    -227.127534054  2.48e-04  5.68e-04  -1.21e-03  0.77  DIIS mom: 12.0/12 13.0/13
   5    -227.128367056  1.50e-04  3.51e-04  -8.33e-04  0.78  DIIS mom: 12.0/12 13.0/13
   6    -227.128868474  6.48e-05  1.65e-04  -5.01e-04  0.79  DIIS mom: 12.0/12 13.0/13
   7    -227.128976048  2.53e-05  6.30e-05  -1.08e-04  0.80  DIIS mom: 12.0/12 13.0/13
   8    -227.128988675  1.06e-05  2.51e-05  -1.26e-05  0.81  DIIS mom: 12.0/12 13.0/13
   9    -227.128990712  3.63e-06  8.56e-06  -2.04e-06  0.81  DIIS mom: 12.0/12 13.0/13
  10    -227.128990896  7.44e-07  1.84e-06  -1.83e-07  0.81  DIIS mom: 12.0/12 13.0/13
  11    -227.128990903  1.97e-07  4.96e-07  -6.62e-09  0.81  DIIS mom: 12.0/12 13.0/13
  12    -227.128990903  8.04e-08  2.14e-07  -4.55e-10  0.81  DIIS mom: 12.0/12 13.0/13
                                                                      diis is converged!

SCF converged : True
final |[F,P]| : 8.04e-08
final |dE|    : 2.14e-07
final Escf    : -304.729296835319
final Etot    : -227.128990902964
final S2      : 0.806453939241811

  diis prep             :::        0.135 (  0.03%)
  diis extrap           :::        0.097 (  0.02%)
  roothaan              :::        0.551 (  0.10%)
  fock build            :::      530.209 ( 99.85%)
  Total                 :::      530.992 (100.00%)

Alpha occupied
  -26.671 -26.671  -2.017  -1.948  -1.374  -1.169  -1.141  -1.116 
   -1.003  -0.975  -0.968  -0.916 

Alpha virtual
  -10.338  -0.127  -0.092  -0.088  -0.067   0.030   0.057   0.058 
    0.080   0.116   0.144   0.145   0.193   0.218   0.231   0.320 
    0.329   0.371   0.400   0.400   0.417   0.422   0.432   0.489 
    0.576   0.577   0.624   0.659   0.665   0.680   0.695   0.769 
    0.854   0.863   0.920   1.111   1.117   1.125   1.157   1.176 
    1.240   1.240   1.259   1.285   1.325   1.361   1.371   1.408 
    1.448   1.468   1.475   1.503   1.540   1.569   1.630   1.677 
    1.697   1.721   1.733   1.771   1.788   1.832   1.886   1.918 
    1.933   1.948   2.005   2.057   2.058   2.109   2.120   2.215 
    2.287   2.345   2.349   2.537   2.546   2.560   2.639   2.693 
    2.757   2.886   3.002   3.015   3.039   3.082   3.149   3.154 
    3.158   3.214   3.265   3.274   3.299   3.346   3.375   3.470 
    3.511   3.555   3.627   3.643   3.700   3.703   3.708   3.747 
    3.765   3.809   3.822   3.837   3.862   3.894   4.031   4.037 
    4.066   4.100   4.163   4.175   4.210   4.262   4.271   4.275 
    4.367   4.434   4.439   4.482   4.509   4.604   4.631   4.678 
    4.703   4.726   4.739   4.923   5.030   5.036   5.040   5.049 
    5.083   5.136   5.151   5.184   5.283   5.293   5.342   5.411 
    5.481   5.558   5.563   5.564   5.586   5.657   5.819   5.878 
    5.915   6.056   6.071   6.124   6.318   6.344   6.473   6.489 
    6.805   6.865   6.900   6.973   7.080   7.115   7.195   7.218 
    7.236   7.329   7.374   7.399   7.416   7.593   7.705   7.712 
    7.746   7.849   7.881   7.972   8.070   8.093   8.229   8.384 
    8.398   8.441   8.655   8.745   8.856   8.930   9.196   9.206 
    9.236   9.266   9.357   9.384   9.438   9.457   9.534   9.540 
    9.580   9.586   9.627   9.655   9.682   9.755   9.771   9.866 
    9.937   9.952  10.013  10.058  10.061  10.089  10.160  10.174 
   10.230  10.284  10.366  10.497  10.510  10.511  10.512  10.636 
   10.705  10.729  10.747  10.767  10.819  10.834  10.951  11.060 
   11.079  11.435  11.620  11.791  11.955  11.968  12.112  12.118 
   12.313  12.318  12.397  12.418  12.441  12.459  12.464  12.566 
   12.627  12.751  12.830  12.840  12.919  13.011  13.079  13.103 
   13.168  13.387  13.418  13.493  13.569  13.600  13.702  13.713 
   13.752  13.845  13.882  13.928  14.028  14.052  14.063  14.112 
   14.310  14.388  14.461  14.495  14.703  14.762  14.879  14.969 
   15.156  15.167  15.540  15.670  15.779  16.412  16.983  17.202 
   17.214  17.416  17.504  17.652  17.656  17.869  17.952  17.975 
   18.027  18.032  18.040  18.040  18.040  18.040  18.048  18.087 
   18.111  18.185  18.210  18.233  18.310  18.580  18.618  18.630 
   18.706  18.719  18.746  18.756  18.792  18.805  19.428  19.484 
   19.493  19.506  19.607  19.812  20.302  21.303  21.837  21.876 
   22.464  23.259  23.448  23.449  23.469  23.479  23.558  23.607 
   23.679  23.725  24.011  24.080  24.097  24.199  24.382  24.460 
   24.471  24.486  24.711  24.841  25.050  25.093  25.109  25.119 
   25.304  25.397  25.416  25.497  25.712  25.809  25.834  25.858 
   26.133  26.331  28.532  28.543  28.555  28.574  29.303  29.309 
   29.345  29.401  29.813  29.934  34.985  35.086  35.944  36.017 
   36.074  45.971  46.069  46.070  46.088  46.165  46.288  46.876 
   49.861  58.812  59.046  59.436  79.243  79.732 105.929 106.009 
  106.457 106.634 106.661 128.670 163.707 163.907 164.249 165.363 
  165.363 165.372 165.373 165.376 165.377 165.389 165.398 165.402 
  185.956 185.992 185.996 186.006 186.033 186.095 186.349 326.711 
  326.767 327.065 327.194 327.226 335.398 462.705 462.885 463.187 
  1173.895 

Beta occupied
  -26.666 -26.666 -14.010  -2.021  -1.933  -1.443  -1.206  -1.157 
   -1.113  -0.999  -0.969  -0.959  -0.926 

Beta virtual
   -0.139  -0.104  -0.100  -0.075   0.029   0.031   0.033   0.079 
    0.101   0.125   0.146   0.196   0.217   0.232   0.322   0.331 
    0.370   0.399   0.400   0.416   0.418   0.434   0.469   0.577 
    0.581   0.616   0.657   0.659   0.665   0.694   0.752   0.856 
    0.863   0.921   1.111   1.113   1.126   1.159   1.171   1.233 
    1.240   1.255   1.284   1.327   1.361   1.374   1.411   1.445 
    1.468   1.474   1.507   1.533   1.573   1.629   1.663   1.698 
    1.713   1.729   1.758   1.777   1.829   1.888   1.913   1.930 
    1.947   2.005   2.049   2.056   2.107   2.122   2.206   2.284 
    2.346   2.351   2.514   2.529   2.538   2.634   2.693   2.749 
    2.874   3.003   3.012   3.037   3.082   3.148   3.156   3.157 
    3.213   3.264   3.270   3.298   3.341   3.365   3.467   3.504 
    3.553   3.606   3.647   3.684   3.699   3.713   3.749   3.766 
    3.809   3.823   3.834   3.859   3.890   4.032   4.039   4.062 
    4.096   4.159   4.175   4.211   4.257   4.268   4.280   4.360 
    4.425   4.435   4.484   4.508   4.599   4.622   4.677   4.698 
    4.727   4.736   4.917   4.997   5.026   5.032   5.047   5.082 
    5.133   5.146   5.174   5.284   5.292   5.342   5.404   5.471 
    5.558   5.559   5.564   5.588   5.656   5.815   5.874   5.917 
    6.025   6.070   6.122   6.312   6.335   6.472   6.490   6.800 
    6.862   6.899   6.970   7.019   7.091   7.112   7.218   7.232 
    7.325   7.374   7.399   7.415   7.594   7.704   7.710   7.742 
    7.844   7.880   7.969   8.071   8.071   8.221   8.385   8.398 
    8.434   8.613   8.709   8.841   8.918   9.196   9.204   9.233 
    9.265   9.355   9.379   9.433   9.458   9.523   9.537   9.572 
    9.581   9.627   9.654   9.683   9.757   9.771   9.864   9.937 
    9.946  10.008  10.053  10.054  10.083  10.161  10.171  10.221 
   10.279  10.356  10.487  10.507  10.509  10.512  10.633  10.704 
   10.717  10.736  10.767  10.818  10.828  10.952  11.057  11.066 
   11.421  11.592  11.758  11.924  11.954  12.089  12.094  12.301 
   12.318  12.399  12.419  12.440  12.461  12.465  12.558  12.629 
   12.753  12.832  12.841  12.920  12.994  13.080  13.102  13.169 
   13.376  13.420  13.495  13.565  13.601  13.700  13.716  13.751 
   13.843  13.882  13.917  14.028  14.047  14.062  14.109  14.309 
   14.388  14.462  14.489  14.698  14.761  14.875  14.969  15.158 
   15.167  15.540  15.670  15.775  16.410  16.984  17.201  17.215 
   17.404  17.443  17.641  17.653  17.857  17.938  17.971  18.028 
   18.033  18.040  18.040  18.040  18.040  18.049  18.089  18.104 
   18.186  18.212  18.232  18.309  18.583  18.604  18.633  18.708 
   18.714  18.747  18.756  18.794  18.794  19.430  19.480  19.494 
   19.498  19.508  19.743  20.228  21.233  21.775  21.799  22.317 
   23.116  23.448  23.449  23.469  23.472  23.562  23.610  23.682 
   23.727  24.016  24.085  24.102  24.205  24.388  24.466  24.477 
   24.486  24.701  24.828  25.051  25.092  25.110  25.120  25.309 
   25.402  25.421  25.502  25.719  25.816  25.841  25.865  26.141 
   26.335  28.534  28.544  28.556  28.575  29.310  29.316  29.352 
   29.408  29.816  29.937  34.858  34.958  35.822  35.889  35.950 
   45.894  45.992  45.993  46.010  46.088  46.210  46.791  49.494 
   58.468  58.703  59.095  79.245  79.734 105.709 105.790 106.239 
  106.416 106.443 128.305 163.375 163.576 163.920 165.265 165.266 
  165.274 165.275 165.279 165.280 165.291 165.300 165.303 185.792 
  185.828 185.832 185.842 185.869 185.931 186.186 326.483 326.539 
  326.837 326.966 326.998 335.104 462.450 462.631 462.933 1173.711 


  >>> Running UHF-MP2 <<<

MP2 correlation energy (UHF) : -0.8757664450
MP2 total energy       (UHF) : -228.0047573480

