	*********************************************** 
	***** Beginning CEBE Calculation with MOM ***** 
	*****       Calculation Details:          ***** 
	      Geometry:	 /work/morgunov/rev2calcs/mols/exp/o/ch3n-o2.xyz
	      Core Basis:	 pcX-4
	      Full Basis:	 pc-4
	      DIIS (start, space):	 0 50
	      Level shift:	 0
	      Do localization?:	 False
	      Do SFX2C1E?:	 True
	      Freeze orbitals?:	 True
	      Use Cheng orbitals?:	 False
	      Do Special Basis?:	 True
	      Do Special Basis?:	 pcX-4
	*********************************************** 
	*********************************************** 

  >>> Running RHF <<<

init D/C      : minao
init ov       : zeros
no            : 16
nv            : 653
ov_size       : 10448
max_cycle     : 1000
conv          : 6
econv         : 9
method        : gdm
scale_stop    : 0
scale_factor  : 1.000000
init E        : -243.531536575302
init |[F,P]|  : 1.04e-02
init |dE|     : 2.21e-02
check file    : None

iter      total energy   |[F,P]|      |dE|         ∆E   comment
   1    -243.577489071  9.83e-03  2.20e-02  -4.60e-02  BFGS
   2    -243.778164997  6.83e-04  1.56e-03  -2.01e-01  BFGS
   3    -243.779934492  1.76e-04  3.74e-04  -1.77e-03  BFGS
   4    -243.780076119  5.14e-05  1.15e-04  -1.42e-04  BFGS
   5    -243.780083643  1.35e-05  3.02e-05  -7.52e-06  BFGS
   6    -243.780084179  6.19e-06  1.47e-05  -5.36e-07  BFGS
   7    -243.780084274  2.50e-06  5.92e-06  -9.47e-08  BFGS
   8    -243.780084289  4.11e-07  9.42e-07  -1.48e-08  BFGS
   9    -243.780084290  1.86e-07  4.34e-07  -1.07e-09  BFGS
  10    -243.780084290  9.22e-08  1.98e-07  -4.80e-10  BFGS
                                                                      gdm is converged!

SCF converged : True
final |[F,P]| : 9.22e-08
final |dE|    : 1.98e-07
final Escf    : -368.747253672488
final Etot    : -243.780084290281

  pxp & ewc             :::        0.630 (  0.03%)
  apply B               :::        0.004 (  0.00%)
  linsrch               :::     1816.217 ( 99.96%)
  grad                  :::        0.026 (  0.00%)
  Total                 :::     1816.878 (100.00%)

Alpha occupied
  -20.608 -20.605 -15.852 -11.313  -1.608  -1.403  -1.105  -0.871 
   -0.756  -0.739  -0.738  -0.626  -0.606  -0.499  -0.497  -0.458 

Alpha virtual
    0.041   0.063   0.074   0.086   0.094   0.106   0.107   0.139 
    0.143   0.175   0.193   0.219   0.223   0.231   0.242   0.246 
    0.250   0.259   0.263   0.272   0.290   0.291   0.321   0.344 
    0.358   0.393   0.405   0.422   0.431   0.453   0.475   0.480 
    0.485   0.514   0.550   0.551   0.565   0.574   0.582   0.592 
    0.600   0.603   0.619   0.654   0.671   0.677   0.678   0.716 
    0.722   0.735   0.744   0.752   0.752   0.765   0.801   0.832 
    0.839   0.845   0.855   0.864   0.901   0.922   0.945   0.946 
    0.961   0.989   1.016   1.041   1.061   1.069   1.083   1.133 
    1.134   1.146   1.165   1.171   1.179   1.213   1.254   1.260 
    1.272   1.277   1.308   1.326   1.350   1.361   1.366   1.403 
    1.421   1.450   1.464   1.474   1.498   1.520   1.527   1.542 
    1.566   1.616   1.654   1.682   1.693   1.705   1.712   1.745 
    1.758   1.769   1.801   1.820   1.838   1.855   1.861   1.880 
    1.904   1.913   1.961   1.966   1.983   2.014   2.037   2.037 
    2.058   2.083   2.084   2.107   2.117   2.194   2.197   2.214 
    2.250   2.314   2.326   2.336   2.360   2.373   2.413   2.416 
    2.487   2.507   2.528   2.539   2.558   2.559   2.591   2.594 
    2.660   2.684   2.696   2.699   2.738   2.750   2.793   2.794 
    2.849   2.867   2.899   2.916   2.953   3.011   3.018   3.048 
    3.128   3.136   3.165   3.259   3.272   3.277   3.291   3.292 
    3.330   3.365   3.397   3.427   3.435   3.528   3.560   3.575 
    3.612   3.616   3.642   3.682   3.736   3.739   3.758   3.810 
    3.855   3.875   3.896   3.896   4.000   4.022   4.058   4.094 
    4.104   4.121   4.190   4.212   4.229   4.237   4.265   4.286 
    4.330   4.349   4.355   4.376   4.378   4.434   4.438   4.461 
    4.507   4.533   4.536   4.579   4.640   4.668   4.673   4.701 
    4.709   4.749   4.795   4.803   4.828   4.877   4.890   4.916 
    4.933   4.950   4.955   4.974   5.020   5.080   5.096   5.151 
    5.193   5.287   5.291   5.313   5.367   5.370   5.417   5.451 
    5.474   5.488   5.532   5.540   5.601   5.601   5.617   5.621 
    5.679   5.681   5.739   5.761   5.762   5.815   5.868   5.890 
    5.925   5.936   5.947   5.971   5.993   6.016   6.067   6.075 
    6.161   6.213   6.216   6.321   6.356   6.402   6.413   6.431 
    6.482   6.497   6.544   6.617   6.641   6.642   6.649   6.700 
    6.764   6.772   6.820   6.883   6.886   6.964   6.982   7.074 
    7.079   7.126   7.156   7.177   7.177   7.223   7.242   7.294 
    7.305   7.430   7.494   7.590   7.667   7.755   7.801   7.834 
    7.839   7.908   7.968   8.020   8.082   8.102   8.166   8.419 
    8.534   8.611   8.693   8.703   8.769   8.847   9.016   9.038 
    9.079   9.141   9.181   9.243   9.301   9.315   9.331   9.352 
    9.401   9.457   9.462   9.472   9.530   9.561   9.633   9.675 
    9.714   9.780   9.802   9.914   9.957   9.974  10.016  10.027 
   10.071  10.088  10.121  10.137  10.212  10.250  10.612  10.655 
   10.857  10.883  10.907  10.939  11.040  11.055  11.123  11.209 
   11.227  11.271  11.288  11.295  11.383  11.417  11.471  11.503 
   11.607  11.617  11.643  11.649  11.686  11.698  11.731  11.821 
   11.881  11.889  11.939  11.970  12.010  12.028  12.079  12.135 
   12.149  12.216  12.266  12.333  12.382  12.452  12.542  12.593 
   12.635  12.660  12.661  12.663  12.671  12.674  12.679  12.706 
   12.730  12.736  12.776  12.791  12.848  12.902  12.906  13.016 
   13.051  13.072  13.074  13.098  13.125  13.165  13.177  13.201 
   13.276  13.296  13.331  13.363  13.366  13.391  13.395  13.406 
   13.437  13.441  13.458  13.510  13.514  13.559  13.578  13.634 
   13.654  13.692  13.723  13.727  13.773  13.858  13.990  14.024 
   14.048  14.067  14.148  14.269  14.300  14.332  14.345  14.381 
   14.390  14.429  14.530  14.678  14.734  14.876  15.049  15.073 
   15.259  15.284  15.402  15.436  15.521  15.564  15.595  15.645 
   15.788  15.877  15.959  15.987  16.137  16.169  16.218  16.346 
   16.430  16.435  16.521  16.564  16.589  16.617  16.692  16.813 
   16.855  17.084  17.173  17.190  17.205  17.230  17.237  17.278 
   17.399  17.639  17.674  17.686  17.714  17.776  17.788  17.790 
   17.795  17.804  17.808  17.882  17.914  17.975  18.023  18.135 
   18.170  18.174  18.277  18.308  18.483  18.628  18.659  18.737 
   18.801  18.843  18.934  18.953  18.960  19.024  19.166  19.389 
   19.420  19.512  19.589  19.643  19.663  19.715  19.895  20.123 
   20.140  20.507  20.524  20.610  20.692  20.728  21.004  21.279 
   21.330  21.363  21.778  22.174  22.238  22.324  23.752  23.794 
   23.818  23.818  23.873  24.107  24.182  24.485  24.619  24.628 
   24.636  25.029  25.061  25.422  25.491  25.819  25.873  26.119 
   26.273  26.323  26.569  26.577  26.750  27.000  27.181  27.347 
   28.042  28.845  28.997  30.245  31.169  33.506  33.730  34.613 
   34.842  34.933  41.755  41.834  42.189  48.965  49.059  49.514 
   50.344  50.429  61.190  61.444  65.174  65.183  65.305  65.485 
   66.023  66.165  68.019  68.036  68.053  68.093  68.746  68.776 
   69.014  69.055  70.740  71.189  80.532  91.610  91.834  91.880 
   92.089  92.182  92.194  93.166  93.212  93.264 109.738 139.797 
  140.021 175.156 175.162 175.262 175.417 176.054 176.144 320.350 
  320.581 536.584 536.589 536.662 536.788 537.311 537.382 747.110 
  747.332 1796.227 1796.438 2112.429 2112.432 2112.481 2112.571 2112.953 
  2113.003 4514.450 4514.651 12060.426 12060.616 35044.622 35044.799 114859.349 
  114859.513 454594.921 454595.068 2579392.601 2579392.724 


  >>> Running RHF-MP2 <<<


RMP2-TIMING
  rmp2                  :::     1170.816 (100.00%)
  Total                 :::     1170.816 (100.00%)

MP2 correlation energy (RHF) : -1.1538350019
MP2 total energy       (RHF) : -244.9339192922


  >>> Running UHF <<<

init D/C      : input mo_coeff
init ov       : zeros
no            : 15 16
nv            : 654 653
ov_size       : 20258
max_cycle     : 1000
conv          : 6
econv         : 9
method        : diis
mom_start     : 0
guess mix     : 0.000000
orb_swap      : [[[0, 15]], []]
init E        : -223.172048249446
init S2       : 0.750000000000103
init |[F,P]|  : 1.58e-02
init |dE|     : 4.32e-02
check file    : None

iter      total energy   |[F,P]|      |dE|         ∆E   S^2   comment
   1    -223.588048579  9.62e-03  2.63e-02  -4.16e-01  0.75  DIIS mom: 14.6/15 15.5/16
   2    -223.984559664  1.76e-03  4.39e-03  -3.97e-01  0.76  DIIS mom: 14.9/15 15.9/16
   3    -223.999058703  9.59e-04  2.27e-03  -1.45e-02  0.76  DIIS mom: 15.0/15 16.0/16
   4    -224.003663335  2.21e-04  5.36e-04  -4.60e-03  0.76  DIIS mom: 15.0/15 16.0/16
   5    -224.004586408  1.40e-04  3.25e-04  -9.23e-04  0.77  DIIS mom: 15.0/15 16.0/16
   6    -224.005094473  1.01e-04  2.15e-04  -5.08e-04  0.77  DIIS mom: 15.0/15 16.0/16
   7    -224.005368033  1.07e-04  2.21e-04  -2.74e-04  0.78  DIIS mom: 15.0/15 16.0/16
   8    -224.004980860  8.98e-05  1.88e-04   3.87e-04  0.77  DIIS mom: 15.0/15 16.0/16
   9    -224.004409249  4.08e-05  8.88e-05   5.72e-04  0.77  DIIS mom: 15.0/15 16.0/16
  10    -224.004368933  8.82e-06  2.09e-05   4.03e-05  0.77  DIIS mom: 15.0/15 16.0/16
  11    -224.004369514  2.04e-06  4.82e-06  -5.81e-07  0.77  DIIS mom: 15.0/15 16.0/16
  12    -224.004369580  6.99e-07  1.66e-06  -6.56e-08  0.77  DIIS mom: 15.0/15 16.0/16
  13    -224.004369589  2.60e-07  6.22e-07  -9.34e-09  0.77  DIIS mom: 15.0/15 16.0/16
  14    -224.004369591  8.59e-08  2.06e-07  -1.49e-09  0.77  DIIS mom: 15.0/15 16.0/16
  15    -224.004369591  2.83e-08  6.73e-08  -1.69e-10  0.77  DIIS mom: 15.0/15 16.0/16
                                                                      diis is converged!

SCF converged : True
final |[F,P]| : 2.83e-08
final |dE|    : 6.73e-08
final Escf    : -348.971538973155
final Etot    : -224.004369590948
final S2      : 0.772814340113918

  diis prep             :::        0.545 (  0.02%)
  diis extrap           :::        0.331 (  0.01%)
  roothaan              :::        1.951 (  0.07%)
  fock build            :::     2942.199 ( 99.90%)
  Total                 :::     2945.026 (100.00%)

Alpha occupied
  -20.986 -16.192 -11.548  -1.983  -1.777  -1.397  -1.217  -1.108 
   -1.104  -1.076  -0.936  -0.895  -0.863  -0.826  -0.814 

Alpha virtual
  -18.946  -0.239  -0.105  -0.067  -0.066  -0.061  -0.032  -0.031 
   -0.029  -0.011   0.002   0.031   0.044   0.062   0.066   0.068 
    0.082   0.084   0.091   0.096   0.100   0.128   0.130   0.151 
    0.163   0.167   0.198   0.205   0.233   0.249   0.255   0.277 
    0.283   0.313   0.321   0.322   0.331   0.360   0.378   0.383 
    0.394   0.408   0.416   0.427   0.442   0.461   0.468   0.472 
    0.486   0.506   0.519   0.529   0.531   0.543   0.553   0.585 
    0.609   0.617   0.644   0.656   0.667   0.672   0.708   0.730 
    0.744   0.758   0.772   0.811   0.830   0.850   0.862   0.871 
    0.915   0.928   0.929   0.953   0.954   0.987   0.991   1.035 
    1.058   1.067   1.076   1.101   1.113   1.134   1.143   1.159 
    1.210   1.213   1.244   1.253   1.260   1.277   1.309   1.323 
    1.345   1.347   1.378   1.425   1.440   1.458   1.471   1.491 
    1.510   1.510   1.532   1.554   1.560   1.569   1.582   1.593 
    1.620   1.636   1.644   1.712   1.715   1.727   1.770   1.784 
    1.791   1.807   1.826   1.837   1.853   1.864   1.946   1.952 
    1.974   2.003   2.057   2.078   2.089   2.106   2.136   2.168 
    2.178   2.235   2.272   2.275   2.300   2.325   2.328   2.352 
    2.363   2.419   2.424   2.448   2.461   2.496   2.500   2.527 
    2.559   2.592   2.595   2.643   2.645   2.700   2.755   2.769 
    2.773   2.844   2.903   2.912   3.000   3.028   3.035   3.036 
    3.050   3.081   3.133   3.134   3.169   3.186   3.292   3.294 
    3.336   3.376   3.376   3.414   3.428   3.456   3.517   3.527 
    3.551   3.614   3.638   3.654   3.658   3.762   3.785   3.804 
    3.827   3.873   3.884   3.933   3.946   3.960   3.971   4.002 
    4.042   4.061   4.089   4.091   4.113   4.124   4.147   4.184 
    4.194   4.233   4.234   4.264   4.266   4.344   4.354   4.385 
    4.415   4.430   4.457   4.530   4.556   4.597   4.614   4.631 
    4.632   4.660   4.664   4.703   4.728   4.748   4.805   4.843 
    4.880   4.935   4.996   5.014   5.025   5.085   5.112   5.162 
    5.203   5.206   5.207   5.249   5.265   5.299   5.332   5.336 
    5.362   5.412   5.420   5.458   5.493   5.496   5.539   5.606 
    5.616   5.644   5.647   5.680   5.687   5.735   5.735   5.793 
    5.811   5.911   5.932   5.945   6.053   6.067   6.102   6.111 
    6.141   6.177   6.239   6.247   6.327   6.355   6.356   6.382 
    6.427   6.509   6.517   6.547   6.599   6.606   6.693   6.724 
    6.794   6.812   6.868   6.882   6.922   6.932   6.969   6.998 
    7.012   7.045   7.125   7.192   7.287   7.367   7.443   7.524 
    7.538   7.568   7.603   7.706   7.720   7.849   7.851   7.883 
    8.127   8.224   8.299   8.387   8.470   8.476   8.554   8.707 
    8.754   8.755   8.851   8.911   8.987   9.041   9.067   9.100 
    9.120   9.135   9.187   9.215   9.226   9.262   9.324   9.361 
    9.374   9.473   9.481   9.527   9.537   9.609   9.629   9.718 
    9.786   9.798   9.840   9.875   9.877   9.972  10.009  10.191 
   10.307  10.439  10.476  10.548  10.603  10.665  10.747  10.826 
   10.879  10.944  10.972  11.002  11.007  11.034  11.057  11.117 
   11.228  11.250  11.328  11.347  11.377  11.379  11.435  11.451 
   11.523  11.599  11.617  11.635  11.688  11.701  11.734  11.796 
   11.850  11.871  11.912  11.962  12.090  12.119  12.186  12.266 
   12.313  12.319  12.324  12.357  12.363  12.366  12.387  12.411 
   12.446  12.452  12.481  12.491  12.516  12.566  12.676  12.680 
   12.716  12.744  12.817  12.818  12.847  12.855  12.855  12.877 
   12.933  12.969  12.999  13.000  13.016  13.068  13.070  13.105 
   13.111  13.158  13.159  13.163  13.177  13.196  13.255  13.258 
   13.377  13.402  13.428  13.440  13.443  13.472  13.584  13.688 
   13.738  13.760  13.791  13.870  14.010  14.027  14.035  14.070 
   14.082  14.091  14.138  14.220  14.401  14.475  14.655  14.712 
   14.764  15.025  15.038  15.111  15.126  15.195  15.270  15.292 
   15.383  15.499  15.555  15.672  15.720  15.825  15.856  15.889 
   16.025  16.153  16.159  16.187  16.273  16.303  16.325  16.404 
   16.585  16.627  16.743  16.953  16.969  16.982  17.006  17.010 
   17.054  17.172  17.305  17.403  17.407  17.426  17.439  17.453 
   17.458  17.490  17.560  17.570  17.585  17.606  17.673  17.684 
   17.789  17.823  17.837  17.978  17.980  18.140  18.278  18.321 
   18.389  18.463  18.578  18.639  18.657  18.729  18.739  18.913 
   19.146  19.179  19.187  19.240  19.312  19.366  19.414  19.543 
   19.761  19.920  20.283  20.289  20.359  20.470  20.502  20.645 
   20.927  21.106  21.137  21.550  21.926  22.011  22.095  23.073 
   23.139  23.434  23.479  23.555  23.881  23.953  24.170  24.278 
   24.342  24.398  24.410  24.683  24.732  25.116  25.139  25.457 
   25.748  25.880  26.013  26.047  26.097  26.193  26.548  26.827 
   26.848  27.555  28.324  28.514  29.842  30.780  33.270  33.494 
   34.372  34.609  34.700  41.529  41.608  41.963  48.634  48.719 
   49.182  50.000  50.091  60.063  60.966  63.725  63.915  64.610 
   64.787  65.032  65.729  66.483  66.537  67.220  67.471  67.653 
   67.695  68.380  68.676  69.383  70.641  80.297  91.381  91.605 
   91.652  91.860  91.953  91.966  92.937  92.983  93.036 109.400 
  137.906 139.547 172.661 172.827 173.585 174.770 174.967 175.724 
  317.545 320.100 532.819 532.952 533.571 536.204 536.350 536.970 
  743.400 746.855 1791.776 1795.967 2107.565 2107.658 2108.109 2112.054 
  2112.152 2112.604 4509.486 4514.185 12055.156 12060.156 35039.193 35044.346 
  114853.846 114859.066 454589.385 454594.629 2579387.046 2579392.295 

Beta occupied
  -23.844 -20.988 -16.186 -11.548  -2.042  -1.812  -1.412  -1.266 
   -1.157  -1.145  -1.096  -0.966  -0.924  -0.872  -0.828  -0.824 

Beta virtual
   -0.241  -0.107  -0.067  -0.066  -0.062  -0.032  -0.031  -0.030 
   -0.012   0.001   0.026   0.040   0.061   0.065   0.069   0.082 
    0.083   0.090   0.096   0.101   0.129   0.129   0.134   0.163 
    0.167   0.197   0.204   0.230   0.249   0.255   0.276   0.283 
    0.313   0.318   0.320   0.322   0.361   0.379   0.384   0.392 
    0.410   0.417   0.427   0.441   0.461   0.468   0.471   0.482 
    0.503   0.518   0.528   0.530   0.544   0.554   0.586   0.610 
    0.616   0.645   0.656   0.665   0.672   0.706   0.730   0.742 
    0.758   0.769   0.811   0.829   0.847   0.862   0.871   0.914 
    0.929   0.929   0.953   0.956   0.988   0.990   1.036   1.058 
    1.067   1.075   1.103   1.114   1.135   1.144   1.159   1.211 
    1.213   1.244   1.255   1.259   1.278   1.310   1.323   1.345 
    1.348   1.374   1.424   1.436   1.459   1.474   1.489   1.510 
    1.511   1.529   1.541   1.549   1.565   1.582   1.591   1.618 
    1.626   1.644   1.708   1.715   1.721   1.770   1.773   1.788 
    1.807   1.826   1.837   1.853   1.863   1.947   1.951   1.974 
    2.002   2.055   2.078   2.089   2.107   2.137   2.168   2.177 
    2.236   2.271   2.277   2.299   2.324   2.328   2.350   2.364 
    2.420   2.425   2.450   2.459   2.496   2.500   2.527   2.559 
    2.591   2.595   2.644   2.646   2.701   2.756   2.769   2.770 
    2.844   2.902   2.913   2.997   3.028   3.036   3.036   3.050 
    3.082   3.133   3.134   3.169   3.186   3.292   3.296   3.339 
    3.375   3.377   3.413   3.429   3.456   3.517   3.523   3.553 
    3.614   3.635   3.654   3.658   3.759   3.784   3.805   3.826 
    3.868   3.883   3.928   3.940   3.958   3.969   3.998   4.033 
    4.061   4.086   4.087   4.106   4.112   4.127   4.176   4.188 
    4.219   4.231   4.241   4.263   4.331   4.340   4.370   4.406 
    4.427   4.446   4.526   4.553   4.598   4.601   4.627   4.631 
    4.657   4.660   4.701   4.728   4.745   4.804   4.843   4.874 
    4.934   4.995   5.008   5.021   5.081   5.112   5.162   5.204 
    5.204   5.206   5.246   5.265   5.298   5.331   5.334   5.362 
    5.410   5.420   5.458   5.493   5.497   5.538   5.606   5.608 
    5.641   5.648   5.679   5.687   5.735   5.735   5.791   5.811 
    5.911   5.931   5.946   6.054   6.067   6.101   6.113   6.143 
    6.177   6.239   6.248   6.328   6.356   6.357   6.383   6.427 
    6.511   6.518   6.548   6.598   6.608   6.693   6.724   6.796 
    6.813   6.866   6.883   6.922   6.933   6.969   6.998   7.012 
    7.046   7.121   7.193   7.285   7.366   7.445   7.523   7.540 
    7.569   7.605   7.706   7.722   7.849   7.850   7.882   8.124 
    8.221   8.298   8.387   8.471   8.476   8.555   8.700   8.747 
    8.755   8.849   8.908   8.987   9.040   9.066   9.100   9.117 
    9.132   9.185   9.217   9.225   9.263   9.322   9.359   9.369 
    9.466   9.481   9.505   9.536   9.594   9.627   9.711   9.785 
    9.797   9.837   9.873   9.875   9.963  10.008  10.134  10.303 
   10.322  10.398  10.546  10.599  10.657  10.749  10.753  10.877 
   10.941  10.944  10.977  10.995  11.031  11.033  11.089  11.197 
   11.249  11.328  11.349  11.376  11.381  11.431  11.452  11.517 
   11.596  11.615  11.635  11.686  11.703  11.735  11.794  11.846 
   11.872  11.904  11.964  12.091  12.116  12.186  12.266  12.312 
   12.318  12.324  12.357  12.364  12.367  12.387  12.411  12.446 
   12.452  12.481  12.491  12.516  12.566  12.676  12.680  12.716 
   12.739  12.814  12.815  12.845  12.852  12.853  12.877  12.929 
   12.963  12.995  12.995  13.006  13.066  13.070  13.102  13.110 
   13.154  13.159  13.160  13.174  13.193  13.251  13.257  13.376 
   13.401  13.426  13.439  13.443  13.472  13.583  13.681  13.737 
   13.757  13.791  13.869  14.009  14.024  14.032  14.069  14.078 
   14.091  14.138  14.218  14.401  14.476  14.656  14.703  14.764 
   15.025  15.038  15.109  15.125  15.194  15.271  15.292  15.383 
   15.498  15.559  15.674  15.719  15.827  15.857  15.887  16.020 
   16.152  16.160  16.187  16.274  16.305  16.326  16.404  16.585 
   16.627  16.734  16.953  16.970  16.982  17.006  17.011  17.054 
   17.172  17.306  17.402  17.406  17.425  17.435  17.449  17.456 
   17.488  17.559  17.570  17.585  17.604  17.672  17.681  17.784 
   17.821  17.831  17.977  17.981  18.136  18.277  18.319  18.385 
   18.459  18.575  18.638  18.654  18.729  18.738  18.913  19.143 
   19.175  19.186  19.237  19.307  19.361  19.414  19.538  19.754 
   19.921  20.283  20.288  20.359  20.470  20.502  20.639  20.922 
   21.106  21.137  21.550  21.926  22.011  22.095  23.010  23.076 
   23.432  23.476  23.555  23.881  23.953  24.139  24.266  24.271 
   24.396  24.410  24.648  24.680  24.910  25.119  25.447  25.518 
   25.782  25.901  26.048  26.097  26.191  26.537  26.716  26.851 
   27.476  28.226  28.510  29.831  30.772  33.270  33.494  34.372 
   34.609  34.700  41.529  41.608  41.963  48.636  48.722  49.184 
   50.001  50.093  59.664  60.960  63.337  63.531  64.237  64.786 
   65.029  65.727  66.276  66.330  67.014  67.266  67.652  67.693 
   68.379  68.676  69.179  70.634  80.297  91.381  91.605  91.652 
   91.860  91.953  91.966  92.937  92.983  93.036 109.401 137.466 
  139.546 172.185 172.352 173.112 174.769 174.966 175.724 317.142 
  320.099 532.403 532.536 533.155 536.204 536.350 536.970 743.085 
  746.855 1791.565 1795.967 2107.329 2107.422 2107.873 2112.054 2112.152 
  2112.604 4509.364 4514.185 12055.095 12060.156 35039.166 35044.346 114853.836 
  114859.066 454589.382 454594.629 2579387.045 2579392.295 


  >>> Running UHF-MP2 <<<

MP2 correlation energy (UHF) : -1.1001416284
MP2 total energy       (UHF) : -225.1045112193

