	*********************************************** 
	***** Beginning CEBE Calculation with MOM ***** 
	*****       Calculation Details:          ***** 
	      Geometry:	 /home/am3939/core/calculations/mols/exp/n/hconh2.xyz
	      Core Basis:	 pcX-4
	      Full Basis:	 pc-4
	      DIIS (start, space):	 0 50
	      Level shift:	 0
	      Do localization?:	 False
	      Do SFX2C1E?:	 True
	      Freeze orbitals?:	 True
	      Use Cheng orbitals?:	 False
	      Do Special Basis?:	 True
	      Do Special Basis?:	 pcX-4
	*********************************************** 
	*********************************************** 

  >>> Running RHF <<<

init D/C      : minao
init ov       : zeros
no            : 12
nv            : 526
ov_size       : 6312
max_cycle     : 1000
conv          : 6
econv         : 9
method        : gdm
scale_stop    : 0
scale_factor  : 1.000000
init E        : -168.895692546896
init |[F,P]|  : 8.02e-03
init |dE|     : 1.86e-02
check file    : None

iter      total energy   |[F,P]|      |dE|         ∆E   comment
   1    -168.939104583  7.08e-03  1.69e-02  -4.34e-02  BFGS
   2    -169.017729466  5.92e-04  1.30e-03  -7.86e-02  BFGS
   3    -169.018804665  1.81e-04  3.70e-04  -1.08e-03  BFGS
   4    -169.019013461  8.36e-05  1.85e-04  -2.09e-04  BFGS
   5    -169.019036052  3.81e-05  8.39e-05  -2.26e-05  BFGS
   6    -169.019039913  7.93e-06  1.62e-05  -3.86e-06  BFGS
   7    -169.019040071  2.33e-06  4.55e-06  -1.58e-07  BFGS
   8    -169.019040084  8.11e-07  1.61e-06  -1.31e-08  BFGS
   9    -169.019040085  3.06e-07  6.27e-07  -1.52e-09  BFGS
  10    -169.019040085  5.74e-08  1.28e-07  -1.66e-10  BFGS
                                                                      gdm is converged!

SCF converged : True
final |[F,P]| : 5.74e-08
final |dE|    : 1.28e-07
final Escf    : -240.618690857655
final Etot    : -169.019040085319

  pxp & ewc             :::        0.553 (  0.14%)
  apply B               :::        0.003 (  0.00%)
  linsrch               :::      388.472 ( 99.85%)
  grad                  :::        0.023 (  0.01%)
  Total                 :::      389.050 (100.00%)

Alpha occupied
  -20.525 -15.594 -11.352  -1.387  -1.225  -0.855  -0.756  -0.681 
   -0.611  -0.575  -0.437  -0.423 

Alpha virtual
    0.039   0.060   0.077   0.088   0.115   0.117   0.144   0.158 
    0.182   0.189   0.192   0.217   0.228   0.244   0.267   0.269 
    0.286   0.289   0.326   0.357   0.367   0.379   0.392   0.408 
    0.430   0.441   0.446   0.473   0.505   0.505   0.520   0.545 
    0.553   0.560   0.587   0.593   0.619   0.632   0.639   0.654 
    0.700   0.712   0.725   0.728   0.739   0.761   0.793   0.803 
    0.812   0.836   0.881   0.903   0.912   0.946   0.947   0.991 
    1.010   1.019   1.022   1.084   1.115   1.162   1.170   1.176 
    1.179   1.203   1.213   1.224   1.265   1.267   1.296   1.298 
    1.322   1.331   1.339   1.378   1.402   1.419   1.443   1.455 
    1.493   1.494   1.509   1.527   1.585   1.642   1.642   1.675 
    1.696   1.750   1.761   1.827   1.828   1.872   1.881   1.893 
    1.898   1.936   1.974   1.993   2.017   2.028   2.050   2.116 
    2.119   2.156   2.170   2.230   2.234   2.287   2.293   2.338 
    2.370   2.371   2.401   2.411   2.470   2.536   2.542   2.566 
    2.594   2.605   2.625   2.654   2.698   2.755   2.798   2.861 
    2.862   2.942   2.971   2.988   3.043   3.063   3.068   3.108 
    3.145   3.178   3.212   3.300   3.307   3.321   3.324   3.427 
    3.443   3.463   3.553   3.553   3.580   3.594   3.602   3.612 
    3.641   3.652   3.692   3.759   3.769   3.913   3.940   3.964 
    3.999   4.009   4.045   4.088   4.116   4.169   4.198   4.219 
    4.245   4.287   4.319   4.341   4.364   4.425   4.444   4.461 
    4.481   4.521   4.554   4.569   4.589   4.615   4.664   4.671 
    4.689   4.727   4.758   4.784   4.828   4.863   4.901   4.918 
    4.969   5.002   5.032   5.066   5.075   5.165   5.202   5.304 
    5.319   5.325   5.365   5.427   5.430   5.449   5.503   5.557 
    5.559   5.605   5.635   5.674   5.679   5.727   5.770   5.785 
    5.850   5.852   5.924   5.998   6.001   6.149   6.227   6.243 
    6.316   6.342   6.392   6.458   6.534   6.538   6.554   6.597 
    6.604   6.694   6.699   6.763   6.838   6.841   6.911   6.944 
    6.971   6.973   7.020   7.082   7.099   7.195   7.271   7.289 
    7.335   7.498   7.530   7.587   7.734   7.740   7.826   8.013 
    8.045   8.247   8.356   8.375   8.450   8.529   8.552   8.691 
    8.764   8.771   8.904   8.914   8.998   9.019   9.113   9.226 
    9.289   9.322   9.389   9.409   9.462   9.481   9.547   9.574 
    9.574   9.683   9.721   9.831   9.953  10.036  10.132  10.174 
   10.227  10.266  10.266  10.363  10.433  10.604  10.720  10.740 
   10.846  10.938  10.959  11.041  11.075  11.146  11.166  11.227 
   11.368  11.421  11.521  11.615  11.652  11.738  11.755  11.848 
   11.944  11.977  11.987  12.034  12.037  12.075  12.082  12.102 
   12.117  12.196  12.208  12.213  12.318  12.349  12.429  12.443 
   12.519  12.558  12.642  12.715  12.716  12.732  12.753  12.780 
   12.802  12.865  12.894  12.916  12.932  12.968  12.998  13.029 
   13.066  13.124  13.125  13.206  13.259  13.317  13.348  13.371 
   13.409  13.444  13.489  13.506  13.528  13.557  13.620  13.629 
   13.706  13.813  13.860  13.893  13.955  13.998  14.129  14.141 
   14.253  14.343  14.400  14.440  14.483  14.561  14.604  14.741 
   14.819  14.844  15.124  15.321  15.405  15.591  15.732  15.758 
   15.781  15.891  15.979  15.987  16.036  16.050  16.114  16.178 
   16.253  16.389  16.513  16.643  16.724  16.819  16.941  17.013 
   17.138  17.205  17.214  17.227  17.250  17.259  17.315  17.455 
   17.611  17.639  17.690  17.759  17.813  17.854  17.891  17.970 
   18.004  18.148  18.171  18.201  18.257  18.349  18.403  18.505 
   18.666  18.853  18.927  18.998  19.086  19.246  19.371  19.392 
   19.425  19.570  19.709  19.799  19.810  19.893  20.058  20.269 
   20.520  20.591  20.771  21.065  21.104  21.143  21.421  21.693 
   21.969  22.571  22.756  22.907  23.256  23.475  23.695  23.896 
   23.979  24.003  24.021  24.111  24.199  24.379  24.640  24.651 
   24.906  25.435  26.283  27.283  27.500  28.043  31.359  33.153 
   33.231  33.570  33.772  34.525  35.638  35.837  35.956  41.716 
   42.102  42.159  45.702  49.303  49.414  49.901  50.483  50.795 
   52.507  54.012  54.021  68.127  68.194  68.672  68.998  70.229 
   78.826  91.688  91.718  91.799  91.973  91.992  92.148  93.227 
   93.743  93.998 101.239 140.293 141.390 141.390 146.422 228.859 
  429.667 430.551 430.559 530.243 1271.909 1691.151 1691.785 1691.793 
  3195.787 8540.605 24825.832 81391.840 322260.325 1830824.149 


  >>> Running RHF-MP2 <<<


RMP2-TIMING
  rmp2                  :::      224.153 (100.00%)
  Total                 :::      224.153 (100.00%)

MP2 correlation energy (RHF) : -0.8091671114
MP2 total energy       (RHF) : -169.8282071967


  >>> Running UHF <<<

init D/C      : input mo_coeff
init ov       : zeros
no            : 11 12
nv            : 527 526
ov_size       : 12109
max_cycle     : 1000
conv          : 6
econv         : 9
method        : diis
mom_start     : 0
guess mix     : 0.000000
orb_swap      : [[[1, 11]], []]
init E        : -153.425213956015
init S2       : 0.75000000000019
init |[F,P]|  : 2.05e-02
init |dE|     : 4.68e-02
check file    : None

iter      total energy   |[F,P]|      |dE|         ∆E   S^2   comment
   1    -153.840286457  1.18e-02  2.55e-02  -4.15e-01  0.75  DIIS mom: 10.7/11 11.6/12
   2    -154.094343833  1.29e-03  3.12e-03  -2.54e-01  0.76  DIIS mom: 10.9/11 11.9/12
   3    -154.098361274  7.40e-04  1.83e-03  -4.02e-03  0.76  DIIS mom: 11.0/11 12.0/12
   4    -154.100137387  2.21e-04  4.36e-04  -1.78e-03  0.76  DIIS mom: 11.0/11 12.0/12
   5    -154.100552059  8.93e-05  1.75e-04  -4.15e-04  0.77  DIIS mom: 11.0/11 12.0/12
   6    -154.100628113  3.52e-05  6.99e-05  -7.61e-05  0.77  DIIS mom: 11.0/11 12.0/12
   7    -154.100644362  2.43e-05  4.91e-05  -1.62e-05  0.77  DIIS mom: 11.0/11 12.0/12
   8    -154.100654937  2.25e-05  4.56e-05  -1.06e-05  0.77  DIIS mom: 11.0/11 12.0/12
   9    -154.100669855  2.17e-05  4.39e-05  -1.49e-05  0.77  DIIS mom: 11.0/11 12.0/12
  10    -154.100723977  1.90e-05  3.86e-05  -5.41e-05  0.78  DIIS mom: 11.0/11 12.0/12
  11    -154.100817954  1.48e-05  3.19e-05  -9.40e-05  0.79  DIIS mom: 11.0/11 12.0/12
  12    -154.100836148  7.00e-06  1.41e-05  -1.82e-05  0.80  DIIS mom: 11.0/11 12.0/12
  13    -154.100844009  6.51e-06  1.46e-05  -7.86e-06  0.81  DIIS mom: 11.0/11 12.0/12
  14    -154.100844436  2.09e-06  4.46e-06  -4.27e-07  0.80  DIIS mom: 11.0/11 12.0/12
  15    -154.100844622  7.08e-07  1.59e-06  -1.86e-07  0.81  DIIS mom: 11.0/11 12.0/12
  16    -154.100844635  1.72e-07  3.82e-07  -1.31e-08  0.81  DIIS mom: 11.0/11 12.0/12
  17    -154.100844635  4.62e-08  1.01e-07  -4.96e-10  0.81  DIIS mom: 11.0/11 12.0/12
                                                                      diis is converged!

SCF converged : True
final |[F,P]| : 4.62e-08
final |dE|    : 1.01e-07
final Escf    : -225.700495407636
final Etot    : -154.100844635299
final S2      : 0.805447597137487

  diis prep             :::        0.252 (  0.03%)
  diis extrap           :::        0.270 (  0.04%)
  roothaan              :::        1.899 (  0.26%)
  fock build            :::      721.399 ( 99.67%)
  Total                 :::      723.820 (100.00%)

Alpha occupied
  -20.823 -11.648  -1.704  -1.614  -1.226  -1.168  -0.998  -0.969 
   -0.897  -0.775  -0.729 

Alpha virtual
  -14.228  -0.145  -0.109  -0.104  -0.073  -0.065  -0.037  -0.035 
   -0.016  -0.003   0.006   0.019   0.039   0.048   0.059   0.088 
    0.106   0.106   0.113   0.138   0.158   0.175   0.185   0.191 
    0.226   0.228   0.243   0.243   0.253   0.272   0.278   0.311 
    0.329   0.331   0.358   0.375   0.389   0.403   0.405   0.418 
    0.449   0.486   0.488   0.490   0.517   0.522   0.558   0.572 
    0.593   0.600   0.627   0.647   0.673   0.692   0.713   0.728 
    0.765   0.778   0.791   0.792   0.845   0.873   0.926   0.933 
    0.941   0.947   0.970   0.972   0.978   1.016   1.031   1.039 
    1.054   1.087   1.097   1.108   1.140   1.160   1.167   1.207 
    1.217   1.221   1.244   1.279   1.299   1.337   1.369   1.386 
    1.416   1.419   1.462   1.515   1.560   1.584   1.614   1.636 
    1.647   1.649   1.686   1.727   1.730   1.766   1.790   1.797 
    1.850   1.859   1.907   1.918   1.959   1.975   2.015   2.017 
    2.065   2.087   2.103   2.149   2.164   2.193   2.259   2.275 
    2.295   2.317   2.348   2.361   2.390   2.426   2.488   2.512 
    2.583   2.587   2.689   2.695   2.717   2.719   2.766   2.776 
    2.816   2.833   2.892   2.932   3.015   3.029   3.053   3.057 
    3.129   3.147   3.163   3.261   3.271   3.292   3.296   3.312 
    3.324   3.345   3.376   3.427   3.456   3.480   3.605   3.632 
    3.679   3.698   3.717   3.754   3.791   3.827   3.838   3.864 
    3.884   3.982   3.993   4.018   4.052   4.057   4.132   4.144 
    4.183   4.186   4.219   4.271   4.277   4.292   4.334   4.371 
    4.388   4.401   4.448   4.482   4.513   4.556   4.584   4.627 
    4.628   4.677   4.726   4.726   4.778   4.793   4.862   4.899 
    4.994   5.024   5.037   5.075   5.129   5.139   5.152   5.211 
    5.260   5.272   5.301   5.347   5.382   5.393   5.431   5.486 
    5.494   5.561   5.573   5.628   5.680   5.702   5.856   5.925 
    5.929   6.025   6.071   6.091   6.165   6.235   6.253   6.260 
    6.308   6.320   6.353   6.391   6.453   6.519   6.527   6.563 
    6.651   6.665   6.700   6.716   6.760   6.791   6.910   6.983 
    6.992   7.019   7.166   7.218   7.259   7.393   7.418   7.534 
    7.663   7.741   7.936   7.994   8.074   8.099   8.206   8.211 
    8.346   8.447   8.458   8.575   8.581   8.635   8.705   8.750 
    8.846   8.923   8.949   9.009   9.083   9.138   9.177   9.214 
    9.280   9.289   9.330   9.373   9.459   9.668   9.748   9.785 
    9.824   9.838   9.922   9.931   9.974  10.092  10.308  10.389 
   10.423  10.561  10.625  10.647  10.710  10.792  10.845  10.861 
   10.935  11.064  11.116  11.239  11.297  11.344  11.445  11.463 
   11.561  11.604  11.648  11.654  11.681  11.694  11.744  11.753 
   11.767  11.768  11.872  11.892  11.893  11.965  12.031  12.070 
   12.098  12.207  12.252  12.314  12.431  12.435  12.439  12.444 
   12.485  12.511  12.550  12.583  12.597  12.613  12.639  12.688 
   12.703  12.742  12.791  12.807  12.919  12.953  12.986  13.026 
   13.055  13.092  13.100  13.148  13.187  13.230  13.256  13.288 
   13.334  13.392  13.524  13.532  13.600  13.622  13.712  13.791 
   13.835  13.911  14.022  14.109  14.131  14.196  14.249  14.275 
   14.417  14.476  14.487  14.805  15.030  15.051  15.311  15.359 
   15.390  15.441  15.537  15.608  15.631  15.693  15.718  15.738 
   15.813  15.869  16.000  16.114  16.308  16.369  16.439  16.583 
   16.664  16.740  16.856  16.868  16.892  16.911  16.946  16.992 
   17.101  17.240  17.247  17.288  17.397  17.457  17.542  17.564 
   17.606  17.634  17.804  17.821  17.865  17.918  17.925  18.034 
   18.073  18.311  18.457  18.645  18.684  18.744  18.821  19.014 
   19.060  19.099  19.190  19.347  19.502  19.507  19.533  19.748 
   19.907  20.066  20.160  20.458  20.535  20.778  20.845  21.013 
   21.331  21.379  22.188  22.277  22.381  22.613  23.030  23.178 
   23.601  23.617  23.648  23.701  23.775  23.780  24.018  24.223 
   24.335  24.613  25.143  26.013  26.860  27.211  27.593  31.071 
   32.857  32.934  33.283  33.478  34.229  35.334  35.546  35.661 
   41.432  41.682  41.756  44.608  47.933  48.045  48.542  49.115 
   49.434  51.120  52.627  52.641  67.831  67.898  68.375  68.708 
   69.937  78.530  91.267  91.309  91.512  91.552  91.593  91.851 
   92.951  93.321  93.578  99.496 137.989 139.080 139.081 146.130 
  226.322 426.273 427.154 427.163 526.917 1267.930 1686.834 1687.467 
  1687.475 3191.354 8535.902 24820.989 81386.936 322255.397 1830819.214 

Beta occupied
  -20.814 -18.510 -11.651  -1.775  -1.625  -1.268  -1.217  -1.049 
   -1.008  -0.889  -0.746  -0.723 

Beta virtual
   -0.153  -0.114  -0.104  -0.074  -0.067  -0.037  -0.036  -0.015 
   -0.008  -0.000   0.012   0.038   0.053   0.060   0.083   0.107 
    0.107   0.113   0.138   0.150   0.175   0.185   0.187   0.226 
    0.228   0.239   0.242   0.251   0.263   0.272   0.305   0.327 
    0.330   0.355   0.370   0.389   0.402   0.409   0.417   0.447 
    0.481   0.483   0.485   0.517   0.520   0.564   0.569   0.595 
    0.598   0.625   0.646   0.673   0.693   0.713   0.730   0.764 
    0.778   0.789   0.793   0.842   0.869   0.926   0.934   0.941 
    0.947   0.967   0.971   0.977   1.014   1.028   1.037   1.050 
    1.087   1.095   1.107   1.136   1.159   1.161   1.204   1.206 
    1.221   1.240   1.278   1.298   1.334   1.360   1.384   1.412 
    1.416   1.456   1.515   1.561   1.584   1.611   1.639   1.651 
    1.653   1.686   1.732   1.736   1.771   1.793   1.799   1.852 
    1.859   1.910   1.913   1.959   1.973   2.010   2.017   2.061 
    2.082   2.104   2.149   2.161   2.184   2.248   2.273   2.286 
    2.313   2.348   2.361   2.390   2.424   2.486   2.511   2.582 
    2.587   2.686   2.693   2.715   2.716   2.757   2.773   2.811 
    2.829   2.892   2.931   3.013   3.025   3.053   3.056   3.124 
    3.148   3.160   3.255   3.271   3.286   3.294   3.312   3.324 
    3.345   3.375   3.424   3.450   3.477   3.581   3.632   3.676 
    3.697   3.713   3.749   3.779   3.811   3.833   3.850   3.875 
    3.983   3.986   4.017   4.053   4.054   4.118   4.147   4.181 
    4.183   4.216   4.272   4.277   4.292   4.337   4.369   4.388 
    4.400   4.453   4.483   4.514   4.552   4.583   4.628   4.635 
    4.677   4.725   4.727   4.777   4.792   4.863   4.899   4.992 
    5.012   5.034   5.071   5.127   5.139   5.151   5.210   5.258 
    5.273   5.299   5.345   5.384   5.391   5.429   5.483   5.497 
    5.560   5.574   5.625   5.672   5.699   5.852   5.922   5.924 
    6.024   6.072   6.087   6.164   6.235   6.251   6.258   6.307 
    6.320   6.346   6.389   6.449   6.514   6.517   6.560   6.649 
    6.663   6.697   6.713   6.756   6.787   6.908   6.982   6.986 
    7.010   7.160   7.217   7.251   7.382   7.408   7.532   7.650 
    7.739   7.928   7.978   8.071   8.074   8.196   8.204   8.337 
    8.448   8.454   8.557   8.577   8.599   8.699   8.736   8.762 
    8.925   8.936   9.007   9.081   9.133   9.178   9.213   9.273 
    9.289   9.321   9.355   9.440   9.667   9.744   9.758   9.823 
    9.825   9.923   9.929   9.968  10.087  10.314  10.375  10.422 
   10.560  10.625  10.647  10.702  10.789  10.843  10.859  10.934 
   11.063  11.112  11.241  11.297  11.343  11.444  11.476  11.559 
   11.596  11.646  11.651  11.674  11.688  11.741  11.749  11.763 
   11.766  11.869  11.890  11.892  11.959  12.024  12.067  12.094 
   12.205  12.251  12.315  12.430  12.436  12.443  12.447  12.486 
   12.511  12.548  12.584  12.591  12.615  12.637  12.688  12.704 
   12.740  12.787  12.810  12.918  12.950  12.984  13.028  13.046 
   13.091  13.095  13.147  13.187  13.230  13.260  13.286  13.337 
   13.392  13.524  13.530  13.604  13.620  13.714  13.787  13.834 
   13.903  14.020  14.111  14.130  14.196  14.248  14.271  14.416 
   14.476  14.485  14.803  15.028  15.048  15.310  15.350  15.383 
   15.433  15.527  15.601  15.622  15.687  15.710  15.737  15.808 
   15.861  15.989  16.097  16.304  16.365  16.433  16.582  16.648 
   16.730  16.855  16.869  16.893  16.909  16.945  16.989  17.095 
   17.204  17.233  17.275  17.391  17.453  17.548  17.572  17.608 
   17.631  17.800  17.809  17.864  17.916  17.925  18.018  18.030 
   18.294  18.441  18.649  18.676  18.703  18.821  18.986  19.050 
   19.101  19.185  19.347  19.499  19.507  19.528  19.744  19.906 
   19.999  20.154  20.321  20.517  20.776  20.843  21.007  21.312 
   21.329  22.167  22.197  22.266  22.553  22.989  23.094  23.608 
   23.620  23.650  23.701  23.756  23.781  24.020  24.216  24.334 
   24.621  25.144  26.014  26.854  27.214  27.578  31.075  32.862 
   32.935  33.286  33.477  34.227  35.333  35.549  35.660  41.432 
   41.681  41.757  44.275  47.763  47.875  48.372  48.938  49.258 
   50.777  52.305  52.321  67.836  67.902  68.379  68.710  69.940 
   78.529  91.269  91.311  91.513  91.553  91.594  91.852  92.952 
   93.322  93.579  99.115 137.571 138.667 138.667 146.132 225.964 
  425.914 426.796 426.804 526.632 1267.737 1686.632 1687.265 1687.273 
  3191.241 8535.845 24820.964 81386.926 322255.395 1830819.213 


  >>> Running UHF-MP2 <<<

MP2 correlation energy (UHF) : -0.7841295242
MP2 total energy       (UHF) : -154.8849741595

