	*********************************************** 
	***** Beginning CEBE Calculation with MOM ***** 
	*****       Calculation Details:          ***** 
	      Geometry:	 /work/morgunov/rev2calcs/mols/exp/o/cf3co-o-h.xyz
	      Core Basis:	 ccX-5Z
	      Full Basis:	 cc-pV5Z
	      DIIS (start, space):	 0 50
	      Level shift:	 0
	      Do localization?:	 False
	      Do SFX2C1E?:	 True
	      Freeze orbitals?:	 True
	      Use Cheng orbitals?:	 False
	      Do Special Basis?:	 True
	      Do Special Basis?:	 ccX-5Z
	*********************************************** 
	*********************************************** 

  >>> Running RHF <<<

init D/C      : minao
init ov       : zeros
no            : 28
nv            : 866
ov_size       : 24248
max_cycle     : 1000
conv          : 6
econv         : 9
method        : gdm
scale_stop    : 0
scale_factor  : 1.000000
init E        : -524.323545629955
init |[F,P]|  : 7.04e-03
init |dE|     : 1.62e-02
check file    : None

iter      total energy   |[F,P]|      |dE|         ∆E   comment
   1    -524.466411538  5.84e-03  1.29e-02  -1.43e-01  BFGS
   2    -524.626170636  7.15e-04  1.51e-03  -1.60e-01  BFGS
   3    -524.629031154  3.87e-04  8.32e-04  -2.86e-03  BFGS
   4    -524.629835997  9.60e-05  2.24e-04  -8.05e-04  BFGS
   5    -524.629908095  3.29e-05  7.17e-05  -7.21e-05  BFGS
   6    -524.629924064  1.09e-05  2.36e-05  -1.60e-05  BFGS
   7    -524.629925364  3.98e-06  8.83e-06  -1.30e-06  BFGS
   8    -524.629925554  1.34e-06  3.24e-06  -1.91e-07  BFGS
   9    -524.629925569  4.85e-07  1.35e-06  -1.45e-08  BFGS
  10    -524.629925571  9.86e-08  2.19e-07  -1.94e-09  BFGS
  11    -524.629925571  2.56e-08  5.77e-08  -8.86e-11  BFGS
                                                                      gdm is converged!

SCF converged : True
final |[F,P]| : 2.56e-08
final |dE|    : 5.77e-08
final Escf    : -862.283208067167
final Etot    : -524.629925570901

  pxp & ewc             :::        1.446 (  0.05%)
  apply B               :::        0.006 (  0.00%)
  linsrch               :::     2968.808 ( 99.95%)
  grad                  :::        0.051 (  0.00%)
  Total                 :::     2970.312 (100.00%)

Alpha occupied
  -26.360 -26.358 -26.358 -20.658 -20.596 -11.538 -11.438  -1.759 
   -1.662  -1.660  -1.515  -1.414  -1.049  -0.923  -0.855  -0.851 
   -0.821  -0.756  -0.736  -0.724  -0.695  -0.693  -0.688  -0.672 
   -0.666  -0.620  -0.527  -0.504 

Alpha virtual
    0.074   0.113   0.131   0.131   0.142   0.166   0.185   0.189 
    0.197   0.242   0.255   0.282   0.291   0.307   0.326   0.351 
    0.366   0.369   0.389   0.418   0.424   0.445   0.477   0.480 
    0.481   0.517   0.521   0.532   0.558   0.561   0.566   0.580 
    0.590   0.591   0.604   0.614   0.644   0.651   0.668   0.674 
    0.690   0.716   0.727   0.749   0.774   0.805   0.856   0.863 
    0.892   0.906   0.910   0.944   0.947   0.960   1.013   1.053 
    1.080   1.102   1.124   1.126   1.135   1.154   1.166   1.202 
    1.241   1.326   1.332   1.348   1.372   1.383   1.390   1.406 
    1.408   1.440   1.441   1.446   1.450   1.479   1.483   1.501 
    1.529   1.532   1.540   1.581   1.604   1.609   1.644   1.673 
    1.681   1.685   1.723   1.727   1.748   1.791   1.812   1.817 
    1.842   1.850   1.879   1.885   1.901   1.916   1.932   1.955 
    1.967   2.001   2.013   2.036   2.050   2.067   2.072   2.086 
    2.093   2.134   2.142   2.163   2.220   2.246   2.269   2.301 
    2.334   2.348   2.379   2.393   2.431   2.455   2.510   2.519 
    2.554   2.612   2.633   2.663   2.682   2.712   2.729   2.758 
    2.782   2.793   2.809   2.847   2.882   2.913   2.969   2.994 
    3.018   3.037   3.048   3.104   3.107   3.133   3.176   3.189 
    3.208   3.209   3.225   3.266   3.278   3.281   3.316   3.330 
    3.356   3.381   3.402   3.406   3.408   3.439   3.461   3.462 
    3.491   3.515   3.543   3.549   3.570   3.591   3.595   3.635 
    3.637   3.682   3.700   3.706   3.738   3.754   3.786   3.810 
    3.841   3.867   3.882   3.927   3.932   3.937   3.958   3.990 
    4.007   4.014   4.035   4.070   4.076   4.093   4.118   4.143 
    4.154   4.230   4.236   4.240   4.265   4.269   4.275   4.312 
    4.339   4.380   4.393   4.432   4.447   4.487   4.522   4.530 
    4.532   4.576   4.588   4.591   4.631   4.660   4.679   4.697 
    4.735   4.738   4.757   4.776   4.814   4.817   4.887   4.944 
    4.949   4.994   5.016   5.034   5.096   5.100   5.117   5.186 
    5.199   5.256   5.288   5.310   5.380   5.386   5.409   5.473 
    5.500   5.543   5.635   5.642   5.657   5.710   5.721   5.732 
    5.785   5.852   5.866   5.874   5.877   5.937   5.986   6.046 
    6.051   6.067   6.143   6.176   6.217   6.222   6.255   6.270 
    6.345   6.388   6.407   6.480   6.486   6.491   6.566   6.630 
    6.673   6.745   6.770   6.809   6.889   6.987   6.996   7.039 
    7.061   7.078   7.085   7.130   7.178   7.206   7.226   7.252 
    7.266   7.333   7.347   7.385   7.402   7.414   7.470   7.492 
    7.550   7.559   7.572   7.583   7.602   7.611   7.624   7.636 
    7.659   7.692   7.700   7.724   7.766   7.776   7.793   7.829 
    7.851   7.889   7.918   7.944   8.005   8.018   8.026   8.074 
    8.101   8.135   8.164   8.223   8.241   8.283   8.312   8.346 
    8.355   8.412   8.458   8.496   8.523   8.584   8.688   8.703 
    8.751   8.758   8.858   8.904   8.909   8.965   9.010   9.014 
    9.086   9.108   9.122   9.158   9.174   9.290   9.310   9.318 
    9.383   9.431   9.474   9.476   9.496   9.519   9.523   9.577 
    9.583   9.640   9.674   9.692   9.704   9.799   9.860   9.865 
    9.896   9.904   9.922   9.981   9.990  10.005  10.013  10.061 
   10.096  10.105  10.159  10.189  10.206  10.211  10.279  10.291 
   10.296  10.301  10.324  10.375  10.399  10.436  10.456  10.460 
   10.474  10.508  10.540  10.568  10.582  10.638  10.670  10.710 
   10.746  10.766  10.782  10.815  10.859  10.898  10.920  10.922 
   10.937  10.998  11.024  11.032  11.060  11.068  11.071  11.143 
   11.154  11.193  11.246  11.252  11.282  11.438  11.468  11.494 
   11.567  11.600  11.646  11.662  11.712  11.746  11.809  11.934 
   12.149  12.208  12.226  12.383  12.419  12.445  12.516  12.519 
   12.640  12.690  12.732  12.827  12.843  12.913  12.939  12.949 
   12.983  13.023  13.123  13.125  13.179  13.182  13.212  13.234 
   13.243  13.291  13.365  13.375  13.389  13.423  13.533  13.660 
   13.669  13.703  13.803  13.825  13.963  14.179  14.221  14.249 
   14.260  14.328  14.376  14.378  14.482  14.506  14.531  14.569 
   14.648  14.658  14.686  14.739  14.827  14.940  15.042  15.080 
   15.139  15.192  15.239  15.282  15.338  15.457  15.517  15.692 
   15.718  15.777  15.971  16.165  16.275  16.307  16.327  16.534 
   16.706  16.843  16.904  17.045  17.300  17.485  17.801  17.804 
   17.901  18.276  18.287  18.288  18.302  18.304  18.305  18.306 
   18.307  18.307  18.308  18.308  18.311  18.313  18.412  18.417 
   18.441  18.446  18.461  18.527  18.541  18.605  18.618  18.625 
   18.676  18.719  18.830  18.868  18.873  18.914  18.919  18.931 
   18.986  18.996  19.026  19.041  19.043  19.090  19.110  19.125 
   19.157  19.160  19.190  19.293  19.339  19.344  19.407  19.434 
   19.476  19.483  19.530  19.611  19.616  19.673  19.710  19.781 
   19.801  19.828  19.836  19.860  19.921  19.950  19.965  20.015 
   20.081  20.141  20.212  20.390  20.924  20.986  21.188  21.346 
   21.517  21.645  21.974  22.109  22.126  22.176  22.543  22.683 
   22.986  23.065  23.340  23.462  23.663  23.716  23.723  23.732 
   23.737  23.742  23.751  23.775  23.784  23.866  23.899  23.966 
   23.979  23.995  24.182  24.285  24.381  24.382  24.460  24.517 
   24.543  24.699  24.704  24.730  24.738  24.763  24.770  24.789 
   24.838  24.849  24.874  25.326  25.366  25.397  25.407  25.432 
   25.455  25.625  25.661  25.707  25.750  25.849  25.854  25.908 
   26.080  26.101  26.144  26.171  26.235  26.272  26.383  26.590 
   26.652  26.694  28.837  28.880  28.899  28.910  28.921  28.945 
   29.716  29.748  29.787  29.812  29.843  29.849  29.902  30.226 
   30.243  30.775  30.806  31.034  31.300  31.559  32.165  41.119 
   41.364  43.412  43.613  65.990  66.050  66.065  66.086  66.263 
   66.301  66.453  66.509  66.569  66.642  66.736  66.815  66.908 
   67.233  67.652  68.077  70.473  70.487  70.594  70.722  70.760 
   70.768  70.884  71.196  71.228  71.240  71.460  71.582  71.738 
   72.094  79.666  79.738  80.403  94.004  94.224 118.546 118.553 
  118.555 118.558 118.567 118.579 118.581 118.584 118.599 118.604 
  118.633 118.639 118.642 118.665 118.680 118.695 118.723 118.761 
  147.360 147.402 147.566 147.750 147.926 148.245 183.905 183.962 
  184.125 184.292 184.429 184.498 184.632 184.833 185.161 185.359 
  203.488 203.687 225.457 225.465 225.500 225.581 225.592 225.619 
  225.648 225.780 225.855 225.860 225.979 226.029 226.089 226.256 
  347.028 347.079 347.217 347.376 347.544 347.823 385.916 385.916 
  385.919 385.919 385.921 385.923 385.923 385.927 385.927 385.933 
  385.933 385.973 385.973 385.980 385.980 385.985 385.985 385.988 
  385.988 385.990 385.991 385.992 449.003 449.193 449.929 449.931 
  449.932 449.937 449.943 449.945 449.961 449.971 449.971 449.978 
  449.980 449.980 449.992 449.997 449.997 449.997 450.012 450.017 
  472.973 473.017 473.132 473.264 473.389 473.426 473.545 473.690 
  473.961 474.102 685.397 685.408 685.408 685.447 685.477 685.491 
  685.497 685.563 685.612 685.637 685.694 685.725 685.765 685.833 
  892.559 892.618 892.731 892.862 893.017 893.250 1087.448 1087.646 
  1213.195 1213.229 1213.302 1213.408 1213.522 1213.532 1213.640 1213.741 
  1213.965 1214.060 2891.950 2892.013 2892.112 2892.225 2892.375 2892.580 
  4236.742 4237.167 


  >>> Running RHF-MP2 <<<


RMP2-TIMING
  rmp2                  :::     3479.521 (100.00%)
  Total                 :::     3479.521 (100.00%)

MP2 correlation energy (RHF) : -2.0060989800
MP2 total energy       (RHF) : -526.6360245509


  >>> Running UHF <<<

init D/C      : input mo_coeff
init ov       : zeros
no            : 27 28
nv            : 867 866
ov_size       : 47657
max_cycle     : 1000
conv          : 6
econv         : 9
method        : diis
mom_start     : 0
guess mix     : 0.000000
orb_swap      : [[[3, 27]], []]
init E        : -503.972073830235
init S2       : 0.749999999999979
init |[F,P]|  : 1.35e-02
init |dE|     : 2.83e-02
check file    : None

iter      total energy   |[F,P]|      |dE|         ∆E   S^2   comment
   1    -504.464631920  7.48e-03  1.52e-02  -4.93e-01  0.75  DIIS mom: 26.7/27 27.6/28
   2    -504.757296139  9.27e-04  1.90e-03  -2.93e-01  0.76  DIIS mom: 26.9/27 27.9/28
   3    -504.762415458  5.13e-04  1.03e-03  -5.12e-03  0.76  DIIS mom: 27.0/27 28.0/28
   4    -504.764569012  1.12e-04  2.17e-04  -2.15e-03  0.76  DIIS mom: 27.0/27 28.0/28
   5    -504.764879569  5.13e-05  9.91e-05  -3.11e-04  0.77  DIIS mom: 27.0/27 28.0/28
   6    -504.764952906  2.23e-05  4.42e-05  -7.33e-05  0.77  DIIS mom: 27.0/27 28.0/28
   7    -504.764971062  1.56e-05  2.94e-05  -1.82e-05  0.77  DIIS mom: 27.0/27 28.0/28
   8    -504.764982237  1.43e-05  2.54e-05  -1.12e-05  0.77  DIIS mom: 27.0/27 28.0/28
   9    -504.764993035  1.40e-05  2.48e-05  -1.08e-05  0.77  DIIS mom: 27.0/27 28.0/28
  10    -504.765012730  1.39e-05  2.45e-05  -1.97e-05  0.77  DIIS mom: 27.0/27 28.0/28
  11    -504.765086509  1.33e-05  2.36e-05  -7.38e-05  0.77  DIIS mom: 27.0/27 28.0/28
  12    -504.765310416  1.51e-05  3.06e-05  -2.24e-04  0.81  DIIS mom: 27.0/27 28.0/28
  13    -504.765264389  1.09e-05  1.98e-05   4.60e-05  0.79  DIIS mom: 27.0/27 28.0/28
  14    -504.765337244  1.33e-05  2.73e-05  -7.29e-05  0.84  DIIS mom: 27.0/27 28.0/28
  15    -504.765315726  1.13e-05  2.23e-05   2.15e-05  0.81  DIIS mom: 27.0/27 28.0/28
  16    -504.765349904  1.63e-06  3.38e-06  -3.42e-05  0.83  DIIS mom: 27.0/27 28.0/28
  17    -504.765349901  8.63e-07  1.73e-06   2.84e-09  0.83  DIIS mom: 27.0/27 28.0/28
  18    -504.765350029  2.24e-07  4.59e-07  -1.28e-07  0.83  DIIS mom: 27.0/27 28.0/28
  19    -504.765350035  3.85e-08  7.70e-08  -5.35e-09  0.83  DIIS mom: 27.0/27 28.0/28
  20    -504.765350034  7.56e-08  1.50e-07   5.05e-10  0.83  DIIS mom: 27.0/27 28.0/28
                                                                      diis is converged!

SCF converged : True
final |[F,P]| : 7.56e-08
final |dE|    : 1.50e-07
final Escf    : -842.418632530338
final Etot    : -504.765350034072
final S2      : 0.83009024985336

  diis prep             :::        1.529 (  0.03%)
  diis extrap           :::        1.253 (  0.02%)
  roothaan              :::        5.733 (  0.10%)
  fock build            :::     5803.079 ( 99.85%)
  Total                 :::     5811.594 (100.00%)

Alpha occupied
  -26.554 -26.544 -26.543 -20.911 -11.757 -11.735  -1.965  -1.942 
   -1.851  -1.842  -1.740  -1.366  -1.224  -1.200  -1.154  -1.091 
   -1.036  -1.035  -0.993  -0.920  -0.917  -0.887  -0.877  -0.869 
   -0.859  -0.854  -0.793 

Alpha virtual
  -19.062  -0.160  -0.160  -0.057  -0.052  -0.039   0.008   0.024 
    0.026   0.030   0.061   0.072   0.076   0.100   0.129   0.143 
    0.151   0.154   0.190   0.201   0.205   0.220   0.244   0.265 
    0.266   0.272   0.296   0.307   0.320   0.342   0.358   0.361 
    0.369   0.388   0.391   0.422   0.435   0.449   0.452   0.456 
    0.506   0.507   0.526   0.541   0.553   0.554   0.599   0.629 
    0.662   0.675   0.692   0.708   0.722   0.732   0.736   0.749 
    0.829   0.886   0.887   0.898   0.918   0.928   0.943   0.946 
    0.970   1.036   1.044   1.072   1.102   1.105   1.130   1.143 
    1.151   1.183   1.208   1.216   1.224   1.225   1.249   1.273 
    1.283   1.300   1.306   1.314   1.358   1.378   1.385   1.393 
    1.426   1.427   1.469   1.505   1.530   1.554   1.578   1.587 
    1.609   1.621   1.637   1.641   1.658   1.699   1.708   1.725 
    1.729   1.734   1.760   1.775   1.807   1.834   1.852   1.857 
    1.870   1.884   1.895   1.938   1.945   1.992   2.015   2.028 
    2.051   2.085   2.104   2.137   2.143   2.191   2.242   2.266 
    2.291   2.295   2.338   2.392   2.409   2.412   2.481   2.488 
    2.558   2.569   2.574   2.587   2.613   2.636   2.696   2.709 
    2.746   2.758   2.759   2.780   2.810   2.829   2.856   2.870 
    2.902   2.913   2.936   2.943   3.003   3.020   3.048   3.064 
    3.092   3.096   3.126   3.136   3.154   3.173   3.190   3.224 
    3.241   3.250   3.258   3.270   3.293   3.313   3.341   3.369 
    3.378   3.395   3.437   3.447   3.465   3.482   3.512   3.531 
    3.577   3.595   3.629   3.639   3.677   3.698   3.719   3.730 
    3.739   3.760   3.779   3.789   3.813   3.818   3.843   3.867 
    3.905   3.936   3.971   4.007   4.010   4.029   4.042   4.067 
    4.103   4.115   4.123   4.165   4.200   4.216   4.249   4.260 
    4.273   4.299   4.335   4.354   4.366   4.369   4.417   4.433 
    4.452   4.485   4.516   4.531   4.555   4.585   4.588   4.656 
    4.680   4.686   4.744   4.763   4.814   4.852   4.863   4.896 
    4.907   4.929   4.963   5.040   5.091   5.094   5.127   5.138 
    5.193   5.216   5.293   5.383   5.390   5.392   5.440   5.447 
    5.520   5.549   5.582   5.632   5.648   5.659   5.686   5.724 
    5.781   5.819   5.866   5.873   5.925   5.944   5.952   6.005 
    6.023   6.060   6.112   6.121   6.206   6.246   6.267   6.361 
    6.368   6.373   6.443   6.452   6.501   6.538   6.570   6.647 
    6.681   6.731   6.762   6.793   6.843   6.855   6.917   6.926 
    6.974   6.981   7.073   7.075   7.093   7.141   7.158   7.197 
    7.213   7.284   7.302   7.333   7.354   7.363   7.378   7.378 
    7.419   7.423   7.436   7.458   7.474   7.475   7.511   7.537 
    7.544   7.569   7.639   7.666   7.684   7.746   7.756   7.793 
    7.806   7.864   7.876   7.900   7.927   7.987   8.045   8.082 
    8.099   8.129   8.153   8.212   8.247   8.252   8.277   8.425 
    8.446   8.481   8.522   8.626   8.628   8.671   8.674   8.724 
    8.725   8.806   8.831   8.853   8.877   8.931   8.962   9.060 
    9.073   9.077   9.152   9.258   9.273   9.284   9.297   9.310 
    9.384   9.387   9.438   9.449   9.450   9.473   9.538   9.590 
    9.619   9.638   9.650   9.663   9.687   9.726   9.764   9.774 
    9.815   9.856   9.870   9.872   9.901   9.937   9.982   9.996 
   10.056  10.076  10.082  10.098  10.143  10.151  10.191  10.209 
   10.222  10.257  10.260  10.289  10.341  10.367  10.373  10.466 
   10.502  10.510  10.534  10.566  10.567  10.632  10.662  10.691 
   10.702  10.713  10.772  10.788  10.806  10.858  10.860  10.864 
   10.909  10.916  10.983  11.004  11.023  11.043  11.208  11.218 
   11.287  11.313  11.368  11.422  11.439  11.508  11.541  11.592 
   11.680  11.866  11.885  11.897  12.014  12.086  12.131  12.166 
   12.217  12.303  12.355  12.391  12.473  12.516  12.566  12.660 
   12.683  12.692  12.701  12.807  12.813  12.889  12.894  12.970 
   13.011  13.042  13.094  13.151  13.166  13.171  13.180  13.239 
   13.268  13.330  13.350  13.428  13.431  13.601  13.809  13.855 
   13.941  13.955  13.959  14.025  14.067  14.105  14.141  14.245 
   14.256  14.307  14.337  14.381  14.426  14.434  14.572  14.709 
   14.753  14.815  14.819  15.045  15.051  15.102  15.169  15.222 
   15.349  15.356  15.366  15.582  15.771  15.876  15.936  16.011 
   16.239  16.296  16.435  16.556  16.741  16.886  17.090  17.378 
   17.393  17.498  18.092  18.101  18.105  18.115  18.115  18.117 
   18.122  18.127  18.128  18.128  18.129  18.129  18.130  18.194 
   18.222  18.225  18.230  18.234  18.256  18.271  18.279  18.303 
   18.429  18.439  18.478  18.501  18.537  18.562  18.607  18.654 
   18.685  18.714  18.733  18.740  18.777  18.821  18.858  18.865 
   18.891  18.921  18.938  18.957  18.960  18.976  19.069  19.107 
   19.120  19.150  19.183  19.189  19.221  19.265  19.287  19.372 
   19.395  19.449  19.502  19.596  19.641  19.647  19.677  19.715 
   19.742  19.767  19.769  19.853  19.959  20.481  20.621  20.699 
   20.974  21.127  21.362  21.681  21.810  21.853  21.938  21.962 
   22.303  22.370  22.536  22.931  23.038  23.060  23.400  23.520 
   23.531  23.542  23.548  23.552  23.564  23.580  23.589  23.683 
   23.700  23.777  23.799  23.817  24.098  24.194  24.197  24.273 
   24.331  24.353  24.424  24.515  24.539  24.550  24.570  24.582 
   24.597  24.653  24.655  24.687  25.036  25.141  25.182  25.213 
   25.224  25.241  25.275  25.477  25.508  25.564  25.662  25.671 
   25.720  25.823  25.896  25.917  25.967  25.981  26.047  26.089 
   26.406  26.466  26.502  28.651  28.697  28.712  28.722  28.734 
   28.762  29.529  29.563  29.601  29.627  29.656  29.656  29.712 
   29.882  30.043  30.051  30.411  30.495  30.740  31.234  31.324 
   40.898  41.037  42.632  43.110  64.679  64.817  65.028  65.084 
   65.293  65.366  65.682  65.719  65.775  65.783  65.974  66.279 
   66.325  66.583  66.642  67.342  69.307  69.469  69.592  69.914 
   69.941  70.161  70.163  70.248  70.405  70.459  70.799  70.920 
   71.212  71.405  79.482  79.548  80.216  92.623  93.712 117.081 
  117.090 117.099 117.115 117.130 117.136 117.192 117.248 117.288 
  118.239 118.239 118.267 118.272 118.325 118.327 118.331 118.373 
  118.390 145.230 145.614 146.103 147.089 147.263 147.627 181.748 
  181.916 182.119 182.444 182.978 183.595 183.662 184.116 184.333 
  184.853 201.290 203.196 223.106 223.187 223.251 223.388 223.461 
  223.621 223.857 225.147 225.154 225.281 225.309 225.545 225.688 
  225.769 343.910 344.253 344.694 346.768 346.914 347.244 383.478 
  383.478 383.484 383.484 383.487 383.489 383.490 383.495 383.495 
  383.502 383.502 385.661 385.661 385.668 385.668 385.673 385.674 
  385.676 385.679 385.679 385.684 385.684 445.860 447.003 447.005 
  447.006 447.012 447.017 447.019 447.035 447.051 447.064 448.711 
  449.660 449.660 449.668 449.670 449.687 449.687 449.688 449.705 
  449.709 469.788 469.922 470.081 470.337 470.754 472.664 472.715 
  473.079 473.246 473.653 681.755 681.802 681.839 681.917 681.964 
  682.057 682.183 685.096 685.100 685.173 685.190 685.328 685.408 
  685.454 888.415 888.714 889.098 892.310 892.429 892.717 1083.339 
  1087.158 1209.007 1209.112 1209.235 1209.436 1209.761 1212.889 1212.928 
  1213.215 1213.341 1213.659 2886.951 2887.224 2887.574 2891.708 2891.812 
  2892.076 4232.072 4236.465 

Beta occupied
  -26.554 -26.544 -26.544 -23.962 -20.899 -11.755 -11.741  -2.076 
   -1.946  -1.851  -1.843  -1.719  -1.419  -1.288  -1.247  -1.227 
   -1.093  -1.037  -1.037  -0.984  -0.919  -0.917  -0.883  -0.873 
   -0.868  -0.854  -0.819  -0.790 

Beta virtual
   -0.171  -0.161  -0.059  -0.058  -0.043   0.005   0.017   0.028 
    0.029   0.059   0.061   0.076   0.096   0.128   0.140   0.148 
    0.150   0.185   0.199   0.205   0.217   0.244   0.261   0.261 
    0.269   0.292   0.305   0.319   0.341   0.358   0.360   0.368 
    0.389   0.400   0.423   0.435   0.449   0.450   0.454   0.505 
    0.507   0.526   0.542   0.553   0.554   0.600   0.627   0.662 
    0.674   0.684   0.704   0.722   0.729   0.736   0.746   0.827 
    0.885   0.891   0.899   0.920   0.928   0.942   0.946   0.965 
    1.033   1.039   1.052   1.099   1.103   1.132   1.144   1.148 
    1.180   1.207   1.218   1.224   1.235   1.248   1.274   1.287 
    1.302   1.303   1.314   1.354   1.377   1.385   1.393   1.427 
    1.428   1.470   1.504   1.531   1.553   1.578   1.588   1.609 
    1.621   1.636   1.640   1.658   1.699   1.708   1.725   1.727 
    1.733   1.757   1.775   1.805   1.834   1.851   1.855   1.869 
    1.882   1.895   1.937   1.944   1.989   2.016   2.028   2.049 
    2.085   2.104   2.134   2.144   2.189   2.240   2.263   2.289 
    2.295   2.331   2.390   2.406   2.409   2.481   2.487   2.558 
    2.567   2.574   2.585   2.611   2.633   2.696   2.709   2.745 
    2.756   2.757   2.765   2.791   2.828   2.852   2.856   2.898 
    2.905   2.936   2.952   3.014   3.021   3.046   3.052   3.091 
    3.096   3.128   3.134   3.155   3.174   3.192   3.224   3.240 
    3.250   3.259   3.267   3.293   3.312   3.341   3.367   3.376 
    3.387   3.436   3.448   3.465   3.481   3.512   3.530   3.576 
    3.591   3.628   3.639   3.677   3.697   3.718   3.729   3.737 
    3.757   3.778   3.789   3.812   3.816   3.843   3.863   3.904 
    3.934   3.970   4.003   4.009   4.028   4.040   4.066   4.103 
    4.115   4.120   4.165   4.199   4.215   4.248   4.258   4.273 
    4.299   4.335   4.353   4.365   4.368   4.418   4.433   4.451 
    4.485   4.515   4.530   4.553   4.583   4.586   4.656   4.680 
    4.686   4.741   4.764   4.813   4.850   4.861   4.895   4.908 
    4.926   4.957   5.041   5.086   5.089   5.126   5.136   5.189 
    5.216   5.292   5.382   5.390   5.391   5.441   5.446   5.515 
    5.550   5.576   5.632   5.649   5.658   5.681   5.724   5.777 
    5.819   5.861   5.874   5.926   5.945   5.955   6.005   6.022 
    6.052   6.112   6.121   6.205   6.244   6.268   6.331   6.364 
    6.373   6.441   6.450   6.497   6.497   6.560   6.614   6.680 
    6.728   6.764   6.810   6.844   6.846   6.926   6.929   6.975 
    6.976   7.066   7.074   7.091   7.140   7.158   7.190   7.213 
    7.284   7.305   7.331   7.352   7.364   7.378   7.379   7.417 
    7.423   7.439   7.457   7.474   7.475   7.509   7.538   7.544 
    7.567   7.634   7.654   7.678   7.740   7.755   7.793   7.806 
    7.863   7.876   7.900   7.928   7.974   8.035   8.056   8.100 
    8.128   8.148   8.208   8.245   8.254   8.277   8.423   8.447 
    8.482   8.522   8.623   8.628   8.660   8.669   8.720   8.722 
    8.799   8.828   8.850   8.872   8.932   8.956   9.060   9.068 
    9.072   9.149   9.258   9.269   9.283   9.297   9.309   9.383 
    9.387   9.437   9.448   9.449   9.472   9.534   9.579   9.617 
    9.640   9.643   9.658   9.689   9.723   9.763   9.774   9.808 
    9.851   9.869   9.871   9.888   9.933   9.983   9.991  10.054 
   10.074  10.081  10.097  10.143  10.150  10.189  10.207  10.220 
   10.255  10.259  10.288  10.340  10.364  10.373  10.465  10.502 
   10.509  10.531  10.565  10.567  10.631  10.660  10.691  10.701 
   10.712  10.772  10.786  10.805  10.858  10.860  10.864  10.909 
   10.915  10.982  11.003  11.022  11.043  11.204  11.218  11.287 
   11.313  11.367  11.421  11.439  11.508  11.541  11.591  11.679 
   11.864  11.877  11.897  12.016  12.085  12.131  12.163  12.217 
   12.305  12.354  12.392  12.472  12.510  12.555  12.658  12.683 
   12.688  12.701  12.798  12.813  12.886  12.889  12.968  13.010 
   13.042  13.094  13.151  13.166  13.171  13.178  13.238  13.268 
   13.325  13.348  13.425  13.427  13.590  13.803  13.854  13.906 
   13.943  13.963  13.966  14.063  14.100  14.133  14.226  14.244 
   14.307  14.338  14.372  14.394  14.448  14.561  14.693  14.754 
   14.806  14.821  15.036  15.051  15.098  15.167  15.226  15.344 
   15.345  15.356  15.573  15.770  15.855  15.938  16.014  16.243 
   16.287  16.435  16.550  16.742  16.871  17.090  17.371  17.383 
   17.494  18.092  18.101  18.105  18.115  18.115  18.117  18.122 
   18.127  18.127  18.128  18.129  18.129  18.130  18.173  18.229 
   18.230  18.233  18.237  18.256  18.271  18.279  18.299  18.429 
   18.439  18.478  18.493  18.544  18.567  18.597  18.646  18.685 
   18.721  18.735  18.740  18.778  18.816  18.821  18.867  18.883 
   18.901  18.921  18.944  18.959  18.972  19.065  19.102  19.104 
   19.150  19.181  19.196  19.217  19.257  19.280  19.345  19.396 
   19.448  19.502  19.595  19.630  19.648  19.674  19.697  19.741 
   19.766  19.768  19.852  19.950  20.457  20.631  20.670  20.944 
   21.115  21.361  21.694  21.809  21.819  21.932  21.962  22.252 
   22.370  22.510  22.912  23.026  23.049  23.366  23.508  23.531 
   23.542  23.548  23.552  23.563  23.580  23.589  23.683  23.700 
   23.777  23.799  23.816  24.098  24.194  24.197  24.273  24.331 
   24.353  24.429  24.514  24.538  24.550  24.570  24.581  24.597 
   24.653  24.654  24.687  24.986  25.141  25.182  25.213  25.224 
   25.240  25.275  25.477  25.507  25.564  25.662  25.670  25.719 
   25.803  25.896  25.917  25.966  25.981  26.047  26.089  26.406 
   26.466  26.502  28.651  28.697  28.712  28.722  28.734  28.762 
   29.528  29.562  29.601  29.627  29.644  29.656  29.661  29.710 
   30.042  30.047  30.190  30.507  30.743  31.073  31.276  40.896 
   41.011  42.313  43.114  64.359  64.638  64.765  64.852  65.058 
   65.136  65.549  65.688  65.781  65.783  65.971  66.281  66.331 
   66.427  66.610  67.345  69.230  69.391  69.514  69.833  69.863 
   70.142  70.168  70.200  70.411  70.464  70.717  70.926  71.214 
   71.409  79.482  79.548  80.216  92.218  93.714 117.021 117.030 
  117.039 117.054 117.070 117.076 117.132 117.188 117.228 118.244 
  118.244 118.271 118.276 118.328 118.331 118.335 118.375 118.392 
  144.845 145.231 145.722 147.092 147.264 147.628 181.489 181.657 
  181.861 182.185 182.721 183.597 183.664 184.118 184.334 184.854 
  200.883 203.197 222.939 223.020 223.083 223.220 223.294 223.454 
  223.689 225.149 225.156 225.282 225.311 225.547 225.688 225.770 
  343.531 343.875 344.317 346.769 346.915 347.244 383.394 383.394 
  383.399 383.400 383.403 383.405 383.406 383.411 383.411 383.418 
  383.418 385.662 385.662 385.669 385.669 385.675 385.675 385.678 
  385.680 385.680 385.685 385.685 445.496 446.863 446.865 446.866 
  446.872 446.877 446.879 446.895 446.911 446.924 448.711 449.661 
  449.661 449.669 449.671 449.688 449.688 449.689 449.705 449.710 
  469.523 469.657 469.816 470.072 470.490 472.665 472.716 473.080 
  473.246 473.654 681.548 681.595 681.632 681.711 681.758 681.850 
  681.977 685.096 685.100 685.174 685.190 685.329 685.408 685.454 
  888.112 888.410 888.794 892.311 892.429 892.718 1083.048 1087.158 
  1208.786 1208.892 1209.015 1209.216 1209.540 1212.889 1212.928 1213.215 
  1213.341 1213.660 2886.769 2887.042 2887.392 2891.708 2891.812 2892.076 
  4231.913 4236.465 


  >>> Running UHF-MP2 <<<

MP2 correlation energy (UHF) : -1.9653737784
MP2 total energy       (UHF) : -506.7307238124

