	*********************************************** 
	***** Beginning CEBE Calculation with MOM ***** 
	*****       Calculation Details:          ***** 
	      Geometry:	 /work/morgunov/core/calculations/mols/exp/c/h2c-c-ch2.xyz
	      Core Basis:	 cc-pCV5Z
	      Full Basis:	 cc-pV5Z
	      Do SFX2C1E?:	 True
	      Freeze orbitals?:	 True
	      Use Cheng orbitals?:	 False
	      Do Special Basis?:	 False
	*********************************************** 
	*********************************************** 

  >>> Running RHF <<<

init D/C      : minao
init ov       : zeros
no            : 11
nv            : 644
ov_size       : 7084
max_cycle     : 1000
conv          : 6
econv         : 9
method        : gdm
scale_stop    : 0
scale_factor  : 1.000000
init E        : -115.880573563681
init |[F,P]|  : 2.68e-03
init |dE|     : 6.81e-03
check file    : None

iter      total energy   |[F,P]|      |dE|         ∆E   comment
   1    -115.911540099  7.51e-04  1.89e-03  -3.10e-02  BFGS
   2    -115.914372414  1.87e-04  4.83e-04  -2.83e-03  BFGS
   3    -115.914485535  5.92e-05  1.55e-04  -1.13e-04  BFGS
   4    -115.914498917  1.87e-05  4.74e-05  -1.34e-05  BFGS
   5    -115.914501360  6.63e-06  1.74e-05  -2.44e-06  BFGS
   6    -115.914501582  1.76e-06  4.27e-06  -2.22e-07  BFGS
   7    -115.914501604  3.72e-07  9.29e-07  -2.16e-08  BFGS
   8    -115.914501605  7.98e-08  2.08e-07  -7.57e-10  BFGS
                                                                      gdm is converged!

SCF converged : True
final |[F,P]| : 7.98e-08
final |dE|    : 2.08e-07
final Escf    : -175.038132313825
final Etot    : -115.914501604748

  pxp & ewc             :::        0.282 (  0.02%)
  apply B               :::        0.001 (  0.00%)
  linsrch               :::     1310.931 ( 99.98%)
  grad                  :::        0.013 (  0.00%)
  Total                 :::     1311.228 (100.00%)

Alpha occupied
  -11.263 -11.237 -11.237  -1.074  -0.958  -0.715  -0.628  -0.608 
   -0.608  -0.379  -0.379 

Alpha virtual
    0.097   0.112   0.124   0.124   0.156   0.156   0.161   0.173 
    0.234   0.234   0.279   0.288   0.336   0.336   0.394   0.394 
    0.394   0.406   0.427   0.432   0.467   0.468   0.468   0.494 
    0.514   0.565   0.604   0.604   0.642   0.659   0.661   0.710 
    0.710   0.719   0.748   0.748   0.805   0.826   0.826   0.839 
    0.865   0.910   0.910   0.919   0.970   0.970   0.983   0.983 
    1.031   1.031   1.031   1.046   1.046   1.068   1.092   1.159 
    1.227   1.240   1.240   1.243   1.311   1.359   1.387   1.387 
    1.403   1.411   1.429   1.429   1.537   1.537   1.569   1.572 
    1.577   1.608   1.636   1.659   1.674   1.674   1.696   1.724 
    1.724   1.789   1.816   1.827   1.827   1.845   1.891   1.891 
    1.947   1.967   1.995   1.995   2.004   2.082   2.091   2.091 
    2.100   2.121   2.125   2.152   2.152   2.159   2.221   2.221 
    2.276   2.276   2.287   2.307   2.358   2.389   2.399   2.399 
    2.473   2.473   2.499   2.622   2.626   2.632   2.632   2.665 
    2.762   2.797   2.797   2.812   2.874   2.943   3.037   3.037 
    3.047   3.108   3.214   3.235   3.235   3.247   3.264   3.290 
    3.290   3.357   3.370   3.444   3.444   3.529   3.545   3.545 
    3.594   3.594   3.616   3.636   3.694   3.694   3.714   3.771 
    3.777   3.786   3.786   3.815   3.879   3.934   3.935   3.935 
    3.996   3.998   3.998   4.011   4.013   4.049   4.049   4.104 
    4.131   4.218   4.255   4.269   4.269   4.269   4.319   4.319 
    4.371   4.396   4.396   4.431   4.438   4.490   4.501   4.501 
    4.512   4.549   4.557   4.635   4.635   4.643   4.660   4.779 
    4.779   4.781   4.793   4.843   4.843   4.928   4.969   4.974 
    4.974   5.017   5.039   5.088   5.088   5.187   5.187   5.209 
    5.228   5.253   5.254   5.254   5.254   5.344   5.344   5.366 
    5.376   5.387   5.387   5.493   5.496   5.496   5.505   5.589 
    5.602   5.690   5.690   5.793   5.793   5.804   5.898   5.898 
    5.941   5.969   5.981   6.122   6.284   6.354   6.354   6.436 
    6.529   6.637   6.637   6.690   6.708   6.772   6.848   6.848 
    6.999   6.999   7.025   7.081   7.105   7.160   7.160   7.318 
    7.341   7.341   7.385   7.385   7.397   7.423   7.463   7.554 
    7.554   7.606   7.749   7.749   7.773   7.955   7.955   8.035 
    8.040   8.040   8.061   8.125   8.240   8.324   8.324   8.380 
    8.466   8.466   8.532   8.597   8.785   8.802   8.802   8.859 
    8.859   8.984   9.000   9.000   9.004   9.007   9.171   9.295 
    9.295   9.359   9.446   9.465   9.465   9.517   9.524   9.629 
    9.715   9.715   9.719   9.747   9.747   9.760   9.890   9.975 
    9.975   9.981  10.029  10.038  10.073  10.153  10.153  10.222 
   10.238  10.263  10.267  10.267  10.307  10.362  10.505  10.645 
   10.645  10.711  10.801  10.803  10.803  10.905  10.930  10.930 
   10.933  11.044  11.203  11.269  11.297  11.297  11.331  11.346 
   11.346  11.426  11.542  11.681  11.681  11.770  11.797  11.959 
   11.959  12.128  12.128  12.158  12.333  12.406  12.429  12.429 
   12.533  12.533  12.534  12.557  12.579  12.597  12.717  12.767 
   12.786  12.786  12.793  12.839  12.839  12.841  12.841  12.873 
   12.874  12.884  12.916  12.935  12.935  12.951  13.085  13.142 
   13.263  13.323  13.346  13.346  13.440  13.493  13.534  13.549 
   13.549  13.659  13.660  13.660  13.789  13.856  13.922  13.942 
   13.981  13.981  13.992  14.004  14.004  14.011  14.039  14.039 
   14.169  14.169  14.233  14.240  14.240  14.291  14.291  14.336 
   14.361  14.407  14.424  14.451  14.451  14.651  14.651  14.704 
   14.779  14.826  14.832  14.832  14.943  14.943  14.965  15.116 
   15.267  15.294  15.352  15.352  15.363  15.500  15.500  15.880 
   15.972  15.972  16.000  16.092  16.117  16.117  16.203  16.291 
   16.291  16.395  16.646  16.819  17.386  17.386  17.447  17.493 
   17.493  17.508  17.538  17.661  17.661  17.867  17.893  17.990 
   17.990  18.163  18.270  18.318  18.386  18.546  18.546  18.865 
   18.865  19.009  19.349  19.788  20.356  20.451  20.682  20.682 
   21.354  21.415  21.415  21.561  21.946  21.946  23.783  24.393 
   24.517  24.517  25.274  35.409  35.594  36.210  36.230  36.427 
   36.427  36.630  36.655  36.655  36.719  37.183  37.746  37.746 
   37.761  39.317  46.842  46.842  47.087  47.221  47.252  47.252 
   47.325  47.370  47.542  47.542  47.548  47.577  47.680  47.680 
   47.823  47.823  47.940  47.940  48.137  48.166  49.200  50.470 
   51.245  51.317  59.311  59.311  59.737  59.737  61.367  61.444 
   61.444  61.696  62.363 107.555 107.680 108.063 108.077 108.246 
  108.246 108.389 108.389 108.419 108.474 108.732 109.090 109.090 
  109.126 110.197 130.105 130.880 130.918 165.233 165.233 165.585 
  165.585 166.972 166.995 166.995 167.194 167.474 167.531 167.531 
  167.538 167.538 167.545 167.548 167.553 167.553 167.558 167.569 
  167.570 167.570 167.571 167.572 167.573 167.573 167.573 167.576 
  167.576 167.578 167.582 167.584 167.584 167.617 167.617 167.621 
  167.821 188.236 188.236 188.340 188.394 188.417 188.417 188.448 
  188.465 188.544 188.544 188.549 188.559 188.599 188.599 188.653 
  188.653 188.715 188.715 188.786 188.827 189.301 329.410 329.496 
  329.763 329.772 329.891 329.891 329.980 329.987 329.987 330.014 
  330.213 330.474 330.474 330.503 331.196 337.639 338.460 338.464 
  465.175 465.175 465.466 465.466 466.700 466.709 466.709 466.862 
  467.241 1174.559 1177.038 1177.268 


  >>> Running RHF-MP2 <<<


RMP2-TIMING
  rmp2                  :::      954.437 (100.00%)
  Total                 :::      954.437 (100.00%)

MP2 correlation energy (RHF) : -0.6803890077
MP2 total energy       (RHF) : -116.5948906125


  >>> Running UHF <<<

init D/C      : input mo_coeff
init ov       : zeros
no            : 10 11
nv            : 645 644
ov_size       : 13534
max_cycle     : 1000
conv          : 6
econv         : 9
method        : diis
mom_start     : 0
guess mix     : 0.000000
orb_swap      : [[[0, 10]], []]
init E        : -104.651606242602
init S2       : 0.750000000000028
init |[F,P]|  : 1.12e-02
init |dE|     : 3.57e-02
check file    : None

iter      total energy   |[F,P]|      |dE|         ∆E   S^2   comment
   1    -104.906332668  8.43e-03  2.41e-02  -2.55e-01  0.76  DIIS mom: 9.6/10 10.5/11
   2    -105.230784791  7.75e-04  2.15e-03  -3.24e-01  0.76  DIIS mom: 9.9/10 10.9/11
   3    -105.237347989  3.71e-04  9.85e-04  -6.56e-03  0.77  DIIS mom: 10.0/10 11.0/11
   4    -105.239842156  2.88e-04  7.15e-04  -2.49e-03  0.79  DIIS mom: 10.0/10 11.0/11
   5    -105.242921552  2.60e-04  6.25e-04  -3.08e-03  0.83  DIIS mom: 10.0/10 11.0/11
   6    -105.246851186  2.40e-04  5.79e-04  -3.93e-03  0.90  DIIS mom: 10.0/10 11.0/11
   7    -105.255311915  1.43e-04  3.72e-04  -8.46e-03  1.45  DIIS mom: 9.9/10 11.0/11
   8    -105.253773241  1.64e-04  4.11e-04   1.54e-03  1.17  DIIS mom: 10.0/10 11.0/11
   9    -105.255481703  5.50e-05  1.34e-04  -1.71e-03  1.45  DIIS mom: 10.0/10 11.0/11
  10    -105.255582698  1.30e-05  3.09e-05  -1.01e-04  1.38  DIIS mom: 10.0/10 11.0/11
  11    -105.255592019  4.76e-06  1.16e-05  -9.32e-06  1.41  DIIS mom: 10.0/10 11.0/11
  12    -105.255593106  1.66e-06  4.03e-06  -1.09e-06  1.40  DIIS mom: 10.0/10 11.0/11
  13    -105.255593232  2.62e-07  6.38e-07  -1.26e-07  1.40  DIIS mom: 10.0/10 11.0/11
  14    -105.255593235  7.51e-08  1.90e-07  -3.42e-09  1.40  DIIS mom: 10.0/10 11.0/11
  15    -105.255593235  7.25e-08  1.77e-07   2.27e-11  1.40  DIIS mom: 10.0/10 11.0/11
                                                                      diis is converged!

SCF converged : True
final |[F,P]| : 7.25e-08
final |dE|    : 1.77e-07
final Escf    : -164.379223944111
final Etot    : -105.255593235034
final S2      : 1.39971439281423

  diis prep             :::        0.319 (  0.01%)
  diis extrap           :::        0.263 (  0.01%)
  roothaan              :::        0.967 (  0.04%)
  fock build            :::     2636.368 ( 99.94%)
  Total                 :::     2637.918 (100.00%)

Alpha occupied
  -11.567 -11.567  -1.399  -1.296  -1.000  -0.944  -0.887  -0.887 
   -0.696  -0.696 

Alpha virtual
  -10.054  -0.126  -0.126  -0.078  -0.048  -0.021  -0.021  -0.008 
    0.006   0.035   0.035   0.090   0.097   0.136   0.136   0.184 
    0.193   0.196   0.216   0.216   0.247   0.255   0.255   0.272 
    0.276   0.277   0.362   0.399   0.399   0.408   0.434   0.453 
    0.486   0.506   0.506   0.548   0.548   0.600   0.600   0.604 
    0.615   0.652   0.659   0.659   0.699   0.734   0.734   0.758 
    0.775   0.797   0.797   0.824   0.836   0.836   0.848   0.873 
    0.908   0.961   0.995   1.007   1.007   1.078   1.125   1.141 
    1.158   1.165   1.165   1.190   1.190   1.305   1.305   1.320 
    1.335   1.339   1.376   1.380   1.415   1.439   1.439   1.469 
    1.489   1.489   1.538   1.589   1.591   1.591   1.591   1.640 
    1.640   1.714   1.727   1.770   1.770   1.775   1.839   1.839 
    1.850   1.862   1.894   1.895   1.921   1.921   1.921   1.972 
    1.972   2.032   2.032   2.035   2.080   2.120   2.147   2.153 
    2.153   2.179   2.179   2.253   2.368   2.375   2.381   2.381 
    2.418   2.500   2.546   2.546   2.563   2.633   2.690   2.771 
    2.779   2.779   2.854   2.950   2.963   2.963   2.995   3.013 
    3.044   3.044   3.088   3.120   3.189   3.189   3.253   3.273 
    3.273   3.313   3.326   3.326   3.362   3.430   3.435   3.435 
    3.497   3.503   3.503   3.505   3.551   3.617   3.667   3.687 
    3.687   3.718   3.718   3.733   3.750   3.768   3.782   3.782 
    3.845   3.870   3.962   3.991   4.017   4.019   4.019   4.057 
    4.057   4.096   4.146   4.146   4.156   4.160   4.226   4.226 
    4.238   4.246   4.275   4.283   4.370   4.370   4.391   4.421 
    4.515   4.515   4.520   4.524   4.601   4.601   4.660   4.685 
    4.726   4.726   4.761   4.801   4.827   4.841   4.920   4.920 
    4.957   4.958   4.983   5.000   5.006   5.006   5.071   5.095 
    5.095   5.116   5.135   5.135   5.225   5.237   5.237   5.253 
    5.320   5.333   5.419   5.419   5.531   5.538   5.538   5.618 
    5.618   5.679   5.695   5.710   5.840   6.006   6.054   6.054 
    6.175   6.271   6.365   6.365   6.410   6.431   6.509   6.575 
    6.575   6.724   6.724   6.754   6.755   6.826   6.891   6.891 
    7.035   7.035   7.064   7.093   7.093   7.136   7.138   7.168 
    7.270   7.270   7.355   7.498   7.509   7.509   7.669   7.669 
    7.738   7.738   7.767   7.770   7.861   7.949   7.994   7.994 
    8.061   8.154   8.154   8.223   8.299   8.483   8.498   8.498 
    8.565   8.565   8.688   8.697   8.701   8.701   8.708   8.880 
    8.994   8.994   9.052   9.140   9.167   9.167   9.197   9.226 
    9.323   9.415   9.415   9.419   9.449   9.449   9.476   9.546 
    9.671   9.671   9.708   9.743   9.753   9.775   9.845   9.845 
    9.929   9.942   9.953   9.966   9.966  10.018  10.064  10.205 
   10.352  10.352  10.374  10.480  10.508  10.508  10.616  10.636 
   10.636  10.655  10.727  10.906  10.925  11.002  11.003  11.003 
   11.023  11.023  11.097  11.222  11.353  11.353  11.421  11.456 
   11.604  11.604  11.709  11.825  11.825  12.051  12.096  12.110 
   12.126  12.126  12.237  12.237  12.266  12.272  12.295  12.402 
   12.513  12.528  12.528  12.540  12.581  12.581  12.585  12.585 
   12.607  12.608  12.622  12.653  12.677  12.677  12.697  12.829 
   12.859  12.976  13.045  13.045  13.067  13.122  13.229  13.251 
   13.271  13.271  13.398  13.404  13.404  13.525  13.591  13.661 
   13.685  13.718  13.718  13.738  13.739  13.739  13.759  13.781 
   13.781  13.899  13.911  13.911  13.986  13.988  14.038  14.038 
   14.078  14.109  14.148  14.168  14.172  14.172  14.387  14.387 
   14.437  14.516  14.566  14.566  14.567  14.673  14.673  14.696 
   14.836  15.004  15.028  15.047  15.047  15.097  15.196  15.196 
   15.618  15.681  15.681  15.738  15.816  15.839  15.839  15.934 
   15.999  15.999  16.075  16.355  16.491  17.128  17.128  17.154 
   17.191  17.218  17.218  17.253  17.407  17.407  17.609  17.633 
   17.720  17.720  17.893  18.000  18.043  18.067  18.279  18.279 
   18.599  18.599  18.689  19.073  19.176  20.081  20.166  20.398 
   20.398  20.707  20.707  21.038  21.255  21.483  21.483  23.069 
   24.062  24.215  24.215  24.830  34.324  34.512  35.521  35.521 
   35.887  35.908  36.147  36.153  36.153  36.390  36.704  37.417 
   37.417  37.441  38.553  45.717  45.717  45.998  46.088  46.705 
   46.705  46.893  46.930  46.930  46.953  47.047  47.214  47.214 
   47.216  47.370  47.370  47.584  47.584  47.702  47.822  48.538 
   49.238  50.866  50.989  58.031  58.031  59.169  59.169  60.102 
   61.127  61.127  61.372  61.782 105.666 105.792 106.490 106.490 
  107.419 107.740 107.755 107.936 107.936 108.148 108.233 108.759 
  108.759 108.806 109.157 128.164 130.434 130.596 163.139 163.139 
  164.921 165.046 165.046 165.640 165.640 165.642 165.642 165.645 
  165.647 165.652 165.653 165.653 166.675 166.675 166.892 167.032 
  167.244 167.244 167.244 167.245 167.247 167.248 167.250 167.250 
  167.250 167.251 167.251 167.252 167.262 167.262 167.289 167.298 
  167.298 167.366 186.018 186.018 186.140 186.173 186.435 186.435 
  186.717 188.096 188.096 188.103 188.143 188.221 188.221 188.233 
  188.287 188.287 188.376 188.376 188.387 188.507 188.663 326.624 
  326.711 327.200 327.200 328.004 329.442 329.452 329.575 329.575 
  329.691 329.719 330.146 330.146 330.183 330.235 334.946 337.991 
  338.143 462.267 462.267 463.793 464.963 464.963 466.389 466.389 
  466.542 466.735 1171.456 1176.295 1176.950 

Beta occupied
  -13.760 -11.549 -11.549  -1.504  -1.272  -1.026  -0.961  -0.951 
   -0.951  -0.767  -0.767 

Beta virtual
   -0.124  -0.124  -0.074  -0.045  -0.016  -0.016  -0.012   0.009 
    0.056   0.056   0.092   0.103   0.123   0.123   0.180   0.202 
    0.208   0.217   0.217   0.238   0.256   0.256   0.261   0.280 
    0.285   0.357   0.399   0.399   0.401   0.440   0.449   0.484 
    0.512   0.512   0.549   0.549   0.564   0.564   0.601   0.610 
    0.659   0.672   0.672   0.704   0.737   0.737   0.747   0.770 
    0.804   0.804   0.829   0.833   0.833   0.850   0.873   0.893 
    0.961   0.985   1.012   1.012   1.076   1.119   1.142   1.166 
    1.166   1.176   1.193   1.193   1.307   1.307   1.333   1.334 
    1.342   1.371   1.375   1.415   1.442   1.442   1.460   1.493 
    1.493   1.534   1.587   1.587   1.590   1.596   1.628   1.628 
    1.704   1.712   1.769   1.769   1.774   1.815   1.815   1.837 
    1.863   1.894   1.898   1.920   1.920   1.925   1.977   1.977 
    2.023   2.039   2.039   2.083   2.104   2.143   2.145   2.145 
    2.162   2.162   2.248   2.379   2.381   2.384   2.384   2.420 
    2.514   2.546   2.546   2.548   2.633   2.697   2.763   2.783 
    2.783   2.853   2.953   2.960   2.960   2.996   3.011   3.039 
    3.039   3.071   3.114   3.193   3.193   3.231   3.270   3.270 
    3.284   3.328   3.328   3.365   3.438   3.440   3.440   3.494 
    3.494   3.496   3.516   3.551   3.622   3.674   3.678   3.678 
    3.721   3.721   3.735   3.745   3.768   3.773   3.773   3.852 
    3.863   3.963   3.987   4.010   4.015   4.015   4.055   4.055 
    4.105   4.140   4.144   4.144   4.162   4.214   4.217   4.217 
    4.242   4.260   4.264   4.365   4.365   4.384   4.424   4.497 
    4.513   4.513   4.532   4.601   4.601   4.650   4.678   4.727 
    4.727   4.752   4.802   4.823   4.837   4.919   4.919   4.947 
    4.958   4.982   5.001   5.002   5.002   5.058   5.093   5.093 
    5.124   5.132   5.132   5.233   5.238   5.238   5.248   5.319 
    5.331   5.423   5.423   5.534   5.539   5.539   5.611   5.611 
    5.676   5.694   5.704   5.830   6.001   6.037   6.037   6.177 
    6.270   6.366   6.366   6.407   6.429   6.508   6.570   6.570 
    6.722   6.728   6.728   6.757   6.820   6.878   6.878   6.991 
    6.991   7.065   7.091   7.091   7.103   7.140   7.153   7.271 
    7.271   7.353   7.483   7.490   7.490   7.660   7.660   7.742 
    7.742   7.761   7.766   7.859   7.925   7.964   7.964   8.013 
    8.140   8.140   8.216   8.301   8.478   8.502   8.502   8.572 
    8.572   8.690   8.698   8.707   8.707   8.712   8.881   8.994 
    8.994   9.047   9.139   9.160   9.160   9.192   9.226   9.313 
    9.401   9.401   9.425   9.452   9.452   9.473   9.521   9.665 
    9.665   9.680   9.732   9.749   9.779   9.817   9.817   9.928 
    9.941   9.959   9.962   9.962  10.027  10.069  10.212  10.349 
   10.350  10.350  10.465  10.494  10.494  10.613  10.633  10.633 
   10.654  10.742  10.898  10.899  10.980  11.006  11.006  11.030 
   11.030  11.093  11.208  11.347  11.347  11.403  11.445  11.585 
   11.585  11.650  11.832  11.832  12.052  12.059  12.094  12.125 
   12.125  12.237  12.237  12.263  12.276  12.300  12.403  12.512 
   12.527  12.527  12.538  12.579  12.579  12.584  12.584  12.605 
   12.610  12.619  12.652  12.674  12.674  12.695  12.826  12.861 
   12.978  13.041  13.041  13.066  13.111  13.228  13.241  13.267 
   13.267  13.395  13.403  13.403  13.523  13.588  13.658  13.684 
   13.716  13.716  13.733  13.737  13.737  13.757  13.781  13.781 
   13.879  13.908  13.908  13.985  13.986  14.038  14.038  14.077 
   14.108  14.148  14.166  14.168  14.168  14.386  14.386  14.435 
   14.516  14.564  14.564  14.565  14.669  14.669  14.695  14.831 
   15.003  15.026  15.038  15.038  15.095  15.186  15.186  15.618 
   15.675  15.675  15.739  15.813  15.835  15.835  15.932  15.995 
   15.995  16.049  16.345  16.484  17.127  17.127  17.133  17.190 
   17.212  17.212  17.251  17.405  17.405  17.607  17.625  17.721 
   17.721  17.894  18.001  18.043  18.045  18.277  18.277  18.595 
   18.595  18.615  19.006  19.072  20.081  20.164  20.353  20.353 
   20.510  20.510  21.030  21.256  21.469  21.469  22.884  24.062 
   24.219  24.219  24.799  34.171  34.360  35.384  35.384  35.894 
   35.916  36.107  36.159  36.159  36.397  36.684  37.419  37.419 
   37.442  38.491  45.619  45.619  45.907  45.996  46.619  46.619 
   46.842  46.936  46.936  46.958  47.053  47.221  47.221  47.223 
   47.375  47.375  47.588  47.588  47.698  47.801  48.518  48.877 
   50.863  50.993  57.677  57.677  59.166  59.166  59.787  61.130 
   61.130  61.375  61.759 105.438 105.564 106.267 106.267 107.251 
  107.743 107.758 107.939 107.939 108.151 108.229 108.760 108.760 
  108.808 109.114 127.800 130.430 130.599 162.803 162.803 164.598 
  165.046 165.046 165.537 165.537 165.540 165.540 165.543 165.545 
  165.552 165.552 165.552 166.677 166.677 166.893 167.029 167.246 
  167.246 167.246 167.247 167.249 167.250 167.251 167.252 167.252 
  167.253 167.253 167.254 167.263 167.263 167.290 167.299 167.299 
  167.364 185.849 185.849 185.972 186.005 186.269 186.269 186.557 
  188.098 188.098 188.104 188.144 188.223 188.223 188.235 188.288 
  188.288 188.378 188.378 188.388 188.508 188.660 326.393 326.480 
  326.970 326.970 327.786 329.443 329.453 329.577 329.577 329.692 
  329.719 330.146 330.146 330.184 330.226 334.654 337.988 338.144 
  462.011 462.011 463.539 464.964 464.964 466.390 466.390 466.543 
  466.734 1171.281 1176.286 1176.950 


  >>> Running UHF-MP2 <<<

MP2 correlation energy (UHF) : -0.6099069577
MP2 total energy       (UHF) : -105.8655001927

