	*********************************************** 
	***** Beginning CEBE Calculation with MOM ***** 
	*****       Calculation Details:          ***** 
	      Geometry:	 /work/morgunov/core/calculations/mols/exp/n/n-cch2cn.xyz
	      Core Basis:	 cc-pCV5Z
	      Full Basis:	 cc-pV5Z
	      DIIS (start, space):	 0 50
	      Level shift:	 0
	      Do localization?:	 True
	      Atoms that were localized?:	 ['N']
	      Do SFX2C1E?:	 True
	      Freeze orbitals?:	 True
	      Use Cheng orbitals?:	 False
	      Do Special Basis?:	 False
	*********************************************** 
	*********************************************** 

  >>> Running RHF <<<

init D/C      : minao
init ov       : zeros
no            : 17
nv            : 656
ov_size       : 11152
max_cycle     : 1000
conv          : 6
econv         : 9
method        : gdm
scale_stop    : 0
scale_factor  : 1.000000
init E        : -223.544953303599
init |[F,P]|  : 6.47e-03
init |dE|     : 1.49e-02
check file    : None

iter      total energy   |[F,P]|      |dE|         ∆E   comment
   1    -223.562588800  6.98e-03  1.68e-02  -1.76e-02  BFGS
   2    -223.727679233  6.95e-04  1.68e-03  -1.65e-01  BFGS
   3    -223.730445964  2.19e-04  5.62e-04  -2.77e-03  BFGS
   4    -223.730767331  5.70e-05  1.53e-04  -3.21e-04  BFGS
   5    -223.730783684  1.57e-05  3.92e-05  -1.64e-05  BFGS
   6    -223.730785134  2.87e-06  7.44e-06  -1.45e-06  BFGS
   7    -223.730785178  7.36e-07  1.84e-06  -4.41e-08  BFGS
   8    -223.730785182  2.57e-07  5.98e-07  -3.94e-09  BFGS
   9    -223.730785183  1.46e-07  3.44e-07  -8.96e-10  BFGS
                                                                      gdm is converged!

SCF converged : True
final |[F,P]| : 1.46e-07
final |dE|    : 3.44e-07
final Escf    : -348.466916878211
final Etot    : -223.730785183331

  pxp & ewc             :::        1.301 (  0.12%)
  apply B               :::        0.007 (  0.00%)
  linsrch               :::     1054.594 ( 99.87%)
  grad                  :::        0.063 (  0.01%)
  Total                 :::     1055.965 (100.00%)

Alpha occupied
  -15.608 -15.608 -11.362 -11.313 -11.313  -1.259  -1.244  -1.114 
   -0.797  -0.733  -0.695  -0.594  -0.588  -0.508  -0.505  -0.493 
   -0.482 

Alpha virtual
    0.060   0.094   0.121   0.131   0.134   0.142   0.167   0.170 
    0.178   0.217   0.220   0.221   0.226   0.263   0.307   0.324 
    0.329   0.334   0.390   0.401   0.402   0.408   0.412   0.415 
    0.428   0.446   0.482   0.484   0.506   0.513   0.530   0.542 
    0.651   0.657   0.663   0.664   0.697   0.706   0.729   0.732 
    0.765   0.776   0.781   0.802   0.807   0.816   0.838   0.878 
    0.886   0.926   0.929   0.930   0.935   0.949   1.000   1.003 
    1.046   1.056   1.102   1.103   1.116   1.121   1.130   1.138 
    1.173   1.176   1.194   1.213   1.280   1.287   1.337   1.345 
    1.347   1.384   1.410   1.417   1.435   1.445   1.489   1.498 
    1.521   1.536   1.545   1.566   1.587   1.619   1.633   1.644 
    1.661   1.670   1.679   1.707   1.733   1.738   1.768   1.792 
    1.797   1.828   1.864   1.869   1.895   1.905   1.925   1.938 
    1.963   1.968   2.035   2.051   2.084   2.098   2.109   2.111 
    2.113   2.116   2.160   2.201   2.205   2.256   2.294   2.318 
    2.378   2.379   2.398   2.413   2.418   2.441   2.452   2.495 
    2.509   2.519   2.523   2.525   2.549   2.580   2.632   2.644 
    2.728   2.739   2.769   2.778   2.789   2.792   2.835   2.842 
    2.860   2.869   2.897   2.959   3.029   3.060   3.069   3.072 
    3.139   3.215   3.228   3.229   3.300   3.322   3.340   3.352 
    3.353   3.413   3.426   3.426   3.433   3.472   3.475   3.539 
    3.561   3.604   3.627   3.656   3.730   3.734   3.738   3.785 
    3.793   3.829   3.849   3.874   3.901   3.913   3.934   3.962 
    3.976   3.995   4.013   4.041   4.048   4.076   4.089   4.100 
    4.174   4.201   4.214   4.247   4.253   4.291   4.295   4.346 
    4.393   4.418   4.436   4.448   4.489   4.505   4.515   4.540 
    4.559   4.574   4.588   4.595   4.687   4.693   4.714   4.743 
    4.748   4.773   4.783   4.802   4.816   4.821   4.848   4.885 
    4.890   4.917   4.963   4.984   5.071   5.129   5.147   5.171 
    5.227   5.244   5.260   5.286   5.311   5.333   5.382   5.425 
    5.486   5.489   5.510   5.550   5.557   5.586   5.592   5.598 
    5.631   5.634   5.671   5.680   5.680   5.722   5.730   5.750 
    5.759   5.768   5.783   5.841   5.850   5.878   5.905   5.948 
    5.952   5.967   5.982   6.062   6.088   6.107   6.223   6.246 
    6.365   6.407   6.461   6.488   6.586   6.631   6.643   6.687 
    6.729   6.749   6.754   6.836   6.840   6.967   6.991   7.009 
    7.076   7.135   7.235   7.260   7.276   7.315   7.329   7.428 
    7.437   7.473   7.533   7.586   7.602   7.660   7.665   7.702 
    7.711   7.718   7.738   7.779   7.786   7.857   7.918   7.930 
    7.952   7.979   8.024   8.089   8.091   8.168   8.190   8.206 
    8.228   8.396   8.535   8.551   8.574   8.607   8.799   8.834 
    8.891   8.921   8.989   9.088   9.115   9.243   9.247   9.356 
    9.380   9.417   9.452   9.587   9.631   9.649   9.663   9.665 
    9.751   9.759   9.786   9.835   9.855   9.894   9.948   9.948 
    9.970  10.000  10.003  10.019  10.028  10.030  10.128  10.136 
   10.152  10.231  10.247  10.299  10.324  10.333  10.345  10.380 
   10.386  10.464  10.476  10.479  10.597  10.605  10.661  10.761 
   10.773  10.825  10.873  10.873  10.873  10.873  10.910  10.926 
   11.000  11.034  11.068  11.077  11.101  11.101  11.144  11.166 
   11.168  11.174  11.188  11.211  11.258  11.339  11.353  11.377 
   11.404  11.495  11.504  11.518  11.582  11.632  11.723  11.734 
   11.767  11.774  11.896  11.927  11.939  11.984  12.050  12.063 
   12.158  12.273  12.291  12.423  12.435  12.438  12.568  12.634 
   12.694  12.700  12.761  12.795  12.811  12.871  12.886  12.934 
   12.937  12.985  13.049  13.079  13.089  13.115  13.197  13.247 
   13.274  13.307  13.390  13.443  13.485  13.676  13.679  13.726 
   13.785  13.806  13.812  13.879  14.011  14.081  14.081  14.090 
   14.106  14.107  14.109  14.111  14.117  14.146  14.147  14.158 
   14.212  14.212  14.218  14.326  14.327  14.342  14.373  14.389 
   14.404  14.415  14.439  14.440  14.453  14.453  14.466  14.553 
   14.564  14.572  14.592  14.662  14.717  14.814  14.834  14.841 
   14.884  14.984  15.075  15.125  15.143  15.162  15.193  15.296 
   15.353  15.390  15.437  15.718  15.756  15.785  15.799  15.918 
   15.932  15.953  15.953  16.071  16.253  16.279  16.292  16.340 
   16.630  16.816  16.849  17.486  17.487  17.512  17.531  17.568 
   17.665  17.743  17.834  17.964  17.977  18.022  18.045  18.169 
   18.175  18.298  18.398  18.852  18.886  19.025  19.227  19.241 
   19.272  19.275  19.280  20.592  20.633  20.649  20.684  25.028 
   25.179  29.846  29.876  29.892  29.906  31.794  31.853  39.682 
   39.740  42.874  50.314  50.317  50.326  50.342  51.020  51.030 
   51.031  51.040  51.711  51.716  58.462  58.463  58.463  58.467 
   58.838  58.839  58.860  58.863  59.377  59.379  59.394  59.406 
   59.511  59.567  65.775  65.974  83.014  83.035  83.053  83.062 
   84.588  84.647 150.467 150.469 150.476 150.486 150.966 150.972 
  150.974 150.980 151.449 151.453 172.148 172.360 209.017 209.017 
  209.017 209.017 209.025 209.025 209.025 209.025 209.034 209.034 
  209.034 209.035 209.045 209.046 209.046 209.046 209.048 209.048 
  229.925 229.942 229.959 229.965 231.206 231.255 236.193 236.194 
  236.194 236.196 236.349 236.349 236.359 236.360 236.590 236.591 
  236.596 236.600 236.681 236.695 449.853 450.053 456.749 456.750 
  456.755 456.762 457.096 457.101 457.101 457.106 457.467 457.473 
  644.098 644.113 644.126 644.133 645.214 645.254 1575.313 1576.063 


  >>> Running RHF-MP2 <<<


RMP2-TIMING
  rmp2                  :::      951.635 (100.00%)
  Total                 :::      951.635 (100.00%)

MP2 correlation energy (RHF) : -1.1296010489
MP2 total energy       (RHF) : -224.8603862322


  >>> Running UHF <<<

init D/C      : input mo_coeff
init ov       : zeros
no            : 16 17
nv            : 657 656
ov_size       : 21664
max_cycle     : 1000
conv          : 6
econv         : 9
method        : diis
mom_start     : 0
guess mix     : 0.000000
orb_swap      : [[[0, 16]], []]
init E        : -208.198124196096
init S2       : 0.750000000000052
init |[F,P]|  : 1.58e-02
init |dE|     : 4.05e-02
check file    : None

iter      total energy   |[F,P]|      |dE|         ∆E   S^2   comment
   1    -208.376663893  8.49e-03  2.37e-02  -1.79e-01  0.75  DIIS mom: 15.6/16 16.5/17
   2    -208.750689943  3.16e-03  8.11e-03  -3.74e-01  0.76  DIIS mom: 15.8/16 16.8/17
   3    -208.813088551  4.76e-04  1.22e-03  -6.24e-02  0.77  DIIS mom: 16.0/16 17.0/17
   4    -208.815530268  2.72e-04  6.70e-04  -2.44e-03  0.78  DIIS mom: 16.0/16 17.0/17
   5    -208.816843017  2.12e-04  5.01e-04  -1.31e-03  0.79  DIIS mom: 16.0/16 17.0/17
   6    -208.818394347  1.80e-04  4.18e-04  -1.55e-03  0.81  DIIS mom: 16.0/16 17.0/17
   7    -208.821732662  1.11e-04  2.70e-04  -3.34e-03  0.90  DIIS mom: 16.0/16 17.0/17
   8    -208.822704359  2.66e-05  6.96e-05  -9.72e-04  0.99  DIIS mom: 16.0/16 17.0/17
   9    -208.822720367  1.36e-05  3.20e-05  -1.60e-05  1.00  DIIS mom: 16.0/16 17.0/17
  10    -208.822726040  6.66e-06  1.49e-05  -5.67e-06  1.00  DIIS mom: 16.0/16 17.0/17
  11    -208.822727677  4.97e-06  1.12e-05  -1.64e-06  1.00  DIIS mom: 16.0/16 17.0/17
  12    -208.822728907  4.21e-06  9.21e-06  -1.23e-06  1.00  DIIS mom: 16.0/16 17.0/17
  13    -208.822729998  3.96e-06  8.65e-06  -1.09e-06  1.00  DIIS mom: 16.0/16 17.0/17
  14    -208.822731989  3.69e-06  8.06e-06  -1.99e-06  1.00  DIIS mom: 16.0/16 17.0/17
  15    -208.822735125  3.35e-06  7.33e-06  -3.14e-06  1.00  DIIS mom: 16.0/16 17.0/17
  16    -208.822739248  2.86e-06  6.35e-06  -4.12e-06  1.00  DIIS mom: 16.0/16 17.0/17
  17    -208.822743831  2.12e-06  4.73e-06  -4.58e-06  1.00  DIIS mom: 16.0/16 17.0/17
  18    -208.822746041  1.46e-06  3.42e-06  -2.21e-06  1.01  DIIS mom: 16.0/16 17.0/17
  19    -208.822746710  7.65e-07  1.91e-06  -6.69e-07  1.01  DIIS mom: 16.0/16 17.0/17
  20    -208.822746760  2.56e-07  6.26e-07  -4.96e-08  1.01  DIIS mom: 16.0/16 17.0/17
  21    -208.822746764  8.17e-08  1.88e-07  -3.63e-09  1.01  DIIS mom: 16.0/16 17.0/17
  22    -208.822746764  4.60e-08  1.04e-07  -2.59e-10  1.01  DIIS mom: 16.0/16 17.0/17
                                                                      diis is converged!

SCF converged : True
final |[F,P]| : 4.60e-08
final |dE|    : 1.04e-07
final Escf    : -333.558878458697
final Etot    : -208.822746763816
final S2      : 1.00737399706412

  diis prep             :::        1.751 (  0.06%)
  diis extrap           :::        1.210 (  0.04%)
  roothaan              :::        6.132 (  0.23%)
  fock build            :::     2698.634 ( 99.66%)
  Total                 :::     2707.727 (100.00%)

Alpha occupied
  -15.800 -11.757 -11.604 -11.498  -1.675  -1.442  -1.371  -1.075 
   -0.995  -0.976  -0.962  -0.878  -0.859  -0.764  -0.682  -0.675 

Alpha virtual
  -14.195  -0.181  -0.178  -0.117  -0.063  -0.053  -0.042  -0.030 
   -0.029  -0.000   0.029   0.040   0.048   0.072   0.075   0.131 
    0.138   0.146   0.154   0.196   0.196   0.208   0.221   0.223 
    0.233   0.247   0.252   0.280   0.293   0.315   0.324   0.333 
    0.350   0.434   0.443   0.469   0.485   0.488   0.496   0.519 
    0.533   0.554   0.570   0.573   0.580   0.616   0.621   0.643 
    0.646   0.690   0.697   0.712   0.735   0.745   0.756   0.794 
    0.796   0.824   0.844   0.865   0.875   0.892   0.911   0.918 
    0.944   0.951   0.992   1.003   1.012   1.037   1.074   1.100 
    1.112   1.135   1.164   1.172   1.185   1.208   1.214   1.252 
    1.263   1.299   1.303   1.315   1.353   1.357   1.372   1.390 
    1.405   1.424   1.434   1.467   1.482   1.502   1.514   1.547 
    1.572   1.576   1.611   1.613   1.653   1.664   1.668   1.710 
    1.729   1.741   1.752   1.798   1.836   1.839   1.863   1.881 
    1.888   1.901   1.911   1.944   1.972   1.982   2.021   2.077 
    2.096   2.126   2.153   2.180   2.188   2.194   2.227   2.230 
    2.258   2.274   2.279   2.294   2.332   2.332   2.342   2.406 
    2.432   2.496   2.508   2.530   2.549   2.555   2.570   2.593 
    2.602   2.637   2.660   2.665   2.725   2.783   2.820   2.841 
    2.846   2.906   2.937   2.982   3.001   3.016   3.056   3.087 
    3.099   3.120   3.155   3.165   3.168   3.203   3.215   3.262 
    3.283   3.321   3.342   3.381   3.431   3.462   3.477   3.487 
    3.532   3.538   3.552   3.580   3.634   3.639   3.657   3.676 
    3.702   3.718   3.747   3.752   3.783   3.817   3.827   3.844 
    3.866   3.931   3.953   3.962   3.985   4.004   4.005   4.033 
    4.057   4.088   4.174   4.180   4.228   4.233   4.240   4.262 
    4.296   4.300   4.323   4.342   4.352   4.441   4.459   4.485 
    4.491   4.503   4.517   4.542   4.576   4.576   4.606   4.616 
    4.635   4.664   4.692   4.721   4.759   4.816   4.887   4.907 
    4.944   4.966   4.984   5.023   5.024   5.076   5.095   5.145 
    5.185   5.255   5.262   5.270   5.303   5.331   5.333   5.354 
    5.376   5.396   5.404   5.446   5.449   5.461   5.494   5.498 
    5.515   5.530   5.538   5.555   5.589   5.639   5.640   5.643 
    5.665   5.709   5.762   5.768   5.818   5.871   5.877   5.974 
    6.003   6.115   6.152   6.202   6.220   6.311   6.317   6.415 
    6.420   6.474   6.491   6.500   6.584   6.603   6.651   6.755 
    6.757   6.812   6.891   6.972   6.983   7.048   7.068   7.092 
    7.154   7.185   7.218   7.260   7.317   7.326   7.336   7.341 
    7.425   7.450   7.518   7.520   7.526   7.538   7.571   7.594 
    7.678   7.725   7.728   7.755   7.787   7.799   7.850   7.926 
    7.986   8.012   8.134   8.272   8.276   8.323   8.350   8.513 
    8.571   8.641   8.658   8.728   8.823   8.830   8.961   8.968 
    9.072   9.111   9.153   9.177   9.247   9.332   9.338   9.414 
    9.414   9.433   9.481   9.511   9.516   9.571   9.581   9.606 
    9.650   9.655   9.724   9.753   9.769   9.784   9.800   9.808 
    9.867   9.888   9.963   9.967  10.007  10.026  10.093  10.105 
   10.114  10.121  10.173  10.231  10.232  10.336  10.344  10.401 
   10.461  10.501  10.529  10.587  10.595  10.595  10.605  10.609 
   10.667  10.690  10.690  10.777  10.788  10.801  10.867  10.872 
   10.900  10.900  10.939  10.964  10.979  10.997  11.087  11.089 
   11.117  11.163  11.191  11.220  11.288  11.293  11.378  11.437 
   11.445  11.530  11.531  11.570  11.571  11.651  11.746  11.797 
   11.828  11.902  12.013  12.016  12.129  12.196  12.238  12.327 
   12.397  12.459  12.466  12.470  12.536  12.560  12.623  12.637 
   12.673  12.708  12.749  12.791  12.817  12.824  12.876  12.956 
   12.987  13.014  13.075  13.157  13.208  13.233  13.371  13.432 
   13.466  13.506  13.576  13.603  13.642  13.777  13.786  13.789 
   13.791  13.817  13.838  13.866  13.882  13.900  13.921  13.921 
   13.928  13.931  13.958  13.998  13.998  14.008  14.071  14.096 
   14.108  14.116  14.133  14.154  14.197  14.225  14.258  14.262 
   14.314  14.327  14.338  14.352  14.424  14.466  14.540  14.587 
   14.588  14.643  14.720  14.775  14.795  14.821  14.953  14.979 
   15.029  15.096  15.150  15.184  15.446  15.447  15.500  15.526 
   15.534  15.568  15.730  15.733  15.785  15.924  15.996  16.091 
   16.092  16.336  16.391  16.637  16.886  16.898  17.298  17.307 
   17.347  17.423  17.491  17.576  17.579  17.604  17.816  17.824 
   17.927  17.936  18.059  18.163  18.564  18.583  18.684  18.725 
   18.761  18.978  19.068  19.081  20.042  20.355  20.430  20.463 
   24.296  24.922  28.809  28.848  29.670  29.706  30.782  31.635 
   39.276  39.528  42.631  49.037  49.044  49.731  49.740  50.127 
   50.135  50.418  50.834  50.842  51.522  57.240  57.244  57.617 
   57.619  58.148  58.154  58.267  58.268  58.300  58.656  58.658 
   59.194  59.200  59.347  64.352  65.689  81.230  81.263  82.816 
   82.832  82.864  84.426 148.250 148.254 148.741 148.747 149.220 
  150.278 150.282 150.777 150.782 151.258 169.851 172.066 206.901 
  206.901 206.904 206.904 206.910 206.910 206.919 206.919 206.921 
  208.821 208.821 208.830 208.830 208.840 208.840 208.851 208.852 
  208.854 227.213 227.242 228.506 229.740 229.768 231.038 233.676 
  233.677 233.832 233.832 234.068 234.071 234.161 235.999 236.000 
  236.160 236.160 236.400 236.402 236.494 446.626 449.764 453.471 
  453.474 453.815 453.819 454.186 456.559 456.562 456.906 456.910 
  457.277 640.463 640.487 641.589 643.913 643.937 645.042 1571.499 
  1575.532 

Beta occupied
  -18.506 -15.803 -11.737 -11.606 -11.495  -1.779  -1.444  -1.373 
   -1.126  -1.045  -1.035  -1.030  -0.949  -0.907  -0.769  -0.685 
   -0.679 

Beta virtual
   -0.188  -0.184  -0.117  -0.064  -0.052  -0.045  -0.029  -0.023 
    0.001   0.037   0.038   0.051   0.074   0.075   0.130   0.138 
    0.143   0.149   0.189   0.200   0.211   0.222   0.224   0.242 
    0.245   0.254   0.285   0.295   0.318   0.326   0.329   0.350 
    0.427   0.447   0.473   0.490   0.495   0.504   0.519   0.532 
    0.548   0.571   0.574   0.581   0.616   0.620   0.643   0.648 
    0.689   0.693   0.713   0.735   0.742   0.756   0.793   0.797 
    0.810   0.844   0.863   0.868   0.883   0.910   0.919   0.944 
    0.951   0.993   1.002   1.013   1.026   1.073   1.100   1.117 
    1.142   1.174   1.177   1.183   1.212   1.214   1.257   1.263 
    1.302   1.307   1.313   1.351   1.357   1.366   1.382   1.410 
    1.412   1.435   1.469   1.479   1.503   1.511   1.546   1.571 
    1.576   1.615   1.617   1.655   1.665   1.670   1.709   1.731 
    1.743   1.751   1.797   1.838   1.839   1.860   1.875   1.887 
    1.901   1.911   1.941   1.966   1.985   2.014   2.075   2.095 
    2.130   2.144   2.176   2.178   2.192   2.224   2.231   2.254 
    2.274   2.279   2.291   2.331   2.331   2.336   2.395   2.425 
    2.492   2.505   2.525   2.551   2.554   2.567   2.588   2.603 
    2.639   2.660   2.664   2.718   2.776   2.813   2.840   2.845 
    2.905   2.928   2.986   2.997   3.013   3.061   3.086   3.098 
    3.119   3.146   3.166   3.172   3.201   3.204   3.261   3.279 
    3.304   3.342   3.382   3.430   3.472   3.479   3.489   3.538 
    3.541   3.554   3.579   3.636   3.644   3.662   3.672   3.697 
    3.722   3.751   3.755   3.778   3.818   3.826   3.840   3.868 
    3.928   3.949   3.965   3.979   3.991   4.004   4.025   4.045 
    4.093   4.169   4.176   4.229   4.230   4.238   4.263   4.296 
    4.301   4.324   4.341   4.356   4.440   4.460   4.482   4.491 
    4.502   4.514   4.544   4.574   4.574   4.605   4.614   4.635 
    4.665   4.692   4.719   4.761   4.808   4.887   4.907   4.943 
    4.948   4.985   5.021   5.022   5.077   5.095   5.143   5.185 
    5.253   5.261   5.266   5.288   5.315   5.330   5.352   5.374 
    5.390   5.400   5.440   5.447   5.458   5.493   5.496   5.510 
    5.527   5.534   5.551   5.584   5.631   5.638   5.639   5.657 
    5.705   5.760   5.767   5.815   5.869   5.876   5.969   6.002 
    6.111   6.139   6.191   6.210   6.276   6.307   6.399   6.411 
    6.458   6.484   6.496   6.577   6.603   6.631   6.736   6.752 
    6.793   6.888   6.952   6.978   7.047   7.065   7.093   7.144 
    7.178   7.210   7.257   7.323   7.327   7.340   7.340   7.418 
    7.449   7.517   7.521   7.528   7.537   7.574   7.599   7.669 
    7.722   7.725   7.755   7.777   7.786   7.850   7.923   7.986 
    8.013   8.130   8.272   8.279   8.323   8.351   8.513   8.564 
    8.642   8.661   8.725   8.817   8.821   8.946   8.960   9.060 
    9.097   9.153   9.175   9.232   9.336   9.340   9.407   9.422 
    9.438   9.486   9.525   9.527   9.575   9.592   9.606   9.664 
    9.668   9.728   9.756   9.769   9.785   9.804   9.817   9.869 
    9.892   9.962   9.968  10.011  10.018  10.096  10.106  10.111 
   10.124  10.172  10.231  10.233  10.329  10.346  10.357  10.381 
   10.455  10.495  10.560  10.560  10.581  10.581  10.598  10.664 
   10.688  10.688  10.775  10.788  10.797  10.861  10.863  10.897 
   10.898  10.933  10.961  10.978  10.996  11.087  11.089  11.111 
   11.162  11.191  11.207  11.286  11.288  11.378  11.432  11.447 
   11.531  11.532  11.579  11.586  11.652  11.746  11.798  11.831 
   11.901  12.011  12.013  12.124  12.195  12.237  12.327  12.397 
   12.432  12.458  12.467  12.534  12.561  12.621  12.637  12.671 
   12.707  12.749  12.793  12.815  12.824  12.876  12.957  12.982 
   13.014  13.075  13.157  13.207  13.231  13.361  13.428  13.460 
   13.506  13.575  13.601  13.641  13.757  13.757  13.777  13.779 
   13.815  13.833  13.864  13.881  13.897  13.917  13.918  13.920 
   13.929  13.951  13.963  13.968  14.002  14.046  14.090  14.092 
   14.105  14.130  14.148  14.194  14.221  14.256  14.260  14.313 
   14.326  14.336  14.350  14.424  14.463  14.534  14.584  14.585 
   14.642  14.709  14.759  14.773  14.817  14.951  14.976  15.023 
   15.094  15.150  15.181  15.412  15.425  15.486  15.525  15.530 
   15.567  15.719  15.732  15.778  15.908  15.993  16.087  16.090 
   16.304  16.390  16.635  16.804  16.815  17.297  17.303  17.345 
   17.421  17.484  17.553  17.563  17.602  17.815  17.822  17.927 
   17.936  18.060  18.164  18.524  18.562  18.641  18.698  18.748 
   18.972  19.066  19.080  19.969  20.356  20.430  20.463  23.991 
   24.918  28.483  28.522  29.668  29.704  30.493  31.634  39.281 
   39.529  42.631  48.867  48.874  49.569  49.578  50.126  50.133 
   50.257  50.833  50.841  51.521  57.143  57.147  57.526  57.527 
   58.059  58.066  58.204  58.266  58.270  58.655  58.656  59.193 
   59.199  59.346  63.902  65.686  80.815  80.849  82.416  82.831 
   82.862  84.425 147.989 147.994 148.484 148.490 148.964 150.277 
  150.282 150.776 150.782 151.257 169.418 172.064 206.788 206.788 
  206.792 206.792 206.799 206.799 206.808 206.809 206.810 208.821 
  208.821 208.830 208.830 208.840 208.840 208.851 208.852 208.854 
  226.826 226.855 228.125 229.740 229.768 231.038 233.483 233.485 
  233.641 233.641 233.878 233.880 233.970 235.998 236.000 236.160 
  236.160 236.399 236.401 236.494 446.279 449.763 453.206 453.209 
  453.550 453.555 453.921 456.559 456.562 456.906 456.910 457.277 
  640.168 640.192 641.296 643.913 643.937 645.042 1571.285 1575.530 

  SA 0  : 1 (0.99)    SB 0  : 0 (1.00)
  SA 1  : 4 (1.00)    SB 1  : 1 (0.99)
  SA 2  : 2 (1.00)    SB 2  : 4 (1.00)
  SA 3  : 3 (1.00)    SB 3  : 2 (1.00)
  SA 4  : 5 (0.31) 13 (0.31) 14 (0.31)    SB 4  : 3 (1.00)
  SA 5  : 6 (0.22) 7 (0.13) 15 (0.22) 16 (0.22)    SB 5  : 5 (0.29) 11 (0.12) 13 (0.29) 14 (0.29)
  SA 6  : 7 (0.11) 8 (0.37) 9 (0.11) 10 (0.11)    SB 6  : 6 (0.23) 7 (0.11) 15 (0.23) 16 (0.23)
  SA 7  : 7 (0.36) 8 (0.37) 11 (0.14)    SB 7  : 7 (0.13) 8 (0.38) 9 (0.12) 10 (0.12)
  SA 8  : 7 (0.23) 11 (0.38)    SB 8  : 11 (0.75)
  SA 9  : 8 (0.13) 9 (0.13) 10 (0.13) 11 (0.41) 14 (0.14)    SB 9  : 7 (0.29) 8 (0.21) 14 (0.20)
  SA 10 : 5 (0.23) 9 (0.25) 10 (0.25) 13 (0.23)    SB 10 : 5 (0.42) 13 (0.42)
  SA 11 : 5 (0.12) 13 (0.12) 14 (0.48)    SB 11 : 8 (0.24) 14 (0.34)
  SA 12 : 5 (0.26) 9 (0.22) 10 (0.22) 13 (0.26)    SB 12 : 7 (0.29) 9 (0.28) 10 (0.28)
  SA 13 : 12 (0.86)    SB 13 : 9 (0.45) 10 (0.45)
  SA 14 : 6 (0.65) 15 (0.16) 16 (0.16)    SB 14 : 12 (0.87)
  SA 15 : 15 (0.47) 16 (0.47)    SB 15 : 6 (0.65) 15 (0.16) 16 (0.16)
  SB 16 : 15 (0.47) 16 (0.47)

The transition for spin alpha is from 15 (0.01) to 1 (1.00).



  >>> Running UHF-MP2 <<<

MP2 correlation energy (UHF) : -1.0805101716
MP2 total energy       (UHF) : -209.9032569354

