	*********************************************** 
	***** Beginning CEBE Calculation with MOM ***** 
	*****       Calculation Details:          ***** 
	      Geometry:	 /home/am3939/core/calculations/mols/exp/n/pohpyridine.xyz
	      Core Basis:	 pcX-4
	      Full Basis:	 pc-4
	      DIIS (start, space):	 0 50
	      Level shift:	 0
	      Do localization?:	 False
	      Do SFX2C1E?:	 True
	      Freeze orbitals?:	 True
	      Use Cheng orbitals?:	 False
	      Do Special Basis?:	 True
	      Do Special Basis?:	 pcX-4
	*********************************************** 
	*********************************************** 

  >>> Running RHF <<<

init D/C      : minao
init ov       : zeros
no            : 25
nv            : 1075
ov_size       : 26875
max_cycle     : 1000
conv          : 6
econv         : 9
method        : gdm
scale_stop    : 0
scale_factor  : 1.000000
init E        : -321.58260261532
init |[F,P]|  : 3.97e-03
init |dE|     : 7.93e-03
check file    : None

iter      total energy   |[F,P]|      |dE|         ∆E   comment
   1    -321.674022316  2.02e-03  4.12e-03  -9.14e-02  BFGS
   2    -321.697020018  4.19e-04  8.43e-04  -2.30e-02  BFGS
   3    -321.697916376  1.44e-04  2.95e-04  -8.96e-04  BFGS
   4    -321.698041238  4.14e-05  8.72e-05  -1.25e-04  BFGS
   5    -321.698054378  1.60e-05  3.41e-05  -1.31e-05  BFGS
   6    -321.698056525  5.32e-06  1.13e-05  -2.15e-06  BFGS
   7    -321.698056733  1.46e-06  2.98e-06  -2.08e-07  BFGS
   8    -321.698056750  4.31e-07  8.13e-07  -1.69e-08  BFGS
   9    -321.698056753  2.52e-07  4.76e-07  -2.82e-09  BFGS
  10    -321.698056753  1.06e-07  2.00e-07  -6.30e-10  BFGS
                                                                      gdm is converged!

SCF converged : True
final |[F,P]| : 1.06e-07
final |dE|    : 2.00e-07
final Escf    : -596.514115469833
final Etot    : -321.698056753156

  pxp & ewc             :::        2.126 (  0.06%)
  apply B               :::        0.004 (  0.00%)
  linsrch               :::     3627.377 ( 99.94%)
  grad                  :::        0.099 (  0.00%)
  Total                 :::     3629.606 (100.00%)

Alpha occupied
  -20.609 -15.556 -11.327 -11.280 -11.278 -11.240 -11.233  -1.429 
   -1.257  -1.082  -1.040  -0.878  -0.858  -0.760  -0.703  -0.666 
   -0.634  -0.613  -0.603  -0.593  -0.528  -0.518  -0.422  -0.362 
   -0.355 

Alpha virtual
    0.041   0.059   0.062   0.082   0.084   0.084   0.100   0.105 
    0.114   0.116   0.118   0.122   0.122   0.131   0.142   0.156 
    0.160   0.169   0.170   0.192   0.195   0.204   0.217   0.223 
    0.225   0.231   0.238   0.247   0.250   0.250   0.263   0.272 
    0.280   0.288   0.299   0.306   0.317   0.323   0.334   0.346 
    0.348   0.353   0.370   0.370   0.381   0.392   0.411   0.423 
    0.428   0.434   0.436   0.452   0.452   0.462   0.462   0.476 
    0.481   0.490   0.491   0.500   0.505   0.511   0.519   0.527 
    0.538   0.552   0.554   0.556   0.560   0.567   0.571   0.572 
    0.577   0.586   0.597   0.606   0.607   0.619   0.631   0.634 
    0.645   0.663   0.675   0.679   0.695   0.701   0.703   0.705 
    0.709   0.728   0.735   0.737   0.748   0.758   0.761   0.768 
    0.771   0.787   0.790   0.792   0.799   0.813   0.819   0.829 
    0.837   0.850   0.865   0.869   0.874   0.889   0.909   0.912 
    0.912   0.927   0.932   0.932   0.948   0.960   0.968   0.988 
    0.990   1.005   1.017   1.035   1.042   1.061   1.067   1.073 
    1.078   1.092   1.098   1.101   1.110   1.135   1.146   1.162 
    1.178   1.191   1.196   1.210   1.220   1.242   1.242   1.255 
    1.260   1.273   1.285   1.308   1.310   1.312   1.325   1.336 
    1.345   1.348   1.360   1.379   1.390   1.396   1.407   1.411 
    1.442   1.443   1.445   1.456   1.465   1.466   1.477   1.480 
    1.492   1.512   1.518   1.536   1.538   1.552   1.560   1.567 
    1.579   1.587   1.587   1.602   1.609   1.626   1.627   1.632 
    1.635   1.651   1.667   1.674   1.686   1.713   1.721   1.736 
    1.789   1.791   1.793   1.808   1.823   1.826   1.840   1.848 
    1.860   1.873   1.875   1.889   1.900   1.934   1.949   1.952 
    1.959   1.975   1.990   2.011   2.015   2.022   2.046   2.053 
    2.078   2.092   2.111   2.130   2.130   2.156   2.177   2.181 
    2.189   2.205   2.208   2.227   2.230   2.240   2.248   2.259 
    2.267   2.296   2.297   2.314   2.353   2.363   2.374   2.385 
    2.392   2.413   2.428   2.448   2.463   2.471   2.494   2.497 
    2.510   2.517   2.547   2.555   2.569   2.577   2.577   2.583 
    2.606   2.616   2.635   2.640   2.652   2.652   2.657   2.666 
    2.677   2.696   2.714   2.716   2.729   2.730   2.766   2.777 
    2.778   2.802   2.814   2.815   2.841   2.855   2.872   2.876 
    2.887   2.926   2.929   2.943   2.998   3.003   3.024   3.063 
    3.090   3.100   3.113   3.132   3.151   3.156   3.158   3.162 
    3.208   3.210   3.248   3.254   3.307   3.312   3.329   3.330 
    3.336   3.363   3.384   3.387   3.395   3.411   3.427   3.464 
    3.464   3.516   3.522   3.522   3.544   3.580   3.589   3.598 
    3.647   3.658   3.663   3.678   3.693   3.695   3.707   3.714 
    3.727   3.729   3.758   3.775   3.802   3.817   3.838   3.841 
    3.845   3.878   3.885   3.898   3.908   3.916   3.926   3.952 
    3.969   3.994   4.017   4.036   4.094   4.108   4.113   4.125 
    4.147   4.164   4.173   4.182   4.202   4.216   4.220   4.230 
    4.243   4.277   4.282   4.309   4.334   4.360   4.366   4.390 
    4.424   4.425   4.442   4.447   4.471   4.474   4.504   4.512 
    4.538   4.543   4.554   4.566   4.566   4.574   4.586   4.597 
    4.632   4.638   4.651   4.659   4.679   4.711   4.718   4.726 
    4.729   4.742   4.753   4.764   4.784   4.816   4.823   4.852 
    4.860   4.863   4.863   4.885   4.897   4.906   4.925   4.936 
    4.960   4.989   4.993   5.004   5.006   5.015   5.036   5.062 
    5.064   5.068   5.090   5.105   5.105   5.118   5.128   5.133 
    5.151   5.162   5.178   5.191   5.207   5.225   5.227   5.238 
    5.254   5.263   5.271   5.281   5.290   5.300   5.335   5.338 
    5.339   5.362   5.402   5.431   5.439   5.457   5.459   5.485 
    5.494   5.518   5.545   5.589   5.607   5.613   5.621   5.652 
    5.653   5.695   5.696   5.715   5.734   5.756   5.779   5.789 
    5.801   5.812   5.821   5.834   5.868   5.874   5.878   5.904 
    5.911   5.948   5.981   5.996   6.019   6.052   6.066   6.075 
    6.078   6.140   6.166   6.174   6.181   6.221   6.275   6.298 
    6.360   6.391   6.407   6.416   6.439   6.469   6.478   6.506 
    6.522   6.523   6.546   6.601   6.613   6.623   6.626   6.643 
    6.661   6.711   6.727   6.757   6.758   6.769   6.784   6.786 
    6.837   6.838   6.864   6.908   6.958   6.981   6.990   7.013 
    7.049   7.075   7.115   7.141   7.142   7.167   7.170   7.196 
    7.199   7.229   7.234   7.269   7.290   7.342   7.343   7.372 
    7.378   7.410   7.444   7.492   7.498   7.535   7.552   7.617 
    7.644   7.694   7.750   7.778   7.787   7.813   7.848   7.882 
    7.957   7.963   8.000   8.012   8.053   8.076   8.102   8.145 
    8.166   8.272   8.305   8.313   8.336   8.395   8.444   8.461 
    8.499   8.573   8.596   8.619   8.654   8.666   8.678   8.789 
    8.840   8.860   8.864   8.928   8.960   8.972   9.062   9.160 
    9.171   9.225   9.233   9.244   9.271   9.319   9.343   9.383 
    9.448   9.461   9.474   9.503   9.511   9.516   9.527   9.553 
    9.575   9.604   9.702   9.715   9.752   9.769   9.805   9.809 
    9.823   9.828   9.907   9.966  10.069  10.099  10.134  10.163 
   10.203  10.290  10.340  10.447  10.460  10.464  10.548  10.588 
   10.648  10.654  10.694  10.740  10.756  10.762  10.801  10.892 
   10.901  10.903  10.948  10.975  10.998  11.002  11.018  11.021 
   11.033  11.137  11.159  11.171  11.221  11.221  11.263  11.298 
   11.335  11.350  11.397  11.400  11.420  11.442  11.464  11.484 
   11.494  11.497  11.520  11.528  11.550  11.566  11.578  11.597 
   11.617  11.622  11.626  11.648  11.650  11.675  11.676  11.714 
   11.747  11.761  11.814  11.838  11.881  11.887  11.934  11.988 
   11.996  12.028  12.033  12.064  12.089  12.104  12.126  12.138 
   12.157  12.168  12.186  12.190  12.195  12.230  12.235  12.236 
   12.240  12.244  12.250  12.272  12.280  12.302  12.303  12.330 
   12.342  12.358  12.371  12.387  12.393  12.407  12.417  12.437 
   12.456  12.463  12.477  12.497  12.513  12.530  12.536  12.559 
   12.571  12.596  12.627  12.661  12.678  12.679  12.718  12.736 
   12.737  12.778  12.801  12.813  12.841  12.867  12.879  12.897 
   12.899  12.915  12.919  12.931  12.960  12.992  13.004  13.032 
   13.049  13.060  13.094  13.114  13.134  13.151  13.152  13.164 
   13.187  13.224  13.245  13.264  13.292  13.293  13.314  13.334 
   13.337  13.339  13.359  13.363  13.396  13.398  13.411  13.447 
   13.451  13.489  13.503  13.567  13.579  13.597  13.611  13.627 
   13.634  13.635  13.659  13.701  13.706  13.712  13.715  13.731 
   13.746  13.776  13.777  13.801  13.841  13.854  13.865  13.869 
   13.940  13.954  13.987  13.992  14.049  14.077  14.083  14.126 
   14.164  14.174  14.196  14.236  14.237  14.254  14.288  14.302 
   14.305  14.338  14.368  14.399  14.416  14.424  14.471  14.492 
   14.562  14.631  14.652  14.712  14.747  14.780  14.792  14.805 
   14.814  14.885  14.897  14.931  15.037  15.040  15.105  15.203 
   15.232  15.303  15.357  15.405  15.417  15.439  15.500  15.545 
   15.563  15.616  15.634  15.681  15.697  15.746  15.759  15.869 
   15.947  15.970  15.999  16.031  16.036  16.052  16.109  16.119 
   16.162  16.173  16.204  16.234  16.254  16.377  16.380  16.429 
   16.492  16.564  16.607  16.710  16.741  16.817  16.821  16.910 
   16.916  17.051  17.072  17.173  17.197  17.214  17.219  17.230 
   17.237  17.255  17.257  17.265  17.268  17.330  17.402  17.461 
   17.504  17.609  17.624  17.670  17.684  17.703  17.753  17.767 
   17.773  17.800  17.817  17.899  18.004  18.006  18.057  18.057 
   18.108  18.134  18.244  18.362  18.371  18.454  18.534  18.688 
   18.796  18.797  18.827  18.934  19.019  19.036  19.044  19.062 
   19.154  19.160  19.201  19.217  19.247  19.396  19.447  19.490 
   19.491  19.543  19.555  19.716  19.749  19.898  20.025  20.094 
   20.190  20.331  20.482  20.490  20.672  20.785  20.786  20.854 
   20.883  20.921  20.923  21.046  21.239  21.289  21.428  21.527 
   21.574  21.634  21.705  21.784  21.838  21.931  22.244  22.655 
   22.839  22.894  22.991  23.057  23.424  23.844  23.995  24.033 
   24.125  24.183  24.202  24.287  24.296  24.492  24.564  24.647 
   24.680  24.846  24.867  24.952  26.124  26.217  26.270  26.510 
   26.551  27.718  28.009  32.079  32.924  33.078  33.119  33.140 
   33.321  33.352  33.391  33.421  33.459  33.520  33.614  33.625 
   33.678  33.813  33.839  34.616  34.798  34.827  34.952  34.965 
   35.295  35.332  35.477  35.491  35.584  35.631  35.668  36.340 
   41.694  42.032  42.089  42.135  42.198  44.694  49.129  49.317 
   49.350  50.184  50.224  52.548  53.521  54.157  68.295  68.492 
   68.686  69.347  70.416  77.020  77.945  78.515  79.596  80.339 
   91.702  91.778  91.799  91.904  91.914  92.021  92.128  92.190 
   92.344  92.348  93.213  93.269  93.460  93.511  94.331 100.305 
  140.328 141.072 141.446 147.372 227.982 429.709 430.305 430.612 
  529.413 1271.123 1691.199 1691.623 1691.846 3195.046 8539.909 24825.184 
  81391.248 322259.799 1830823.716 


  >>> Running RHF-MP2 <<<


RMP2-TIMING
  rmp2                  :::     2521.431 (100.00%)
  Total                 :::     2521.431 (100.00%)

MP2 correlation energy (RHF) : -1.6450910765
MP2 total energy       (RHF) : -323.3431478297


  >>> Running UHF <<<

init D/C      : input mo_coeff
init ov       : zeros
no            : 24 25
nv            : 1076 1075
ov_size       : 52699
max_cycle     : 1000
conv          : 6
econv         : 9
method        : diis
mom_start     : 0
guess mix     : 0.000000
orb_swap      : [[[1, 24]], []]
init E        : -306.142072884704
init S2       : 0.750000000000448
init |[F,P]|  : 9.39e-03
init |dE|     : 2.26e-02
check file    : None

iter      total energy   |[F,P]|      |dE|         ∆E   S^2   comment
   1    -306.454480682  6.38e-03  1.45e-02  -3.12e-01  0.75  DIIS mom: 23.6/24 24.5/25
   2    -306.854549705  7.41e-04  1.52e-03  -4.00e-01  0.76  DIIS mom: 23.9/24 24.9/25
   3    -306.861701570  2.93e-04  5.51e-04  -7.15e-03  0.76  DIIS mom: 24.0/24 25.0/25
   4    -306.863130952  1.29e-04  2.59e-04  -1.43e-03  0.77  DIIS mom: 24.0/24 25.0/25
   5    -306.863861983  6.82e-05  1.32e-04  -7.31e-04  0.78  DIIS mom: 24.0/24 25.0/25
   6    -306.864121251  3.90e-05  7.02e-05  -2.59e-04  0.78  DIIS mom: 24.0/24 25.0/25
   7    -306.864224300  2.82e-05  4.82e-05  -1.03e-04  0.79  DIIS mom: 24.0/24 25.0/25
   8    -306.864302254  2.16e-05  3.61e-05  -7.80e-05  0.79  DIIS mom: 24.0/24 25.0/25
   9    -306.864363902  1.62e-05  2.68e-05  -6.16e-05  0.80  DIIS mom: 24.0/24 25.0/25
  10    -306.864398465  1.20e-05  1.92e-05  -3.46e-05  0.81  DIIS mom: 24.0/24 25.0/25
  11    -306.864423072  8.63e-06  1.35e-05  -2.46e-05  0.81  DIIS mom: 24.0/24 25.0/25
  12    -306.864437658  5.52e-06  8.82e-06  -1.46e-05  0.81  DIIS mom: 24.0/24 25.0/25
  13    -306.864443553  2.64e-06  4.50e-06  -5.89e-06  0.81  DIIS mom: 24.0/24 25.0/25
  14    -306.864444430  1.14e-06  1.89e-06  -8.78e-07  0.82  DIIS mom: 24.0/24 25.0/25
  15    -306.864444537  4.39e-07  7.70e-07  -1.07e-07  0.82  DIIS mom: 24.0/24 25.0/25
  16    -306.864444548  2.05e-07  3.61e-07  -1.10e-08  0.82  DIIS mom: 24.0/24 25.0/25
  17    -306.864444550  1.33e-07  2.14e-07  -1.89e-09  0.82  DIIS mom: 24.0/24 25.0/25
  18    -306.864444551  1.14e-07  1.75e-07  -1.05e-09  0.82  DIIS mom: 24.0/24 25.0/25
  19    -306.864444553  9.34e-08  1.44e-07  -1.84e-09  0.82  DIIS mom: 24.0/24 25.0/25
  20    -306.864444556  5.02e-08  8.30e-08  -2.86e-09  0.82  DIIS mom: 24.0/24 25.0/25
  21    -306.864444557  2.15e-08  3.75e-08  -7.49e-10  0.82  DIIS mom: 24.0/24 25.0/25
                                                                      diis is converged!

SCF converged : True
final |[F,P]| : 2.15e-08
final |dE|    : 3.75e-08
final Escf    : -581.680503273487
final Etot    : -306.86444455681
final S2      : 0.815778833414246

  diis prep             :::        1.186 (  0.01%)
  diis extrap           :::        1.687 (  0.02%)
  roothaan              :::        7.996 (  0.10%)
  fock build            :::     8039.631 ( 99.86%)
  Total                 :::     8050.500 (100.00%)

Alpha occupied
  -20.809 -11.564 -11.561 -11.555 -11.458 -11.451  -1.628  -1.578 
   -1.322  -1.288  -1.132  -1.092  -0.987  -0.956  -0.902  -0.871 
   -0.858  -0.839  -0.807  -0.795  -0.748  -0.737  -0.606  -0.582 

Alpha virtual
  -14.092  -0.143  -0.096  -0.083  -0.067  -0.059  -0.043  -0.038 
   -0.036  -0.025  -0.015  -0.011   0.001   0.005   0.015   0.023 
    0.033   0.037   0.048   0.058   0.062   0.069   0.073   0.084 
    0.085   0.090   0.095   0.107   0.111   0.115   0.118   0.120 
    0.125   0.137   0.142   0.150   0.154   0.170   0.178   0.182 
    0.186   0.195   0.204   0.211   0.213   0.216   0.222   0.243 
    0.256   0.261   0.271   0.272   0.289   0.293   0.296   0.304 
    0.315   0.321   0.327   0.328   0.332   0.335   0.348   0.358 
    0.372   0.376   0.390   0.393   0.393   0.397   0.405   0.409 
    0.410   0.415   0.420   0.437   0.443   0.445   0.453   0.467 
    0.477   0.489   0.508   0.510   0.524   0.524   0.533   0.537 
    0.542   0.546   0.561   0.565   0.569   0.577   0.582   0.588 
    0.592   0.599   0.609   0.614   0.629   0.638   0.643   0.647 
    0.661   0.672   0.677   0.699   0.701   0.708   0.714   0.716 
    0.731   0.741   0.741   0.754   0.761   0.768   0.787   0.793 
    0.806   0.816   0.830   0.832   0.839   0.854   0.865   0.878 
    0.887   0.895   0.912   0.912   0.916   0.932   0.950   0.963 
    0.986   0.986   1.008   1.020   1.025   1.030   1.047   1.069 
    1.071   1.072   1.088   1.095   1.125   1.129   1.137   1.146 
    1.152   1.163   1.164   1.168   1.199   1.209   1.214   1.224 
    1.234   1.260   1.263   1.269   1.270   1.280   1.291   1.292 
    1.302   1.310   1.328   1.335   1.346   1.356   1.363   1.379 
    1.383   1.391   1.402   1.405   1.420   1.423   1.424   1.439 
    1.441   1.445   1.468   1.488   1.497   1.506   1.530   1.537 
    1.553   1.559   1.596   1.599   1.616   1.619   1.635   1.642 
    1.650   1.663   1.677   1.684   1.699   1.707   1.737   1.739 
    1.746   1.764   1.774   1.784   1.813   1.814   1.835   1.840 
    1.845   1.882   1.889   1.911   1.919   1.926   1.941   1.966 
    1.976   1.985   2.005   2.015   2.020   2.025   2.036   2.054 
    2.056   2.063   2.082   2.091   2.122   2.151   2.163   2.169 
    2.177   2.191   2.208   2.221   2.238   2.262   2.271   2.289 
    2.292   2.305   2.313   2.340   2.356   2.359   2.371   2.375 
    2.382   2.403   2.406   2.417   2.438   2.443   2.449   2.458 
    2.465   2.469   2.496   2.501   2.514   2.516   2.522   2.559 
    2.573   2.575   2.594   2.600   2.608   2.640   2.659   2.668 
    2.670   2.686   2.705   2.717   2.728   2.789   2.801   2.819 
    2.857   2.872   2.891   2.908   2.917   2.932   2.946   2.951 
    2.953   2.997   3.011   3.030   3.041   3.091   3.102   3.119 
    3.130   3.132   3.160   3.165   3.172   3.190   3.201   3.205 
    3.242   3.274   3.294   3.310   3.311   3.328   3.374   3.388 
    3.408   3.425   3.449   3.457   3.471   3.478   3.491   3.500 
    3.502   3.511   3.514   3.563   3.571   3.586   3.613   3.614 
    3.625   3.645   3.657   3.674   3.690   3.691   3.707   3.716 
    3.741   3.762   3.787   3.800   3.823   3.883   3.883   3.887 
    3.908   3.933   3.945   3.951   3.968   3.975   3.995   4.004 
    4.022   4.032   4.069   4.071   4.096   4.123   4.155   4.157 
    4.181   4.209   4.211   4.227   4.232   4.263   4.265   4.293 
    4.308   4.321   4.334   4.336   4.344   4.359   4.363   4.371 
    4.379   4.422   4.423   4.437   4.444   4.461   4.488   4.496 
    4.502   4.512   4.522   4.529   4.544   4.555   4.593   4.615 
    4.633   4.635   4.638   4.643   4.663   4.666   4.710   4.712 
    4.722   4.745   4.760   4.771   4.787   4.792   4.795   4.821 
    4.845   4.856   4.859   4.872   4.891   4.892   4.894   4.909 
    4.913   4.934   4.947   4.951   4.978   4.979   5.000   5.008 
    5.021   5.037   5.048   5.054   5.066   5.072   5.083   5.113 
    5.115   5.131   5.148   5.175   5.207   5.216   5.237   5.240 
    5.272   5.272   5.300   5.319   5.356   5.382   5.397   5.410 
    5.423   5.435   5.478   5.478   5.503   5.517   5.539   5.554 
    5.561   5.576   5.588   5.601   5.615   5.635   5.652   5.654 
    5.669   5.698   5.723   5.751   5.775   5.803   5.842   5.844 
    5.851   5.870   5.917   5.950   5.956   5.957   6.003   6.058 
    6.077   6.137   6.180   6.198   6.206   6.214   6.248   6.252 
    6.283   6.295   6.303   6.321   6.381   6.383   6.401   6.410 
    6.414   6.443   6.487   6.494   6.524   6.537   6.537   6.554 
    6.565   6.610   6.625   6.641   6.688   6.734   6.750   6.760 
    6.798   6.813   6.850   6.884   6.903   6.922   6.924   6.937 
    6.945   6.965   6.994   7.001   7.035   7.089   7.104   7.109 
    7.145   7.161   7.186   7.213   7.257   7.265   7.307   7.318 
    7.370   7.409   7.477   7.505   7.534   7.564   7.587   7.633 
    7.667   7.720   7.743   7.767   7.778   7.827   7.838   7.864 
    7.904   7.939   8.041   8.078   8.083   8.116   8.125   8.207 
    8.243   8.272   8.338   8.371   8.382   8.396   8.426   8.449 
    8.605   8.614   8.641   8.642   8.688   8.736   8.762   8.771 
    8.918   8.937   8.986   9.017   9.021   9.075   9.111   9.120 
    9.155   9.178   9.196   9.240   9.263   9.268   9.282   9.298 
    9.299   9.368   9.394   9.452   9.481   9.528   9.545   9.573 
    9.599   9.615   9.628   9.686   9.752   9.850   9.870   9.876 
    9.913  10.002  10.062  10.140  10.209  10.219  10.247  10.306 
   10.365  10.375  10.438  10.458  10.498  10.531  10.535  10.559 
   10.644  10.652  10.661  10.704  10.736  10.773  10.777  10.787 
   10.819  10.824  10.895  10.897  10.924  10.983  10.989  11.038 
   11.061  11.110  11.142  11.163  11.165  11.193  11.205  11.230 
   11.233  11.243  11.262  11.290  11.304  11.316  11.335  11.345 
   11.369  11.380  11.383  11.390  11.415  11.424  11.444  11.453 
   11.473  11.515  11.527  11.596  11.602  11.670  11.686  11.702 
   11.738  11.771  11.774  11.789  11.807  11.820  11.854  11.883 
   11.903  11.924  11.927  11.947  11.960  11.961  11.989  11.993 
   11.994  12.002  12.006  12.010  12.036  12.051  12.067  12.067 
   12.078  12.113  12.118  12.139  12.150  12.164  12.178  12.181 
   12.216  12.224  12.228  12.250  12.257  12.264  12.277  12.314 
   12.317  12.345  12.381  12.400  12.425  12.441  12.442  12.482 
   12.511  12.526  12.542  12.560  12.586  12.625  12.640  12.653 
   12.657  12.665  12.677  12.692  12.700  12.740  12.773  12.775 
   12.798  12.818  12.824  12.881  12.890  12.907  12.924  12.947 
   12.960  12.966  12.999  13.024  13.037  13.052  13.068  13.089 
   13.100  13.105  13.107  13.118  13.124  13.150  13.165  13.197 
   13.211  13.219  13.253  13.280  13.342  13.355  13.365  13.382 
   13.391  13.407  13.408  13.432  13.466  13.473  13.474  13.480 
   13.495  13.511  13.538  13.561  13.585  13.612  13.618  13.634 
   13.638  13.701  13.729  13.756  13.763  13.818  13.846  13.847 
   13.900  13.926  13.940  13.976  14.009  14.010  14.021  14.059 
   14.064  14.072  14.099  14.121  14.176  14.184  14.201  14.266 
   14.270  14.347  14.395  14.412  14.486  14.507  14.542  14.568 
   14.590  14.594  14.641  14.657  14.694  14.796  14.849  14.879 
   14.977  15.008  15.071  15.126  15.173  15.194  15.207  15.271 
   15.295  15.331  15.371  15.385  15.442  15.470  15.512  15.539 
   15.634  15.713  15.725  15.729  15.799  15.801  15.828  15.871 
   15.876  15.894  15.898  15.968  16.003  16.023  16.087  16.101 
   16.218  16.264  16.328  16.368  16.370  16.468  16.475  16.557 
   16.612  16.690  16.799  16.820  16.908  16.983  17.005  17.007 
   17.015  17.016  17.040  17.047  17.053  17.056  17.099  17.158 
   17.173  17.245  17.392  17.410  17.423  17.487  17.488  17.494 
   17.512  17.540  17.546  17.592  17.610  17.703  17.763  17.818 
   17.839  17.890  17.921  17.921  18.023  18.126  18.261  18.290 
   18.440  18.496  18.580  18.621  18.661  18.783  18.810  18.824 
   18.844  18.907  18.922  18.987  19.001  19.035  19.053  19.195 
   19.216  19.250  19.312  19.317  19.423  19.519  19.528  19.541 
   19.881  19.929  20.148  20.237  20.300  20.438  20.561  20.569 
   20.636  20.671  20.694  20.709  20.819  20.980  21.006  21.073 
   21.210  21.301  21.369  21.447  21.543  21.622  21.709  22.042 
   22.292  22.506  22.600  22.622  22.758  22.972  23.515  23.773 
   23.818  23.828  23.939  23.972  23.988  24.097  24.275  24.361 
   24.443  24.484  24.631  24.646  24.752  25.908  26.000  26.062 
   26.294  26.333  27.531  27.817  31.884  32.689  32.828  32.876 
   32.913  33.053  33.098  33.163  33.184  33.224  33.290  33.379 
   33.384  33.432  33.577  33.606  34.394  34.527  34.565  34.721 
   34.745  35.026  35.087  35.255  35.266  35.332  35.389  35.426 
   36.134  41.473  41.813  41.902  41.919  41.982  43.696  47.858 
   48.043  48.080  48.900  48.946  51.264  52.226  52.861  68.095 
   68.292  68.487  69.147  70.218  76.786  77.702  78.257  79.345 
   80.101  91.515  91.550  91.579  91.684  91.698  91.830  91.905 
   91.967  92.125  92.132  92.991  93.049  93.240  93.290  94.144 
   98.654 138.122 138.857 139.228 147.174 225.538 426.409 427.002 
  427.307 526.179 1267.236 1686.973 1687.396 1687.619 3190.704 8535.296 
  24820.432 81386.433 322254.961 1830818.871 

Beta occupied
  -20.808 -18.378 -11.562 -11.556 -11.550 -11.461 -11.453  -1.661 
   -1.624  -1.333  -1.291  -1.150  -1.098  -0.997  -0.977  -0.931 
   -0.924  -0.875  -0.843  -0.812  -0.793  -0.771  -0.745  -0.629 
   -0.583 

Beta virtual
   -0.142  -0.086  -0.083  -0.067  -0.059  -0.042  -0.039  -0.036 
   -0.025  -0.015  -0.010  -0.000   0.005   0.015   0.024   0.031 
    0.039   0.048   0.058   0.062   0.069   0.072   0.082   0.085 
    0.091   0.093   0.105   0.111   0.114   0.117   0.117   0.125 
    0.133   0.140   0.150   0.154   0.169   0.179   0.183   0.186 
    0.195   0.201   0.208   0.214   0.216   0.220   0.243   0.259 
    0.260   0.270   0.274   0.290   0.293   0.296   0.297   0.315 
    0.317   0.325   0.326   0.331   0.335   0.349   0.357   0.372 
    0.376   0.387   0.392   0.393   0.398   0.403   0.405   0.410 
    0.415   0.421   0.438   0.441   0.445   0.453   0.466   0.477 
    0.490   0.507   0.510   0.521   0.526   0.528   0.536   0.541 
    0.546   0.559   0.563   0.566   0.577   0.580   0.585   0.593 
    0.600   0.608   0.616   0.629   0.639   0.643   0.645   0.662 
    0.672   0.675   0.699   0.702   0.708   0.711   0.714   0.728 
    0.740   0.741   0.752   0.760   0.769   0.786   0.792   0.809 
    0.815   0.830   0.832   0.839   0.854   0.868   0.880   0.889 
    0.895   0.909   0.913   0.918   0.932   0.948   0.964   0.984 
    0.986   1.008   1.021   1.023   1.031   1.049   1.068   1.071 
    1.072   1.089   1.092   1.126   1.129   1.137   1.146   1.152 
    1.164   1.164   1.169   1.199   1.208   1.215   1.221   1.233 
    1.260   1.262   1.269   1.271   1.278   1.289   1.291   1.300 
    1.310   1.328   1.335   1.346   1.357   1.361   1.378   1.382 
    1.392   1.402   1.405   1.414   1.421   1.424   1.438   1.441 
    1.445   1.468   1.486   1.496   1.506   1.529   1.534   1.545 
    1.552   1.593   1.599   1.615   1.618   1.632   1.638   1.649 
    1.663   1.677   1.683   1.697   1.704   1.733   1.740   1.745 
    1.764   1.772   1.784   1.812   1.814   1.835   1.841   1.844 
    1.883   1.891   1.910   1.920   1.927   1.943   1.964   1.976 
    1.986   2.006   2.016   2.022   2.026   2.037   2.055   2.056 
    2.063   2.082   2.092   2.123   2.151   2.165   2.170   2.178 
    2.192   2.208   2.222   2.240   2.262   2.271   2.290   2.293 
    2.306   2.311   2.338   2.352   2.359   2.371   2.373   2.381 
    2.405   2.406   2.420   2.435   2.443   2.445   2.458   2.464 
    2.467   2.495   2.501   2.514   2.516   2.522   2.559   2.572 
    2.575   2.593   2.601   2.609   2.638   2.658   2.668   2.670 
    2.686   2.691   2.719   2.728   2.789   2.801   2.819   2.858 
    2.873   2.891   2.908   2.917   2.933   2.943   2.950   2.952 
    2.997   3.011   3.032   3.042   3.089   3.101   3.119   3.131 
    3.133   3.152   3.160   3.169   3.190   3.196   3.204   3.237 
    3.274   3.291   3.310   3.311   3.327   3.373   3.386   3.407 
    3.423   3.441   3.457   3.466   3.473   3.488   3.499   3.500 
    3.503   3.511   3.563   3.569   3.583   3.611   3.613   3.624 
    3.632   3.649   3.673   3.688   3.690   3.707   3.713   3.740 
    3.761   3.784   3.798   3.822   3.867   3.879   3.887   3.891 
    3.930   3.941   3.944   3.967   3.975   3.987   4.003   4.022 
    4.031   4.067   4.070   4.094   4.122   4.155   4.157   4.180 
    4.203   4.211   4.228   4.233   4.263   4.266   4.292   4.308 
    4.317   4.335   4.335   4.340   4.357   4.361   4.371   4.380 
    4.419   4.423   4.434   4.444   4.462   4.488   4.492   4.503 
    4.511   4.523   4.529   4.540   4.556   4.590   4.614   4.632 
    4.636   4.640   4.642   4.661   4.665   4.710   4.711   4.722 
    4.745   4.762   4.771   4.788   4.792   4.796   4.821   4.846 
    4.856   4.859   4.870   4.890   4.892   4.894   4.907   4.912 
    4.933   4.947   4.952   4.978   4.980   5.002   5.006   5.020 
    5.038   5.048   5.054   5.065   5.073   5.084   5.110   5.116 
    5.130   5.147   5.173   5.205   5.216   5.238   5.240   5.271 
    5.273   5.298   5.321   5.351   5.382   5.397   5.411   5.424 
    5.435   5.478   5.478   5.503   5.517   5.539   5.555   5.558 
    5.577   5.587   5.601   5.615   5.632   5.651   5.653   5.667 
    5.698   5.724   5.747   5.775   5.801   5.841   5.844   5.850 
    5.870   5.917   5.950   5.956   5.956   6.003   6.057   6.077 
    6.137   6.179   6.199   6.206   6.215   6.248   6.251   6.283 
    6.295   6.303   6.321   6.380   6.384   6.400   6.409   6.414 
    6.443   6.488   6.495   6.520   6.535   6.538   6.554   6.565 
    6.611   6.625   6.642   6.688   6.734   6.747   6.759   6.798 
    6.814   6.849   6.881   6.890   6.917   6.922   6.938   6.938 
    6.964   6.992   7.000   7.030   7.088   7.100   7.105   7.144 
    7.160   7.186   7.214   7.248   7.263   7.307   7.314   7.365 
    7.407   7.475   7.499   7.519   7.563   7.584   7.632   7.666 
    7.706   7.738   7.767   7.776   7.820   7.836   7.862   7.899 
    7.938   8.041   8.057   8.082   8.114   8.117   8.207   8.243 
    8.271   8.329   8.364   8.371   8.395   8.422   8.440   8.605 
    8.610   8.639   8.639   8.643   8.735   8.747   8.763   8.871 
    8.927   8.973   9.017   9.021   9.072   9.106   9.112   9.117 
    9.163   9.172   9.236   9.260   9.267   9.277   9.295   9.299 
    9.368   9.392   9.437   9.472   9.520   9.545   9.565   9.600 
    9.614   9.629   9.684   9.751   9.843   9.854   9.870   9.911 
   10.003  10.061  10.140  10.210  10.219  10.247  10.298  10.358 
   10.368  10.438  10.459  10.499  10.531  10.531  10.555  10.645 
   10.653  10.655  10.700  10.737  10.773  10.778  10.786  10.818 
   10.825  10.891  10.897  10.927  10.984  10.989  11.039  11.061 
   11.110  11.142  11.163  11.166  11.193  11.198  11.229  11.230 
   11.243  11.263  11.290  11.303  11.316  11.332  11.345  11.368 
   11.378  11.383  11.390  11.414  11.424  11.444  11.453  11.473 
   11.515  11.527  11.596  11.602  11.670  11.687  11.701  11.740 
   11.757  11.774  11.788  11.805  11.821  11.844  11.882  11.903 
   11.922  11.928  11.948  11.960  11.963  11.990  11.992  11.994 
   12.001  12.007  12.011  12.037  12.050  12.067  12.067  12.076 
   12.111  12.117  12.139  12.145  12.164  12.178  12.181  12.211 
   12.221  12.223  12.249  12.255  12.264  12.273  12.314  12.316 
   12.344  12.380  12.399  12.424  12.440  12.440  12.482  12.510 
   12.526  12.542  12.561  12.587  12.625  12.640  12.650  12.657 
   12.664  12.676  12.692  12.700  12.740  12.773  12.775  12.797 
   12.817  12.823  12.881  12.890  12.907  12.925  12.947  12.960 
   12.963  12.999  13.021  13.036  13.052  13.068  13.089  13.097 
   13.104  13.108  13.117  13.124  13.150  13.166  13.197  13.211 
   13.220  13.253  13.281  13.341  13.355  13.366  13.382  13.392 
   13.408  13.408  13.432  13.467  13.473  13.474  13.480  13.495 
   13.512  13.539  13.561  13.585  13.611  13.619  13.634  13.638 
   13.702  13.729  13.757  13.763  13.818  13.845  13.848  13.899 
   13.926  13.940  13.976  14.009  14.010  14.021  14.059  14.063 
   14.072  14.096  14.121  14.177  14.183  14.200  14.265  14.270 
   14.346  14.394  14.411  14.486  14.507  14.540  14.567  14.589 
   14.593  14.640  14.656  14.693  14.796  14.849  14.878  14.977 
   15.007  15.070  15.125  15.171  15.194  15.207  15.269  15.290 
   15.329  15.366  15.385  15.441  15.470  15.511  15.539  15.632 
   15.709  15.721  15.722  15.796  15.800  15.827  15.859  15.874 
   15.891  15.893  15.965  16.000  16.021  16.078  16.095  16.218 
   16.262  16.325  16.352  16.366  16.447  16.468  16.533  16.607 
   16.690  16.793  16.813  16.903  16.982  17.002  17.004  17.015 
   17.016  17.040  17.045  17.052  17.056  17.098  17.154  17.164 
   17.241  17.389  17.409  17.419  17.483  17.484  17.487  17.498 
   17.536  17.539  17.590  17.597  17.702  17.761  17.818  17.836 
   17.855  17.919  17.920  18.022  18.124  18.261  18.271  18.404 
   18.495  18.579  18.621  18.657  18.783  18.808  18.824  18.844 
   18.863  18.907  18.977  18.989  19.001  19.035  19.195  19.215 
   19.235  19.311  19.312  19.373  19.495  19.520  19.528  19.871 
   19.920  20.148  20.232  20.300  20.433  20.560  20.568  20.636 
   20.671  20.691  20.709  20.757  20.819  21.000  21.073  21.209 
   21.302  21.368  21.448  21.539  21.620  21.707  22.029  22.156 
   22.477  22.577  22.606  22.757  22.893  23.489  23.773  23.780 
   23.818  23.939  23.973  23.988  24.097  24.275  24.361  24.443 
   24.485  24.630  24.645  24.752  25.908  26.000  26.063  26.294 
   26.333  27.531  27.817  31.884  32.690  32.829  32.877  32.913 
   33.055  33.099  33.163  33.184  33.225  33.291  33.379  33.384 
   33.432  33.578  33.606  34.395  34.528  34.566  34.719  34.744 
   35.024  35.087  35.255  35.266  35.333  35.389  35.426  36.134 
   41.473  41.813  41.902  41.919  41.983  43.355  47.684  47.871 
   47.904  48.716  48.776  50.919  51.893  52.542  68.095  68.292 
   68.487  69.147  70.219  76.786  77.703  78.258  79.345  80.101 
   91.515  91.550  91.579  91.684  91.699  91.830  91.905  91.967 
   92.125  92.132  92.991  93.050  93.240  93.290  94.144  98.268 
  137.703 138.442 138.814 147.174 225.179 426.049 426.642 426.948 
  525.894 1267.042 1686.772 1687.195 1687.417 3190.590 8535.239 24820.407 
  81386.424 322254.958 1830818.871 


  >>> Running UHF-MP2 <<<

MP2 correlation energy (UHF) : -1.6038003116
MP2 total energy       (UHF) : -308.4682448684

