	*********************************************** 
	***** Beginning CEBE Calculation with MOM ***** 
	*****       Calculation Details:          ***** 
	      Geometry:	 /work/morgunov/rev2calcs/mols/exp/o/hc-o-och3.xyz
	      Core Basis:	 pcX-4
	      Full Basis:	 pc-4
	      DIIS (start, space):	 0 50
	      Level shift:	 0
	      Do localization?:	 False
	      Do SFX2C1E?:	 True
	      Freeze orbitals?:	 True
	      Use Cheng orbitals?:	 False
	      Do Special Basis?:	 True
	      Do Special Basis?:	 pcX-4
	*********************************************** 
	*********************************************** 

  >>> Running RHF <<<

init D/C      : minao
init ov       : zeros
no            : 16
nv            : 716
ov_size       : 11456
max_cycle     : 1000
conv          : 6
econv         : 9
method        : gdm
scale_stop    : 0
scale_factor  : 1.000000
init E        : -227.747212686757
init |[F,P]|  : 6.77e-03
init |dE|     : 1.52e-02
check file    : None

iter      total energy   |[F,P]|      |dE|         ∆E   comment
   1    -227.820102325  5.14e-03  1.18e-02  -7.29e-02  BFGS
   2    -227.885905573  6.71e-04  1.41e-03  -6.58e-02  BFGS
   3    -227.887240652  3.43e-04  7.94e-04  -1.34e-03  BFGS
   4    -227.887632411  9.26e-05  2.09e-04  -3.92e-04  BFGS
   5    -227.887679620  4.16e-05  8.82e-05  -4.72e-05  BFGS
   6    -227.887690156  1.16e-05  2.63e-05  -1.05e-05  BFGS
   7    -227.887690785  2.42e-06  5.09e-06  -6.29e-07  BFGS
   8    -227.887690821  6.98e-07  1.54e-06  -3.63e-08  BFGS
   9    -227.887690824  2.33e-07  5.04e-07  -2.39e-09  BFGS
  10    -227.887690824  5.45e-08  1.22e-07  -2.26e-10  BFGS
                                                                      gdm is converged!

SCF converged : True
final |[F,P]| : 5.45e-08
final |dE|    : 1.22e-07
final Escf    : -350.629504298962
final Etot    : -227.887690824102

  pxp & ewc             :::        0.468 (  0.02%)
  apply B               :::        0.002 (  0.00%)
  linsrch               :::     1985.766 ( 99.98%)
  grad                  :::        0.020 (  0.00%)
  Total                 :::     1986.257 (100.00%)

Alpha occupied
  -20.616 -20.546 -11.379 -11.294  -1.471  -1.371  -0.989  -0.819 
   -0.751  -0.683  -0.680  -0.603  -0.556  -0.536  -0.471  -0.457 

Alpha virtual
    0.051   0.064   0.076   0.079   0.096   0.101   0.103   0.115 
    0.133   0.168   0.174   0.184   0.198   0.219   0.220   0.228 
    0.246   0.252   0.260   0.264   0.278   0.282   0.299   0.305 
    0.313   0.345   0.354   0.356   0.385   0.394   0.407   0.415 
    0.452   0.454   0.454   0.476   0.482   0.487   0.498   0.513 
    0.528   0.544   0.553   0.563   0.590   0.598   0.604   0.610 
    0.615   0.626   0.638   0.650   0.669   0.680   0.723   0.737 
    0.748   0.756   0.766   0.772   0.799   0.804   0.814   0.822 
    0.827   0.849   0.885   0.892   0.894   0.909   0.931   0.951 
    0.972   1.009   1.011   1.035   1.047   1.064   1.076   1.098 
    1.128   1.146   1.155   1.180   1.184   1.195   1.218   1.229 
    1.239   1.253   1.260   1.293   1.298   1.310   1.336   1.348 
    1.367   1.378   1.394   1.403   1.416   1.426   1.459   1.466 
    1.492   1.507   1.521   1.536   1.541   1.548   1.562   1.590 
    1.659   1.689   1.699   1.711   1.724   1.744   1.762   1.779 
    1.787   1.788   1.811   1.864   1.883   1.908   1.918   1.928 
    1.944   1.949   1.975   2.017   2.034   2.041   2.080   2.081 
    2.103   2.103   2.127   2.179   2.191   2.205   2.228   2.228 
    2.251   2.280   2.287   2.308   2.331   2.351   2.400   2.423 
    2.445   2.445   2.470   2.483   2.506   2.540   2.542   2.567 
    2.606   2.626   2.642   2.647   2.682   2.695   2.717   2.756 
    2.784   2.786   2.839   2.856   2.864   2.874   2.900   2.964 
    2.968   3.052   3.105   3.129   3.138   3.169   3.197   3.236 
    3.238   3.268   3.315   3.357   3.361   3.391   3.438   3.449 
    3.466   3.493   3.509   3.551   3.574   3.604   3.634   3.657 
    3.684   3.713   3.724   3.754   3.761   3.782   3.812   3.814 
    3.849   3.872   3.881   3.968   4.004   4.025   4.068   4.093 
    4.128   4.166   4.170   4.207   4.207   4.230   4.256   4.293 
    4.306   4.348   4.363   4.377   4.379   4.414   4.454   4.475 
    4.505   4.534   4.555   4.561   4.605   4.607   4.625   4.666 
    4.674   4.685   4.720   4.736   4.743   4.788   4.795   4.816 
    4.827   4.858   4.865   4.876   4.884   4.918   4.932   4.944 
    4.954   4.977   4.987   5.054   5.069   5.117   5.140   5.142 
    5.179   5.187   5.228   5.279   5.307   5.333   5.353   5.405 
    5.408   5.477   5.496   5.541   5.556   5.577   5.588   5.623 
    5.642   5.709   5.711   5.742   5.761   5.794   5.806   5.834 
    5.852   5.867   5.902   5.909   5.912   6.022   6.083   6.102 
    6.102   6.143   6.161   6.189   6.235   6.267   6.286   6.360 
    6.391   6.413   6.445   6.486   6.496   6.567   6.577   6.619 
    6.668   6.686   6.725   6.800   6.811   6.814   6.865   6.955 
    6.990   7.034   7.081   7.084   7.096   7.148   7.161   7.198 
    7.216   7.297   7.307   7.311   7.377   7.407   7.473   7.521 
    7.611   7.849   7.857   7.880   7.909   8.101   8.108   8.134 
    8.175   8.304   8.357   8.444   8.485   8.584   8.617   8.653 
    8.754   8.813   8.830   8.949   9.035   9.087   9.112   9.268 
    9.278   9.332   9.353   9.384   9.404   9.414   9.423   9.437 
    9.455   9.476   9.495   9.583   9.646   9.653   9.683   9.693 
    9.760   9.888   9.955  10.019  10.036  10.056  10.064  10.166 
   10.224  10.241  10.264  10.366  10.390  10.462  10.477  10.522 
   10.756  10.771  10.800  10.901  11.036  11.105  11.126  11.139 
   11.150  11.166  11.194  11.259  11.298  11.341  11.343  11.365 
   11.405  11.431  11.438  11.493  11.550  11.556  11.605  11.642 
   11.669  11.703  11.759  11.823  11.834  11.876  11.925  11.970 
   12.005  12.035  12.049  12.070  12.144  12.248  12.274  12.312 
   12.369  12.410  12.436  12.471  12.528  12.554  12.564  12.600 
   12.617  12.626  12.641  12.671  12.680  12.683  12.707  12.728 
   12.753  12.759  12.808  12.868  12.876  12.895  12.917  12.929 
   12.946  12.970  12.971  13.023  13.073  13.092  13.092  13.169 
   13.170  13.220  13.236  13.262  13.292  13.314  13.333  13.380 
   13.422  13.444  13.463  13.487  13.501  13.561  13.563  13.598 
   13.622  13.652  13.684  13.687  13.747  13.753  13.798  13.824 
   13.852  13.853  13.874  13.899  13.963  13.967  13.975  14.013 
   14.055  14.066  14.080  14.132  14.162  14.271  14.367  14.478 
   14.492  14.540  14.609  14.679  14.679  14.786  14.868  14.923 
   14.996  15.027  15.173  15.181  15.306  15.312  15.367  15.601 
   15.787  15.958  15.999  16.008  16.161  16.204  16.280  16.436 
   16.480  16.520  16.540  16.586  16.728  16.831  16.883  17.180 
   17.211  17.221  17.221  17.235  17.244  17.269  17.279  17.290 
   17.371  17.550  17.631  17.763  17.779  17.815  17.822  17.836 
   17.856  17.882  17.888  17.905  18.138  18.260  18.322  18.424 
   18.430  18.741  18.819  18.829  18.948  18.978  19.011  19.078 
   19.091  19.112  19.144  19.204  19.265  19.324  19.376  19.429 
   19.473  19.568  19.582  19.687  19.766  19.842  19.887  20.144 
   20.249  20.259  20.527  20.580  20.706  20.764  20.780  20.814 
   21.066  21.178  21.358  21.370  21.874  22.030  22.292  22.341 
   22.438  23.206  23.815  23.914  24.019  24.023  24.089  24.183 
   24.268  24.430  24.492  24.540  24.596  24.677  24.717  24.839 
   25.277  25.736  25.851  26.066  26.224  26.289  26.334  26.379 
   26.649  26.717  26.810  27.077  27.657  28.481  29.256  29.694 
   33.216  33.554  33.612  33.678  34.564  34.753  34.889  34.977 
   35.628  35.874  41.705  41.816  41.878  42.279  61.181  61.533 
   65.266  65.322  65.515  65.940  66.327  66.510  68.117  68.234 
   68.311  68.472  68.640  68.678  69.030  69.351  70.049  70.700 
   78.643  80.557  91.667  91.772  91.839  91.949  92.058  92.154 
   92.228  92.263  93.210  93.239  93.274  93.300 139.806 140.128 
  175.248 175.273 175.463 175.871 176.326 176.491 320.389 320.691 
  536.665 536.673 536.836 537.147 537.530 537.654 747.154 747.438 
  1796.271 1796.538 2112.477 2112.507 2112.621 2112.823 2113.121 2113.187 
  4514.494 4514.743 12060.471 12060.701 35044.667 35044.878 114859.395 114859.584 
  454594.968 454595.129 2579392.649 2579392.772 


  >>> Running RHF-MP2 <<<


RMP2-TIMING
  rmp2                  :::     1260.646 (100.00%)
  Total                 :::     1260.646 (100.00%)

MP2 correlation energy (RHF) : -1.0788907969
MP2 total energy       (RHF) : -228.9665816210


  >>> Running UHF <<<

init D/C      : input mo_coeff
init ov       : zeros
no            : 15 16
nv            : 717 716
ov_size       : 22211
max_cycle     : 1000
conv          : 6
econv         : 9
method        : diis
mom_start     : 0
guess mix     : 0.000000
orb_swap      : [[[1, 15]], []]
init E        : -207.341294840548
init S2       : 0.750000000000036
init |[F,P]|  : 1.52e-02
init |dE|     : 4.13e-02
check file    : None

iter      total energy   |[F,P]|      |dE|         ∆E   S^2   comment
   1    -207.844659671  8.21e-03  2.27e-02  -5.03e-01  0.75  DIIS mom: 14.7/15 15.6/16
   2    -208.149698634  9.86e-04  2.44e-03  -3.05e-01  0.76  DIIS mom: 14.9/15 15.9/16
   3    -208.155045328  3.89e-04  9.06e-04  -5.35e-03  0.76  DIIS mom: 15.0/15 16.0/16
   4    -208.155997895  1.43e-04  3.45e-04  -9.53e-04  0.76  DIIS mom: 15.0/15 16.0/16
   5    -208.156332993  6.47e-05  1.52e-04  -3.35e-04  0.77  DIIS mom: 15.0/15 16.0/16
   6    -208.156407238  2.46e-05  5.53e-05  -7.42e-05  0.77  DIIS mom: 15.0/15 16.0/16
   7    -208.156423115  1.28e-05  2.79e-05  -1.59e-05  0.77  DIIS mom: 15.0/15 16.0/16
   8    -208.156428582  7.60e-06  1.58e-05  -5.47e-06  0.77  DIIS mom: 15.0/15 16.0/16
   9    -208.156430740  5.31e-06  1.07e-05  -2.16e-06  0.77  DIIS mom: 15.0/15 16.0/16
  10    -208.156432186  3.15e-06  6.33e-06  -1.45e-06  0.77  DIIS mom: 15.0/15 16.0/16
  11    -208.156432829  8.93e-07  1.89e-06  -6.43e-07  0.77  DIIS mom: 15.0/15 16.0/16
  12    -208.156432857  3.37e-07  7.13e-07  -2.79e-08  0.77  DIIS mom: 15.0/15 16.0/16
  13    -208.156432859  9.62e-08  2.09e-07  -2.90e-09  0.77  DIIS mom: 15.0/15 16.0/16
  14    -208.156432860  2.27e-08  4.83e-08  -1.90e-10  0.77  DIIS mom: 15.0/15 16.0/16
                                                                      diis is converged!

SCF converged : True
final |[F,P]| : 2.27e-08
final |dE|    : 4.83e-08
final Escf    : -330.898246334543
final Etot    : -208.156432859684
final S2      : 0.772175449772984

  diis prep             :::        0.385 (  0.01%)
  diis extrap           :::        0.276 (  0.01%)
  roothaan              :::        1.328 (  0.05%)
  fock build            :::     2943.513 ( 99.93%)
  Total                 :::     2945.502 (100.00%)

Alpha occupied
  -20.916 -11.754 -11.505  -1.871  -1.711  -1.249  -1.163  -1.106 
   -1.037  -1.029  -0.903  -0.895  -0.862  -0.772  -0.748 

Alpha virtual
  -18.914  -0.165  -0.098  -0.075  -0.063  -0.061  -0.050  -0.030 
   -0.024  -0.016  -0.006   0.022   0.036   0.050   0.062   0.064 
    0.068   0.074   0.078   0.096   0.105   0.115   0.125   0.134 
    0.141   0.143   0.168   0.174   0.182   0.191   0.198   0.232 
    0.237   0.264   0.268   0.278   0.283   0.291   0.307   0.311 
    0.333   0.338   0.350   0.368   0.379   0.398   0.417   0.422 
    0.434   0.436   0.441   0.455   0.469   0.488   0.491   0.505 
    0.505   0.543   0.554   0.554   0.566   0.583   0.586   0.604 
    0.610   0.634   0.648   0.651   0.665   0.692   0.693   0.731 
    0.734   0.771   0.783   0.799   0.819   0.830   0.863   0.882 
    0.884   0.914   0.932   0.938   0.952   0.973   0.974   1.015 
    1.016   1.023   1.036   1.052   1.079   1.095   1.117   1.143 
    1.151   1.163   1.169   1.186   1.199   1.213   1.221   1.247 
    1.264   1.295   1.314   1.329   1.333   1.351   1.354   1.368 
    1.384   1.453   1.462   1.466   1.481   1.482   1.498   1.543 
    1.546   1.567   1.571   1.588   1.590   1.605   1.629   1.658 
    1.688   1.700   1.706   1.722   1.763   1.774   1.804   1.828 
    1.839   1.852   1.854   1.864   1.922   1.932   1.961   1.975 
    1.997   2.018   2.037   2.055   2.068   2.100   2.110   2.157 
    2.171   2.201   2.218   2.219   2.231   2.257   2.322   2.328 
    2.330   2.347   2.377   2.390   2.404   2.439   2.450   2.473 
    2.508   2.557   2.557   2.605   2.609   2.622   2.641   2.642 
    2.712   2.741   2.786   2.868   2.870   2.894   2.913   2.976 
    3.001   3.013   3.028   3.067   3.095   3.105   3.166   3.181 
    3.195   3.195   3.256   3.268   3.320   3.340   3.365   3.383 
    3.413   3.446   3.476   3.499   3.506   3.530   3.554   3.573 
    3.602   3.611   3.649   3.649   3.734   3.748   3.785   3.823 
    3.854   3.886   3.899   3.939   3.965   3.975   3.989   4.002 
    4.032   4.046   4.076   4.097   4.140   4.141   4.163   4.184 
    4.204   4.224   4.246   4.274   4.306   4.338   4.340   4.344 
    4.364   4.387   4.429   4.438   4.469   4.486   4.505   4.511 
    4.549   4.561   4.577   4.603   4.613   4.629   4.631   4.656 
    4.656   4.670   4.714   4.725   4.794   4.823   4.856   4.866 
    4.889   4.935   4.941   4.950   5.031   5.055   5.077   5.088 
    5.133   5.157   5.225   5.240   5.275   5.283   5.311   5.317 
    5.363   5.396   5.460   5.479   5.481   5.524   5.535   5.538 
    5.554   5.567   5.593   5.612   5.633   5.651   5.754   5.809 
    5.811   5.855   5.886   5.907   5.910   5.979   6.021   6.052 
    6.068   6.101   6.149   6.189   6.191   6.193   6.284   6.311 
    6.367   6.389   6.429   6.451   6.485   6.534   6.550   6.603 
    6.709   6.717   6.764   6.780   6.807   6.838   6.923   6.932 
    6.937   6.991   7.003   7.057   7.085   7.120   7.123   7.187 
    7.256   7.324   7.557   7.563   7.605   7.681   7.822   7.879 
    7.897   7.925   8.064   8.098   8.154   8.172   8.269   8.310 
    8.382   8.500   8.521   8.543   8.667   8.725   8.811   8.865 
    9.000   9.030   9.094   9.108   9.126   9.158   9.169   9.184 
    9.198   9.200   9.230   9.288   9.339   9.366   9.403   9.437 
    9.476   9.526   9.592   9.606   9.688   9.742   9.826   9.843 
    9.921   9.949   9.998  10.006  10.012  10.055  10.152  10.180 
   10.243  10.290  10.398  10.464  10.516  10.693  10.705  10.811 
   10.829  10.838  10.852  10.889  10.953  10.968  10.981  11.044 
   11.069  11.107  11.123  11.158  11.247  11.265  11.315  11.319 
   11.377  11.392  11.411  11.452  11.508  11.552  11.630  11.639 
   11.670  11.737  11.748  11.807  11.811  11.826  11.944  11.947 
   12.023  12.051  12.163  12.185  12.192  12.218  12.266  12.272 
   12.327  12.350  12.350  12.367  12.381  12.386  12.392  12.439 
   12.451  12.486  12.497  12.556  12.563  12.582  12.622  12.627 
   12.657  12.685  12.701  12.740  12.743  12.781  12.833  12.842 
   12.888  12.889  12.957  12.969  12.987  13.008  13.055  13.088 
   13.103  13.114  13.150  13.183  13.200  13.219  13.278  13.292 
   13.309  13.318  13.389  13.390  13.411  13.430  13.440  13.491 
   13.531  13.544  13.594  13.596  13.608  13.667  13.672  13.709 
   13.716  13.744  13.788  13.858  13.881  13.912  13.955  14.089 
   14.141  14.241  14.280  14.292  14.376  14.416  14.457  14.583 
   14.608  14.723  14.790  14.932  14.949  15.082  15.093  15.141 
   15.284  15.435  15.612  15.735  15.756  15.834  15.916  16.022 
   16.148  16.216  16.231  16.313  16.354  16.496  16.621  16.676 
   16.859  16.927  16.928  17.005  17.025  17.037  17.067  17.068 
   17.082  17.161  17.236  17.313  17.464  17.485  17.495  17.520 
   17.556  17.603  17.631  17.678  17.685  17.788  17.896  18.019 
   18.060  18.134  18.457  18.470  18.545  18.716  18.726  18.729 
   18.770  18.778  18.800  18.842  18.883  18.984  19.062  19.079 
   19.122  19.216  19.253  19.302  19.384  19.452  19.479  19.567 
   19.868  19.985  20.045  20.318  20.366  20.463  20.504  20.555 
   20.576  20.765  20.868  21.150  21.161  21.662  21.800  22.047 
   22.084  22.169  22.788  23.159  23.315  23.635  23.721  23.872 
   23.885  24.060  24.073  24.102  24.212  24.295  24.363  24.469 
   24.501  24.591  24.992  25.532  25.736  25.789  25.950  26.023 
   26.123  26.157  26.215  26.420  26.534  26.963  28.181  28.792 
   29.096  32.850  33.299  33.343  33.399  34.199  34.533  34.678 
   34.764  35.264  35.502  41.409  41.603  41.669  42.071  59.921 
   61.237  63.781  64.015  64.798  65.019  65.675  66.205  66.555 
   66.671  67.102  67.464  68.010  68.174  68.342  69.045  69.138 
   69.754  78.272  80.344  91.454  91.472  91.625  91.741  91.756 
   91.940  92.019  92.050  92.909  93.026  93.060  93.092 137.793 
  139.827 172.719 172.926 173.770 174.970 175.590 176.192 317.458 
  320.389 532.873 533.036 533.718 536.368 536.860 537.356 743.321 
  747.137 1791.701 1796.237 2107.612 2107.726 2108.220 2112.181 2112.533 
  2112.889 4509.416 4514.443 12055.091 12060.402 35039.134 35044.579 114853.794 
  114859.285 454589.340 454594.831 2579387.013 2579392.474 

Beta occupied
  -23.813 -20.914 -11.751 -11.505  -1.968  -1.714  -1.276  -1.204 
   -1.157  -1.118  -1.040  -0.935  -0.898  -0.868  -0.772  -0.746 

Beta virtual
   -0.173  -0.099  -0.076  -0.064  -0.060  -0.050  -0.030  -0.024 
   -0.016  -0.007   0.022   0.036   0.049   0.062   0.062   0.068 
    0.074   0.077   0.095   0.104   0.116   0.124   0.133   0.140 
    0.144   0.168   0.174   0.182   0.192   0.193   0.233   0.238 
    0.264   0.268   0.270   0.283   0.290   0.307   0.311   0.332 
    0.338   0.348   0.367   0.377   0.394   0.417   0.422   0.434 
    0.435   0.441   0.455   0.465   0.486   0.491   0.499   0.499 
    0.543   0.555   0.556   0.564   0.581   0.588   0.605   0.611 
    0.633   0.648   0.652   0.662   0.693   0.694   0.732   0.733 
    0.771   0.784   0.800   0.819   0.826   0.862   0.882   0.883 
    0.915   0.931   0.939   0.951   0.974   0.974   1.016   1.016 
    1.023   1.036   1.052   1.078   1.096   1.117   1.142   1.151 
    1.163   1.169   1.185   1.199   1.213   1.220   1.248   1.264 
    1.295   1.314   1.329   1.332   1.351   1.354   1.368   1.383 
    1.447   1.453   1.467   1.479   1.484   1.494   1.541   1.543 
    1.556   1.569   1.585   1.591   1.599   1.622   1.654   1.688 
    1.699   1.705   1.722   1.756   1.767   1.804   1.829   1.840 
    1.851   1.853   1.864   1.924   1.931   1.961   1.976   1.997 
    2.017   2.037   2.056   2.069   2.101   2.110   2.158   2.172 
    2.201   2.218   2.220   2.232   2.258   2.322   2.327   2.328 
    2.348   2.378   2.390   2.406   2.440   2.450   2.473   2.508 
    2.557   2.557   2.606   2.608   2.622   2.642   2.643   2.711 
    2.741   2.786   2.869   2.871   2.895   2.911   2.977   3.001 
    3.011   3.023   3.066   3.089   3.105   3.168   3.182   3.195 
    3.195   3.255   3.268   3.320   3.340   3.361   3.379   3.413 
    3.445   3.475   3.499   3.503   3.530   3.554   3.572   3.602 
    3.610   3.649   3.649   3.734   3.744   3.784   3.822   3.854 
    3.882   3.898   3.937   3.960   3.974   3.986   4.002   4.026 
    4.044   4.059   4.069   4.124   4.139   4.164   4.181   4.189 
    4.197   4.239   4.263   4.303   4.334   4.336   4.344   4.361 
    4.385   4.429   4.434   4.467   4.485   4.504   4.511   4.547 
    4.555   4.562   4.602   4.602   4.628   4.629   4.654   4.656 
    4.671   4.710   4.725   4.793   4.822   4.856   4.859   4.888 
    4.934   4.940   4.950   5.029   5.051   5.078   5.087   5.132 
    5.158   5.223   5.241   5.274   5.283   5.312   5.318   5.363 
    5.396   5.460   5.477   5.479   5.525   5.535   5.538   5.549 
    5.567   5.592   5.611   5.634   5.645   5.754   5.807   5.812 
    5.855   5.884   5.908   5.908   5.978   6.021   6.053   6.069 
    6.102   6.149   6.189   6.192   6.194   6.285   6.309   6.368 
    6.390   6.426   6.452   6.474   6.534   6.550   6.602   6.709 
    6.717   6.764   6.778   6.806   6.838   6.923   6.933   6.937 
    6.992   7.000   7.058   7.085   7.121   7.122   7.187   7.255 
    7.324   7.557   7.564   7.605   7.681   7.823   7.879   7.897 
    7.925   8.064   8.098   8.154   8.171   8.269   8.308   8.382 
    8.496   8.518   8.543   8.667   8.723   8.805   8.865   9.000 
    9.028   9.093   9.108   9.122   9.158   9.169   9.180   9.196 
    9.199   9.230   9.288   9.335   9.364   9.403   9.437   9.475 
    9.525   9.582   9.589   9.674   9.740   9.825   9.843   9.907 
    9.930   9.980   9.994  10.005  10.052  10.110  10.152  10.219 
   10.249  10.399  10.465  10.486  10.625  10.707  10.744  10.814 
   10.824  10.834  10.887  10.953  10.960  10.967  11.037  11.070 
   11.104  11.108  11.159  11.236  11.254  11.305  11.319  11.377 
   11.392  11.407  11.449  11.509  11.543  11.614  11.639  11.671 
   11.733  11.749  11.807  11.811  11.826  11.934  11.948  12.023 
   12.051  12.163  12.184  12.192  12.217  12.266  12.272  12.325 
   12.350  12.350  12.367  12.381  12.386  12.392  12.440  12.451 
   12.486  12.497  12.555  12.556  12.582  12.621  12.627  12.657 
   12.685  12.700  12.733  12.740  12.776  12.833  12.842  12.887 
   12.887  12.953  12.969  12.983  13.007  13.052  13.086  13.096 
   13.111  13.149  13.180  13.200  13.217  13.276  13.289  13.308 
   13.318  13.388  13.389  13.410  13.428  13.437  13.486  13.531 
   13.542  13.591  13.594  13.607  13.666  13.671  13.708  13.715 
   13.744  13.786  13.858  13.881  13.911  13.953  14.089  14.138 
   14.236  14.280  14.289  14.375  14.416  14.455  14.583  14.607 
   14.723  14.790  14.931  14.949  15.081  15.093  15.141  15.285 
   15.420  15.599  15.734  15.756  15.834  15.916  16.022  16.148 
   16.216  16.231  16.313  16.354  16.496  16.621  16.676  16.859 
   16.927  16.928  17.005  17.025  17.037  17.067  17.068  17.082 
   17.161  17.234  17.312  17.459  17.482  17.490  17.513  17.556 
   17.603  17.631  17.677  17.685  17.782  17.889  18.019  18.054 
   18.135  18.453  18.464  18.545  18.707  18.725  18.729  18.769 
   18.772  18.800  18.842  18.882  18.983  19.062  19.079  19.115 
   19.216  19.250  19.301  19.378  19.444  19.479  19.566  19.868 
   19.986  20.045  20.318  20.366  20.463  20.504  20.555  20.576 
   20.764  20.868  21.150  21.161  21.662  21.800  22.045  22.084 
   22.168  22.768  23.095  23.251  23.634  23.721  23.871  23.882 
   24.013  24.059  24.095  24.212  24.289  24.361  24.469  24.493 
   24.524  24.755  25.524  25.552  25.717  25.893  25.990  26.074 
   26.123  26.178  26.422  26.509  26.801  28.178  28.689  29.070 
   32.850  33.299  33.343  33.399  34.199  34.533  34.678  34.764 
   35.264  35.501  41.409  41.603  41.669  42.071  59.514  61.237 
   63.392  63.630  64.431  65.020  65.673  66.201  66.347  66.466 
   66.895  67.258  68.011  68.175  68.342  68.923  69.047  69.755 
   78.273  80.344  91.454  91.472  91.625  91.741  91.756  91.940 
   92.019  92.050  92.910  93.026  93.060  93.092 137.351 139.827 
  172.242 172.450 173.298 174.971 175.590 176.192 317.053 320.389 
  532.457 532.620 533.302 536.368 536.860 537.356 743.005 747.137 
  1791.489 1796.237 2107.375 2107.489 2107.983 2112.181 2112.533 2112.889 
  4509.293 4514.443 12055.030 12060.402 35039.107 35044.579 114853.784 114859.285 
  454589.337 454594.831 2579387.013 2579392.474 


  >>> Running UHF-MP2 <<<

MP2 correlation energy (UHF) : -1.0268063750
MP2 total energy       (UHF) : -209.1832392347

