	*********************************************** 
	***** Beginning CEBE Calculation with MOM ***** 
	*****       Calculation Details:          ***** 
	      Geometry:	 /home/am3939/core/calculations/mols/exp/f/c2h3f.xyz
	      Core Basis:	 pcX-4
	      Full Basis:	 pc-4
	      DIIS (start, space):	 0 50
	      Level shift:	 0
	      Do localization?:	 False
	      Do SFX2C1E?:	 True
	      Freeze orbitals?:	 True
	      Use Cheng orbitals?:	 False
	      Do Special Basis?:	 True
	      Do Special Basis?:	 pcX-4
	*********************************************** 
	*********************************************** 

  >>> Running RHF <<<

init D/C      : minao
init ov       : zeros
no            : 12
nv            : 526
ov_size       : 6312
max_cycle     : 1000
conv          : 6
econv         : 9
method        : gdm
scale_stop    : 0
scale_factor  : 1.000000
init E        : -176.91111589313
init |[F,P]|  : 5.65e-03
init |dE|     : 1.27e-02
check file    : None

iter      total energy   |[F,P]|      |dE|         ∆E   comment
   1    -176.956057145  3.16e-03  7.39e-03  -4.49e-02  BFGS
   2    -176.969916987  4.01e-04  9.38e-04  -1.39e-02  BFGS
   3    -176.970245258  1.22e-04  2.81e-04  -3.28e-04  BFGS
   4    -176.970285204  4.76e-05  9.89e-05  -3.99e-05  BFGS
   5    -176.970289977  1.56e-05  3.17e-05  -4.77e-06  BFGS
   6    -176.970290679  5.16e-06  1.14e-05  -7.02e-07  BFGS
   7    -176.970290728  1.36e-06  2.73e-06  -4.89e-08  BFGS
   8    -176.970290733  3.92e-07  8.59e-07  -5.86e-09  BFGS
   9    -176.970290734  1.12e-07  2.48e-07  -5.70e-10  BFGS
                                                                      gdm is converged!

SCF converged : True
final |[F,P]| : 1.12e-07
final |dE|    : 2.48e-07
final Escf    : -244.445541146853
final Etot    : -176.97029073402

  pxp & ewc             :::        7.328 (  3.05%)
  apply B               :::        0.002 (  0.00%)
  linsrch               :::      232.616 ( 96.93%)
  grad                  :::        0.036 (  0.01%)
  Total                 :::      239.982 (100.00%)

Alpha occupied
  -26.303 -11.329 -11.237  -1.623  -1.049  -0.838  -0.736  -0.688 
   -0.680  -0.590  -0.560  -0.384 

Alpha virtual
    0.055   0.063   0.082   0.093   0.102   0.108   0.113   0.144 
    0.165   0.176   0.179   0.215   0.246   0.257   0.269   0.281 
    0.302   0.317   0.317   0.322   0.338   0.340   0.377   0.390 
    0.397   0.407   0.417   0.450   0.454   0.482   0.493   0.500 
    0.514   0.530   0.540   0.554   0.574   0.593   0.612   0.629 
    0.636   0.650   0.669   0.681   0.720   0.759   0.773   0.786 
    0.825   0.884   0.891   0.905   0.923   0.925   0.963   0.976 
    0.991   1.014   1.022   1.047   1.055   1.093   1.101   1.106 
    1.119   1.124   1.169   1.188   1.205   1.230   1.249   1.264 
    1.316   1.329   1.337   1.368   1.374   1.375   1.400   1.440 
    1.442   1.444   1.478   1.486   1.500   1.520   1.537   1.561 
    1.633   1.636   1.661   1.698   1.742   1.765   1.856   1.870 
    1.928   1.951   1.981   2.058   2.061   2.073   2.095   2.108 
    2.129   2.156   2.201   2.215   2.257   2.269   2.290   2.313 
    2.369   2.400   2.419   2.431   2.435   2.447   2.464   2.476 
    2.484   2.506   2.570   2.592   2.596   2.612   2.658   2.694 
    2.732   2.744   2.780   2.802   2.837   2.887   2.929   2.974 
    2.992   3.016   3.045   3.105   3.167   3.211   3.293   3.308 
    3.327   3.375   3.389   3.476   3.498   3.508   3.595   3.595 
    3.629   3.665   3.668   3.698   3.712   3.719   3.775   3.848 
    3.893   3.910   3.931   3.947   4.019   4.045   4.093   4.114 
    4.150   4.177   4.196   4.222   4.330   4.353   4.360   4.395 
    4.443   4.446   4.545   4.561   4.573   4.630   4.633   4.654 
    4.701   4.744   4.745   4.771   4.776   4.803   4.925   4.926 
    4.972   4.993   5.010   5.034   5.040   5.048   5.112   5.166 
    5.179   5.249   5.273   5.327   5.369   5.473   5.480   5.537 
    5.561   5.561   5.608   5.639   5.651   5.687   5.747   5.760 
    5.799   5.821   5.881   5.925   6.011   6.013   6.056   6.081 
    6.091   6.175   6.232   6.260   6.327   6.348   6.465   6.490 
    6.504   6.551   6.566   6.612   6.665   6.700   6.730   6.806 
    6.813   6.843   6.946   7.049   7.077   7.079   7.172   7.179 
    7.284   7.310   7.354   7.440   7.574   7.577   7.580   7.671 
    7.696   7.723   7.795   7.935   8.001   8.038   8.081   8.206 
    8.272   8.430   8.628   8.737   8.826   8.876   8.891   9.123 
    9.125   9.157   9.241   9.302   9.361   9.372   9.404   9.425 
    9.490   9.573   9.589   9.636   9.652   9.722   9.860   9.891 
    9.967  10.055  10.337  10.387  10.444  10.533  10.709  10.859 
   10.943  10.986  11.013  11.070  11.152  11.210  11.242  11.283 
   11.335  11.345  11.389  11.423  11.529  11.602  11.743  11.748 
   11.781  11.851  11.877  11.931  12.028  12.053  12.081  12.088 
   12.156  12.178  12.227  12.275  12.297  12.301  12.341  12.403 
   12.404  12.516  12.549  12.695  12.703  12.729  12.738  12.784 
   12.861  12.874  12.884  12.912  12.929  12.975  13.020  13.057 
   13.098  13.113  13.161  13.171  13.178  13.192  13.267  13.322 
   13.342  13.347  13.370  13.397  13.412  13.465  13.493  13.552 
   13.570  13.581  13.624  13.695  13.741  13.779  13.780  13.855 
   13.909  13.938  13.960  14.013  14.052  14.085  14.125  14.253 
   14.345  14.396  14.497  14.514  14.569  14.610  14.687  14.791 
   14.828  14.869  14.992  15.037  15.122  15.177  15.293  15.449 
   15.454  15.598  15.652  15.761  15.779  15.879  15.924  16.079 
   16.166  16.177  16.293  16.375  16.451  16.593  16.767  17.070 
   17.209  17.219  17.228  17.240  17.251  17.271  17.416  17.439 
   17.592  17.650  17.678  17.748  17.752  17.838  18.050  18.220 
   18.352  18.754  18.974  19.069  19.123  19.227  19.339  19.390 
   19.400  19.516  20.483  20.568  20.735  20.766  20.870  20.940 
   20.998  21.016  21.053  21.180  21.222  21.321  21.456  21.764 
   21.824  21.973  22.005  22.310  22.876  23.027  23.339  23.790 
   23.972  23.990  24.198  24.338  24.534  24.590  26.087  26.156 
   26.565  31.350  31.459  31.628  32.029  32.349  33.007  33.139 
   33.272  33.627  33.648  34.048  34.578  34.580  34.632  34.794 
   35.296  36.017  36.120  38.254  41.588  41.762  42.023  77.394 
   79.201  85.067  85.218  85.723  88.051  91.751  91.765  91.905 
   91.984  92.110  92.155  93.086  93.122  93.181  93.195  93.300 
   93.397  93.638  94.301 202.963 227.843 227.975 228.629 469.166 
  696.227 696.332 696.850 1100.571 2654.820 2738.548 2738.623 2738.997 
  6681.137 17849.221 51827.862 169672.834 670600.672 3802079.625 


  >>> Running RHF-MP2 <<<


RMP2-TIMING
  rmp2                  :::      164.791 (100.00%)
  Total                 :::      164.791 (100.00%)

MP2 correlation energy (RHF) : -0.7823844458
MP2 total energy       (RHF) : -177.7526751799


  >>> Running UHF <<<

init D/C      : input mo_coeff
init ov       : zeros
no            : 11 12
nv            : 527 526
ov_size       : 12109
max_cycle     : 1000
conv          : 6
econv         : 9
method        : diis
mom_start     : 0
guess mix     : 0.000000
orb_swap      : [[[0, 11]], []]
init E        : -150.6671880452
init S2       : 0.750000000000117
init |[F,P]|  : 2.22e-02
init |dE|     : 6.50e-02
check file    : None

iter      total energy   |[F,P]|      |dE|         ∆E   S^2   comment
   1    -151.328182760  9.75e-03  3.02e-02  -6.61e-01  0.75  DIIS mom: 10.7/11 11.7/12
   2    -151.555898147  9.13e-04  2.46e-03  -2.28e-01  0.75  DIIS mom: 11.0/11 12.0/12
   3    -151.558602557  2.51e-04  5.87e-04  -2.70e-03  0.76  DIIS mom: 11.0/11 12.0/12
   4    -151.558931403  1.14e-04  2.69e-04  -3.29e-04  0.76  DIIS mom: 11.0/11 12.0/12
   5    -151.559051834  4.51e-05  1.01e-04  -1.20e-04  0.76  DIIS mom: 11.0/11 12.0/12
   6    -151.559067820  1.89e-05  3.46e-05  -1.60e-05  0.76  DIIS mom: 11.0/11 12.0/12
   7    -151.559071962  1.58e-05  2.62e-05  -4.14e-06  0.76  DIIS mom: 11.0/11 12.0/12
   8    -151.559075772  1.52e-05  2.49e-05  -3.81e-06  0.76  DIIS mom: 11.0/11 12.0/12
   9    -151.559082226  1.49e-05  2.45e-05  -6.45e-06  0.76  DIIS mom: 11.0/11 12.0/12
  10    -151.559107720  1.39e-05  2.29e-05  -2.55e-05  0.76  DIIS mom: 11.0/11 12.0/12
  11    -151.559189753  1.14e-05  2.07e-05  -8.20e-05  0.78  DIIS mom: 11.0/11 12.0/12
  12    -151.559195327  5.65e-06  9.83e-06  -5.57e-06  0.78  DIIS mom: 11.0/11 12.0/12
  13    -151.559200149  5.30e-06  1.01e-05  -4.82e-06  0.80  DIIS mom: 11.0/11 12.0/12
  14    -151.559198727  5.07e-06  9.37e-06   1.42e-06  0.79  DIIS mom: 11.0/11 12.0/12
  15    -151.559201005  5.08e-07  9.76e-07  -2.28e-06  0.79  DIIS mom: 11.0/11 12.0/12
  16    -151.559201004  3.81e-07  7.18e-07   1.03e-10  0.79  DIIS mom: 11.0/11 12.0/12
                                                                      diis is converged!

SCF converged : True
final |[F,P]| : 3.81e-07
final |dE|    : 7.18e-07
final Escf    : -219.034451417231
final Etot    : -151.559201004398
final S2      : 0.793149809111384

  diis prep             :::        0.261 (  0.06%)
  diis extrap           :::        0.225 (  0.05%)
  roothaan              :::        1.645 (  0.37%)
  fock build            :::      447.953 ( 99.53%)
  Total                 :::      450.084 (100.00%)

Alpha occupied
  -11.605 -11.519  -2.175  -1.412  -1.307  -1.291  -1.251  -1.009 
   -0.898  -0.835  -0.670 

Alpha virtual
  -24.529  -0.113  -0.105  -0.078  -0.074  -0.058  -0.045  -0.031 
   -0.006   0.001   0.013   0.018   0.041   0.042   0.065   0.079 
    0.095   0.123   0.125   0.135   0.148   0.154   0.156   0.181 
    0.208   0.211   0.214   0.226   0.246   0.257   0.270   0.316 
    0.316   0.326   0.339   0.347   0.353   0.388   0.395   0.416 
    0.433   0.446   0.458   0.470   0.486   0.529   0.554   0.559 
    0.570   0.595   0.623   0.652   0.655   0.681   0.698   0.708 
    0.739   0.744   0.759   0.788   0.801   0.810   0.864   0.868 
    0.872   0.895   0.896   0.963   0.966   0.987   1.011   1.012 
    1.051   1.091   1.115   1.128   1.151   1.152   1.166   1.186 
    1.216   1.223   1.231   1.267   1.274   1.276   1.308   1.323 
    1.344   1.406   1.421   1.445   1.491   1.512   1.522   1.620 
    1.621   1.685   1.696   1.703   1.774   1.812   1.831   1.845 
    1.854   1.856   1.874   1.929   1.961   1.974   2.012   2.020 
    2.029   2.059   2.098   2.112   2.120   2.131   2.134   2.181 
    2.196   2.221   2.248   2.311   2.312   2.323   2.328   2.380 
    2.433   2.453   2.468   2.495   2.512   2.540   2.597   2.635 
    2.716   2.739   2.767   2.773   2.839   2.905   2.951   3.016 
    3.047   3.068   3.132   3.134   3.170   3.202   3.253   3.335 
    3.352   3.390   3.427   3.427   3.450   3.462   3.472   3.517 
    3.571   3.634   3.663   3.673   3.691   3.776   3.800   3.839 
    3.868   3.899   3.928   3.962   3.976   4.063   4.094   4.113 
    4.138   4.184   4.196   4.266   4.302   4.307   4.368   4.374 
    4.394   4.450   4.478   4.490   4.517   4.523   4.540   4.656 
    4.659   4.709   4.732   4.744   4.762   4.768   4.784   4.858 
    4.902   4.913   4.973   5.010   5.055   5.090   5.181   5.187 
    5.211   5.246   5.257   5.278   5.311   5.331   5.401   5.409 
    5.433   5.482   5.507   5.562   5.605   5.612   5.626   5.726 
    5.735   5.745   5.823   5.950   5.957   6.002   6.004   6.125 
    6.156   6.191   6.234   6.250   6.265   6.355   6.393   6.450 
    6.492   6.537   6.550   6.681   6.723   6.766   6.815   6.879 
    6.910   6.961   7.009   7.032   7.107   7.234   7.250   7.268 
    7.307   7.351   7.398   7.463   7.635   7.667   7.719   7.802 
    7.887   7.983   8.139   8.275   8.370   8.548   8.571   8.640 
    8.831   8.876   8.900   8.974   9.051   9.109   9.123   9.130 
    9.147   9.201   9.305   9.322   9.327   9.395   9.446   9.600 
    9.632   9.710   9.763   9.991  10.122  10.168  10.228  10.427 
   10.548  10.668  10.705  10.740  10.794  10.882  10.928  10.971 
   11.010  11.062  11.070  11.094  11.153  11.258  11.325  11.462 
   11.466  11.504  11.577  11.599  11.649  11.753  11.767  11.780 
   11.812  11.881  11.903  11.942  11.977  11.980  12.010  12.068 
   12.128  12.135  12.234  12.251  12.312  12.333  12.420  12.441 
   12.461  12.507  12.516  12.600  12.614  12.621  12.673  12.700 
   12.724  12.732  12.796  12.842  12.863  12.864  12.895  12.910 
   12.919  12.929  13.021  13.045  13.049  13.094  13.160  13.174 
   13.253  13.256  13.283  13.310  13.394  13.407  13.432  13.455 
   13.483  13.536  13.583  13.651  13.684  13.694  13.784  13.823 
   13.938  13.981  14.009  14.102  14.116  14.196  14.214  14.310 
   14.430  14.460  14.536  14.597  14.681  14.695  14.842  14.938 
   15.032  15.178  15.255  15.266  15.365  15.405  15.503  15.644 
   15.676  15.717  15.867  15.981  16.004  16.059  16.292  16.493 
   16.771  16.944  16.964  16.971  16.985  16.992  17.011  17.021 
   17.127  17.316  17.336  17.426  17.484  17.488  17.568  17.737 
   17.874  18.060  18.475  18.724  18.816  18.865  18.927  19.070 
   19.116  19.143  19.264  20.206  20.310  20.481  20.503  20.514 
   20.521  20.629  20.686  20.718  20.745  20.821  21.045  21.168 
   21.300  21.427  21.623  21.686  22.014  22.416  22.594  23.007 
   23.367  23.712  23.737  23.942  24.075  24.277  24.336  25.830 
   25.893  26.307  30.414  30.524  30.715  31.111  31.496  32.722 
   32.837  32.990  33.320  33.364  33.515  33.531  33.739  34.241 
   34.347  34.891  35.371  35.749  37.321  41.327  41.506  41.761 
   77.114  78.917  83.292  83.441  83.972  86.433  91.148  91.220 
   91.369  91.482  91.507  91.635  91.643  91.730  91.854  91.892 
   92.380  92.888  92.946  93.171 200.448 224.889 225.020 225.681 
  465.598 691.842 691.946 692.467 1096.005 2649.464 2732.926 2733.000 
  2733.375 6675.247 17843.021 51821.506 169666.410 670594.222 3802073.167 

Beta occupied
  -30.042 -11.611 -11.515  -2.310  -1.483  -1.392  -1.387  -1.268 
   -1.018  -0.898  -0.834  -0.685 

Beta virtual
   -0.111  -0.107  -0.078  -0.077  -0.058  -0.053  -0.032  -0.010 
    0.004   0.011   0.017   0.037   0.040   0.063   0.078   0.095 
    0.121   0.125   0.135   0.147   0.155   0.156   0.178   0.208 
    0.210   0.214   0.226   0.244   0.260   0.267   0.316   0.317 
    0.326   0.339   0.348   0.352   0.389   0.395   0.416   0.434 
    0.447   0.456   0.471   0.487   0.529   0.552   0.555   0.569 
    0.591   0.615   0.654   0.655   0.680   0.697   0.709   0.740 
    0.742   0.760   0.789   0.798   0.810   0.858   0.868   0.877 
    0.894   0.896   0.964   0.967   0.987   1.011   1.012   1.052 
    1.090   1.116   1.129   1.151   1.152   1.167   1.186   1.216 
    1.224   1.231   1.266   1.275   1.276   1.308   1.322   1.345 
    1.406   1.421   1.445   1.490   1.513   1.518   1.619   1.622 
    1.686   1.692   1.703   1.776   1.813   1.831   1.838   1.853 
    1.859   1.876   1.931   1.961   1.973   2.001   2.009   2.022 
    2.053   2.084   2.099   2.119   2.134   2.135   2.182   2.191 
    2.220   2.246   2.307   2.308   2.320   2.330   2.377   2.434 
    2.454   2.468   2.492   2.503   2.540   2.594   2.636   2.717 
    2.739   2.767   2.774   2.840   2.906   2.952   3.013   3.047 
    3.067   3.133   3.134   3.168   3.201   3.254   3.333   3.352 
    3.392   3.426   3.427   3.451   3.462   3.473   3.516   3.571 
    3.633   3.664   3.672   3.690   3.776   3.799   3.837   3.867 
    3.899   3.928   3.963   3.976   4.059   4.095   4.112   4.137 
    4.183   4.197   4.266   4.302   4.308   4.368   4.374   4.394 
    4.450   4.476   4.491   4.518   4.527   4.541   4.656   4.659 
    4.709   4.731   4.742   4.758   4.768   4.784   4.858   4.901 
    4.912   4.969   5.010   5.054   5.089   5.172   5.176   5.203 
    5.235   5.251   5.274   5.304   5.327   5.382   5.408   5.426 
    5.440   5.486   5.544   5.576   5.587   5.615   5.714   5.730 
    5.732   5.821   5.948   5.948   5.995   5.995   6.126   6.148 
    6.184   6.233   6.252   6.265   6.353   6.391   6.450   6.493 
    6.537   6.549   6.682   6.719   6.764   6.814   6.878   6.913 
    6.958   7.009   7.033   7.107   7.231   7.250   7.270   7.310 
    7.352   7.398   7.463   7.634   7.669   7.719   7.801   7.887 
    7.983   8.139   8.277   8.360   8.544   8.572   8.640   8.829 
    8.876   8.901   8.974   9.051   9.109   9.123   9.131   9.148 
    9.201   9.306   9.323   9.326   9.395   9.445   9.600   9.632 
    9.710   9.763   9.982  10.122  10.168  10.228  10.427  10.546 
   10.668  10.705  10.738  10.793  10.885  10.928  10.971  11.011 
   11.063  11.069  11.095  11.154  11.259  11.325  11.462  11.465 
   11.505  11.578  11.600  11.648  11.753  11.764  11.779  11.812 
   11.880  11.902  11.942  11.974  11.979  12.008  12.070  12.128 
   12.134  12.229  12.248  12.297  12.307  12.420  12.442  12.456 
   12.507  12.509  12.600  12.607  12.615  12.668  12.694  12.720 
   12.728  12.794  12.840  12.860  12.865  12.894  12.910  12.921 
   12.930  13.021  13.046  13.048  13.093  13.159  13.171  13.247 
   13.256  13.279  13.291  13.364  13.386  13.410  13.441  13.456 
   13.515  13.550  13.650  13.674  13.687  13.782  13.814  13.898 
   13.946  13.957  14.068  14.096  14.192  14.195  14.296  14.370 
   14.457  14.517  14.596  14.671  14.686  14.785  14.918  15.016 
   15.177  15.249  15.257  15.357  15.404  15.501  15.641  15.656 
   15.711  15.866  15.962  16.004  16.057  16.290  16.493  16.768 
   16.941  16.964  16.970  16.979  16.992  17.009  17.021  17.122 
   17.310  17.336  17.426  17.484  17.488  17.565  17.734  17.864 
   18.059  18.474  18.724  18.817  18.865  18.918  19.069  19.115 
   19.144  19.264  20.203  20.309  20.481  20.502  20.509  20.516 
   20.628  20.686  20.713  20.741  20.820  21.045  21.166  21.294 
   21.423  21.615  21.686  22.014  22.409  22.588  23.002  23.353 
   23.713  23.737  23.942  24.075  24.277  24.335  25.830  25.893 
   26.307  30.339  30.450  30.639  31.032  31.410  32.715  32.817 
   32.991  33.255  33.277  33.381  33.382  33.518  34.216  34.345 
   34.809  35.245  35.748  37.049  41.327  41.506  41.761  77.113 
   78.915  82.855  83.005  83.536  85.967  90.899  90.971  91.119 
   91.399  91.482  91.507  91.643  91.718  91.850  91.891  92.135 
   92.887  92.945  93.170 199.950 224.358 224.489 225.152 465.157 
  691.379 691.484 692.005 1095.672 2649.246 2732.664 2732.738 2733.114 
  6675.124 17842.960 51821.479 169666.400 670594.219 3802073.166 


  >>> Running UHF-MP2 <<<

MP2 correlation energy (UHF) : -0.7151210042
MP2 total energy       (UHF) : -152.2743220086

