	*********************************************** 
	***** Beginning CEBE Calculation with MOM ***** 
	*****       Calculation Details:          ***** 
	      Geometry:	 /home/am3939/core/calculations/mols/exp/c/c-f4.xyz
	      Core Basis:	 pcX-4
	      Full Basis:	 pc-4
	      DIIS (start, space):	 0 50
	      Level shift:	 0
	      Do localization?:	 False
	      Do SFX2C1E?:	 True
	      Freeze orbitals?:	 True
	      Use Cheng orbitals?:	 False
	      Do Special Basis?:	 True
	      Do Special Basis?:	 pcX-4
	*********************************************** 
	*********************************************** 

  >>> Running RHF <<<

init D/C      : minao
init ov       : zeros
no            : 21
nv            : 546
ov_size       : 11466
max_cycle     : 1000
conv          : 6
econv         : 9
method        : gdm
scale_stop    : 0
scale_factor  : 1.000000
init E        : -435.664284080608
init |[F,P]|  : 1.02e-02
init |dE|     : 1.99e-02
check file    : None

iter      total energy   |[F,P]|      |dE|         ∆E   comment
   1    -435.796423942  6.47e-03  1.27e-02  -1.32e-01  BFGS
   2    -435.860260593  5.39e-04  1.27e-03  -6.38e-02  BFGS
   3    -435.861296802  1.56e-04  3.42e-04  -1.04e-03  BFGS
   4    -435.861398846  4.79e-05  9.80e-05  -1.02e-04  BFGS
   5    -435.861404064  8.67e-06  1.81e-05  -5.22e-06  BFGS
   6    -435.861404305  1.36e-06  2.65e-06  -2.41e-07  BFGS
   7    -435.861404311  1.81e-07  3.91e-07  -5.56e-09  BFGS
   8    -435.861404311  2.48e-08  5.22e-08  -9.83e-11  BFGS
                                                                      gdm is converged!

SCF converged : True
final |[F,P]| : 2.48e-08
final |dE|    : 5.22e-08
final Escf    : -642.524588467438
final Etot    : -435.861404310706

  pxp & ewc             :::        0.311 (  0.12%)
  apply B               :::        0.002 (  0.00%)
  linsrch               :::      266.958 ( 99.88%)
  grad                  :::        0.012 (  0.00%)
  Total                 :::      267.283 (100.00%)

Alpha occupied
  -26.371 -26.371 -26.371 -26.371 -11.607  -1.807  -1.680  -1.680 
   -1.680  -1.011  -0.891  -0.891  -0.891  -0.766  -0.766  -0.713 
   -0.713  -0.713  -0.685  -0.685  -0.685 

Alpha virtual
    0.087   0.087   0.087   0.106   0.202   0.202   0.207   0.207 
    0.207   0.276   0.306   0.306   0.306   0.307   0.307   0.307 
    0.346   0.346   0.346   0.420   0.420   0.420   0.454   0.486 
    0.486   0.486   0.496   0.496   0.606   0.693   0.719   0.719 
    0.719   0.839   0.839   0.847   0.847   0.847   0.889   0.889 
    0.889   0.914   0.914   0.914   0.921   0.921   0.921   0.954 
    0.965   0.965   0.976   0.976   0.976   1.042   1.042   1.116 
    1.116   1.116   1.334   1.334   1.334   1.342   1.342   1.342 
    1.371   1.420   1.420   1.420   1.446   1.446   1.574   1.574 
    1.574   1.861   1.927   1.927   1.927   2.031   2.073   2.073 
    2.073   2.122   2.122   2.122   2.230   2.230   2.252   2.252 
    2.252   2.330   2.330   2.330   2.334   2.334   2.334   2.343 
    2.343   2.400   2.452   2.452   2.452   2.480   2.480   2.480 
    2.529   2.529   2.529   2.619   2.621   2.621   2.626   2.655 
    2.655   2.655   2.673   2.673   2.673   2.793   2.793   2.883 
    2.883   2.883   2.960   2.960   2.960   2.985   3.158   3.158 
    3.218   3.218   3.218   3.364   3.364   3.364   3.476   3.476 
    3.476   3.606   3.606   3.606   3.646   3.646   3.646   3.882 
    4.030   4.030   4.030   4.067   4.175   4.175   4.211   4.211 
    4.211   4.754   4.754   4.754   4.977   4.977   4.977   5.021 
    5.073   5.073   5.416   5.463   5.463   5.471   5.471   5.471 
    5.502   5.502   5.502   5.657   5.657   5.657   5.690   5.690 
    5.800   5.800   5.800   5.810   5.866   5.866   5.866   5.899 
    5.899   5.899   6.017   6.045   6.045   6.045   6.106   6.106 
    6.106   6.125   6.125   6.196   6.196   6.196   6.479   6.486 
    6.486   6.486   6.546   6.546   6.546   6.564   6.596   6.596 
    6.605   6.605   6.605   6.795   6.795   6.795   6.839   6.839 
    6.839   6.908   6.975   6.975   6.975   7.062   7.062   7.062 
    7.180   7.180   7.267   7.267   7.267   7.296   7.296   7.401 
    7.401   7.401   7.567   7.567   7.567   7.648   7.733   7.733 
    7.780   7.780   7.780   7.807   7.910   7.910   7.910   8.243 
    8.243   8.243   8.381   8.381   8.381   8.644   8.644   8.644 
    8.715   8.817   8.817   8.817   9.133   9.134   9.134   9.134 
    9.479   9.479   9.635   9.635   9.752   9.752   9.752  10.099 
   10.099  10.099  10.253  10.253  10.253  10.728  11.451  11.451 
   11.451  11.525  11.525  11.525  11.908  11.908  11.908  12.078 
   12.078  12.120  12.187  12.187  12.187  12.615  12.615  12.615 
   12.651  12.651  12.733  12.766  12.766  12.878  12.878  12.878 
   12.963  12.963  12.963  13.052  13.052  13.052  13.155  13.155 
   13.155  13.192  13.192  13.224  13.246  13.246  13.246  13.275 
   13.275  13.275  13.280  13.280  13.280  13.291  13.291  13.291 
   13.295  13.295  13.352  13.499  13.499  13.540  13.540  13.540 
   13.598  13.598  13.598  13.604  13.604  13.604  13.744  13.744 
   13.744  13.932  13.932  13.932  14.057  14.057  14.104  14.198 
   14.198  14.198  14.341  14.341  14.495  14.495  14.495  14.603 
   14.882  14.882  14.882  15.033  15.033  15.033  15.141  15.141 
   15.170  15.170  15.170  15.303  15.303  15.303  15.381  15.381 
   15.381  15.547  15.547  15.547  15.574  15.702  15.702  15.743 
   15.754  15.754  15.754  15.763  15.763  15.763  15.859  15.859 
   15.859  15.913  16.047  16.232  16.232  16.232  16.353  16.353 
   16.485  16.485  16.485  16.565  16.565  16.565  17.143  17.143 
   17.143  17.708  17.708  17.708  18.029  18.142  18.142  18.142 
   18.244  18.244  20.683  20.931  20.931  20.931  20.933  20.949 
   20.949  20.961  20.961  20.961  21.028  21.028  21.028  21.196 
   21.196  21.196  21.282  21.282  21.282  21.506  21.845  21.845 
   21.845  21.919  21.919  21.919  22.189  22.189  22.922  22.922 
   23.042  23.042  23.042  23.098  23.098  23.098  23.110  23.483 
   23.483  23.483  29.777  31.262  31.262  31.374  31.374  31.374 
   31.447  31.447  31.447  31.815  31.815  31.815  31.846  31.846 
   31.984  31.984  31.984  32.481  32.481  32.481  33.574  33.682 
   33.682  34.822  34.822  34.822  37.069  37.069  37.069  43.086 
   43.086  43.086  43.173  43.173  43.202  43.202  43.202  43.368 
   43.396  43.396  43.396  45.686  46.220  46.220  46.220  62.400 
   93.003  93.003  93.073  93.073  93.073  93.125  93.125  93.125 
   93.421  93.421  93.421  93.453  93.453  93.453  93.514  93.514 
   94.022  94.022  94.022  94.663  95.043  95.043  95.043 136.500 
  205.471 206.247 206.247 206.247 288.896 288.896 288.896 310.815 
  739.213 1137.828 1137.828 1137.828 1851.044 4946.486 14407.831 47393.225 
  188467.990 1077044.037 


  >>> Running RHF-MP2 <<<


RMP2-TIMING
  rmp2                  :::      217.826 (100.00%)
  Total                 :::      217.826 (100.00%)

MP2 correlation energy (RHF) : -1.5500714115
MP2 total energy       (RHF) : -437.4114757222


  >>> Running UHF <<<

init D/C      : input mo_coeff
init ov       : zeros
no            : 20 21
nv            : 547 546
ov_size       : 22406
max_cycle     : 1000
conv          : 6
econv         : 9
method        : diis
mom_start     : 0
guess mix     : 0.000000
orb_swap      : [[[4, 20]], []]
init E        : -424.254797549778
init S2       : 0.750000000000075
init |[F,P]|  : 1.35e-02
init |dE|     : 2.77e-02
check file    : None

iter      total energy   |[F,P]|      |dE|         ∆E   S^2   comment
   1    -424.511549628  8.89e-03  1.75e-02  -2.57e-01  0.75  DIIS mom: 19.8/20 20.7/21
   2    -424.734613755  1.67e-03  3.55e-03  -2.23e-01  0.76  DIIS mom: 19.9/20 20.9/21
   3    -424.745438739  3.98e-04  8.59e-04  -1.08e-02  0.76  DIIS mom: 20.0/20 21.0/21
   4    -424.746809437  2.31e-04  4.46e-04  -1.37e-03  0.77  DIIS mom: 20.0/20 21.0/21
   5    -424.747773199  1.42e-04  2.73e-04  -9.64e-04  0.78  DIIS mom: 20.0/20 21.0/21
   6    -424.748357857  6.40e-05  1.25e-04  -5.85e-04  0.80  DIIS mom: 20.0/20 21.0/21
   7    -424.748485466  9.24e-06  1.86e-05  -1.28e-04  0.81  DIIS mom: 20.0/20 21.0/21
   8    -424.748486267  1.73e-06  3.46e-06  -8.01e-07  0.81  DIIS mom: 20.0/20 21.0/21
   9    -424.748486281  1.57e-07  3.53e-07  -1.40e-08  0.81  DIIS mom: 20.0/20 21.0/21
  10    -424.748486281  3.77e-08  8.29e-08  -2.60e-10  0.81  DIIS mom: 20.0/20 21.0/21
                                                                      diis is converged!

SCF converged : True
final |[F,P]| : 3.77e-08
final |dE|    : 8.29e-08
final Escf    : -631.411670438192
final Etot    : -424.74848628146
final S2      : 0.810941112302437

  diis prep             :::        0.105 (  0.03%)
  diis extrap           :::        0.085 (  0.02%)
  roothaan              :::        0.827 (  0.24%)
  fock build            :::      350.533 ( 99.71%)
  Total                 :::      351.549 (100.00%)

Alpha occupied
  -26.738 -26.738 -26.738 -26.738  -2.173  -2.032  -2.032  -2.032 
   -1.383  -1.259  -1.259  -1.259  -1.099  -1.099  -1.046  -1.046 
   -1.046  -1.022  -1.022  -1.022 

Alpha virtual
  -10.564  -0.087  -0.069  -0.069  -0.069  -0.026  -0.026  -0.026 
    0.032   0.032   0.053   0.053   0.053   0.056   0.110   0.129 
    0.129   0.129   0.134   0.134   0.134   0.170   0.170   0.170 
    0.255   0.255   0.255   0.296   0.296   0.360   0.473   0.504 
    0.504   0.504   0.598   0.598   0.608   0.608   0.608   0.650 
    0.650   0.650   0.661   0.661   0.661   0.689   0.689   0.689 
    0.712   0.712   0.719   0.743   0.743   0.743   0.803   0.803 
    0.854   0.854   0.854   1.092   1.092   1.092   1.097   1.097 
    1.097   1.117   1.173   1.173   1.200   1.200   1.200   1.312 
    1.312   1.312   1.590   1.642   1.642   1.642   1.754   1.779 
    1.779   1.779   1.799   1.799   1.799   1.942   1.942   1.974 
    1.974   1.974   2.044   2.044   2.044   2.049   2.049   2.049 
    2.066   2.066   2.116   2.169   2.169   2.169   2.197   2.197 
    2.197   2.241   2.241   2.241   2.316   2.316   2.320   2.346 
    2.387   2.387   2.387   2.394   2.394   2.394   2.517   2.517 
    2.551   2.551   2.551   2.684   2.684   2.684   2.711   2.882 
    2.882   2.933   2.933   2.933   3.069   3.069   3.069   3.118 
    3.118   3.118   3.320   3.320   3.320   3.365   3.365   3.365 
    3.552   3.712   3.712   3.712   3.760   3.848   3.848   3.903 
    3.903   3.903   4.425   4.425   4.425   4.618   4.618   4.618 
    4.694   4.719   4.719   5.045   5.131   5.131   5.150   5.150 
    5.150   5.158   5.158   5.158   5.295   5.295   5.295   5.364 
    5.364   5.470   5.486   5.486   5.486   5.546   5.546   5.546 
    5.551   5.551   5.551   5.690   5.727   5.727   5.727   5.786 
    5.786   5.786   5.795   5.795   5.858   5.858   5.858   6.135 
    6.175   6.175   6.175   6.231   6.231   6.231   6.257   6.268 
    6.268   6.270   6.270   6.270   6.417   6.417   6.417   6.494 
    6.494   6.494   6.578   6.654   6.654   6.654   6.740   6.740 
    6.740   6.864   6.864   6.949   6.949   6.949   6.980   6.980 
    7.087   7.087   7.087   7.261   7.261   7.261   7.338   7.426 
    7.426   7.466   7.466   7.466   7.493   7.599   7.599   7.599 
    7.913   7.913   7.913   8.061   8.061   8.061   8.282   8.282 
    8.282   8.387   8.499   8.499   8.499   8.774   8.782   8.782 
    8.782   9.131   9.131   9.304   9.304   9.408   9.408   9.408 
    9.719   9.719   9.719   9.851   9.851   9.851  10.360  11.028 
   11.028  11.028  11.168  11.168  11.168  11.503  11.503  11.503 
   11.511  11.511  11.565  11.776  11.776  11.776  12.241  12.241 
   12.241  12.260  12.260  12.333  12.333  12.333  12.340  12.436 
   12.436  12.619  12.619  12.619  12.713  12.713  12.713  12.807 
   12.807  12.807  12.848  12.848  12.897  12.921  12.921  12.921 
   12.934  12.934  12.934  12.958  12.965  12.965  12.965  12.975 
   12.975  12.975  12.975  12.975  13.165  13.165  13.195  13.195 
   13.195  13.211  13.211  13.211  13.257  13.257  13.257  13.366 
   13.366  13.366  13.594  13.594  13.594  13.699  13.699  13.730 
   13.839  13.839  13.839  13.976  13.976  14.111  14.111  14.111 
   14.247  14.503  14.503  14.503  14.676  14.676  14.676  14.790 
   14.790  14.812  14.812  14.812  14.946  14.946  14.946  15.041 
   15.041  15.041  15.081  15.081  15.081  15.220  15.343  15.343 
   15.343  15.343  15.343  15.417  15.426  15.426  15.426  15.520 
   15.520  15.520  15.586  15.646  15.877  15.877  15.877  16.014 
   16.014  16.115  16.115  16.115  16.219  16.219  16.219  16.738 
   16.738  16.738  17.353  17.353  17.353  17.583  17.756  17.756 
   17.756  17.850  17.850  20.295  20.554  20.554  20.554  20.594 
   20.607  20.607  20.607  20.625  20.625  20.649  20.649  20.649 
   20.856  20.856  20.856  20.938  20.938  20.938  21.166  21.498 
   21.498  21.498  21.570  21.570  21.570  21.840  21.840  22.556 
   22.556  22.681  22.681  22.681  22.739  22.743  22.743  22.743 
   23.106  23.106  23.106  28.858  30.919  30.919  31.032  31.032 
   31.032  31.101  31.101  31.101  31.355  31.355  31.376  31.376 
   31.376  31.620  31.620  31.620  31.959  31.959  31.959  32.600 
   32.600  33.198  33.769  33.769  33.769  35.935  35.935  35.935 
   42.734  42.734  42.734  42.821  42.821  42.851  42.851  42.851 
   43.011  43.036  43.036  43.036  45.313  45.831  45.831  45.831 
   60.962  92.551  92.551  92.551  92.649  92.649  92.719  92.719 
   92.719  92.791  92.791  92.791  93.084  93.084  93.084  93.145 
   93.145  93.164  93.164  93.164  93.981  93.981  93.981  94.287 
  134.404 205.112 205.887 205.887 205.887 285.937 285.937 285.937 
  308.028 735.832 1134.070 1134.070 1134.070 1847.233 4942.413 14403.621 
  47388.953 188463.694 1077039.734 

Beta occupied
  -26.733 -26.733 -26.733 -26.733 -14.241  -2.195  -2.022  -2.022 
   -2.022  -1.422  -1.272  -1.272  -1.272  -1.096  -1.096  -1.028 
   -1.028  -1.028  -1.019  -1.019  -1.019 

Beta virtual
   -0.089  -0.086  -0.086  -0.086  -0.058  -0.058  -0.058   0.010 
    0.032   0.032   0.051   0.051   0.051   0.109   0.129   0.129 
    0.129   0.134   0.134   0.134   0.167   0.167   0.167   0.253 
    0.253   0.253   0.296   0.296   0.355   0.478   0.505   0.505 
    0.505   0.597   0.597   0.610   0.610   0.610   0.650   0.650 
    0.650   0.651   0.651   0.651   0.690   0.690   0.690   0.711 
    0.711   0.722   0.743   0.743   0.743   0.802   0.802   0.848 
    0.848   0.848   1.088   1.088   1.088   1.097   1.097   1.097 
    1.106   1.167   1.167   1.202   1.202   1.202   1.311   1.311 
    1.311   1.584   1.643   1.643   1.643   1.754   1.768   1.768 
    1.768   1.793   1.793   1.793   1.941   1.941   1.975   1.975 
    1.975   2.044   2.044   2.044   2.053   2.053   2.053   2.067 
    2.067   2.113   2.169   2.169   2.169   2.197   2.197   2.197 
    2.239   2.239   2.239   2.298   2.307   2.307   2.345   2.388 
    2.388   2.388   2.395   2.395   2.395   2.518   2.518   2.538 
    2.538   2.538   2.684   2.684   2.684   2.711   2.883   2.883 
    2.933   2.933   2.933   3.070   3.070   3.070   3.096   3.096 
    3.096   3.321   3.321   3.321   3.366   3.366   3.366   3.518 
    3.708   3.708   3.708   3.761   3.844   3.844   3.901   3.901 
    3.901   4.419   4.419   4.419   4.604   4.604   4.604   4.677 
    4.709   4.709   5.010   5.127   5.127   5.150   5.150   5.150 
    5.154   5.154   5.154   5.276   5.276   5.276   5.363   5.363 
    5.457   5.486   5.486   5.486   5.533   5.533   5.533   5.557 
    5.557   5.557   5.693   5.728   5.728   5.728   5.785   5.785 
    5.785   5.793   5.793   5.852   5.852   5.852   6.115   6.176 
    6.176   6.176   6.232   6.232   6.232   6.257   6.260   6.260 
    6.260   6.271   6.271   6.402   6.402   6.402   6.490   6.490 
    6.490   6.567   6.656   6.656   6.656   6.743   6.743   6.743 
    6.866   6.866   6.951   6.951   6.951   6.983   6.983   7.088 
    7.088   7.088   7.261   7.261   7.261   7.339   7.426   7.426 
    7.467   7.467   7.467   7.496   7.600   7.600   7.600   7.914 
    7.914   7.914   8.061   8.061   8.061   8.274   8.274   8.274 
    8.382   8.500   8.500   8.500   8.764   8.776   8.776   8.776 
    9.130   9.130   9.304   9.304   9.406   9.406   9.406   9.712 
    9.712   9.712   9.841   9.841   9.841  10.354  11.015  11.015 
   11.015  11.164  11.164  11.164  11.443  11.475  11.475  11.491 
   11.491  11.491  11.770  11.770  11.770  12.235  12.235  12.235 
   12.253  12.253  12.269  12.269  12.269  12.325  12.437  12.437 
   12.620  12.620  12.620  12.713  12.713  12.713  12.802  12.802 
   12.802  12.849  12.849  12.899  12.922  12.922  12.922  12.936 
   12.936  12.936  12.941  12.964  12.964  12.964  12.974  12.974 
   12.974  12.975  12.975  13.168  13.168  13.199  13.199  13.199 
   13.199  13.199  13.199  13.259  13.259  13.259  13.363  13.363 
   13.363  13.597  13.597  13.597  13.699  13.699  13.727  13.839 
   13.839  13.839  13.974  13.974  14.107  14.107  14.107  14.253 
   14.501  14.501  14.501  14.675  14.675  14.675  14.792  14.792 
   14.813  14.813  14.813  14.939  14.939  14.939  15.035  15.035 
   15.035  15.042  15.042  15.042  15.223  15.328  15.328  15.328 
   15.345  15.345  15.417  15.426  15.426  15.426  15.520  15.520 
   15.520  15.585  15.624  15.879  15.879  15.879  16.018  16.018 
   16.115  16.115  16.115  16.221  16.221  16.221  16.726  16.726 
   16.726  17.357  17.357  17.357  17.543  17.751  17.751  17.751 
   17.846  17.846  20.291  20.537  20.537  20.537  20.597  20.607 
   20.607  20.607  20.625  20.625  20.648  20.648  20.648  20.859 
   20.859  20.859  20.940  20.940  20.940  21.168  21.502  21.502 
   21.502  21.574  21.574  21.574  21.844  21.844  22.559  22.559 
   22.685  22.685  22.685  22.740  22.747  22.747  22.747  23.109 
   23.109  23.109  28.608  30.920  30.920  31.033  31.033  31.033 
   31.102  31.102  31.102  31.325  31.325  31.357  31.357  31.357 
   31.626  31.626  31.626  31.939  31.939  31.939  32.504  32.504 
   33.205  33.617  33.617  33.617  35.738  35.738  35.738  42.735 
   42.735  42.735  42.822  42.822  42.852  42.852  42.852  43.014 
   43.039  43.039  43.039  45.316  45.832  45.832  45.832  60.651 
   92.259  92.259  92.259  92.649  92.649  92.720  92.720  92.720 
   92.782  92.782  92.782  93.087  93.087  93.087  93.142  93.142 
   93.142  93.148  93.148  93.952  93.952  93.952  94.290 134.091 
  205.112 205.888 205.888 205.888 285.616 285.616 285.616 307.764 
  735.643 1133.886 1133.886 1133.886 1847.119 4942.354 14403.594 47388.943 
  188463.691 1077039.734 


  >>> Running UHF-MP2 <<<

MP2 correlation energy (UHF) : -1.5538160916
MP2 total energy       (UHF) : -426.3023023731

