	*********************************************** 
	***** Beginning CEBE Calculation with MOM ***** 
	*****       Calculation Details:          ***** 
	      Geometry:	 /home/am3939/core/calculations/mols/exp/f/hoch2f.xyz
	      Core Basis:	 pcX-4
	      Full Basis:	 pc-4
	      DIIS (start, space):	 0 50
	      Level shift:	 0
	      Do localization?:	 False
	      Do SFX2C1E?:	 True
	      Freeze orbitals?:	 True
	      Use Cheng orbitals?:	 False
	      Do Special Basis?:	 True
	      Do Special Basis?:	 pcX-4
	*********************************************** 
	*********************************************** 

  >>> Running RHF <<<

init D/C      : minao
init ov       : zeros
no            : 13
nv            : 525
ov_size       : 6825
max_cycle     : 1000
conv          : 6
econv         : 9
method        : gdm
scale_stop    : 0
scale_factor  : 1.000000
init E        : -213.925751432559
init |[F,P]|  : 7.52e-03
init |dE|     : 1.65e-02
check file    : None

iter      total energy   |[F,P]|      |dE|         ∆E   comment
   1    -213.990485340  4.46e-03  9.96e-03  -6.47e-02  BFGS
   2    -214.015667499  4.46e-04  9.69e-04  -2.52e-02  BFGS
   3    -214.016075852  1.36e-04  3.11e-04  -4.08e-04  BFGS
   4    -214.016127441  4.39e-05  9.70e-05  -5.16e-05  BFGS
   5    -214.016130960  1.54e-05  3.31e-05  -3.52e-06  BFGS
   6    -214.016131454  5.27e-06  1.22e-05  -4.93e-07  BFGS
   7    -214.016131494  1.12e-06  2.49e-06  -4.06e-08  BFGS
   8    -214.016131497  2.03e-07  4.42e-07  -2.20e-09  BFGS
   9    -214.016131497  4.67e-08  9.89e-08  -1.33e-10  BFGS
                                                                      gdm is converged!

SCF converged : True
final |[F,P]| : 4.67e-08
final |dE|    : 9.89e-08
final Escf    : -293.498301484966
final Etot    : -214.01613149668

  pxp & ewc             :::        0.268 (  0.15%)
  apply B               :::        0.001 (  0.00%)
  linsrch               :::      181.958 ( 99.85%)
  grad                  :::        0.009 (  0.00%)
  Total                 :::      182.236 (100.00%)

Alpha occupied
  -26.282 -20.587 -11.366  -1.603  -1.401  -0.943  -0.765  -0.720 
   -0.711  -0.633  -0.582  -0.535  -0.502 

Alpha virtual
    0.046   0.069   0.083   0.088   0.113   0.120   0.179   0.192 
    0.206   0.208   0.232   0.255   0.269   0.274   0.291   0.303 
    0.320   0.330   0.338   0.351   0.370   0.391   0.448   0.464 
    0.469   0.490   0.498   0.505   0.533   0.540   0.548   0.581 
    0.595   0.611   0.622   0.628   0.678   0.707   0.722   0.756 
    0.772   0.790   0.796   0.842   0.864   0.876   0.895   0.931 
    0.955   0.959   0.970   0.976   0.993   1.032   1.036   1.042 
    1.098   1.101   1.120   1.166   1.181   1.209   1.231   1.247 
    1.264   1.284   1.308   1.339   1.354   1.382   1.401   1.419 
    1.433   1.459   1.466   1.486   1.522   1.535   1.539   1.558 
    1.618   1.636   1.675   1.733   1.760   1.787   1.806   1.868 
    1.896   1.931   1.982   1.996   2.020   2.062   2.107   2.143 
    2.164   2.188   2.234   2.254   2.269   2.292   2.316   2.323 
    2.359   2.377   2.410   2.434   2.454   2.487   2.504   2.510 
    2.575   2.588   2.607   2.643   2.668   2.680   2.706   2.734 
    2.792   2.817   2.842   2.894   2.932   2.951   2.968   3.063 
    3.087   3.122   3.159   3.175   3.202   3.237   3.269   3.327 
    3.344   3.368   3.429   3.457   3.533   3.534   3.571   3.585 
    3.628   3.654   3.697   3.724   3.745   3.792   3.826   3.908 
    3.914   3.936   3.943   4.083   4.095   4.136   4.169   4.180 
    4.205   4.250   4.284   4.319   4.367   4.377   4.384   4.436 
    4.522   4.543   4.614   4.643   4.681   4.697   4.750   4.781 
    4.793   4.842   4.905   4.927   4.939   4.990   5.026   5.084 
    5.105   5.147   5.178   5.216   5.290   5.394   5.403   5.461 
    5.479   5.533   5.562   5.594   5.622   5.653   5.692   5.710 
    5.741   5.788   5.798   5.861   5.935   5.946   6.000   6.010 
    6.035   6.041   6.069   6.137   6.187   6.223   6.274   6.308 
    6.385   6.410   6.456   6.517   6.563   6.579   6.625   6.674 
    6.714   6.762   6.864   6.929   6.985   7.056   7.112   7.148 
    7.178   7.208   7.221   7.290   7.309   7.394   7.496   7.602 
    7.630   7.724   7.744   7.774   7.793   7.858   7.946   8.015 
    8.019   8.092   8.163   8.202   8.256   8.313   8.534   8.608 
    8.627   8.639   8.690   8.780   8.963   9.048   9.201   9.231 
    9.258   9.309   9.383   9.425   9.470   9.529   9.554   9.578 
    9.613   9.631   9.687   9.804   9.881   9.917   9.977  10.102 
   10.246  10.277  10.372  10.389  10.469  10.626  11.021  11.045 
   11.199  11.271  11.368  11.399  11.428  11.474  11.532  11.551 
   11.629  11.713  11.800  11.872  11.921  11.934  12.019  12.063 
   12.098  12.159  12.354  12.388  12.447  12.461  12.475  12.500 
   12.568  12.623  12.659  12.714  12.759  12.820  12.883  12.909 
   12.926  12.950  12.965  12.997  13.005  13.042  13.045  13.107 
   13.140  13.174  13.181  13.196  13.262  13.277  13.305  13.358 
   13.360  13.381  13.405  13.414  13.454  13.500  13.509  13.535 
   13.597  13.640  13.670  13.773  13.855  13.874  13.889  13.954 
   13.983  13.994  14.074  14.094  14.113  14.195  14.279  14.346 
   14.417  14.534  14.582  14.617  14.645  14.705  14.753  14.790 
   14.878  14.938  14.973  15.067  15.103  15.216  15.315  15.352 
   15.474  15.710  15.821  15.856  15.909  16.087  16.111  16.293 
   16.326  16.442  16.560  16.595  16.773  16.891  16.975  17.192 
   17.228  17.241  17.251  17.273  17.284  17.439  17.507  17.560 
   17.669  17.709  17.732  17.821  17.866  17.895  17.952  18.052 
   18.142  18.161  18.499  18.576  18.646  18.900  18.990  19.205 
   19.230  19.312  19.346  19.575  19.578  19.605  20.051  20.333 
   20.388  20.483  20.569  20.679  20.924  21.022  21.054  21.078 
   21.291  21.326  21.539  21.662  21.711  21.750  21.827  21.860 
   21.890  22.096  22.358  22.909  22.934  23.673  24.002  24.152 
   24.317  24.381  24.414  24.566  24.584  24.726  24.755  26.126 
   26.232  26.335  27.753  28.005  31.434  31.444  31.850  31.854 
   32.028  32.447  33.362  33.522  33.560  34.334  34.510  34.645 
   34.713  34.890  35.409  35.874  36.144  38.068  41.817  42.015 
   42.086  68.368  68.520  68.540  69.299  70.420  80.001  85.140 
   85.161  85.734  88.010  91.715  91.779  91.973  92.026  92.071 
   92.155  93.143  93.152  93.228  93.275  93.474  93.479  94.280 
   94.365 147.203 202.926 227.911 227.929 228.609 469.131 696.285 
  696.300 696.838 1100.539 2654.790 2738.596 2738.606 2738.994 6681.109 
  17849.196 51827.840 169672.816 670600.658 3802079.617 


  >>> Running RHF-MP2 <<<


RMP2-TIMING
  rmp2                  :::      125.911 (100.00%)
  Total                 :::      125.911 (100.00%)

MP2 correlation energy (RHF) : -0.8932426898
MP2 total energy       (RHF) : -214.9093741865


  >>> Running UHF <<<

init D/C      : input mo_coeff
init ov       : zeros
no            : 12 13
nv            : 526 525
ov_size       : 13137
max_cycle     : 1000
conv          : 6
econv         : 9
method        : diis
mom_start     : 0
guess mix     : 0.000000
orb_swap      : [[[0, 12]], []]
init E        : -187.734542447153
init S2       : 0.750000000000053
init |[F,P]|  : 2.22e-02
init |dE|     : 6.24e-02
check file    : None

iter      total energy   |[F,P]|      |dE|         ∆E   S^2   comment
   1    -188.390901074  9.67e-03  2.90e-02  -6.56e-01  0.75  DIIS mom: 11.7/12 12.7/13
   2    -188.615563664  9.55e-04  2.53e-03  -2.25e-01  0.75  DIIS mom: 12.0/12 13.0/13
   3    -188.618002148  2.81e-04  6.94e-04  -2.44e-03  0.76  DIIS mom: 12.0/12 13.0/13
   4    -188.618300467  1.17e-04  3.01e-04  -2.98e-04  0.76  DIIS mom: 12.0/12 13.0/13
   5    -188.618400122  3.96e-05  9.80e-05  -9.97e-05  0.76  DIIS mom: 12.0/12 13.0/13
   6    -188.618414132  1.42e-05  3.08e-05  -1.40e-05  0.76  DIIS mom: 12.0/12 13.0/13
   7    -188.618415995  5.89e-06  1.19e-05  -1.86e-06  0.76  DIIS mom: 12.0/12 13.0/13
   8    -188.618416353  2.46e-06  4.76e-06  -3.58e-07  0.76  DIIS mom: 12.0/12 13.0/13
   9    -188.618416425  8.96e-07  1.77e-06  -7.21e-08  0.76  DIIS mom: 12.0/12 13.0/13
  10    -188.618416435  2.92e-07  5.77e-07  -9.89e-09  0.76  DIIS mom: 12.0/12 13.0/13
  11    -188.618416436  1.03e-07  1.95e-07  -9.41e-10  0.76  DIIS mom: 12.0/12 13.0/13
                                                                      diis is converged!

SCF converged : True
final |[F,P]| : 1.03e-07
final |dE|    : 1.95e-07
final Escf    : -268.100586424145
final Etot    : -188.618416435859
final S2      : 0.761979943880839

  diis prep             :::        0.087 (  0.04%)
  diis extrap           :::        0.078 (  0.03%)
  roothaan              :::        0.672 (  0.28%)
  fock build            :::      239.600 ( 99.65%)
  Total                 :::      240.436 (100.00%)

Alpha occupied
  -20.857 -11.680  -2.169  -1.674  -1.387  -1.295  -1.290  -1.139 
   -0.994  -0.914  -0.826  -0.783 

Alpha virtual
  -24.521  -0.118  -0.092  -0.085  -0.073  -0.035  -0.031  -0.011 
    0.015   0.025   0.030   0.037   0.071   0.077   0.085   0.101 
    0.111   0.122   0.130   0.144   0.149   0.175   0.181   0.187 
    0.252   0.258   0.280   0.291   0.322   0.330   0.338   0.351 
    0.386   0.393   0.408   0.425   0.432   0.471   0.498   0.509 
    0.539   0.558   0.567   0.584   0.598   0.612   0.632   0.645 
    0.663   0.677   0.683   0.713   0.719   0.750   0.799   0.808 
    0.818   0.848   0.864   0.881   0.943   0.960   0.981   1.006 
    1.023   1.052   1.060   1.084   1.110   1.130   1.155   1.168 
    1.188   1.217   1.236   1.252   1.256   1.288   1.304   1.312 
    1.337   1.385   1.394   1.419   1.500   1.507   1.539   1.566 
    1.631   1.651   1.681   1.706   1.742   1.761   1.780   1.836 
    1.876   1.884   1.892   1.933   1.971   1.983   1.991   2.010 
    2.038   2.053   2.060   2.076   2.098   2.115   2.167   2.227 
    2.243   2.277   2.292   2.339   2.371   2.375   2.408   2.425 
    2.444   2.513   2.534   2.565   2.595   2.625   2.648   2.691 
    2.781   2.829   2.852   2.879   2.905   2.918   2.967   2.994 
    3.038   3.085   3.105   3.152   3.188   3.225   3.282   3.295 
    3.320   3.371   3.397   3.432   3.460   3.483   3.521   3.566 
    3.637   3.650   3.678   3.686   3.803   3.836   3.864   3.892 
    3.909   3.923   3.983   4.011   4.049   4.105   4.110   4.125 
    4.174   4.264   4.277   4.351   4.375   4.414   4.435   4.475 
    4.502   4.526   4.551   4.617   4.652   4.660   4.712   4.749 
    4.813   4.834   4.862   4.896   4.918   4.985   5.090   5.118 
    5.135   5.164   5.212   5.232   5.289   5.319   5.353   5.359 
    5.377   5.399   5.442   5.470   5.505   5.533   5.551   5.599 
    5.639   5.644   5.717   5.756   5.818   5.894   5.920   5.951 
    5.993   6.027   6.101   6.136   6.184   6.198   6.240   6.296 
    6.327   6.413   6.457   6.521   6.603   6.662   6.743   6.804 
    6.844   6.898   6.907   6.920   6.968   6.996   7.102   7.152 
    7.230   7.272   7.334   7.347   7.429   7.503   7.572   7.652 
    7.685   7.744   7.779   7.833   7.909   7.922   8.010   8.246 
    8.270   8.280   8.317   8.355   8.530   8.662   8.749   8.890 
    8.940   8.989   9.021   9.100   9.148   9.177   9.241   9.265 
    9.286   9.306   9.328   9.390   9.528   9.582   9.637   9.696 
    9.817   9.946   9.987  10.051  10.103  10.189  10.357  10.762 
   10.789  10.905  10.995  11.047  11.095  11.125  11.163  11.227 
   11.241  11.329  11.443  11.509  11.577  11.618  11.645  11.700 
   11.751  11.785  11.890  12.043  12.086  12.152  12.176  12.195 
   12.213  12.282  12.294  12.333  12.399  12.426  12.445  12.488 
   12.504  12.566  12.599  12.635  12.667  12.691  12.727  12.747 
   12.794  12.814  12.839  12.861  12.890  12.898  12.916  12.928 
   12.957  12.965  13.006  13.029  13.055  13.105  13.154  13.176 
   13.210  13.235  13.303  13.344  13.441  13.453  13.508  13.530 
   13.551  13.614  13.652  13.740  13.768  13.772  13.882  13.941 
   14.034  14.070  14.107  14.160  14.188  14.236  14.305  14.390 
   14.436  14.464  14.474  14.643  14.704  14.806  14.881  14.912 
   14.998  15.159  15.296  15.347  15.380  15.532  15.720  15.766 
   15.880  15.947  16.036  16.234  16.276  16.434  16.595  16.678 
   16.860  16.942  16.954  16.984  16.992  17.011  17.046  17.115 
   17.259  17.276  17.436  17.459  17.551  17.560  17.614  17.677 
   17.802  17.888  17.907  18.239  18.318  18.381  18.634  18.706 
   18.899  18.927  19.037  19.064  19.289  19.306  19.332  19.794 
   20.051  20.140  20.207  20.255  20.388  20.521  20.539  20.694 
   20.739  20.820  20.847  21.243  21.289  21.345  21.408  21.441 
   21.502  21.587  21.796  22.081  22.443  22.469  23.208  23.710 
   23.901  24.032  24.096  24.125  24.295  24.320  24.456  24.489 
   25.842  25.944  26.043  27.504  27.744  30.484  30.494  30.917 
   30.922  31.522  31.774  33.069  33.177  33.226  33.616  33.622 
   33.837  34.145  34.554  35.028  35.137  35.858  37.096  41.521 
   41.765  41.792  68.098  68.251  68.270  69.028  70.152  79.663 
   83.349  83.371  83.981  86.377  91.194  91.196  91.432  91.467 
   91.503  91.562  91.696  91.771  91.781  91.863  92.359  92.929 
   92.968  94.114 146.935 200.396 224.942 224.960 225.648 465.548 
  691.886 691.901 692.441 1095.959 2649.420 2732.960 2732.970 2733.359 
  6675.206 17842.983 51821.470 169666.378 670594.194 3802073.145 

Beta occupied
  -30.035 -20.856 -11.680  -2.304  -1.675  -1.461  -1.385  -1.381 
   -1.154  -0.997  -0.916  -0.826  -0.783 

Beta virtual
   -0.119  -0.093  -0.088  -0.074  -0.035  -0.032  -0.021   0.013 
    0.024   0.027   0.036   0.071   0.077   0.085   0.101   0.110 
    0.120   0.128   0.144   0.149   0.173   0.179   0.187   0.251 
    0.258   0.280   0.290   0.322   0.329   0.338   0.351   0.385 
    0.393   0.407   0.425   0.433   0.471   0.496   0.505   0.538 
    0.558   0.566   0.584   0.595   0.608   0.630   0.640   0.661 
    0.674   0.684   0.714   0.720   0.751   0.798   0.808   0.818 
    0.846   0.864   0.881   0.943   0.960   0.981   1.006   1.023 
    1.052   1.060   1.084   1.110   1.130   1.155   1.169   1.188 
    1.217   1.236   1.252   1.256   1.287   1.303   1.312   1.337 
    1.385   1.393   1.420   1.500   1.508   1.535   1.566   1.632 
    1.648   1.681   1.705   1.741   1.757   1.781   1.837   1.874 
    1.884   1.890   1.925   1.973   1.982   1.992   2.009   2.028 
    2.037   2.046   2.066   2.095   2.112   2.167   2.226   2.242 
    2.274   2.293   2.339   2.370   2.375   2.408   2.426   2.443 
    2.512   2.531   2.562   2.591   2.622   2.648   2.691   2.782 
    2.829   2.853   2.878   2.906   2.918   2.968   2.995   3.039 
    3.085   3.106   3.153   3.188   3.226   3.282   3.295   3.320 
    3.371   3.396   3.432   3.459   3.483   3.520   3.566   3.636 
    3.650   3.678   3.686   3.802   3.836   3.862   3.892   3.909 
    3.923   3.983   4.011   4.048   4.104   4.111   4.125   4.174 
    4.264   4.276   4.351   4.375   4.415   4.434   4.475   4.502 
    4.526   4.551   4.616   4.652   4.660   4.713   4.750   4.813 
    4.834   4.862   4.895   4.915   4.982   5.085   5.117   5.123 
    5.161   5.207   5.227   5.283   5.312   5.338   5.347   5.370 
    5.389   5.417   5.435   5.491   5.501   5.529   5.577   5.632 
    5.641   5.716   5.754   5.816   5.891   5.917   5.943   5.991 
    6.014   6.094   6.127   6.184   6.193   6.241   6.295   6.326 
    6.414   6.452   6.517   6.603   6.662   6.743   6.804   6.844 
    6.897   6.906   6.921   6.969   6.996   7.102   7.152   7.226 
    7.271   7.334   7.349   7.427   7.503   7.573   7.653   7.687 
    7.744   7.780   7.834   7.909   7.922   8.008   8.246   8.269 
    8.272   8.316   8.352   8.530   8.662   8.747   8.890   8.940 
    8.989   9.022   9.101   9.148   9.178   9.241   9.266   9.286 
    9.307   9.328   9.390   9.528   9.582   9.638   9.696   9.816 
    9.946   9.986  10.050  10.103  10.189  10.357  10.762  10.789 
   10.905  10.995  11.048  11.095  11.125  11.164  11.228  11.242 
   11.329  11.443  11.509  11.576  11.618  11.645  11.699  11.752 
   11.785  11.890  12.041  12.085  12.150  12.175  12.193  12.212 
   12.276  12.291  12.322  12.391  12.418  12.440  12.484  12.499 
   12.561  12.597  12.635  12.662  12.690  12.725  12.746  12.786 
   12.812  12.833  12.861  12.889  12.898  12.918  12.930  12.950 
   12.965  13.001  13.016  13.055  13.100  13.139  13.167  13.207 
   13.232  13.298  13.331  13.403  13.434  13.485  13.501  13.548 
   13.598  13.649  13.726  13.760  13.769  13.881  13.915  13.990 
   14.004  14.071  14.103  14.162  14.234  14.301  14.382  14.425 
   14.454  14.459  14.634  14.684  14.806  14.823  14.908  14.997 
   15.155  15.287  15.336  15.375  15.527  15.700  15.761  15.870 
   15.940  16.024  16.232  16.274  16.431  16.594  16.677  16.856 
   16.939  16.954  16.983  16.992  17.011  17.041  17.110  17.259 
   17.262  17.436  17.458  17.551  17.558  17.614  17.676  17.802 
   17.888  17.907  18.240  18.318  18.381  18.634  18.705  18.893 
   18.926  19.037  19.064  19.289  19.306  19.331  19.795  20.051 
   20.140  20.204  20.253  20.388  20.517  20.534  20.692  20.738 
   20.815  20.841  21.242  21.284  21.339  21.405  21.440  21.500 
   21.586  21.796  22.080  22.437  22.463  23.193  23.710  23.901 
   24.032  24.097  24.125  24.295  24.320  24.456  24.490  25.842 
   25.944  26.043  27.504  27.744  30.409  30.419  30.840  30.845 
   31.431  31.771  33.051  33.110  33.198  33.383  33.410  33.706 
   34.130  34.553  34.851  35.136  35.856  36.799  41.521  41.765 
   41.792  68.098  68.252  68.270  69.028  70.153  79.653  82.913 
   82.934  83.550  85.913  90.945  90.949  91.253  91.265  91.466 
   91.499  91.677  91.769  91.776  91.855  92.123  92.928  92.968 
   94.114 146.935 199.898 224.410 224.429 225.119 465.108 691.424 
  691.438 691.980 1095.625 2649.202 2732.698 2732.709 2733.097 6675.083 
  17842.922 51821.444 169666.368 670594.191 3802073.144 


  >>> Running UHF-MP2 <<<

MP2 correlation energy (UHF) : -0.8320706598
MP2 total energy       (UHF) : -189.4504870956

