	*********************************************** 
	***** Beginning CEBE Calculation with MOM ***** 
	*****       Calculation Details:          ***** 
	      Geometry:	 /work/morgunov/core/calculations/mols/exp/n/ch3-n-o2.xyz
	      Core Basis:	 cc-pCV5Z
	      Full Basis:	 cc-pV5Z
	      DIIS (start, space):	 0 50
	      Level shift:	 0
	      Do localization?:	 False
	      Do SFX2C1E?:	 True
	      Freeze orbitals?:	 True
	      Use Cheng orbitals?:	 False
	      Do Special Basis?:	 False
	*********************************************** 
	*********************************************** 

  >>> Running RHF <<<

init D/C      : minao
init ov       : zeros
no            : 16
nv            : 567
ov_size       : 9072
max_cycle     : 1000
conv          : 6
econv         : 9
method        : gdm
scale_stop    : 0
scale_factor  : 1.000000
init E        : -243.531098726068
init |[F,P]|  : 9.60e-03
init |dE|     : 2.37e-02
check file    : None

iter      total energy   |[F,P]|      |dE|         ∆E   comment
   1    -243.577009847  9.23e-03  2.36e-02  -4.59e-02  BFGS
   2    -243.777632204  6.50e-04  1.67e-03  -2.01e-01  BFGS
   3    -243.779392785  1.56e-04  3.99e-04  -1.76e-03  BFGS
   4    -243.779533222  4.68e-05  1.22e-04  -1.40e-04  BFGS
   5    -243.779540653  1.20e-05  3.23e-05  -7.43e-06  BFGS
   6    -243.779541180  5.29e-06  1.58e-05  -5.27e-07  BFGS
   7    -243.779541275  2.13e-06  6.20e-06  -9.53e-08  BFGS
   8    -243.779541289  3.72e-07  1.01e-06  -1.41e-08  BFGS
   9    -243.779541290  1.63e-07  4.66e-07  -1.05e-09  BFGS
  10    -243.779541291  8.20e-08  2.13e-07  -4.76e-10  BFGS
                                                                      gdm is converged!

SCF converged : True
final |[F,P]| : 8.20e-08
final |dE|    : 2.13e-07
final Escf    : -368.746710672796
final Etot    : -243.779541290588

  pxp & ewc             :::        0.875 (  0.09%)
  apply B               :::        0.005 (  0.00%)
  linsrch               :::     1004.192 ( 99.91%)
  grad                  :::        0.038 (  0.00%)
  Total                 :::     1005.110 (100.00%)

Alpha occupied
  -20.608 -20.604 -15.852 -11.312  -1.607  -1.403  -1.105  -0.871 
   -0.756  -0.739  -0.737  -0.626  -0.606  -0.498  -0.497  -0.458 

Alpha virtual
    0.079   0.081   0.126   0.132   0.145   0.197   0.197   0.236 
    0.254   0.331   0.350   0.378   0.386   0.398   0.401   0.420 
    0.427   0.445   0.485   0.486   0.508   0.531   0.536   0.559 
    0.580   0.589   0.608   0.650   0.689   0.697   0.699   0.717 
    0.802   0.821   0.840   0.882   0.903   0.906   0.942   0.947 
    0.969   0.994   1.026   1.035   1.055   1.124   1.134   1.140 
    1.184   1.195   1.197   1.259   1.274   1.324   1.348   1.387 
    1.400   1.402   1.423   1.436   1.476   1.506   1.515   1.541 
    1.560   1.577   1.636   1.639   1.644   1.662   1.765   1.775 
    1.806   1.814   1.817   1.862   1.867   1.906   1.907   1.926 
    1.943   1.983   2.008   2.063   2.068   2.083   2.143   2.154 
    2.173   2.192   2.204   2.255   2.271   2.277   2.297   2.328 
    2.341   2.396   2.411   2.419   2.453   2.473   2.561   2.566 
    2.589   2.608   2.614   2.662   2.684   2.709   2.738   2.759 
    2.796   2.825   2.867   2.868   2.924   3.004   3.018   3.069 
    3.109   3.123   3.178   3.197   3.200   3.212   3.236   3.277 
    3.308   3.318   3.342   3.395   3.405   3.447   3.494   3.503 
    3.533   3.570   3.609   3.620   3.671   3.722   3.728   3.774 
    3.846   3.888   3.931   3.945   3.960   4.019   4.046   4.068 
    4.074   4.116   4.146   4.200   4.203   4.308   4.319   4.341 
    4.359   4.396   4.404   4.428   4.538   4.544   4.560   4.605 
    4.659   4.665   4.686   4.688   4.735   4.742   4.826   4.827 
    4.845   4.856   4.882   4.903   4.914   4.947   5.032   5.116 
    5.117   5.159   5.224   5.258   5.260   5.322   5.324   5.351 
    5.389   5.401   5.418   5.480   5.486   5.504   5.549   5.577 
    5.579   5.625   5.645   5.682   5.687   5.717   5.797   5.823 
    5.830   5.856   5.896   5.905   5.934   5.974   5.986   6.007 
    6.081   6.106   6.133   6.156   6.170   6.209   6.230   6.240 
    6.266   6.338   6.460   6.523   6.542   6.634   6.745   6.812 
    6.856   6.872   6.906   6.907   6.945   6.998   7.024   7.067 
    7.080   7.109   7.185   7.197   7.240   7.257   7.303   7.304 
    7.331   7.376   7.420   7.444   7.497   7.520   7.529   7.570 
    7.582   7.635   7.672   7.715   7.723   7.750   7.796   7.838 
    7.882   7.884   7.923   7.963   8.013   8.054   8.152   8.195 
    8.309   8.312   8.417   8.422   8.460   8.571   8.666   8.722 
    8.813   8.989   9.148   9.209   9.267   9.392   9.403   9.522 
    9.569   9.601   9.650   9.752   9.766   9.900   9.900   9.916 
    9.964  10.132  10.194  10.224  10.341  10.378  10.434  10.445 
   10.468  10.491  10.629  10.648  10.691  10.776  10.831  10.910 
   11.075  11.142  11.213  11.225  11.432  11.457  11.462  11.472 
   11.520  11.611  11.725  11.779  11.831  11.875  11.898  12.002 
   12.002  12.274  12.332  12.424  12.586  12.633  12.643  12.643 
   12.681  12.699  12.704  12.717  12.757  12.810  12.815  12.860 
   12.900  12.927  12.972  12.974  12.979  13.041  13.055  13.064 
   13.119  13.245  13.342  13.383  13.411  13.505  13.516  13.563 
   13.571  13.726  13.740  13.850  13.904  13.944  13.947  13.988 
   14.011  14.032  14.057  14.076  14.091  14.142  14.224  14.230 
   14.236  14.257  14.257  14.262  14.267  14.268  14.274  14.297 
   14.319  14.324  14.336  14.379  14.408  14.437  14.479  14.509 
   14.548  14.567  14.646  14.664  14.709  14.763  14.841  14.920 
   14.921  14.948  14.951  14.957  14.978  15.013  15.037  15.137 
   15.176  15.400  15.444  15.469  15.514  15.524  15.525  15.664 
   15.703  15.729  15.792  15.836  16.011  16.095  16.138  16.200 
   16.245  16.272  16.394  16.424  16.526  16.585  16.658  16.705 
   16.765  16.828  16.951  16.960  16.995  16.997  17.160  17.324 
   17.378  17.404  17.482  17.592  17.618  17.843  17.933  17.972 
   18.077  18.195  18.241  18.276  18.325  18.354  18.414  18.476 
   18.503  18.519  18.533  18.535  18.554  18.566  18.698  18.708 
   18.737  18.797  18.806  18.913  18.966  19.069  19.075  19.089 
   19.114  19.147  19.159  19.228  19.256  19.282  19.337  19.460 
   19.495  19.601  19.625  19.638  19.705  19.730  19.773  19.884 
   19.896  20.164  20.766  20.911  20.919  21.541  21.566  22.030 
   22.074  22.128  22.190  22.210  22.269  22.330  23.201  23.264 
   23.325  23.484  23.696  24.392  24.500  26.439  29.679  31.741 
   32.427  42.709  50.579  50.637  51.066  51.768  51.832  58.663 
   58.781  58.856  58.876  58.929  59.346  59.361  63.596  64.521 
   66.914  82.795  84.472  84.877 150.568 150.611 150.920 151.367 
  151.419 172.608 208.783 208.783 208.783 208.786 208.787 208.791 
  208.793 208.806 208.809 229.699 231.072 231.366 236.124 236.205 
  236.207 236.238 236.327 236.461 236.499 450.234 456.737 456.766 
  457.006 457.287 457.361 643.861 645.046 645.316 1577.311 


  >>> Running RHF-MP2 <<<


RMP2-TIMING
  rmp2                  :::      718.112 (100.00%)
  Total                 :::      718.112 (100.00%)

MP2 correlation energy (RHF) : -1.1164920883
MP2 total energy       (RHF) : -244.8960333789


  >>> Running UHF <<<

init D/C      : input mo_coeff
init ov       : zeros
no            : 15 16
nv            : 568 567
ov_size       : 17592
max_cycle     : 1000
conv          : 6
econv         : 9
method        : diis
mom_start     : 0
guess mix     : 0.000000
orb_swap      : [[[2, 15]], []]
init E        : -227.927362197151
init S2       : 0.750000000000226
init |[F,P]|  : 1.42e-02
init |dE|     : 3.89e-02
check file    : None

iter      total energy   |[F,P]|      |dE|         ∆E   S^2   comment
   1    -228.137578995  1.09e-02  2.85e-02  -2.10e-01  0.75  DIIS mom: 14.6/15 15.6/16
   2    -228.594349508  1.42e-03  3.94e-03  -4.57e-01  0.76  DIIS mom: 14.9/15 15.9/16
   3    -228.605816396  4.21e-04  1.24e-03  -1.15e-02  0.77  DIIS mom: 15.0/15 16.0/16
   4    -228.607575472  2.16e-04  5.35e-04  -1.76e-03  0.77  DIIS mom: 15.0/15 16.0/16
   5    -228.608811469  1.47e-04  3.60e-04  -1.24e-03  0.79  DIIS mom: 15.0/15 16.0/16
   6    -228.609581766  1.11e-04  2.95e-04  -7.70e-04  0.81  DIIS mom: 15.0/15 16.0/16
   7    -228.609967316  7.01e-05  1.82e-04  -3.86e-04  0.82  DIIS mom: 15.0/15 16.0/16
   8    -228.610203938  5.59e-05  1.48e-04  -2.37e-04  0.84  DIIS mom: 15.0/15 16.0/16
   9    -228.610296693  6.61e-05  1.78e-04  -9.28e-05  0.84  DIIS mom: 15.0/15 16.0/16
  10    -228.610154246  2.88e-05  7.48e-05   1.42e-04  0.84  DIIS mom: 15.0/15 16.0/16
  11    -228.610162439  7.41e-06  1.93e-05  -8.19e-06  0.85  DIIS mom: 15.0/15 16.0/16
  12    -228.610164020  2.40e-06  6.30e-06  -1.58e-06  0.85  DIIS mom: 15.0/15 16.0/16
  13    -228.610164165  9.22e-07  2.47e-06  -1.45e-07  0.85  DIIS mom: 15.0/15 16.0/16
  14    -228.610164189  2.57e-07  6.76e-07  -2.43e-08  0.85  DIIS mom: 15.0/15 16.0/16
  15    -228.610164191  8.87e-08  2.32e-07  -1.43e-09  0.85  DIIS mom: 15.0/15 16.0/16
  16    -228.610164191  3.74e-08  1.00e-07  -1.72e-10  0.85  DIIS mom: 15.0/15 16.0/16
                                                                      diis is converged!

SCF converged : True
final |[F,P]| : 3.74e-08
final |dE|    : 1.00e-07
final Escf    : -353.577333572988
final Etot    : -228.610164190781
final S2      : 0.850976071970436

  diis prep             :::        0.555 (  0.03%)
  diis extrap           :::        0.307 (  0.02%)
  roothaan              :::        1.992 (  0.11%)
  fock build            :::     1729.850 ( 99.84%)
  Total                 :::     1732.704 (100.00%)

Alpha occupied
  -20.987 -20.983 -11.588  -1.993  -1.781  -1.443  -1.199  -1.111 
   -1.104  -1.091  -0.895  -0.867  -0.840  -0.831  -0.788 

Alpha virtual
  -14.453  -0.290  -0.088  -0.058  -0.033  -0.033   0.010   0.012 
    0.021   0.057   0.109   0.114   0.137   0.177   0.178   0.203 
    0.204   0.216   0.231   0.251   0.262   0.269   0.280   0.316 
    0.321   0.340   0.362   0.393   0.436   0.457   0.469   0.489 
    0.503   0.580   0.599   0.613   0.651   0.695   0.695   0.721 
    0.723   0.735   0.769   0.791   0.793   0.839   0.885   0.888 
    0.910   0.923   0.947   0.960   1.000   1.005   1.070   1.100 
    1.136   1.143   1.150   1.167   1.206   1.235   1.259   1.263 
    1.294   1.301   1.331   1.387   1.396   1.397   1.416   1.536 
    1.542   1.556   1.570   1.584   1.611   1.611   1.650   1.674 
    1.687   1.697   1.741   1.786   1.818   1.829   1.833   1.907 
    1.913   1.916   1.957   1.969   2.007   2.009   2.026   2.030 
    2.072   2.077   2.136   2.139   2.168   2.222   2.236   2.293 
    2.301   2.321   2.322   2.345   2.394   2.405   2.432   2.488 
    2.489   2.537   2.555   2.610   2.611   2.664   2.728   2.737 
    2.793   2.817   2.841   2.891   2.929   2.935   2.951   2.952 
    2.979   3.012   3.033   3.072   3.094   3.108   3.157   3.211 
    3.236   3.254   3.307   3.335   3.367   3.380   3.434   3.460 
    3.483   3.581   3.618   3.637   3.673   3.687   3.750   3.791 
    3.812   3.834   3.862   3.901   3.939   3.944   4.026   4.041 
    4.059   4.083   4.113   4.141   4.144   4.280   4.280   4.307 
    4.345   4.398   4.417   4.446   4.448   4.471   4.504   4.538 
    4.562   4.568   4.596   4.624   4.647   4.652   4.694   4.775 
    4.827   4.847   4.889   4.948   4.990   5.008   5.037   5.056 
    5.082   5.091   5.127   5.164   5.222   5.226   5.244   5.283 
    5.310   5.315   5.337   5.360   5.401   5.416   5.438   5.529 
    5.532   5.571   5.581   5.616   5.654   5.659   5.677   5.703 
    5.725   5.790   5.815   5.829   5.854   5.873   5.901   5.951 
    5.969   5.990   6.045   6.155   6.197   6.222   6.343   6.443 
    6.525   6.526   6.577   6.623   6.624   6.678   6.687   6.710 
    6.794   6.795   6.828   6.871   6.871   6.921   6.935   6.982 
    6.999   7.029   7.078   7.128   7.135   7.196   7.227   7.238 
    7.274   7.292   7.347   7.374   7.402   7.410   7.436   7.514 
    7.515   7.544   7.606   7.615   7.644   7.706   7.742   7.822 
    7.905   7.982   8.008   8.083   8.086   8.149   8.244   8.340 
    8.393   8.505   8.642   8.829   8.903   8.932   9.034   9.146 
    9.252   9.288   9.325   9.361   9.428   9.478   9.552   9.629 
    9.640   9.686   9.800   9.885   9.903  10.054  10.114  10.157 
   10.188  10.191  10.199  10.262  10.356  10.389  10.480  10.533 
   10.623  10.696  10.838  10.903  10.915  11.166  11.192  11.201 
   11.202  11.227  11.276  11.396  11.472  11.504  11.539  11.597 
   11.679  11.685  11.944  11.979  12.130  12.299  12.328  12.334 
   12.398  12.406  12.457  12.458  12.479  12.491  12.553  12.558 
   12.563  12.618  12.653  12.692  12.718  12.743  12.748  12.789 
   12.810  12.860  12.908  13.094  13.121  13.155  13.255  13.274 
   13.317  13.328  13.439  13.448  13.545  13.612  13.629  13.665 
   13.668  13.770  13.790  13.790  13.834  13.837  13.877  13.897 
   13.908  13.924  13.927  13.929  13.931  13.955  13.963  13.976 
   14.001  14.027  14.052  14.082  14.115  14.143  14.143  14.204 
   14.228  14.276  14.314  14.354  14.379  14.399  14.463  14.536 
   14.588  14.604  14.654  14.667  14.704  14.709  14.727  14.753 
   14.833  14.848  15.001  15.101  15.143  15.165  15.260  15.277 
   15.350  15.402  15.459  15.510  15.548  15.647  15.781  15.782 
   15.835  15.864  15.937  16.099  16.127  16.165  16.172  16.302 
   16.340  16.409  16.490  16.523  16.613  16.692  16.740  16.802 
   16.941  16.984  17.162  17.164  17.203  17.357  17.589  17.610 
   17.708  17.717  17.724  17.800  17.888  18.021  18.072  18.114 
   18.162  18.175  18.186  18.188  18.207  18.236  18.306  18.316 
   18.346  18.373  18.443  18.446  18.590  18.642  18.682  18.719 
   18.730  18.758  18.773  18.781  18.898  18.910  18.927  18.992 
   19.093  19.125  19.235  19.250  19.277  19.343  19.360  19.385 
   19.494  19.524  19.782  20.520  20.665  20.673  21.162  21.187 
   21.658  21.706  21.744  21.768  21.831  21.850  21.967  22.777 
   22.892  22.954  23.125  23.334  23.977  24.096  25.722  28.627 
   30.708  31.406  42.433  49.281  49.343  49.775  50.470  50.534 
   57.429  57.551  57.616  57.662  57.687  58.106  58.121  62.936 
   64.118  65.665  80.996  82.674  83.075 148.335 148.381 148.691 
  149.132 149.183 170.206 206.653 206.654 206.658 206.659 206.660 
  206.660 206.662 206.671 206.673 226.974 228.347 228.639 233.600 
  233.677 233.681 233.709 233.797 233.929 233.967 446.906 453.449 
  453.480 453.720 453.998 454.072 640.214 641.400 641.667 1573.153 

Beta occupied
  -20.979 -20.975 -18.752 -11.586  -2.069  -1.782  -1.488  -1.226 
   -1.219  -1.115  -1.115  -0.892  -0.870  -0.842  -0.826  -0.713 

Beta virtual
   -0.329  -0.088  -0.072  -0.033  -0.032   0.008   0.012   0.016 
    0.052   0.089   0.110   0.125   0.171   0.178   0.201   0.202 
    0.213   0.235   0.244   0.254   0.259   0.278   0.318   0.320 
    0.338   0.362   0.393   0.430   0.457   0.468   0.489   0.503 
    0.580   0.596   0.607   0.652   0.694   0.695   0.713   0.726 
    0.733   0.769   0.786   0.791   0.840   0.881   0.887   0.909 
    0.926   0.946   0.960   0.994   0.994   1.072   1.105   1.138 
    1.144   1.157   1.166   1.208   1.233   1.253   1.264   1.287 
    1.297   1.330   1.385   1.396   1.399   1.419   1.536   1.542 
    1.555   1.570   1.586   1.606   1.614   1.644   1.676   1.684 
    1.694   1.743   1.786   1.816   1.827   1.833   1.909   1.912 
    1.917   1.953   1.969   2.004   2.004   2.026   2.030   2.073 
    2.074   2.126   2.139   2.165   2.223   2.234   2.290   2.301 
    2.319   2.326   2.345   2.395   2.399   2.434   2.485   2.488 
    2.539   2.551   2.609   2.613   2.663   2.716   2.737   2.793 
    2.803   2.832   2.887   2.926   2.936   2.945   2.946   2.980 
    3.010   3.036   3.069   3.087   3.107   3.155   3.205   3.237 
    3.258   3.308   3.333   3.367   3.369   3.430   3.444   3.482 
    3.571   3.613   3.622   3.672   3.686   3.745   3.790   3.810 
    3.834   3.860   3.899   3.938   3.943   4.023   4.025   4.058 
    4.084   4.109   4.141   4.143   4.280   4.280   4.306   4.341 
    4.396   4.418   4.444   4.446   4.470   4.505   4.534   4.566 
    4.567   4.602   4.625   4.646   4.653   4.693   4.773   4.828 
    4.844   4.883   4.947   4.987   5.006   5.032   5.055   5.081 
    5.084   5.124   5.162   5.220   5.224   5.243   5.280   5.309 
    5.314   5.329   5.356   5.399   5.416   5.435   5.526   5.532 
    5.571   5.581   5.610   5.652   5.654   5.663   5.702   5.723 
    5.791   5.814   5.829   5.849   5.871   5.899   5.950   5.967 
    5.986   6.043   6.157   6.182   6.218   6.342   6.439   6.501 
    6.526   6.570   6.621   6.623   6.678   6.685   6.708   6.787 
    6.791   6.826   6.868   6.872   6.921   6.935   6.980   6.999 
    7.028   7.078   7.127   7.133   7.197   7.229   7.232   7.271 
    7.292   7.342   7.370   7.405   7.407   7.419   7.511   7.516 
    7.524   7.600   7.601   7.644   7.701   7.741   7.829   7.902 
    7.977   8.007   8.081   8.090   8.125   8.247   8.346   8.390 
    8.508   8.634   8.832   8.898   8.931   9.024   9.147   9.249 
    9.287   9.324   9.361   9.370   9.479   9.544   9.628   9.639 
    9.687   9.805   9.884   9.903  10.046  10.111  10.146  10.157 
   10.190  10.191  10.249  10.354  10.388  10.475  10.527  10.616 
   10.659  10.823  10.882  10.908  11.167  11.183  11.199  11.201 
   11.227  11.269  11.363  11.472  11.486  11.529  11.594  11.676 
   11.682  11.926  11.957  12.126  12.285  12.317  12.328  12.395 
   12.406  12.454  12.457  12.478  12.486  12.536  12.552  12.557 
   12.607  12.652  12.686  12.716  12.743  12.743  12.785  12.810 
   12.858  12.898  13.092  13.118  13.152  13.253  13.273  13.316 
   13.327  13.428  13.444  13.542  13.602  13.622  13.663  13.664 
   13.769  13.788  13.789  13.833  13.836  13.875  13.899  13.909 
   13.926  13.929  13.931  13.933  13.951  13.962  13.977  14.002 
   14.026  14.052  14.081  14.111  14.141  14.142  14.199  14.224 
   14.276  14.313  14.349  14.375  14.399  14.460  14.533  14.584 
   14.591  14.645  14.666  14.704  14.710  14.726  14.751  14.832 
   14.843  14.980  15.091  15.139  15.154  15.259  15.276  15.349 
   15.399  15.458  15.508  15.543  15.639  15.776  15.779  15.826 
   15.852  15.936  16.090  16.094  16.162  16.164  16.297  16.336 
   16.404  16.491  16.494  16.611  16.690  16.739  16.802  16.927 
   16.965  17.146  17.163  17.194  17.355  17.575  17.589  17.684 
   17.718  17.724  17.775  17.893  18.001  18.071  18.107  18.157 
   18.179  18.190  18.190  18.207  18.235  18.306  18.311  18.350 
   18.376  18.448  18.450  18.566  18.643  18.657  18.721  18.735 
   18.756  18.778  18.784  18.898  18.915  18.933  18.995  19.098 
   19.131  19.240  19.255  19.280  19.348  19.365  19.382  19.482 
   19.525  19.780  20.520  20.665  20.673  21.167  21.193  21.637 
   21.661  21.719  21.774  21.837  21.856  21.973  22.769  22.900 
   22.963  23.128  23.338  23.964  24.092  25.502  28.308  30.421 
   31.134  42.432  49.121  49.183  49.616  50.315  50.378  57.342 
   57.464  57.530  57.577  57.601  58.023  58.037  62.774  64.117 
   65.384  80.584  82.274  82.678 148.078 148.124 148.435 148.877 
  148.929 169.776 206.543 206.544 206.547 206.549 206.550 206.551 
  206.552 206.562 206.564 226.588 227.966 228.259 233.409 233.487 
  233.490 233.519 233.607 233.738 233.778 446.559 453.184 453.216 
  453.456 453.734 453.808 639.920 641.106 641.374 1572.936 


  >>> Running UHF-MP2 <<<

MP2 correlation energy (UHF) : -1.1268683849
MP2 total energy       (UHF) : -229.7370325757

