	*********************************************** 
	***** Beginning CEBE Calculation with MOM ***** 
	*****       Calculation Details:          ***** 
	      Geometry:	 /home/am3939/core/calculations/mols/exp/c/c2-h4.xyz
	      Core Basis:	 ccX-5Z
	      Full Basis:	 cc-pV5Z
	      DIIS (start, space):	 0 50
	      Level shift:	 0
	      Do localization?:	 True
	      Atoms that were localized?:	 ['C']
	      Do SFX2C1E?:	 True
	      Freeze orbitals?:	 True
	      Use Cheng orbitals?:	 False
	      Do Special Basis?:	 True
	      Do Special Basis?:	 ccX-5Z
	*********************************************** 
	*********************************************** 

  >>> Running RHF <<<

init D/C      : minao
init ov       : zeros
no            : 8
nv            : 596
ov_size       : 4768
max_cycle     : 1000
conv          : 6
econv         : 9
method        : gdm
scale_stop    : 0
scale_factor  : 1.000000
init E        : -78.0489639881387
init |[F,P]|  : 2.83e-03
init |dE|     : 6.84e-03
check file    : None

iter      total energy   |[F,P]|      |dE|         ∆E   comment
   1     -78.068411204  7.33e-04  1.76e-03  -1.94e-02  BFGS
   2     -78.069962816  1.39e-04  3.54e-04  -1.55e-03  BFGS
   3     -78.069997757  3.97e-05  9.49e-05  -3.49e-05  BFGS
   4     -78.070001298  6.73e-06  1.65e-05  -3.54e-06  BFGS
   5     -78.070001545  1.79e-06  4.41e-06  -2.47e-07  BFGS
   6     -78.070001557  3.99e-07  9.85e-07  -1.24e-08  BFGS
   7     -78.070001558  5.64e-08  1.41e-07  -4.87e-10  BFGS
                                                                      gdm is converged!

SCF converged : True
final |[F,P]| : 5.64e-08
final |dE|    : 1.41e-07
final Escf    : -111.335092038817
final Etot    : -78.0700015576273

  pxp & ewc             :::        0.248 (  0.18%)
  apply B               :::        0.001 (  0.00%)
  linsrch               :::      136.664 ( 99.81%)
  grad                  :::        0.009 (  0.01%)
  Total                 :::      136.921 (100.00%)

Alpha occupied
  -11.233 -11.231  -1.032  -0.792  -0.643  -0.586  -0.509  -0.376 

Alpha virtual
    0.077   0.090   0.097   0.101   0.103   0.112   0.127   0.190 
    0.202   0.211   0.221   0.286   0.290   0.307   0.349   0.360 
    0.378   0.396   0.433   0.437   0.450   0.464   0.477   0.556 
    0.608   0.612   0.613   0.619   0.640   0.686   0.690   0.719 
    0.742   0.767   0.775   0.794   0.797   0.839   0.853   0.864 
    0.912   0.919   0.925   0.970   0.990   1.026   1.038   1.042 
    1.043   1.063   1.096   1.117   1.170   1.267   1.284   1.396 
    1.420   1.435   1.460   1.495   1.498   1.504   1.520   1.524 
    1.559   1.627   1.632   1.638   1.701   1.707   1.708   1.735 
    1.742   1.809   1.841   1.853   1.876   1.890   1.939   1.967 
    1.972   1.983   2.007   2.058   2.069   2.126   2.131   2.132 
    2.158   2.159   2.189   2.197   2.243   2.290   2.339   2.341 
    2.351   2.370   2.384   2.532   2.555   2.601   2.696   2.700 
    2.725   2.763   2.790   2.822   2.832   2.897   3.033   3.066 
    3.067   3.101   3.128   3.148   3.226   3.267   3.290   3.482 
    3.519   3.541   3.552   3.565   3.588   3.609   3.663   3.720 
    3.744   3.804   3.832   3.856   3.858   3.862   3.953   3.960 
    4.013   4.014   4.038   4.044   4.102   4.152   4.189   4.207 
    4.208   4.217   4.252   4.274   4.277   4.341   4.350   4.375 
    4.400   4.432   4.458   4.463   4.468   4.562   4.596   4.612 
    4.618   4.623   4.749   4.763   4.793   4.842   4.889   4.890 
    4.934   4.952   4.972   5.011   5.092   5.110   5.126   5.162 
    5.165   5.196   5.201   5.229   5.267   5.271   5.288   5.289 
    5.301   5.396   5.396   5.434   5.496   5.512   5.554   5.556 
    5.563   5.673   5.705   5.869   5.920   5.952   5.994   5.999 
    6.008   6.039   6.089   6.187   6.398   6.477   6.540   6.554 
    6.606   6.632   6.655   6.744   6.874   6.969   7.058   7.097 
    7.107   7.234   7.252   7.331   7.446   7.456   7.524   7.603 
    7.712   7.730   7.878   7.880   7.952   8.114   8.163   8.217 
    8.218   8.308   8.381   8.385   8.514   8.517   8.590   8.597 
    8.647   8.915   8.940   8.972   8.973   9.078   9.212   9.215 
    9.310   9.332   9.355   9.358   9.478   9.549   9.596   9.792 
    9.856   9.931   9.934  10.000  10.034  10.035  10.057  10.194 
   10.237  10.311  10.327  10.365  10.405  10.464  10.513  10.602 
   10.612  10.612  10.833  10.844  10.881  10.991  11.081  11.115 
   11.172  11.199  11.238  11.329  11.406  11.430  11.448  11.458 
   11.497  11.527  11.845  11.898  11.935  12.073  12.417  12.475 
   12.535  12.561  12.571  12.697  12.739  12.772  12.780  12.792 
   12.806  12.808  12.842  12.852  12.863  12.873  12.890  12.925 
   12.980  12.987  13.039  13.114  13.123  13.203  13.272  13.389 
   13.389  13.404  13.409  13.515  13.540  13.584  13.597  13.619 
   13.716  13.754  13.854  13.953  13.990  13.994  13.996  14.009 
   14.033  14.039  14.089  14.099  14.112  14.150  14.196  14.224 
   14.261  14.287  14.314  14.345  14.390  14.428  14.466  14.522 
   14.578  14.586  14.625  14.644  14.662  14.827  14.971  15.040 
   15.059  15.061  15.183  15.199  15.296  15.408  15.450  15.579 
   15.584  15.662  15.770  15.806  16.051  16.083  16.084  16.387 
   16.426  16.426  16.469  16.476  16.602  17.092  17.306  17.342 
   17.369  17.588  17.592  17.607  17.660  17.725  17.860  18.025 
   18.120  18.165  18.316  18.392  18.534  18.588  19.066  19.074 
   19.122  19.159  19.162  19.459  19.472  19.485  19.873  19.990 
   20.421  20.481  21.084  21.932  22.063  22.151  24.302  25.073 
   38.276  38.590  38.684  38.827  38.845  39.715  39.752  39.767 
   40.192  40.244  40.248  40.272  40.407  40.419  40.451  40.509 
   40.545  40.585  40.634  40.689  40.758  40.914  40.975  41.261 
   41.923  41.960  42.056  42.255  42.349  42.810  52.199  52.839 
   86.984  86.988  87.024  87.028  87.035  87.042  87.046  87.055 
   87.067  87.077  87.079  87.083  87.117  87.146  87.197  87.202 
   87.245  87.273  89.474  89.589  90.215  90.331  90.425  90.824 
  107.539 107.729 107.787 107.929 107.934 108.630 108.639 108.727 
  109.165 109.566 112.523 113.102 130.076 130.086 130.111 130.123 
  130.207 130.287 130.316 130.368 130.470 130.504 130.544 130.658 
  130.938 131.065 209.864 209.965 210.524 210.624 210.713 211.061 
  247.744 248.285 251.682 251.682 251.682 251.682 251.683 251.683 
  251.683 251.683 251.684 251.684 251.685 251.685 251.685 251.685 
  251.687 251.687 251.687 251.687 251.690 251.690 251.691 251.691 
  276.414 276.556 276.600 276.708 276.720 277.273 277.281 277.350 
  277.680 277.986 311.051 311.053 311.066 311.067 311.069 311.071 
  311.073 311.076 311.080 311.085 311.086 311.087 311.098 311.108 
  311.129 311.130 311.145 311.160 396.343 396.349 396.364 396.370 
  396.419 396.453 396.485 396.509 396.566 396.582 396.612 396.678 
  396.828 396.908 537.892 537.980 538.465 538.546 538.629 538.929 
  598.754 599.314 706.974 707.085 707.118 707.200 707.212 707.646 
  707.653 707.708 707.961 708.192 1738.455 1738.535 1738.977 1739.047 
  1739.126 1739.398 2327.041 2328.107 


  >>> Running RHF-MP2 <<<


RMP2-TIMING
  rmp2                  :::      155.094 (100.00%)
  Total                 :::      155.094 (100.00%)

MP2 correlation energy (RHF) : -0.4733482830
MP2 total energy       (RHF) : -78.5433498406


  >>> Running UHF <<<

init D/C      : input mo_coeff
init ov       : zeros
no            : 7 8
nv            : 597 596
ov_size       : 8947
max_cycle     : 1000
conv          : 6
econv         : 9
method        : diis
mom_start     : 0
guess mix     : 0.000000
orb_swap      : [[[0, 7]], []]
init E        : -66.8719567471166
init S2       : 0.750000000000076
init |[F,P]|  : 1.86e-02
init |dE|     : 4.76e-02
check file    : None

iter      total energy   |[F,P]|      |dE|         ∆E   S^2   comment
   1     -67.156192419  9.79e-03  2.54e-02  -2.84e-01  0.75  DIIS mom: 6.7/7 7.6/8
   2     -67.387979233  1.85e-03  4.47e-03  -2.32e-01  0.76  DIIS mom: 6.9/7 7.9/8
   3     -67.398369955  4.29e-04  1.06e-03  -1.04e-02  0.77  DIIS mom: 7.0/7 8.0/8
   4     -67.399826631  2.94e-04  6.59e-04  -1.46e-03  0.77  DIIS mom: 7.0/7 8.0/8
   5     -67.401145249  2.27e-04  4.95e-04  -1.32e-03  0.79  DIIS mom: 7.0/7 8.0/8
   6     -67.402603466  1.74e-04  3.77e-04  -1.46e-03  0.83  DIIS mom: 7.0/7 8.0/8
   7     -67.404196836  8.53e-05  1.88e-04  -1.59e-03  0.91  DIIS mom: 7.0/7 8.0/8
   8     -67.404544286  2.47e-05  6.10e-05  -3.47e-04  0.97  DIIS mom: 7.0/7 8.0/8
   9     -67.404543284  1.68e-05  4.04e-05   1.00e-06  0.96  DIIS mom: 7.0/7 8.0/8
  10     -67.404548955  5.50e-06  1.34e-05  -5.67e-06  0.98  DIIS mom: 7.0/7 8.0/8
  11     -67.404549285  2.67e-06  6.47e-06  -3.29e-07  0.97  DIIS mom: 7.0/7 8.0/8
  12     -67.404549409  4.16e-07  1.02e-06  -1.25e-07  0.97  DIIS mom: 7.0/7 8.0/8
  13     -67.404549411  1.16e-07  2.79e-07  -1.78e-09  0.97  DIIS mom: 7.0/7 8.0/8
  14     -67.404549411  2.64e-08  6.49e-08  -2.00e-10  0.97  DIIS mom: 7.0/7 8.0/8
                                                                      diis is converged!

SCF converged : True
final |[F,P]| : 2.64e-08
final |dE|    : 6.49e-08
final Escf    : -100.669639892521
final Etot    : -67.4045494113322
final S2      : 0.973436401318716

  diis prep             :::        0.150 (  0.05%)
  diis extrap           :::        0.154 (  0.05%)
  roothaan              :::        1.020 (  0.32%)
  fock build            :::      315.704 ( 99.58%)
  Total                 :::      317.027 (100.00%)

Alpha occupied
  -11.593  -1.400  -1.126  -0.991  -0.945  -0.832  -0.729 

Alpha virtual
  -10.082  -0.162  -0.091  -0.079  -0.077  -0.059  -0.038  -0.030 
   -0.001   0.008   0.030   0.040   0.110   0.112   0.116   0.147 
    0.152   0.166   0.168   0.185   0.201   0.229   0.242   0.284 
    0.321   0.342   0.366   0.379   0.384   0.403   0.456   0.470 
    0.492   0.524   0.549   0.551   0.565   0.574   0.619   0.619 
    0.637   0.661   0.670   0.702   0.703   0.712   0.772   0.790 
    0.802   0.819   0.830   0.859   0.889   0.940   1.018   1.061 
    1.130   1.156   1.162   1.182   1.229   1.236   1.236   1.258 
    1.277   1.297   1.363   1.377   1.386   1.442   1.450   1.452 
    1.453   1.458   1.543   1.583   1.589   1.609   1.620   1.653 
    1.672   1.705   1.723   1.744   1.803   1.806   1.808   1.856 
    1.859   1.874   1.902   1.931   1.942   1.991   2.034   2.078 
    2.080   2.087   2.116   2.123   2.249   2.285   2.341   2.409 
    2.430   2.456   2.489   2.508   2.521   2.555   2.622   2.762 
    2.775   2.786   2.819   2.843   2.863   2.950   2.985   3.020 
    3.190   3.234   3.245   3.253   3.265   3.296   3.320   3.338 
    3.440   3.444   3.517   3.536   3.550   3.554   3.577   3.667 
    3.667   3.710   3.732   3.734   3.751   3.808   3.864   3.900 
    3.907   3.922   3.927   3.957   3.968   3.977   3.997   4.045 
    4.059   4.079   4.124   4.157   4.170   4.177   4.273   4.305 
    4.320   4.322   4.343   4.446   4.448   4.522   4.543   4.579 
    4.615   4.640   4.664   4.685   4.722   4.800   4.810   4.815 
    4.863   4.873   4.901   4.915   4.942   4.977   4.988   5.000 
    5.000   5.031   5.081   5.098   5.143   5.205   5.229   5.251 
    5.258   5.262   5.370   5.403   5.580   5.619   5.644   5.688 
    5.693   5.699   5.741   5.796   5.881   6.109   6.176   6.242 
    6.246   6.312   6.327   6.329   6.445   6.559   6.675   6.730 
    6.797   6.804   6.938   6.950   7.027   7.113   7.133   7.213 
    7.304   7.409   7.419   7.560   7.575   7.639   7.796   7.854 
    7.876   7.903   7.986   8.060   8.082   8.193   8.203   8.274 
    8.282   8.327   8.510   8.601   8.658   8.665   8.747   8.856 
    8.903   8.928   8.987   9.005   9.039   9.103   9.148   9.254 
    9.461   9.526   9.591   9.610   9.667   9.709   9.720   9.724 
    9.873   9.917   9.968  10.001  10.034  10.081  10.135  10.186 
   10.221  10.262  10.284  10.462  10.496  10.557  10.622  10.703 
   10.738  10.832  10.832  10.879  10.941  11.075  11.084  11.091 
   11.093  11.135  11.187  11.483  11.554  11.597  11.702  12.043 
   12.057  12.133  12.149  12.224  12.353  12.434  12.454  12.477 
   12.486  12.500  12.504  12.537  12.548  12.556  12.568  12.572 
   12.608  12.675  12.679  12.733  12.788  12.790  12.810  12.937 
   12.973  13.039  13.081  13.092  13.206  13.211  13.270  13.291 
   13.314  13.416  13.448  13.541  13.635  13.674  13.685  13.686 
   13.701  13.712  13.753  13.788  13.788  13.798  13.840  13.882 
   13.912  13.946  13.969  13.994  14.040  14.088  14.114  14.145 
   14.209  14.255  14.266  14.268  14.288  14.339  14.488  14.646 
   14.710  14.744  14.757  14.866  14.878  14.973  15.071  15.141 
   15.254  15.267  15.328  15.445  15.498  15.739  15.745  15.753 
   15.991  16.051  16.112  16.118  16.166  16.282  16.765  16.969 
   17.024  17.049  17.272  17.275  17.293  17.333  17.415  17.540 
   17.685  17.742  17.838  17.991  18.058  18.181  18.265  18.480 
   18.731  18.769  18.787  18.798  18.974  19.122  19.169  19.355 
   19.644  19.996  20.105  20.701  21.512  21.650  21.813  23.695 
   24.567  37.293  37.459  37.963  38.282  38.284  38.606  38.783 
   39.137  39.325  39.352  39.438  39.441  39.477  39.645  39.758 
   39.867  40.007  40.046  40.101  40.133  40.187  40.237  40.405 
   40.790  41.017  41.127  41.198  41.732  41.871  42.226  51.198 
   52.271  85.671  85.677  85.677  85.689  85.693  85.707  85.764 
   85.845  85.855  86.671  86.676  86.680  86.689  86.694  86.701 
   86.772  86.869  86.880  87.844  88.618  88.841  89.172  89.979 
   90.265 105.851 105.901 106.472 106.870 107.053 107.398 107.401 
  108.212 108.624 108.787 110.954 112.511 128.242 128.278 128.335 
  128.561 128.566 128.693 129.086 129.750 129.792 129.853 130.086 
  130.108 130.213 130.631 207.501 208.196 208.400 209.557 210.271 
  210.510 245.489 247.693 249.676 249.676 249.677 249.677 249.678 
  249.678 249.679 249.679 249.679 249.680 249.680 251.321 251.321 
  251.323 251.324 251.325 251.328 251.328 251.332 251.332 251.338 
  251.338 273.991 274.020 274.538 274.820 274.941 276.212 276.222 
  276.851 277.173 277.220 308.673 308.677 308.677 308.681 308.682 
  308.686 308.706 308.737 308.740 310.710 310.711 310.713 310.718 
  310.719 310.721 310.746 310.783 310.787 393.588 393.609 393.645 
  393.772 393.773 393.843 394.070 396.006 396.028 396.064 396.195 
  396.198 396.265 396.499 534.792 535.398 535.577 537.580 538.196 
  538.396 595.809 598.706 703.847 703.866 704.294 704.512 704.592 
  706.735 706.746 707.228 707.486 707.486 1734.756 1735.310 1735.473 
  1738.141 1738.700 1738.878 2323.732 2327.302 

Beta occupied
  -13.762 -11.581  -1.472  -1.155  -1.026  -0.969  -0.850  -0.837 

Beta virtual
   -0.151  -0.101  -0.082  -0.075  -0.055  -0.037  -0.032  -0.002 
    0.014   0.031   0.038   0.105   0.109   0.111   0.149   0.150 
    0.159   0.162   0.195   0.206   0.231   0.243   0.281   0.324 
    0.328   0.371   0.382   0.385   0.398   0.457   0.471   0.493 
    0.517   0.550   0.552   0.568   0.574   0.608   0.621   0.642 
    0.650   0.662   0.676   0.702   0.704   0.780   0.785   0.804 
    0.820   0.831   0.856   0.891   0.936   1.020   1.062   1.133 
    1.154   1.165   1.187   1.231   1.237   1.237   1.260   1.275 
    1.300   1.360   1.378   1.383   1.432   1.444   1.451   1.454 
    1.455   1.545   1.586   1.591   1.599   1.618   1.632   1.669 
    1.703   1.723   1.746   1.751   1.804   1.807   1.856   1.872 
    1.873   1.903   1.933   1.943   1.989   2.035   2.074   2.081 
    2.088   2.115   2.123   2.243   2.285   2.338   2.406   2.431 
    2.456   2.490   2.510   2.512   2.547   2.620   2.764   2.773 
    2.783   2.808   2.845   2.862   2.950   2.985   3.021   3.186 
    3.227   3.245   3.256   3.268   3.297   3.318   3.337   3.440 
    3.444   3.512   3.536   3.544   3.545   3.576   3.661   3.666 
    3.696   3.733   3.733   3.750   3.811   3.848   3.898   3.904 
    3.909   3.923   3.924   3.945   3.964   3.977   4.035   4.057 
    4.091   4.111   4.154   4.171   4.176   4.273   4.296   4.310 
    4.323   4.342   4.434   4.445   4.523   4.543   4.572   4.616 
    4.637   4.662   4.681   4.722   4.787   4.806   4.809   4.847 
    4.871   4.901   4.915   4.941   4.973   4.991   4.999   5.003 
    5.030   5.068   5.096   5.141   5.206   5.229   5.241   5.256 
    5.267   5.364   5.399   5.577   5.619   5.633   5.687   5.688 
    5.696   5.736   5.795   5.875   6.106   6.177   6.239   6.247 
    6.313   6.320   6.326   6.439   6.556   6.676   6.720   6.798 
    6.805   6.939   6.948   7.025   7.099   7.131   7.211   7.301 
    7.407   7.414   7.557   7.572   7.634   7.790   7.851   7.868 
    7.903   7.977   8.061   8.080   8.191   8.195   8.271   8.276 
    8.315   8.435   8.604   8.652   8.661   8.741   8.809   8.894 
    8.900   8.984   8.993   9.038   9.090   9.094   9.251   9.453 
    9.517   9.578   9.611   9.662   9.703   9.707   9.721   9.870 
    9.911   9.962   9.995  10.029  10.077  10.126  10.162  10.182 
   10.257  10.281  10.442  10.490  10.555  10.622  10.675  10.732 
   10.811  10.835  10.863  10.903  11.056  11.080  11.082  11.086 
   11.129  11.183  11.475  11.550  11.591  11.691  12.015  12.017 
   12.130  12.133  12.232  12.348  12.435  12.455  12.478  12.487 
   12.501  12.504  12.538  12.549  12.558  12.566  12.573  12.604 
   12.676  12.678  12.734  12.768  12.785  12.811  12.934  12.952 
   13.037  13.082  13.093  13.204  13.212  13.270  13.292  13.315 
   13.417  13.449  13.540  13.638  13.673  13.686  13.687  13.704 
   13.712  13.752  13.789  13.789  13.796  13.840  13.884  13.908 
   13.945  13.968  13.990  14.041  14.088  14.114  14.143  14.208 
   14.245  14.261  14.269  14.279  14.338  14.481  14.644  14.706 
   14.745  14.756  14.863  14.876  14.971  15.065  15.141  15.252 
   15.266  15.324  15.440  15.497  15.729  15.745  15.747  15.970 
   16.051  16.112  16.115  16.167  16.282  16.762  16.962  17.025 
   17.051  17.269  17.275  17.293  17.330  17.415  17.541  17.681 
   17.698  17.836  17.988  18.057  18.146  18.262  18.371  18.728 
   18.749  18.775  18.782  18.922  19.104  19.169  19.268  19.642 
   19.966  20.091  20.680  21.487  21.624  21.813  23.498  24.518 
   37.162  37.316  37.861  38.274  38.288  38.475  38.657  38.912 
   39.192  39.281  39.346  39.366  39.412  39.557  39.740  39.871 
   39.963  39.987  40.082  40.136  40.190  40.234  40.405  40.781 
   40.943  41.002  41.103  41.724  41.870  42.204  50.913  52.250 
   85.611  85.614  85.614  85.627  85.631  85.643  85.703  85.786 
   85.796  86.674  86.679  86.682  86.691  86.697  86.704  86.774 
   86.870  86.880  87.550  88.332  88.563  89.174  89.979  90.259 
  105.652 105.700 106.292 106.682 106.860 107.397 107.403 108.208 
  108.622 108.763 110.654 112.504 128.112 128.148 128.205 128.432 
  128.437 128.564 128.960 129.752 129.793 129.854 130.087 130.108 
  130.214 130.632 207.218 207.916 208.123 209.558 210.271 210.508 
  245.215 247.690 249.607 249.608 249.608 249.608 249.608 249.609 
  249.609 249.609 249.609 249.610 249.610 251.322 251.322 251.324 
  251.325 251.326 251.328 251.328 251.332 251.332 251.338 251.338 
  273.792 273.820 274.345 274.627 274.743 276.212 276.223 276.849 
  277.173 277.212 308.563 308.567 308.567 308.572 308.572 308.576 
  308.596 308.628 308.631 310.711 310.711 310.714 310.719 310.719 
  310.721 310.746 310.784 310.788 393.432 393.453 393.489 393.616 
  393.617 393.688 393.915 396.006 396.029 396.064 396.195 396.198 
  396.265 396.499 534.569 535.177 535.357 537.581 538.197 538.395 
  595.588 598.705 703.683 703.702 704.132 704.350 704.428 706.736 
  706.747 707.228 707.484 707.486 1734.624 1735.179 1735.343 1738.142 
  1738.700 1738.878 2323.613 2327.300 

  SA 0  : 1 (1.00)    SB 0  : 0 (1.00)
  SA 1  : 2 (0.61) 5 (0.11) 6 (0.11)    SB 1  : 1 (1.00)
  SA 2  : 3 (0.22) 4 (0.22) 5 (0.28) 6 (0.28)    SB 2  : 2 (0.54) 5 (0.19) 6 (0.19)
  SA 3  : 3 (0.16) 4 (0.16) 5 (0.34) 6 (0.34)    SB 3  : 2 (0.12) 3 (0.22) 4 (0.22) 5 (0.21) 6 (0.21)
  SA 4  : 2 (0.38) 3 (0.20) 4 (0.20) 5 (0.11) 6 (0.11)    SB 4  : 5 (0.38) 6 (0.38)
  SA 5  : 3 (0.34) 4 (0.34) 5 (0.15) 6 (0.15)    SB 5  : 2 (0.31) 3 (0.25) 4 (0.25)
  SA 6  : 7 (0.98)    SB 6  : 7 (0.75)
  SB 7  : 3 (0.40) 4 (0.40)

The transition for spin alpha is from 6 (0.00) to 1 (0.98).



  >>> Running UHF-MP2 <<<

MP2 correlation energy (UHF) : -0.4380553485
MP2 total energy       (UHF) : -67.8426047598

