	*********************************************** 
	***** Beginning CEBE Calculation with MOM ***** 
	*****       Calculation Details:          ***** 
	      Geometry:	 /work/morgunov/core/calculations/mols/exp/n/ipr-nh2.xyz
	      Core Basis:	 cc-pCV5Z
	      Full Basis:	 cc-pV5Z
	      DIIS (start, space):	 0 50
	      Level shift:	 0
	      Do localization?:	 False
	      Do SFX2C1E?:	 True
	      Freeze orbitals?:	 True
	      Use Cheng orbitals?:	 False
	      Do Special Basis?:	 False
	*********************************************** 
	*********************************************** 

  >>> Running RHF <<<

init D/C      : minao
init ov       : zeros
no            : 17
nv            : 896
ov_size       : 15232
max_cycle     : 1000
conv          : 6
econv         : 9
method        : gdm
scale_stop    : 0
scale_factor  : 1.000000
init E        : -173.324423060577
init |[F,P]|  : 2.61e-03
init |dE|     : 6.16e-03
check file    : None

iter      total energy   |[F,P]|      |dE|         ∆E   comment
   1    -173.366335919  8.18e-04  1.91e-03  -4.19e-02  BFGS
   2    -173.370129765  2.62e-04  6.30e-04  -3.79e-03  BFGS
   3    -173.370433648  4.55e-05  1.13e-04  -3.04e-04  BFGS
   4    -173.370444646  1.26e-05  2.98e-05  -1.10e-05  BFGS
   5    -173.370445837  4.44e-06  1.09e-05  -1.19e-06  BFGS
   6    -173.370445962  1.21e-06  2.86e-06  -1.25e-07  BFGS
   7    -173.370445975  3.15e-07  7.79e-07  -1.28e-08  BFGS
   8    -173.370445976  1.04e-07  2.39e-07  -1.14e-09  BFGS
   9    -173.370445976  2.78e-08  6.86e-08  -7.38e-11  BFGS
                                                                      gdm is converged!

SCF converged : True
final |[F,P]| : 2.78e-08
final |dE|    : 6.86e-08
final Escf    : -310.122188121136
final Etot    : -173.370445976455

  pxp & ewc             :::        1.077 (  0.05%)
  apply B               :::        0.004 (  0.00%)
  linsrch               :::     1957.982 ( 99.94%)
  grad                  :::        0.043 (  0.00%)
  Total                 :::     1959.107 (100.00%)

Alpha occupied
  -15.532 -11.245 -11.204 -11.204  -1.186  -1.016  -0.932  -0.780 
   -0.656  -0.653  -0.601  -0.538  -0.528  -0.507  -0.491  -0.473 
   -0.388 

Alpha virtual
    0.090   0.115   0.116   0.122   0.145   0.149   0.156   0.176 
    0.196   0.205   0.216   0.233   0.246   0.252   0.269   0.292 
    0.300   0.334   0.361   0.388   0.394   0.400   0.406   0.415 
    0.421   0.423   0.430   0.432   0.456   0.463   0.483   0.491 
    0.529   0.535   0.549   0.552   0.583   0.594   0.603   0.610 
    0.625   0.639   0.651   0.671   0.677   0.703   0.708   0.727 
    0.741   0.774   0.774   0.779   0.804   0.816   0.822   0.835 
    0.844   0.853   0.861   0.869   0.883   0.884   0.912   0.916 
    0.939   0.962   0.966   0.978   0.993   1.004   1.019   1.040 
    1.059   1.063   1.091   1.098   1.103   1.109   1.111   1.123 
    1.155   1.158   1.192   1.193   1.208   1.210   1.224   1.234 
    1.247   1.256   1.264   1.285   1.299   1.314   1.397   1.421 
    1.444   1.444   1.472   1.487   1.525   1.528   1.539   1.550 
    1.564   1.582   1.582   1.599   1.620   1.631   1.637   1.643 
    1.656   1.670   1.675   1.723   1.726   1.762   1.767   1.780 
    1.792   1.808   1.835   1.842   1.855   1.875   1.904   1.913 
    1.922   1.932   1.935   1.968   1.985   1.991   2.009   2.030 
    2.032   2.046   2.055   2.072   2.110   2.119   2.122   2.133 
    2.141   2.168   2.179   2.197   2.202   2.211   2.215   2.235 
    2.237   2.253   2.264   2.289   2.300   2.301   2.312   2.326 
    2.343   2.354   2.364   2.379   2.401   2.414   2.439   2.467 
    2.468   2.497   2.507   2.512   2.524   2.530   2.557   2.562 
    2.565   2.576   2.601   2.618   2.644   2.667   2.683   2.691 
    2.715   2.758   2.767   2.773   2.805   2.819   2.830   2.874 
    2.883   2.893   2.909   2.936   2.955   2.981   2.988   2.992 
    3.005   3.019   3.063   3.091   3.093   3.106   3.133   3.170 
    3.201   3.215   3.215   3.259   3.284   3.294   3.306   3.324 
    3.328   3.354   3.361   3.373   3.417   3.445   3.447   3.453 
    3.496   3.545   3.587   3.605   3.641   3.646   3.668   3.679 
    3.691   3.727   3.752   3.771   3.805   3.807   3.826   3.839 
    3.853   3.860   3.908   3.948   3.954   3.981   3.991   4.006 
    4.022   4.059   4.060   4.084   4.090   4.145   4.146   4.154 
    4.186   4.204   4.218   4.227   4.234   4.246   4.273   4.282 
    4.311   4.313   4.338   4.341   4.364   4.383   4.408   4.418 
    4.431   4.434   4.441   4.475   4.487   4.506   4.509   4.522 
    4.532   4.569   4.582   4.588   4.618   4.651   4.663   4.665 
    4.695   4.704   4.720   4.737   4.739   4.786   4.809   4.811 
    4.826   4.830   4.839   4.857   4.866   4.873   4.881   4.889 
    4.912   4.924   4.953   4.973   4.984   4.987   5.025   5.030 
    5.042   5.055   5.079   5.088   5.114   5.117   5.141   5.146 
    5.156   5.177   5.209   5.233   5.234   5.238   5.247   5.299 
    5.317   5.328   5.339   5.368   5.373   5.386   5.403   5.409 
    5.440   5.467   5.483   5.506   5.508   5.512   5.516   5.531 
    5.575   5.577   5.606   5.624   5.634   5.638   5.650   5.687 
    5.691   5.697   5.704   5.723   5.734   5.736   5.759   5.790 
    5.813   5.825   5.854   5.854   5.885   5.887   5.893   5.950 
    5.976   5.984   5.996   6.011   6.028   6.034   6.037   6.092 
    6.103   6.106   6.118   6.140   6.153   6.156   6.183   6.226 
    6.235   6.270   6.291   6.319   6.327   6.335   6.367   6.382 
    6.388   6.396   6.416   6.441   6.464   6.501   6.507   6.573 
    6.587   6.613   6.640   6.661   6.677   6.707   6.739   6.759 
    6.811   6.816   6.837   6.949   6.952   6.971   6.978   7.024 
    7.047   7.088   7.170   7.196   7.225   7.233   7.243   7.281 
    7.282   7.294   7.295   7.338   7.338   7.357   7.370   7.401 
    7.409   7.476   7.491   7.508   7.561   7.630   7.659   7.670 
    7.725   7.749   7.750   7.770   7.845   7.853   7.885   7.900 
    7.915   7.958   8.005   8.040   8.073   8.127   8.137   8.276 
    8.304   8.336   8.341   8.342   8.420   8.433   8.440   8.489 
    8.646   8.688   8.690   8.781   8.922   8.953   9.051   9.063 
    9.190   9.213   9.249   9.294   9.401   9.525   9.526   9.545 
    9.601   9.623   9.675   9.700   9.720   9.764   9.779   9.838 
    9.849   9.904   9.912   9.958  10.044  10.062  10.067  10.090 
   10.156  10.195  10.214  10.264  10.294  10.343  10.351  10.393 
   10.424  10.446  10.486  10.491  10.496  10.542  10.554  10.603 
   10.638  10.638  10.683  10.728  10.754  10.797  10.811  10.858 
   10.881  10.911  10.927  10.996  11.020  11.053  11.066  11.105 
   11.154  11.154  11.169  11.260  11.294  11.384  11.407  11.409 
   11.419  11.469  11.485  11.485  11.544  11.570  11.573  11.594 
   11.599  11.646  11.657  11.682  11.688  11.700  11.735  11.748 
   11.769  11.814  11.842  11.870  11.893  11.947  11.966  12.004 
   12.096  12.112  12.190  12.228  12.355  12.385  12.435  12.525 
   12.576  12.584  12.673  12.676  12.679  12.682  12.683  12.697 
   12.710  12.723  12.740  12.743  12.744  12.770  12.775  12.778 
   12.805  12.823  12.843  12.849  12.851  12.864  12.867  12.868 
   12.889  12.905  12.912  12.922  12.949  12.954  12.987  12.998 
   13.004  13.023  13.029  13.036  13.045  13.072  13.084  13.095 
   13.101  13.110  13.131  13.139  13.157  13.181  13.201  13.225 
   13.236  13.261  13.290  13.344  13.364  13.374  13.375  13.379 
   13.401  13.403  13.480  13.486  13.522  13.529  13.555  13.578 
   13.600  13.609  13.615  13.621  13.633  13.670  13.689  13.689 
   13.714  13.729  13.760  13.766  13.794  13.806  13.807  13.843 
   13.855  13.874  13.887  13.904  13.910  13.951  13.977  13.980 
   13.997  14.033  14.037  14.075  14.089  14.093  14.159  14.187 
   14.190  14.211  14.214  14.221  14.223  14.259  14.265  14.273 
   14.282  14.288  14.323  14.328  14.330  14.357  14.362  14.401 
   14.439  14.449  14.461  14.464  14.481  14.503  14.521  14.530 
   14.550  14.560  14.561  14.570  14.605  14.619  14.640  14.659 
   14.676  14.677  14.689  14.721  14.725  14.738  14.767  14.769 
   14.788  14.815  14.827  14.851  14.867  14.869  14.904  14.913 
   14.923  14.939  14.959  14.974  15.011  15.024  15.043  15.072 
   15.091  15.159  15.163  15.184  15.190  15.222  15.223  15.296 
   15.310  15.334  15.373  15.386  15.418  15.454  15.519  15.539 
   15.544  15.633  15.667  15.758  15.765  15.790  15.816  15.874 
   15.908  15.917  15.945  15.998  16.016  16.034  16.061  16.070 
   16.183  16.188  16.210  16.219  16.236  16.264  16.337  16.370 
   16.394  16.473  16.485  16.512  16.633  16.725  16.769  16.809 
   16.877  17.000  17.009  17.013  17.018  17.023  17.129  17.171 
   17.282  17.315  17.363  17.491  17.604  17.608  17.657  17.745 
   17.808  17.811  17.824  17.851  17.910  17.920  17.985  18.030 
   18.055  18.091  18.113  18.125  18.160  18.183  18.247  18.395 
   18.471  18.475  18.520  18.530  18.555  18.591  18.652  18.659 
   18.707  18.735  18.737  18.797  18.852  18.928  19.011  19.031 
   19.093  19.203  19.205  19.234  19.289  19.325  19.390  20.746 
   20.840  20.916  20.950  20.998  21.025  21.034  21.045  21.067 
   21.114  21.143  21.367  21.701  22.806  23.659  26.618  31.039 
   32.260  32.695  42.150  43.014  43.028  51.196  51.206  51.393 
   51.924  52.512  58.954  59.160  59.321  59.425  59.497  59.747 
   60.043  66.730  83.947  84.967  85.134 151.092 151.098 151.248 
  151.609 152.024 173.058 209.112 209.113 209.116 209.117 209.121 
  209.124 209.125 209.129 209.131 230.710 231.562 231.682 236.445 
  236.541 236.610 236.639 236.672 236.786 236.925 450.735 457.197 
  457.205 457.323 457.572 457.856 644.775 645.517 645.627 1578.223 


  >>> Running RHF-MP2 <<<


RMP2-TIMING
  rmp2                  :::     1878.450 (100.00%)
  Total                 :::     1878.450 (100.00%)

MP2 correlation energy (RHF) : -0.9813970864
MP2 total energy       (RHF) : -174.3518430629


  >>> Running UHF <<<

init D/C      : input mo_coeff
init ov       : zeros
no            : 16 17
nv            : 897 896
ov_size       : 29584
max_cycle     : 1000
conv          : 6
econv         : 9
method        : diis
mom_start     : 0
guess mix     : 0.000000
orb_swap      : [[[0, 16]], []]
init E        : -157.838493855987
init S2       : 0.749999999999989
init |[F,P]|  : 1.01e-02
init |dE|     : 3.00e-02
check file    : None

iter      total energy   |[F,P]|      |dE|         ∆E   S^2   comment
   1    -158.255616271  6.05e-03  1.64e-02  -4.17e-01  0.75  DIIS mom: 15.7/16 16.6/17
   2    -158.518197266  4.16e-04  1.19e-03  -2.63e-01  0.76  DIIS mom: 15.9/16 17.0/17
   3    -158.520372252  1.43e-04  3.63e-04  -2.17e-03  0.76  DIIS mom: 16.0/16 17.0/17
   4    -158.520888546  8.63e-05  2.14e-04  -5.16e-04  0.77  DIIS mom: 16.0/16 17.0/17
   5    -158.521158356  3.67e-05  8.88e-05  -2.70e-04  0.77  DIIS mom: 16.0/16 17.0/17
   6    -158.521209206  1.20e-05  2.95e-05  -5.09e-05  0.78  DIIS mom: 16.0/16 17.0/17
   7    -158.521214162  3.17e-06  8.25e-06  -4.96e-06  0.78  DIIS mom: 16.0/16 17.0/17
   8    -158.521214444  1.20e-06  3.11e-06  -2.82e-07  0.78  DIIS mom: 16.0/16 17.0/17
   9    -158.521214488  5.03e-07  1.24e-06  -4.45e-08  0.78  DIIS mom: 16.0/16 17.0/17
  10    -158.521214496  2.58e-07  5.98e-07  -7.96e-09  0.78  DIIS mom: 16.0/16 17.0/17
  11    -158.521214499  1.00e-07  2.36e-07  -2.62e-09  0.78  DIIS mom: 16.0/16 17.0/17
  12    -158.521214499  3.17e-08  7.65e-08  -4.32e-10  0.78  DIIS mom: 16.0/16 17.0/17
                                                                      diis is converged!

SCF converged : True
final |[F,P]| : 3.17e-08
final |dE|    : 7.65e-08
final Escf    : -295.272956643952
final Etot    : -158.521214499272
final S2      : 0.777333855195856

  diis prep             :::        0.748 (  0.03%)
  diis extrap           :::        0.472 (  0.02%)
  roothaan              :::        2.926 (  0.10%)
  fock build            :::     2790.734 ( 99.85%)
  Total                 :::     2794.880 (100.00%)

Alpha occupied
  -11.510 -11.399 -11.399  -1.570  -1.271  -1.140  -1.052  -1.039 
   -0.957  -0.859  -0.791  -0.751  -0.739  -0.723  -0.682  -0.679 

Alpha virtual
  -14.148  -0.107  -0.062  -0.039  -0.029  -0.004   0.003   0.010 
    0.032   0.038   0.039   0.054   0.069   0.082   0.089   0.094 
    0.112   0.137   0.147   0.175   0.180   0.184   0.187   0.213 
    0.222   0.229   0.246   0.258   0.268   0.278   0.280   0.287 
    0.290   0.329   0.338   0.359   0.375   0.405   0.411   0.412 
    0.424   0.438   0.459   0.472   0.484   0.494   0.509   0.524 
    0.528   0.546   0.560   0.565   0.592   0.596   0.632   0.633 
    0.647   0.649   0.662   0.674   0.676   0.693   0.713   0.721 
    0.731   0.747   0.756   0.768   0.780   0.795   0.798   0.825 
    0.848   0.858   0.869   0.878   0.904   0.909   0.909   0.912 
    0.923   0.959   0.973   0.980   0.986   1.015   1.023   1.034 
    1.044   1.044   1.067   1.068   1.075   1.095   1.139   1.185 
    1.217   1.233   1.239   1.270   1.280   1.316   1.325   1.340 
    1.359   1.363   1.373   1.374   1.377   1.420   1.422   1.429 
    1.432   1.446   1.464   1.475   1.488   1.513   1.557   1.562 
    1.578   1.579   1.592   1.624   1.627   1.648   1.661   1.677 
    1.692   1.720   1.723   1.737   1.747   1.769   1.782   1.799 
    1.807   1.824   1.836   1.848   1.852   1.899   1.905   1.919 
    1.924   1.928   1.939   1.968   1.984   1.992   1.994   2.019 
    2.035   2.036   2.045   2.076   2.078   2.080   2.086   2.092 
    2.119   2.121   2.124   2.133   2.163   2.178   2.214   2.245 
    2.258   2.271   2.278   2.298   2.311   2.312   2.321   2.340 
    2.352   2.361   2.370   2.404   2.408   2.439   2.441   2.459 
    2.475   2.491   2.525   2.541   2.551   2.576   2.608   2.612 
    2.639   2.676   2.676   2.700   2.710   2.712   2.731   2.758 
    2.783   2.791   2.798   2.847   2.869   2.875   2.892   2.922 
    2.942   2.953   2.978   2.986   3.054   3.061   3.079   3.087 
    3.117   3.131   3.133   3.155   3.158   3.202   3.206   3.218 
    3.225   3.270   3.332   3.334   3.354   3.375   3.397   3.450 
    3.466   3.470   3.474   3.529   3.533   3.542   3.598   3.610 
    3.612   3.638   3.653   3.693   3.723   3.723   3.747   3.763 
    3.769   3.788   3.818   3.833   3.873   3.877   3.921   3.928 
    3.943   3.963   3.979   3.995   4.005   4.020   4.035   4.060 
    4.061   4.089   4.100   4.115   4.138   4.153   4.153   4.178 
    4.179   4.210   4.221   4.233   4.258   4.260   4.274   4.277 
    4.292   4.305   4.329   4.362   4.365   4.397   4.402   4.432 
    4.440   4.478   4.485   4.499   4.510   4.538   4.577   4.595 
    4.610   4.614   4.621   4.630   4.636   4.641   4.661   4.674 
    4.682   4.682   4.704   4.718   4.737   4.758   4.767   4.785 
    4.790   4.819   4.822   4.839   4.861   4.881   4.891   4.897 
    4.919   4.931   4.959   4.999   5.020   5.020   5.025   5.033 
    5.061   5.068   5.077   5.103   5.131   5.154   5.155   5.169 
    5.176   5.210   5.224   5.242   5.256   5.266   5.277   5.286 
    5.322   5.344   5.360   5.378   5.379   5.412   5.417   5.431 
    5.449   5.468   5.477   5.487   5.490   5.518   5.528   5.550 
    5.572   5.590   5.599   5.627   5.641   5.644   5.674   5.677 
    5.723   5.737   5.764   5.781   5.797   5.807   5.820   5.824 
    5.868   5.877   5.890   5.897   5.922   5.928   5.946   5.956 
    5.994   6.000   6.029   6.060   6.065   6.100   6.119   6.134 
    6.135   6.174   6.180   6.197   6.228   6.233   6.277   6.287 
    6.317   6.323   6.345   6.386   6.409   6.441   6.453   6.468 
    6.522   6.575   6.595   6.601   6.678   6.680   6.721   6.723 
    6.758   6.795   6.835   6.923   6.938   6.949   6.990   7.014 
    7.022   7.057   7.064   7.077   7.099   7.102   7.150   7.153 
    7.183   7.190   7.244   7.259   7.289   7.356   7.392   7.421 
    7.440   7.458   7.508   7.521   7.556   7.579   7.643   7.650 
    7.674   7.677   7.751   7.762   7.800   7.809   7.879   7.899 
    8.013   8.038   8.046   8.126   8.148   8.185   8.203   8.223 
    8.250   8.322   8.388   8.396   8.548   8.607   8.691   8.815 
    8.830   8.844   8.977   9.014   9.048   9.139   9.279   9.282 
    9.332   9.394   9.424   9.476   9.496   9.518   9.561   9.582 
    9.605   9.633   9.680   9.695   9.727   9.758   9.842   9.847 
    9.862   9.934   9.947   9.990  10.053  10.059  10.119  10.129 
   10.159  10.206  10.224  10.282  10.291  10.291  10.316  10.345 
   10.389  10.427  10.430  10.465  10.494  10.542  10.582  10.586 
   10.622  10.668  10.690  10.706  10.771  10.801  10.821  10.843 
   10.858  10.897  10.911  10.933  10.957  11.002  11.085  11.113 
   11.130  11.166  11.180  11.186  11.249  11.284  11.295  11.331 
   11.375  11.376  11.411  11.411  11.442  11.455  11.471  11.504 
   11.510  11.528  11.587  11.613  11.666  11.675  11.715  11.733 
   11.756  11.810  11.818  11.879  11.954  12.027  12.161  12.171 
   12.215  12.255  12.262  12.346  12.397  12.434  12.443  12.471 
   12.475  12.489  12.493  12.505  12.518  12.525  12.540  12.542 
   12.569  12.582  12.584  12.601  12.610  12.613  12.645  12.645 
   12.649  12.668  12.668  12.682  12.686  12.703  12.716  12.735 
   12.742  12.745  12.762  12.784  12.811  12.827  12.844  12.866 
   12.883  12.892  12.901  12.920  12.927  12.939  12.962  12.977 
   12.984  12.987  13.017  13.038  13.092  13.132  13.143  13.150 
   13.166  13.168  13.178  13.230  13.252  13.288  13.314  13.327 
   13.331  13.349  13.367  13.392  13.406  13.412  13.425  13.431 
   13.459  13.468  13.477  13.482  13.509  13.521  13.548  13.560 
   13.592  13.604  13.619  13.634  13.643  13.674  13.681  13.693 
   13.713  13.715  13.729  13.775  13.798  13.860  13.876  13.887 
   13.937  13.945  13.955  13.992  14.003  14.014  14.016  14.019 
   14.026  14.059  14.059  14.074  14.079  14.103  14.117  14.132 
   14.165  14.197  14.212  14.241  14.257  14.263  14.265  14.285 
   14.312  14.332  14.340  14.358  14.360  14.370  14.393  14.424 
   14.427  14.437  14.476  14.478  14.491  14.504  14.522  14.531 
   14.553  14.557  14.571  14.580  14.598  14.610  14.641  14.643 
   14.678  14.697  14.720  14.728  14.740  14.780  14.788  14.839 
   14.839  14.847  14.907  14.924  14.948  14.963  14.976  14.981 
   15.034  15.070  15.089  15.124  15.135  15.154  15.186  15.203 
   15.293  15.295  15.366  15.473  15.477  15.494  15.566  15.567 
   15.615  15.679  15.689  15.733  15.733  15.797  15.836  15.859 
   15.868  15.900  15.963  15.967  15.993  15.998  16.021  16.043 
   16.048  16.103  16.200  16.257  16.290  16.314  16.370  16.374 
   16.468  16.514  16.598  16.723  16.793  16.809  16.812  16.825 
   16.837  16.895  16.910  16.992  17.109  17.203  17.373  17.421 
   17.468  17.475  17.610  17.616  17.620  17.652  17.708  17.724 
   17.737  17.803  17.804  17.852  17.889  17.908  17.971  17.999 
   18.057  18.170  18.215  18.259  18.292  18.318  18.346  18.357 
   18.397  18.456  18.481  18.531  18.543  18.606  18.624  18.741 
   18.836  18.901  19.010  19.013  19.035  19.087  19.099  19.196 
   20.364  20.381  20.512  20.515  20.761  20.820  20.830  20.841 
   20.871  20.906  20.916  20.952  21.230  22.283  23.178  25.870 
   29.983  31.219  31.668  41.884  42.818  42.833  49.889  49.900 
   50.089  50.621  51.211  57.704  57.913  58.071  58.176  58.244 
   58.497  58.789  65.201  82.139  83.160  83.326 148.852 148.859 
  149.010 149.369 149.785 170.648 206.973 206.975 206.980 206.981 
  206.984 206.988 206.989 206.990 206.993 227.978 228.830 228.949 
  233.910 234.007 234.076 234.104 234.134 234.250 234.388 447.401 
  453.904 453.911 454.030 454.278 454.562 641.123 641.864 641.974 
  1574.059 

Beta occupied
  -18.431 -11.508 -11.399 -11.399  -1.665  -1.281  -1.151  -1.081 
   -1.080  -0.999  -0.900  -0.802  -0.752  -0.746  -0.723  -0.681 
   -0.681 

Beta virtual
   -0.115  -0.069  -0.039  -0.029  -0.004   0.003   0.010   0.032 
    0.033   0.040   0.053   0.070   0.076   0.090   0.095   0.109 
    0.138   0.143   0.166   0.172   0.179   0.187   0.212   0.222 
    0.231   0.246   0.257   0.267   0.277   0.280   0.286   0.289 
    0.329   0.333   0.360   0.376   0.405   0.412   0.412   0.424 
    0.437   0.458   0.473   0.483   0.494   0.504   0.525   0.530 
    0.548   0.558   0.564   0.590   0.596   0.633   0.635   0.647 
    0.649   0.662   0.674   0.676   0.693   0.713   0.720   0.730 
    0.739   0.757   0.768   0.779   0.790   0.795   0.825   0.844 
    0.849   0.869   0.878   0.904   0.907   0.910   0.913   0.922 
    0.959   0.972   0.981   0.987   1.015   1.023   1.035   1.044 
    1.044   1.065   1.068   1.071   1.093   1.139   1.184   1.217 
    1.230   1.236   1.268   1.279   1.317   1.325   1.339   1.360 
    1.360   1.372   1.375   1.376   1.421   1.422   1.429   1.430 
    1.443   1.465   1.475   1.485   1.514   1.555   1.563   1.578 
    1.578   1.591   1.626   1.626   1.648   1.658   1.677   1.692 
    1.720   1.724   1.737   1.746   1.770   1.781   1.799   1.804 
    1.824   1.837   1.849   1.851   1.897   1.904   1.919   1.923 
    1.928   1.937   1.968   1.983   1.991   1.994   2.019   2.035 
    2.035   2.042   2.076   2.078   2.080   2.086   2.090   2.117 
    2.122   2.122   2.131   2.163   2.177   2.214   2.244   2.258 
    2.270   2.278   2.297   2.309   2.310   2.321   2.338   2.352 
    2.360   2.370   2.404   2.409   2.439   2.440   2.456   2.475 
    2.488   2.522   2.542   2.551   2.573   2.607   2.612   2.633 
    2.676   2.677   2.699   2.709   2.711   2.721   2.752   2.782 
    2.791   2.795   2.847   2.870   2.875   2.892   2.920   2.941 
    2.948   2.969   2.986   3.054   3.058   3.078   3.087   3.115 
    3.128   3.133   3.155   3.157   3.201   3.205   3.217   3.225 
    3.268   3.332   3.333   3.351   3.359   3.394   3.449   3.463 
    3.469   3.474   3.522   3.523   3.542   3.598   3.611   3.612 
    3.637   3.653   3.692   3.723   3.724   3.747   3.761   3.770 
    3.783   3.819   3.830   3.871   3.875   3.919   3.921   3.939 
    3.962   3.976   3.995   4.003   4.019   4.035   4.060   4.061 
    4.088   4.100   4.115   4.139   4.152   4.153   4.179   4.179 
    4.207   4.221   4.233   4.256   4.258   4.274   4.278   4.292 
    4.304   4.326   4.361   4.365   4.397   4.402   4.432   4.438 
    4.479   4.484   4.498   4.509   4.538   4.577   4.594   4.610 
    4.612   4.621   4.628   4.636   4.641   4.660   4.671   4.679 
    4.681   4.704   4.714   4.736   4.756   4.766   4.782   4.789 
    4.814   4.822   4.838   4.861   4.882   4.891   4.897   4.917 
    4.931   4.956   4.999   5.020   5.020   5.024   5.033   5.060 
    5.069   5.076   5.102   5.132   5.150   5.153   5.169   5.175 
    5.208   5.222   5.238   5.254   5.265   5.276   5.285   5.321 
    5.344   5.352   5.373   5.379   5.411   5.417   5.430   5.449 
    5.465   5.472   5.487   5.490   5.516   5.527   5.551   5.572 
    5.590   5.598   5.626   5.640   5.641   5.674   5.677   5.717 
    5.737   5.764   5.780   5.792   5.807   5.821   5.824   5.868 
    5.875   5.890   5.897   5.921   5.928   5.946   5.956   5.989 
    6.000   6.026   6.059   6.063   6.099   6.118   6.133   6.134 
    6.174   6.179   6.197   6.228   6.232   6.276   6.286   6.316 
    6.317   6.335   6.387   6.406   6.441   6.452   6.464   6.519 
    6.574   6.594   6.598   6.669   6.680   6.721   6.722   6.753 
    6.794   6.829   6.921   6.929   6.943   6.990   7.006   7.021 
    7.057   7.064   7.076   7.098   7.101   7.151   7.151   7.183 
    7.187   7.244   7.253   7.286   7.354   7.390   7.416   7.439 
    7.448   7.501   7.519   7.556   7.567   7.642   7.650   7.670 
    7.676   7.750   7.757   7.798   7.801   7.875   7.898   8.005 
    8.029   8.039   8.125   8.147   8.182   8.201   8.223   8.249 
    8.314   8.383   8.393   8.548   8.592   8.689   8.814   8.830 
    8.834   8.977   9.010   9.044   9.134   9.277   9.281   9.332 
    9.392   9.424   9.476   9.496   9.519   9.561   9.573   9.582 
    9.631   9.658   9.695   9.714   9.750   9.840   9.847   9.861 
    9.933   9.940   9.990  10.053  10.056  10.114  10.129  10.158 
   10.206  10.224  10.282  10.291  10.291  10.314  10.345  10.387 
   10.426  10.430  10.465  10.488  10.538  10.580  10.582  10.623 
   10.668  10.688  10.705  10.771  10.782  10.796  10.836  10.837 
   10.857  10.906  10.933  10.951  10.992  11.060  11.113  11.125 
   11.159  11.166  11.184  11.248  11.281  11.293  11.329  11.374 
   11.374  11.399  11.410  11.440  11.455  11.471  11.504  11.510 
   11.528  11.586  11.611  11.665  11.675  11.711  11.725  11.756 
   11.804  11.806  11.869  11.951  12.019  12.159  12.161  12.215 
   12.254  12.256  12.347  12.399  12.431  12.443  12.470  12.475 
   12.488  12.493  12.505  12.517  12.524  12.540  12.542  12.568 
   12.583  12.583  12.601  12.610  12.613  12.645  12.646  12.650 
   12.667  12.667  12.682  12.686  12.703  12.716  12.734  12.741 
   12.745  12.762  12.783  12.811  12.827  12.844  12.866  12.883 
   12.891  12.899  12.919  12.927  12.938  12.960  12.976  12.982 
   12.987  13.017  13.038  13.093  13.131  13.139  13.150  13.165 
   13.168  13.177  13.230  13.252  13.288  13.313  13.327  13.328 
   13.349  13.366  13.390  13.401  13.408  13.425  13.431  13.458 
   13.467  13.477  13.481  13.505  13.521  13.547  13.560  13.592 
   13.602  13.619  13.634  13.642  13.673  13.681  13.693  13.712 
   13.716  13.729  13.773  13.798  13.860  13.876  13.885  13.937 
   13.941  13.954  13.990  14.003  14.014  14.015  14.016  14.024 
   14.058  14.059  14.074  14.079  14.103  14.116  14.131  14.164 
   14.196  14.211  14.240  14.257  14.262  14.262  14.285  14.310 
   14.331  14.339  14.356  14.360  14.370  14.393  14.423  14.427 
   14.435  14.475  14.477  14.491  14.500  14.521  14.530  14.552 
   14.556  14.569  14.578  14.597  14.609  14.640  14.643  14.678 
   14.696  14.719  14.726  14.738  14.778  14.787  14.835  14.839 
   14.846  14.903  14.922  14.947  14.962  14.974  14.980  15.033 
   15.070  15.083  15.114  15.133  15.152  15.185  15.201  15.292 
   15.293  15.362  15.472  15.472  15.491  15.558  15.567  15.615 
   15.679  15.686  15.730  15.732  15.796  15.836  15.858  15.868 
   15.896  15.957  15.966  15.991  15.996  16.021  16.042  16.048 
   16.094  16.200  16.247  16.289  16.310  16.366  16.369  16.457 
   16.511  16.586  16.711  16.793  16.808  16.812  16.824  16.836 
   16.885  16.892  16.989  17.101  17.191  17.362  17.420  17.457 
   17.468  17.609  17.616  17.620  17.650  17.708  17.714  17.735 
   17.787  17.802  17.852  17.886  17.907  17.971  17.999  18.023 
   18.170  18.213  18.247  18.279  18.315  18.345  18.353  18.397 
   18.456  18.460  18.531  18.543  18.605  18.621  18.740  18.836 
   18.901  19.009  19.013  19.035  19.087  19.099  19.195  20.327 
   20.360  20.500  20.502  20.759  20.820  20.829  20.840  20.870 
   20.890  20.913  20.952  21.188  22.202  23.155  25.639  29.688 
   30.938  31.400  41.883  42.818  42.833  49.737  49.747  49.936 
   50.469  51.060  57.623  57.832  57.991  58.096  58.164  58.417 
   58.704  64.762  81.736  82.763  82.930 148.598 148.605 148.756 
  149.116 149.532 170.220 206.865 206.867 206.872 206.873 206.876 
  206.880 206.881 206.882 206.885 227.597 228.451 228.571 233.722 
  233.819 233.887 233.916 233.946 234.061 234.200 447.056 453.641 
  453.648 453.767 454.015 454.299 640.830 641.572 641.681 1573.843 


  >>> Running UHF-MP2 <<<

MP2 correlation energy (UHF) : -0.9488060248
MP2 total energy       (UHF) : -159.4700205241

