	*********************************************** 
	***** Beginning CEBE Calculation with MOM ***** 
	*****       Calculation Details:          ***** 
	      Geometry:	 /home/am3939/core/calculations/mols/exp/f/c5h5f.xyz
	      Core Basis:	 pcX-4
	      Full Basis:	 pc-4
	      DIIS (start, space):	 0 50
	      Level shift:	 0
	      Do localization?:	 False
	      Do SFX2C1E?:	 True
	      Freeze orbitals?:	 True
	      Use Cheng orbitals?:	 False
	      Do Special Basis?:	 True
	      Do Special Basis?:	 pcX-4
	*********************************************** 
	*********************************************** 

  >>> Running RHF <<<

init D/C      : minao
init ov       : zeros
no            : 22
nv            : 969
ov_size       : 21318
max_cycle     : 1000
conv          : 6
econv         : 9
method        : gdm
scale_stop    : 0
scale_factor  : 1.000000
init E        : -291.664450186261
init |[F,P]|  : 4.06e-03
init |dE|     : 8.39e-03
check file    : None

iter      total energy   |[F,P]|      |dE|         ∆E   comment
   1    -291.745290740  2.07e-03  4.74e-03  -8.08e-02  BFGS
   2    -291.765546801  3.40e-04  7.63e-04  -2.03e-02  BFGS
   3    -291.766056528  1.03e-04  2.24e-04  -5.10e-04  BFGS
   4    -291.766119408  2.93e-05  5.98e-05  -6.29e-05  BFGS
   5    -291.766125982  1.14e-05  2.37e-05  -6.57e-06  BFGS
   6    -291.766126964  4.57e-06  9.37e-06  -9.82e-07  BFGS
   7    -291.766127076  1.14e-06  2.35e-06  -1.12e-07  BFGS
   8    -291.766127085  3.38e-07  6.67e-07  -9.75e-09  BFGS
   9    -291.766127087  1.04e-07  1.94e-07  -1.31e-09  BFGS
  10    -291.766127087  3.96e-08  7.75e-08  -9.24e-11  BFGS
                                                                      gdm is converged!

SCF converged : True
final |[F,P]| : 3.96e-08
final |dE|    : 7.75e-08
final Escf    : -508.969654265417
final Etot    : -291.766127086794

  pxp & ewc             :::        1.005 (  0.04%)
  apply B               :::        0.003 (  0.00%)
  linsrch               :::     2345.790 ( 99.96%)
  grad                  :::        0.044 (  0.00%)
  Total                 :::     2346.842 (100.00%)

Alpha occupied
  -26.277 -11.319 -11.247 -11.246 -11.237 -11.237  -1.590  -1.168 
   -0.986  -0.961  -0.783  -0.763  -0.722  -0.703  -0.653  -0.638 
   -0.581  -0.545  -0.518  -0.503  -0.443  -0.325 

Alpha virtual
    0.052   0.060   0.062   0.076   0.080   0.082   0.094   0.112 
    0.118   0.126   0.128   0.132   0.138   0.143   0.146   0.156 
    0.177   0.180   0.202   0.212   0.216   0.229   0.229   0.231 
    0.237   0.252   0.262   0.267   0.275   0.282   0.290   0.312 
    0.313   0.323   0.325   0.330   0.333   0.352   0.371   0.374 
    0.375   0.389   0.397   0.401   0.424   0.444   0.446   0.458 
    0.460   0.469   0.483   0.486   0.489   0.493   0.498   0.504 
    0.509   0.518   0.531   0.532   0.540   0.544   0.551   0.564 
    0.587   0.589   0.594   0.599   0.603   0.609   0.619   0.628 
    0.639   0.642   0.654   0.658   0.674   0.680   0.696   0.697 
    0.716   0.726   0.727   0.737   0.743   0.749   0.752   0.760 
    0.765   0.770   0.783   0.794   0.800   0.806   0.839   0.859 
    0.863   0.868   0.876   0.903   0.907   0.910   0.926   0.935 
    0.959   0.965   0.990   0.992   1.031   1.033   1.047   1.047 
    1.063   1.071   1.092   1.095   1.110   1.122   1.125   1.132 
    1.148   1.161   1.177   1.183   1.216   1.231   1.231   1.241 
    1.259   1.267   1.276   1.277   1.308   1.313   1.315   1.339 
    1.342   1.347   1.356   1.362   1.382   1.392   1.405   1.414 
    1.415   1.421   1.445   1.457   1.465   1.480   1.481   1.495 
    1.502   1.503   1.520   1.520   1.544   1.546   1.559   1.565 
    1.571   1.571   1.596   1.612   1.621   1.630   1.640   1.656 
    1.679   1.684   1.696   1.709   1.711   1.745   1.773   1.779 
    1.780   1.801   1.817   1.838   1.847   1.865   1.907   1.917 
    1.940   1.978   1.994   2.013   2.029   2.031   2.043   2.068 
    2.075   2.091   2.139   2.150   2.154   2.166   2.185   2.199 
    2.252   2.256   2.266   2.267   2.279   2.296   2.308   2.308 
    2.330   2.336   2.349   2.354   2.361   2.409   2.409   2.411 
    2.416   2.432   2.448   2.479   2.486   2.498   2.510   2.514 
    2.527   2.548   2.568   2.571   2.583   2.592   2.596   2.603 
    2.614   2.628   2.633   2.644   2.664   2.685   2.695   2.720 
    2.724   2.728   2.751   2.755   2.759   2.787   2.805   2.825 
    2.833   2.867   2.880   2.915   2.920   2.928   2.952   2.952 
    2.965   2.997   3.000   3.028   3.039   3.063   3.072   3.120 
    3.124   3.172   3.174   3.196   3.201   3.226   3.240   3.276 
    3.284   3.322   3.341   3.346   3.380   3.432   3.469   3.486 
    3.492   3.514   3.532   3.537   3.579   3.592   3.596   3.603 
    3.631   3.635   3.652   3.665   3.689   3.694   3.711   3.740 
    3.753   3.754   3.795   3.839   3.851   3.858   3.882   3.904 
    3.927   3.951   3.951   3.982   3.982   4.015   4.043   4.057 
    4.058   4.077   4.114   4.128   4.137   4.150   4.186   4.215 
    4.219   4.230   4.260   4.286   4.287   4.294   4.341   4.347 
    4.376   4.382   4.397   4.418   4.440   4.456   4.458   4.469 
    4.485   4.509   4.510   4.557   4.560   4.576   4.590   4.609 
    4.612   4.653   4.655   4.685   4.691   4.703   4.722   4.765 
    4.806   4.808   4.822   4.848   4.875   4.901   4.902   4.921 
    4.927   4.934   4.945   4.962   4.968   4.982   4.994   4.996 
    5.014   5.023   5.029   5.044   5.047   5.104   5.111   5.116 
    5.138   5.157   5.181   5.196   5.208   5.221   5.234   5.243 
    5.257   5.268   5.303   5.326   5.330   5.345   5.362   5.378 
    5.397   5.420   5.439   5.463   5.484   5.501   5.506   5.542 
    5.583   5.590   5.602   5.614   5.639   5.648   5.659   5.737 
    5.753   5.755   5.783   5.798   5.800   5.843   5.851   5.858 
    5.872   5.922   5.943   5.944   5.958   5.979   5.981   6.005 
    6.017   6.020   6.024   6.082   6.100   6.121   6.144   6.155 
    6.194   6.214   6.232   6.239   6.252   6.314   6.318   6.351 
    6.370   6.423   6.440   6.465   6.514   6.516   6.546   6.592 
    6.627   6.637   6.641   6.663   6.673   6.703   6.713   6.720 
    6.733   6.792   6.815   6.839   6.846   6.875   6.895   6.936 
    6.939   6.973   7.033   7.061   7.097   7.114   7.122   7.151 
    7.173   7.204   7.238   7.249   7.294   7.345   7.353   7.393 
    7.419   7.445   7.492   7.514   7.523   7.548   7.551   7.602 
    7.662   7.675   7.700   7.707   7.737   7.767   7.830   7.851 
    7.887   7.944   7.957   7.998   8.025   8.089   8.100   8.164 
    8.173   8.281   8.312   8.414   8.421   8.440   8.501   8.538 
    8.559   8.635   8.637   8.689   8.724   8.784   8.822   8.928 
    8.978   9.044   9.053   9.149   9.242   9.262   9.303   9.335 
    9.363   9.386   9.400   9.409   9.444   9.457   9.461   9.537 
    9.537   9.551   9.596   9.612   9.622   9.671   9.718   9.724 
    9.777   9.792   9.833   9.860   9.872   9.940   9.958   9.973 
   10.031  10.067  10.170  10.210  10.317  10.441  10.508  10.543 
   10.610  10.648  10.668  10.688  10.762  10.843  10.856  10.874 
   10.965  11.001  11.045  11.083  11.108  11.133  11.173  11.199 
   11.218  11.235  11.272  11.306  11.320  11.334  11.394  11.409 
   11.423  11.456  11.464  11.465  11.494  11.542  11.554  11.568 
   11.599  11.608  11.628  11.632  11.667  11.713  11.741  11.754 
   11.769  11.810  11.826  11.842  11.845  11.926  11.936  11.958 
   12.019  12.047  12.068  12.126  12.126  12.131  12.137  12.171 
   12.174  12.226  12.226  12.243  12.265  12.265  12.296  12.297 
   12.325  12.331  12.344  12.359  12.363  12.399  12.406  12.433 
   12.444  12.479  12.500  12.507  12.534  12.549  12.588  12.636 
   12.653  12.681  12.726  12.734  12.748  12.798  12.815  12.837 
   12.838  12.866  12.868  12.884  12.910  12.927  12.931  12.967 
   12.984  12.998  13.015  13.016  13.047  13.057  13.058  13.126 
   13.142  13.142  13.150  13.162  13.169  13.184  13.193  13.227 
   13.245  13.265  13.268  13.269  13.301  13.321  13.342  13.349 
   13.365  13.370  13.383  13.415  13.431  13.446  13.452  13.464 
   13.472  13.505  13.529  13.534  13.547  13.601  13.601  13.642 
   13.654  13.673  13.676  13.683  13.700  13.729  13.764  13.800 
   13.807  13.809  13.839  13.853  13.873  13.894  13.922  13.952 
   13.989  14.004  14.013  14.014  14.087  14.098  14.117  14.181 
   14.202  14.212  14.262  14.265  14.358  14.366  14.398  14.399 
   14.498  14.501  14.514  14.534  14.560  14.610  14.641  14.724 
   14.747  14.752  14.763  14.789  14.805  14.850  14.937  14.985 
   15.012  15.012  15.068  15.078  15.140  15.141  15.166  15.179 
   15.233  15.272  15.295  15.411  15.417  15.423  15.555  15.633 
   15.665  15.699  15.739  15.749  15.837  15.843  15.868  15.876 
   15.887  15.977  15.984  16.038  16.140  16.175  16.280  16.283 
   16.322  16.354  16.374  16.436  16.457  16.631  16.694  16.720 
   16.783  16.892  16.944  17.217  17.221  17.223  17.230  17.233 
   17.237  17.240  17.248  17.255  17.272  17.301  17.384  17.405 
   17.481  17.602  17.617  17.638  17.673  17.712  17.722  17.733 
   17.751  17.806  17.812  17.839  17.968  18.092  18.602  18.670 
   18.819  18.926  19.019  19.070  19.083  19.108  19.161  19.207 
   19.264  19.277  19.347  19.411  19.453  19.549  19.556  19.750 
   20.172  20.277  20.448  20.646  20.660  20.807  20.857  20.868 
   20.900  20.937  20.940  21.010  21.035  21.056  21.124  21.195 
   21.242  21.281  21.296  21.383  21.417  21.475  21.588  21.669 
   21.774  21.798  21.882  21.977  22.116  22.178  22.876  22.928 
   23.250  23.383  23.687  24.031  24.080  24.241  24.336  24.385 
   24.458  24.503  24.599  24.752  24.890  26.102  26.159  26.285 
   26.442  26.560  31.487  31.519  31.883  31.997  32.375  32.979 
   33.068  33.183  33.245  33.277  33.296  33.398  33.473  33.624 
   33.689  33.695  33.715  33.792  33.883  34.098  34.346  34.485 
   34.624  34.717  34.736  34.808  34.848  34.852  35.217  35.283 
   35.888  35.979  36.038  38.234  41.731  41.984  42.035  42.172 
   42.243  76.805  77.835  78.857  79.645  79.791  85.242  85.282 
   85.777  88.193  91.791  91.825  91.933  91.996  92.040  92.083 
   92.119  92.185  92.281  92.392  93.173  93.189  93.203  93.267 
   93.320  93.399  93.480  93.513  93.581  94.233 203.063 227.999 
  228.030 228.684 469.263 696.356 696.382 696.897 1100.664 2654.909 
  2738.647 2738.665 2739.037 6681.222 17849.303 51827.940 169672.909 670600.741 
  3802079.688 


  >>> Running RHF-MP2 <<<


RMP2-TIMING
  rmp2                  :::     1510.150 (100.00%)
  Total                 :::     1510.150 (100.00%)

MP2 correlation energy (RHF) : -1.4156926074
MP2 total energy       (RHF) : -293.1818196942


  >>> Running UHF <<<

init D/C      : input mo_coeff
init ov       : zeros
no            : 21 22
nv            : 970 969
ov_size       : 41688
max_cycle     : 1000
conv          : 6
econv         : 9
method        : diis
mom_start     : 0
guess mix     : 0.000000
orb_swap      : [[[0, 21]], []]
init E        : -265.489011259008
init S2       : 0.750000000000252
init |[F,P]|  : 1.21e-02
init |dE|     : 3.52e-02
check file    : None

iter      total energy   |[F,P]|      |dE|         ∆E   S^2   comment
   1    -266.154757175  5.32e-03  1.64e-02  -6.66e-01  0.75  DIIS mom: 20.7/21 21.7/22
   2    -266.385994345  5.34e-04  1.38e-03  -2.31e-01  0.75  DIIS mom: 21.0/21 22.0/22
   3    -266.388722139  1.57e-04  3.44e-04  -2.73e-03  0.76  DIIS mom: 21.0/21 22.0/22
   4    -266.389033907  6.69e-05  1.60e-04  -3.12e-04  0.76  DIIS mom: 21.0/21 22.0/22
   5    -266.389142010  2.62e-05  6.00e-05  -1.08e-04  0.76  DIIS mom: 21.0/21 22.0/22
   6    -266.389157203  1.09e-05  2.20e-05  -1.52e-05  0.76  DIIS mom: 21.0/21 22.0/22
   7    -266.389160821  6.31e-06  1.04e-05  -3.62e-06  0.76  DIIS mom: 21.0/21 22.0/22
   8    -266.389162661  5.26e-06  7.92e-06  -1.84e-06  0.76  DIIS mom: 21.0/21 22.0/22
   9    -266.389164475  4.77e-06  7.15e-06  -1.81e-06  0.76  DIIS mom: 21.0/21 22.0/22
  10    -266.389167302  4.06e-06  6.17e-06  -2.83e-06  0.76  DIIS mom: 21.0/21 22.0/22
  11    -266.389172610  2.21e-06  3.54e-06  -5.31e-06  0.76  DIIS mom: 21.0/21 22.0/22
  12    -266.389174038  8.53e-07  1.50e-06  -1.43e-06  0.76  DIIS mom: 21.0/21 22.0/22
  13    -266.389174141  3.51e-07  6.64e-07  -1.03e-07  0.76  DIIS mom: 21.0/21 22.0/22
  14    -266.389174148  1.26e-07  2.26e-07  -7.14e-09  0.76  DIIS mom: 21.0/21 22.0/22
  15    -266.389174148  4.10e-08  7.27e-08  -5.37e-10  0.76  DIIS mom: 21.0/21 22.0/22
                                                                      diis is converged!

SCF converged : True
final |[F,P]| : 4.10e-08
final |dE|    : 7.27e-08
final Escf    : -483.592701326817
final Etot    : -266.389174148195
final S2      : 0.763874376584134

  diis prep             :::        0.547 (  0.01%)
  diis extrap           :::        0.462 (  0.01%)
  roothaan              :::        3.048 (  0.08%)
  fock build            :::     3730.958 ( 99.89%)
  Total                 :::     3735.014 (100.00%)

Alpha occupied
  -11.592 -11.448 -11.448 -11.436 -11.436  -2.128  -1.408  -1.315 
   -1.260  -1.254  -1.177  -1.120  -0.951  -0.946  -0.905  -0.791 
   -0.771  -0.741  -0.729  -0.648  -0.524 

Alpha virtual
  -24.484  -0.131  -0.082  -0.061  -0.060  -0.053  -0.035  -0.034 
   -0.029  -0.015  -0.012   0.005   0.010   0.012   0.023   0.025 
    0.035   0.051   0.062   0.069   0.074   0.080   0.082   0.090 
    0.095   0.102   0.104   0.106   0.117   0.123   0.127   0.138 
    0.144   0.151   0.163   0.177   0.178   0.182   0.191   0.196 
    0.207   0.224   0.227   0.240   0.243   0.260   0.273   0.279 
    0.288   0.302   0.308   0.317   0.327   0.329   0.332   0.335 
    0.346   0.347   0.357   0.372   0.375   0.380   0.392   0.396 
    0.409   0.421   0.434   0.436   0.437   0.442   0.448   0.457 
    0.463   0.481   0.482   0.497   0.507   0.510   0.515   0.526 
    0.531   0.541   0.543   0.554   0.581   0.582   0.586   0.591 
    0.593   0.615   0.616   0.618   0.623   0.633   0.648   0.648 
    0.668   0.689   0.696   0.710   0.713   0.725   0.737   0.751 
    0.764   0.764   0.784   0.792   0.803   0.811   0.826   0.839 
    0.856   0.859   0.873   0.894   0.898   0.918   0.928   0.941 
    0.951   0.959   0.983   0.985   1.000   1.014   1.034   1.041 
    1.056   1.056   1.090   1.091   1.109   1.117   1.134   1.136 
    1.145   1.160   1.168   1.176   1.178   1.210   1.211   1.224 
    1.235   1.241   1.249   1.258   1.273   1.286   1.303   1.307 
    1.321   1.330   1.336   1.336   1.339   1.348   1.356   1.388 
    1.389   1.401   1.402   1.407   1.441   1.442   1.462   1.472 
    1.474   1.493   1.500   1.507   1.519   1.523   1.567   1.585 
    1.593   1.597   1.608   1.623   1.657   1.667   1.685   1.691 
    1.735   1.743   1.780   1.791   1.811   1.820   1.835   1.838 
    1.883   1.884   1.896   1.921   1.947   1.952   1.967   1.976 
    2.001   2.024   2.040   2.056   2.069   2.071   2.074   2.076 
    2.100   2.106   2.116   2.128   2.131   2.139   2.170   2.172 
    2.197   2.210   2.215   2.233   2.241   2.253   2.260   2.279 
    2.285   2.317   2.318   2.329   2.343   2.364   2.381   2.397 
    2.399   2.412   2.416   2.420   2.426   2.443   2.492   2.494 
    2.494   2.507   2.509   2.533   2.550   2.553   2.579   2.580 
    2.620   2.640   2.649   2.660   2.674   2.677   2.703   2.731 
    2.751   2.762   2.764   2.802   2.805   2.838   2.842   2.848 
    2.908   2.926   2.948   2.958   2.978   2.992   3.005   3.017 
    3.054   3.071   3.115   3.119   3.137   3.176   3.211   3.249 
    3.273   3.286   3.300   3.316   3.324   3.360   3.384   3.389 
    3.409   3.416   3.422   3.463   3.475   3.489   3.494   3.521 
    3.535   3.549   3.554   3.614   3.642   3.651   3.658   3.683 
    3.704   3.705   3.741   3.758   3.771   3.796   3.821   3.838 
    3.842   3.871   3.878   3.894   3.921   3.924   3.951   3.986 
    3.995   4.021   4.046   4.058   4.076   4.095   4.100   4.136 
    4.156   4.180   4.181   4.203   4.211   4.248   4.249   4.264 
    4.279   4.289   4.313   4.315   4.349   4.352   4.382   4.394 
    4.400   4.405   4.452   4.453   4.475   4.491   4.494   4.522 
    4.560   4.600   4.612   4.634   4.636   4.669   4.693   4.698 
    4.715   4.716   4.722   4.749   4.762   4.777   4.790   4.794 
    4.798   4.812   4.819   4.827   4.844   4.850   4.894   4.905 
    4.913   4.944   4.946   4.969   4.996   5.002   5.010   5.028 
    5.041   5.052   5.057   5.102   5.114   5.127   5.129   5.155 
    5.156   5.179   5.214   5.224   5.231   5.253   5.260   5.271 
    5.315   5.346   5.367   5.367   5.390   5.411   5.417   5.432 
    5.434   5.499   5.521   5.536   5.556   5.569   5.573   5.617 
    5.626   5.653   5.658   5.668   5.708   5.712   5.716   5.738 
    5.741   5.770   5.788   5.813   5.816   5.845   5.846   5.870 
    5.911   5.918   5.954   5.963   5.996   6.044   6.078   6.081 
    6.121   6.125   6.161   6.196   6.215   6.253   6.276   6.296 
    6.324   6.339   6.382   6.416   6.423   6.427   6.464   6.484 
    6.499   6.522   6.552   6.575   6.597   6.626   6.644   6.678 
    6.704   6.716   6.748   6.815   6.825   6.833   6.893   6.915 
    6.919   6.928   6.988   6.999   7.029   7.072   7.085   7.114 
    7.157   7.178   7.212   7.242   7.280   7.285   7.287   7.329 
    7.345   7.367   7.415   7.425   7.448   7.493   7.504   7.561 
    7.568   7.650   7.680   7.701   7.747   7.787   7.821   7.871 
    7.926   7.939   8.023   8.087   8.196   8.198   8.226   8.296 
    8.318   8.319   8.376   8.416   8.416   8.463   8.499   8.559 
    8.684   8.765   8.835   8.867   8.966   9.038   9.073   9.073 
    9.138   9.146   9.178   9.192   9.211   9.219   9.224   9.242 
    9.322   9.337   9.349   9.353   9.370   9.435   9.471   9.471 
    9.515   9.559   9.579   9.630   9.677   9.685   9.757   9.769 
    9.770   9.830   9.874   9.948   9.958  10.064  10.169  10.305 
   10.350  10.422  10.449  10.464  10.470  10.548  10.637  10.658 
   10.662  10.735  10.754  10.837  10.849  10.895  10.927  10.966 
   10.982  10.989  11.008  11.071  11.093  11.117  11.120  11.188 
   11.206  11.207  11.244  11.257  11.265  11.294  11.328  11.362 
   11.369  11.399  11.403  11.410  11.431  11.436  11.509  11.535 
   11.550  11.568  11.604  11.626  11.630  11.641  11.704  11.719 
   11.732  11.778  11.780  11.839  11.893  11.920  11.924  11.929 
   11.953  11.966  12.005  12.018  12.025  12.046  12.054  12.070 
   12.080  12.100  12.120  12.120  12.155  12.162  12.172  12.197 
   12.204  12.231  12.268  12.291  12.296  12.312  12.346  12.378 
   12.391  12.422  12.428  12.516  12.517  12.539  12.546  12.558 
   12.607  12.613  12.619  12.631  12.652  12.661  12.674  12.699 
   12.712  12.747  12.761  12.768  12.784  12.787  12.809  12.818 
   12.848  12.868  12.872  12.913  12.939  12.950  12.958  12.959 
   12.962  12.975  12.978  12.998  13.010  13.034  13.042  13.053 
   13.071  13.071  13.086  13.107  13.167  13.187  13.200  13.218 
   13.233  13.236  13.263  13.271  13.286  13.291  13.347  13.348 
   13.360  13.391  13.402  13.430  13.455  13.472  13.496  13.516 
   13.552  13.559  13.591  13.597  13.603  13.640  13.658  13.685 
   13.697  13.737  13.748  13.774  13.787  13.855  13.856  13.875 
   13.908  13.958  13.979  14.018  14.024  14.104  14.108  14.118 
   14.161  14.204  14.210  14.256  14.285  14.298  14.318  14.358 
   14.420  14.432  14.475  14.515  14.568  14.577  14.591  14.598 
   14.657  14.704  14.784  14.788  14.812  14.839  14.916  14.917 
   14.931  14.989  14.993  15.027  15.052  15.148  15.212  15.313 
   15.367  15.397  15.439  15.465  15.501  15.529  15.543  15.613 
   15.635  15.675  15.708  15.751  15.780  15.889  15.928  15.983 
   15.986  16.080  16.091  16.134  16.161  16.243  16.263  16.451 
   16.497  16.523  16.689  16.755  16.916  16.948  17.037  17.037 
   17.041  17.047  17.052  17.054  17.057  17.072  17.084  17.099 
   17.117  17.188  17.322  17.424  17.440  17.471  17.488  17.492 
   17.538  17.542  17.582  17.623  17.647  17.781  17.850  18.398 
   18.442  18.621  18.720  18.837  18.863  18.881  18.896  18.929 
   19.023  19.071  19.080  19.163  19.193  19.223  19.350  19.369 
   19.560  19.927  20.048  20.244  20.367  20.476  20.569  20.572 
   20.625  20.654  20.665  20.717  20.751  20.754  20.780  20.810 
   20.911  20.950  21.007  21.044  21.107  21.167  21.230  21.331 
   21.383  21.400  21.416  21.626  21.767  21.918  21.980  22.434 
   22.489  23.051  23.185  23.252  23.847  23.895  24.050  24.126 
   24.168  24.233  24.297  24.407  24.565  24.708  25.889  25.934 
   26.100  26.256  26.376  30.569  30.601  30.984  31.095  31.523 
   32.776  32.866  32.984  32.998  33.072  33.085  33.174  33.251 
   33.402  33.469  33.486  33.508  33.541  33.627  33.700  33.774 
   33.820  34.025  34.249  34.366  34.518  34.559  34.620  35.012 
   35.070  35.080  35.769  35.838  37.288  41.546  41.732  41.850 
   41.983  42.059  76.599  77.635  78.626  79.397  79.591  83.484 
   83.524  84.051  86.592  91.267  91.287  91.548  91.604  91.637 
   91.651  91.739  91.803  91.837  91.850  91.920  91.991  92.100 
   92.207  92.336  92.973  93.022  93.133  93.212  93.308 200.567 
  225.062 225.094 225.756 465.714 691.989 692.015 692.533 1096.117 
  2649.572 2733.044 2733.062 2733.434 6675.352 17843.123 51821.603 169666.503 
  670594.310 3802073.248 

Beta occupied
  -29.997 -11.591 -11.448 -11.447 -11.437 -11.437  -2.263  -1.449 
   -1.355  -1.347  -1.340  -1.181  -1.132  -0.954  -0.947  -0.907 
   -0.794  -0.771  -0.742  -0.728  -0.646  -0.527 

Beta virtual
   -0.135  -0.083  -0.061  -0.060  -0.054  -0.035  -0.034  -0.030 
   -0.014  -0.012   0.005   0.010   0.011   0.019   0.025   0.035 
    0.050   0.058   0.071   0.074   0.079   0.082   0.089   0.095 
    0.101   0.103   0.105   0.117   0.122   0.124   0.136   0.145 
    0.150   0.161   0.177   0.178   0.182   0.190   0.196   0.205 
    0.224   0.227   0.240   0.243   0.259   0.273   0.279   0.287 
    0.302   0.309   0.315   0.327   0.329   0.332   0.336   0.346 
    0.347   0.357   0.372   0.375   0.380   0.392   0.396   0.409 
    0.421   0.433   0.436   0.437   0.439   0.448   0.458   0.463 
    0.481   0.482   0.497   0.507   0.510   0.512   0.526   0.531 
    0.541   0.542   0.553   0.580   0.582   0.586   0.591   0.593 
    0.615   0.616   0.619   0.621   0.634   0.644   0.648   0.668 
    0.686   0.696   0.711   0.714   0.726   0.738   0.751   0.759 
    0.765   0.784   0.793   0.803   0.810   0.828   0.839   0.854 
    0.860   0.871   0.892   0.898   0.919   0.928   0.941   0.950 
    0.959   0.983   0.983   1.000   1.014   1.035   1.041   1.056 
    1.056   1.090   1.091   1.109   1.117   1.134   1.136   1.145 
    1.159   1.168   1.176   1.177   1.209   1.211   1.224   1.235 
    1.241   1.249   1.258   1.273   1.286   1.304   1.307   1.321 
    1.330   1.336   1.337   1.339   1.347   1.355   1.388   1.389 
    1.400   1.402   1.407   1.442   1.442   1.462   1.472   1.474 
    1.493   1.499   1.507   1.518   1.523   1.568   1.584   1.592 
    1.597   1.607   1.623   1.656   1.667   1.686   1.687   1.735 
    1.743   1.780   1.792   1.808   1.821   1.835   1.838   1.883 
    1.884   1.894   1.923   1.948   1.950   1.965   1.976   2.000 
    2.024   2.041   2.055   2.059   2.071   2.071   2.076   2.101 
    2.103   2.111   2.126   2.131   2.141   2.170   2.170   2.196 
    2.209   2.210   2.232   2.236   2.248   2.253   2.276   2.283 
    2.315   2.316   2.329   2.343   2.365   2.381   2.396   2.397 
    2.411   2.416   2.420   2.423   2.442   2.491   2.493   2.494 
    2.507   2.509   2.533   2.550   2.553   2.579   2.580   2.619 
    2.640   2.650   2.657   2.675   2.675   2.701   2.731   2.751 
    2.761   2.764   2.801   2.805   2.836   2.842   2.848   2.908 
    2.926   2.947   2.958   2.977   2.992   3.004   3.017   3.053 
    3.071   3.113   3.120   3.137   3.177   3.212   3.250   3.273 
    3.286   3.300   3.316   3.325   3.360   3.383   3.389   3.409 
    3.415   3.422   3.463   3.475   3.489   3.493   3.521   3.534 
    3.549   3.554   3.614   3.641   3.650   3.658   3.682   3.704 
    3.705   3.738   3.758   3.770   3.796   3.821   3.838   3.842 
    3.871   3.877   3.892   3.921   3.923   3.952   3.986   3.995 
    4.021   4.047   4.058   4.076   4.095   4.100   4.135   4.156 
    4.180   4.181   4.204   4.212   4.247   4.249   4.264   4.279 
    4.290   4.313   4.315   4.349   4.352   4.382   4.394   4.400 
    4.404   4.452   4.453   4.474   4.491   4.494   4.522   4.560 
    4.599   4.612   4.634   4.636   4.669   4.692   4.698   4.715 
    4.716   4.723   4.749   4.762   4.777   4.790   4.793   4.798 
    4.812   4.818   4.828   4.844   4.850   4.894   4.905   4.913 
    4.944   4.946   4.968   4.996   5.002   5.010   5.028   5.041 
    5.052   5.057   5.102   5.114   5.127   5.128   5.154   5.155 
    5.179   5.214   5.224   5.228   5.251   5.258   5.265   5.314 
    5.332   5.365   5.367   5.389   5.411   5.416   5.428   5.432 
    5.479   5.484   5.517   5.552   5.554   5.569   5.616   5.619 
    5.637   5.652   5.658   5.701   5.703   5.715   5.733   5.741 
    5.767   5.785   5.808   5.812   5.829   5.839   5.865   5.904 
    5.918   5.953   5.962   5.993   6.044   6.074   6.076   6.119 
    6.125   6.158   6.190   6.213   6.249   6.275   6.297   6.324 
    6.338   6.383   6.415   6.419   6.427   6.462   6.484   6.497 
    6.522   6.547   6.572   6.597   6.625   6.643   6.678   6.703 
    6.716   6.748   6.813   6.825   6.832   6.894   6.915   6.919 
    6.929   6.987   7.000   7.029   7.072   7.084   7.114   7.157 
    7.177   7.212   7.243   7.280   7.285   7.286   7.330   7.346 
    7.368   7.415   7.420   7.448   7.493   7.505   7.561   7.565 
    7.651   7.679   7.702   7.748   7.788   7.822   7.871   7.926 
    7.939   8.022   8.087   8.193   8.198   8.224   8.296   8.316 
    8.319   8.370   8.414   8.416   8.462   8.500   8.559   8.680 
    8.764   8.836   8.867   8.966   9.038   9.073   9.074   9.138 
    9.146   9.178   9.193   9.211   9.219   9.224   9.242   9.322 
    9.337   9.349   9.353   9.370   9.435   9.471   9.471   9.515 
    9.559   9.579   9.630   9.677   9.685   9.757   9.769   9.770 
    9.830   9.874   9.947   9.958  10.064  10.169  10.305  10.350 
   10.422  10.449  10.464  10.470  10.547  10.637  10.659  10.662 
   10.736  10.755  10.837  10.849  10.896  10.927  10.966  10.982 
   10.989  11.008  11.071  11.093  11.117  11.120  11.188  11.206 
   11.208  11.245  11.257  11.265  11.294  11.328  11.362  11.370 
   11.399  11.402  11.410  11.431  11.436  11.509  11.535  11.550 
   11.568  11.604  11.626  11.630  11.641  11.704  11.718  11.732 
   11.778  11.780  11.838  11.892  11.920  11.924  11.929  11.953 
   11.966  12.005  12.018  12.025  12.046  12.054  12.070  12.080 
   12.100  12.120  12.121  12.155  12.162  12.171  12.197  12.204 
   12.231  12.268  12.291  12.295  12.313  12.346  12.376  12.376 
   12.420  12.428  12.507  12.516  12.535  12.539  12.550  12.604 
   12.612  12.619  12.630  12.652  12.661  12.673  12.697  12.710 
   12.746  12.759  12.766  12.783  12.785  12.808  12.818  12.845 
   12.865  12.872  12.910  12.939  12.951  12.957  12.961  12.963 
   12.975  12.978  12.999  13.009  13.032  13.041  13.054  13.071 
   13.071  13.086  13.105  13.165  13.177  13.199  13.216  13.233 
   13.236  13.256  13.261  13.283  13.286  13.341  13.342  13.346 
   13.386  13.396  13.419  13.455  13.472  13.496  13.512  13.544 
   13.547  13.577  13.593  13.597  13.636  13.656  13.684  13.692 
   13.722  13.738  13.774  13.787  13.842  13.852  13.875  13.886 
   13.930  13.977  14.000  14.024  14.050  14.091  14.103  14.159 
   14.186  14.205  14.233  14.285  14.297  14.318  14.357  14.389 
   14.403  14.461  14.511  14.545  14.577  14.591  14.592  14.644 
   14.685  14.743  14.787  14.812  14.822  14.905  14.917  14.931 
   14.979  14.986  15.027  15.049  15.146  15.212  15.311  15.361 
   15.388  15.437  15.464  15.497  15.529  15.542  15.612  15.634 
   15.675  15.707  15.751  15.779  15.881  15.924  15.979  15.982 
   16.080  16.091  16.128  16.161  16.229  16.243  16.448  16.496 
   16.523  16.689  16.755  16.908  16.943  17.036  17.037  17.041 
   17.047  17.052  17.054  17.056  17.072  17.084  17.094  17.117 
   17.186  17.312  17.424  17.440  17.471  17.486  17.492  17.538 
   17.542  17.582  17.623  17.647  17.781  17.844  18.398  18.438 
   18.621  18.720  18.837  18.863  18.881  18.896  18.928  19.023 
   19.071  19.080  19.163  19.189  19.222  19.350  19.369  19.560 
   19.923  20.048  20.244  20.364  20.476  20.564  20.567  20.625 
   20.653  20.663  20.717  20.751  20.753  20.776  20.808  20.907 
   20.949  21.006  21.044  21.106  21.164  21.230  21.326  21.378 
   21.400  21.414  21.625  21.767  21.918  21.980  22.428  22.483 
   23.051  23.185  23.239  23.847  23.895  24.050  24.126  24.168 
   24.233  24.297  24.408  24.565  24.708  25.889  25.934  26.100 
   26.256  26.376  30.495  30.527  30.907  31.017  31.437  32.776 
   32.866  32.984  32.994  33.068  33.085  33.167  33.244  33.356 
   33.440  33.443  33.495  33.502  33.538  33.564  33.650  33.696 
   34.006  34.248  34.349  34.518  34.558  34.620  34.887  35.013 
   35.080  35.768  35.838  36.983  41.546  41.732  41.850  41.983 
   42.059  76.599  77.635  78.624  79.394  79.591  83.049  83.089 
   83.617  86.127  91.018  91.038  91.316  91.408  91.605  91.636 
   91.737  91.793  91.830  91.841  91.918  91.991  92.090  92.101 
   92.207  92.973  93.021  93.133  93.212  93.308 200.068 224.532 
  224.563 225.227 465.273 691.527 691.553 692.071 1095.784 2649.354 
  2732.782 2732.800 2733.173 6675.228 17843.062 51821.577 169666.494 670594.307 
  3802073.248 


  >>> Running UHF-MP2 <<<

MP2 correlation energy (UHF) : -1.3481172596
MP2 total energy       (UHF) : -267.7372914078

