	*********************************************** 
	***** Beginning CEBE Calculation with MOM ***** 
	*****       Calculation Details:          ***** 
	      Geometry:	 /home/am3939/core/cebe_prediction/calculations/mols/exp/c/c2h6-c-o.xyz
	      Core Basis:	 ccX-5Z
	      Full Basis:	 cc-pV5Z
	      DIIS (start, space):	 10 50
	      Level shift:	 0.0
	      Do localization?:	 False
	      Do SFX2C1E?:	 True
	      Freeze orbitals?:	 True
	      Use Cheng orbitals?:	 False
	      Do Special Basis?:	 True
	      Special Basis:	 ccX-5Z
	*********************************************** 
	*********************************************** 

  >>> Running RHF <<<

init D/C      : minao
init ov       : zeros
no            : 16
nv            : 981
ov_size       : 15696
max_cycle     : 1000
conv          : 6
econv         : 9
method        : gdm
scale_stop    : 0
scale_factor  : 1.000000
init E        : -191.917288146354
init |[F,P]|  : 4.26e-03
init |dE|     : 1.19e-02
check file    : None

iter      total energy   |[F,P]|      |dE|         ∆E   comment
   1    -191.967380470  3.65e-03  1.09e-02  -5.01e-02  BFGS
   2    -192.049735227  3.42e-04  8.67e-04  -8.24e-02  BFGS
   3    -192.051071012  9.95e-05  2.63e-04  -1.34e-03  BFGS
   4    -192.051291717  4.78e-05  1.23e-04  -2.21e-04  BFGS
   5    -192.051316329  2.11e-05  5.39e-05  -2.46e-05  BFGS
   6    -192.051321123  3.69e-06  8.47e-06  -4.79e-06  BFGS
   7    -192.051321279  1.16e-06  2.72e-06  -1.56e-07  BFGS
   8    -192.051321291  3.14e-07  7.50e-07  -1.23e-08  BFGS
   9    -192.051321292  8.07e-08  1.87e-07  -6.76e-10  BFGS
                                                                      gdm is converged!

SCF converged : True
final |[F,P]| : 8.07e-08
final |dE|    : 1.87e-07
final Escf    : -312.124248270063
final Etot    : -192.051321292037

  pxp & ewc             :::        1.112 (  0.10%)
  apply B               :::        0.002 (  0.00%)
  linsrch               :::     1101.646 ( 99.90%)
  grad                  :::        0.039 (  0.00%)
  Total                 :::     1102.800 (100.00%)

Alpha occupied
  -20.541 -11.329 -11.232 -11.232  -1.383  -1.048  -0.971  -0.743 
   -0.647  -0.639  -0.628  -0.564  -0.563  -0.540  -0.488  -0.415 

Alpha virtual
    0.063   0.072   0.080   0.092   0.108   0.109   0.114   0.136 
    0.140   0.159   0.168   0.182   0.188   0.208   0.219   0.247 
    0.273   0.285   0.299   0.305   0.321   0.326   0.348   0.359 
    0.374   0.396   0.402   0.409   0.418   0.429   0.436   0.453 
    0.473   0.481   0.504   0.518   0.550   0.566   0.568   0.577 
    0.606   0.638   0.649   0.659   0.674   0.691   0.713   0.728 
    0.741   0.759   0.773   0.779   0.796   0.804   0.824   0.830 
    0.845   0.859   0.861   0.873   0.896   0.907   0.909   0.912 
    0.921   0.934   0.954   0.961   0.972   0.974   0.986   1.024 
    1.043   1.044   1.057   1.072   1.082   1.095   1.097   1.153 
    1.157   1.191   1.216   1.254   1.262   1.284   1.332   1.365 
    1.389   1.391   1.405   1.433   1.434   1.480   1.489   1.517 
    1.517   1.520   1.535   1.550   1.583   1.596   1.624   1.625 
    1.649   1.668   1.680   1.694   1.702   1.725   1.777   1.778 
    1.787   1.806   1.825   1.834   1.841   1.848   1.859   1.863 
    1.873   1.894   1.905   1.960   1.973   1.981   1.992   2.000 
    2.015   2.015   2.026   2.054   2.063   2.079   2.097   2.106 
    2.134   2.136   2.194   2.195   2.208   2.227   2.230   2.249 
    2.277   2.290   2.309   2.314   2.321   2.372   2.376   2.384 
    2.399   2.407   2.467   2.470   2.500   2.517   2.521   2.523 
    2.543   2.559   2.580   2.633   2.647   2.663   2.665   2.674 
    2.737   2.752   2.770   2.807   2.823   2.840   2.846   2.913 
    2.932   2.956   2.983   2.997   3.004   3.048   3.074   3.081 
    3.133   3.177   3.219   3.224   3.241   3.286   3.325   3.328 
    3.339   3.354   3.365   3.389   3.420   3.431   3.461   3.478 
    3.497   3.503   3.563   3.610   3.611   3.679   3.710   3.728 
    3.750   3.798   3.801   3.825   3.842   3.879   3.886   3.902 
    3.914   3.923   3.969   3.980   4.004   4.032   4.046   4.064 
    4.095   4.099   4.103   4.112   4.116   4.144   4.149   4.160 
    4.181   4.214   4.220   4.223   4.286   4.288   4.325   4.325 
    4.339   4.344   4.350   4.361   4.367   4.413   4.417   4.437 
    4.458   4.469   4.505   4.559   4.574   4.595   4.606   4.634 
    4.669   4.727   4.730   4.747   4.756   4.783   4.814   4.820 
    4.835   4.852   4.855   4.881   4.888   4.904   4.910   4.921 
    4.948   4.969   4.992   4.993   5.043   5.082   5.129   5.156 
    5.177   5.201   5.205   5.224   5.230   5.247   5.270   5.270 
    5.289   5.324   5.334   5.346   5.377   5.391   5.415   5.417 
    5.448   5.473   5.522   5.528   5.563   5.568   5.575   5.584 
    5.613   5.624   5.630   5.660   5.692   5.700   5.738   5.765 
    5.773   5.794   5.810   5.857   5.860   5.869   5.915   5.949 
    5.954   5.970   5.985   6.010   6.037   6.055   6.078   6.105 
    6.113   6.147   6.221   6.250   6.270   6.278   6.281   6.322 
    6.322   6.342   6.366   6.413   6.432   6.516   6.553   6.650 
    6.691   6.727   6.763   6.780   6.794   6.826   6.842   6.909 
    6.970   7.033   7.080   7.140   7.156   7.180   7.190   7.196 
    7.285   7.295   7.313   7.325   7.352   7.378   7.386   7.450 
    7.468   7.477   7.528   7.548   7.648   7.662   7.671   7.693 
    7.705   7.770   7.799   7.813   7.831   7.863   7.892   7.905 
    7.906   7.913   7.973   8.061   8.094   8.124   8.190   8.319 
    8.395   8.414   8.458   8.509   8.526   8.573   8.625   8.628 
    8.646   8.687   8.726   8.741   8.895   8.958   8.989   9.108 
    9.133   9.311   9.351   9.387   9.412   9.443   9.450   9.467 
    9.491   9.545   9.603   9.636   9.712   9.764   9.789   9.799 
    9.829   9.907   9.922   9.940   9.989   9.995  10.009  10.026 
   10.090  10.123  10.139  10.227  10.231  10.342  10.361  10.401 
   10.402  10.460  10.478  10.494  10.503  10.518  10.556  10.559 
   10.594  10.664  10.690  10.715  10.736  10.783  10.803  10.824 
   10.878  10.954  11.001  11.017  11.084  11.180  11.192  11.213 
   11.233  11.281  11.294  11.318  11.324  11.382  11.385  11.396 
   11.425  11.445  11.465  11.580  11.650  11.721  11.773  11.796 
   11.811  11.841  11.846  11.868  11.891  11.918  12.021  12.046 
   12.113  12.356  12.488  12.519  12.553  12.577  12.605  12.650 
   12.651  12.662  12.665  12.766  12.772  12.794  12.806  12.810 
   12.818  12.827  12.836  12.843  12.844  12.888  12.894  12.903 
   12.936  12.967  12.978  13.004  13.030  13.038  13.054  13.105 
   13.122  13.128  13.145  13.216  13.242  13.273  13.286  13.322 
   13.339  13.356  13.364  13.429  13.497  13.521  13.528  13.547 
   13.547  13.578  13.584  13.607  13.641  13.659  13.672  13.697 
   13.704  13.724  13.795  13.802  13.807  13.861  13.872  13.911 
   14.005  14.074  14.078  14.144  14.157  14.183  14.192  14.202 
   14.222  14.229  14.242  14.265  14.301  14.305  14.329  14.346 
   14.357  14.367  14.413  14.439  14.444  14.469  14.469  14.483 
   14.506  14.533  14.553  14.559  14.571  14.584  14.624  14.640 
   14.700  14.719  14.739  14.800  14.825  14.834  14.843  14.873 
   14.907  14.956  14.979  14.984  14.999  15.008  15.034  15.069 
   15.126  15.151  15.168  15.193  15.300  15.309  15.420  15.521 
   15.634  15.645  15.688  15.701  15.708  15.827  15.857  15.898 
   15.940  15.998  16.043  16.067  16.099  16.102  16.108  16.142 
   16.210  16.232  16.235  16.291  16.443  16.523  16.545  16.569 
   16.819  16.876  16.901  16.919  16.951  16.968  16.969  17.141 
   17.532  17.571  17.650  17.735  17.739  17.792  17.904  17.974 
   18.006  18.028  18.038  18.105  18.452  18.476  18.500  18.520 
   18.533  18.550  18.560  18.609  18.629  18.640  18.731  18.751 
   18.755  18.785  18.844  18.870  18.877  18.884  18.942  18.997 
   19.017  19.095  19.204  19.297  19.471  19.512  19.573  19.575 
   19.585  19.591  19.599  19.603  19.691  19.700  19.814  19.873 
   19.900  20.105  20.195  20.374  20.434  21.153  21.435  21.482 
   21.779  21.922  21.961  22.183  22.185  22.405  22.533  23.254 
   23.592  23.945  24.460  24.593  24.898  24.970  38.202  38.558 
   38.883  39.019  39.054  39.103  39.126  39.332  39.625  39.732 
   39.743  39.951  39.974  39.975  40.024  40.181  40.318  40.334 
   40.388  40.479  40.541  40.571  40.699  40.765  40.814  40.840 
   40.870  40.873  40.972  40.980  41.036  41.072  41.106  41.311 
   41.441  41.692  41.754  41.844  41.909  41.925  41.940  42.007 
   42.337  42.534  42.575  52.382  52.688  52.788  64.374  86.903 
   86.912  86.921  86.936  86.944  86.946  87.006  87.053  87.055 
   87.056  87.056  87.070  87.083  87.104  87.105  87.105  87.109 
   87.129  87.130  87.141  87.146  87.215  87.215  87.223  87.225 
   87.226  87.229  89.478  90.188  90.208  90.215  90.249  90.392 
   90.396  90.567  90.580 107.460 107.684 108.036 108.058 108.062 
  108.103 108.127 108.442 108.641 108.694 108.805 108.929 108.938 
  108.945 108.995 112.659 112.972 113.077 129.993 130.022 130.081 
  130.150 130.263 130.304 130.362 130.377 130.382 130.385 130.413 
  130.419 130.437 130.516 130.546 130.549 130.564 130.583 130.765 
  131.159 131.161 209.857 210.498 210.518 210.525 210.555 210.679 
  210.680 210.821 210.828 247.881 248.180 248.277 251.581 251.582 
  251.582 251.583 251.583 251.586 251.586 251.590 251.590 251.595 
  251.595 251.686 251.686 251.686 251.686 251.686 251.686 251.686 
  251.686 251.686 251.686 251.686 251.686 251.687 251.687 251.687 
  251.687 251.687 251.687 251.687 251.687 251.687 251.687 276.329 
  276.501 276.793 276.804 276.813 276.843 276.867 277.099 277.268 
  277.311 277.356 277.508 277.513 277.520 277.560 310.958 310.962 
  310.965 310.971 310.974 310.975 310.995 311.022 311.023 311.076 
  311.076 311.076 311.080 311.093 311.093 311.093 311.094 311.101 
  311.101 311.104 311.104 311.132 311.132 311.136 311.137 311.138 
  311.139 396.259 396.276 396.305 396.351 396.410 396.435 396.503 
  396.514 396.516 396.518 396.531 396.535 396.545 396.590 396.607 
  396.609 396.618 396.623 396.683 396.951 396.953 537.874 538.436 
  538.454 538.465 538.491 538.592 538.596 538.706 538.714 598.902 
  599.206 599.304 706.887 707.021 707.259 707.266 707.281 707.304 
  707.324 707.485 707.634 707.669 707.687 707.830 707.833 707.839 
  707.870 1738.431 1738.946 1738.963 1738.975 1738.999 1739.087 1739.094 
  1739.186 1739.196 2327.404 2327.905 2328.100 


  >>> Running RHF-MP2 <<<


RMP2-TIMING
  rmp2                  :::     1305.261 (100.00%)
  Total                 :::     1305.261 (100.00%)

MP2 correlation energy (RHF) : -1.0112583594
MP2 total energy       (RHF) : -193.0625796514


  >>> Running UHF <<<

init D/C      : input mo_coeff
init ov       : zeros
no            : 15 16
nv            : 982 981
ov_size       : 30426
max_cycle     : 1000
conv          : 6
econv         : 9
method        : diis
mom_start     : 0
guess mix     : 0.000000
orb_swap      : [[[1, 15]], []]
init E        : -180.722263136392
init S2       : 0.750000000000217
init |[F,P]|  : 8.70e-03
init |dE|     : 2.39e-02
check file    : None

iter      total energy   |[F,P]|      |dE|         ∆E   S^2   comment
   1    -180.967464815  5.97e-03  1.54e-02  -2.45e-01  0.76  DIIS mom: 14.7/15 15.6/16
   2    -181.044997270  4.66e-03  1.26e-02  -7.75e-02  0.76  DIIS mom: 14.8/15 15.8/16
   3    -181.054422275  4.53e-03  1.28e-02  -9.43e-03  0.77  DIIS mom: 14.8/15 15.8/16
   4    -181.075530725  4.13e-03  1.21e-02  -2.11e-02  0.77  DIIS mom: 14.8/15 15.8/16
   5    -181.079945987  4.13e-03  1.20e-02  -4.42e-03  0.79  DIIS mom: 14.8/15 15.8/16
   6    -181.097795340  3.85e-03  1.15e-02  -1.78e-02  0.79  DIIS mom: 14.8/15 15.9/16
   7    -181.106610880  3.82e-03  1.12e-02  -8.82e-03  0.81  DIIS mom: 14.9/15 15.8/16
   8    -181.125733425  3.53e-03  1.06e-02  -1.91e-02  0.82  DIIS mom: 14.9/15 15.9/16
   9    -181.139054228  3.43e-03  1.01e-02  -1.33e-02  0.84  DIIS mom: 14.9/15 15.9/16
  10    -181.261314420  2.42e-04  6.29e-04  -1.22e-01  0.79  DIIS mom: 15.0/15 16.0/16
  11    -181.256115774  7.48e-04  2.33e-03   5.20e-03  0.80  DIIS mom: 15.0/15 16.0/16
  12    -181.266296728  2.80e-04  8.13e-04  -1.02e-02  0.85  DIIS mom: 15.0/15 16.0/16
  13    -181.161135680  2.02e-03  6.52e-03   1.05e-01  1.56  DIIS mom: 14.6/15 15.5/16
  14    -181.232978822  9.78e-04  3.30e-03  -7.18e-02  1.11  DIIS mom: 14.9/15 15.9/16
  15    -181.214080192  9.97e-04  2.68e-03   1.89e-02  1.52  DIIS mom: 14.9/15 16.0/16
  16    -181.233893925  5.94e-04  1.71e-03  -1.98e-02  1.14  DIIS mom: 15.0/15 15.9/16
  17    -181.262300443  8.22e-04  2.25e-03  -2.84e-02  1.56  DIIS mom: 14.4/15 15.5/16
  18    -181.281429630  2.04e-04  5.63e-04  -1.91e-02  1.14  DIIS mom: 15.0/15 15.9/16
  19    -181.276921924  2.26e-04  6.05e-04   4.51e-03  1.01  DIIS mom: 15.0/15 16.0/16
  20    -181.281283379  2.22e-04  5.98e-04  -4.36e-03  1.13  DIIS mom: 15.0/15 16.0/16
  21    -181.281811593  1.58e-04  4.01e-04  -5.28e-04  1.14  DIIS mom: 15.0/15 16.0/16
  22    -181.282096745  1.48e-04  3.77e-04  -2.85e-04  1.15  DIIS mom: 15.0/15 16.0/16
  23    -181.284435031  6.71e-05  1.81e-04  -2.34e-03  1.27  DIIS mom: 15.0/15 16.0/16
  24    -181.284600167  5.13e-05  1.60e-04  -1.65e-04  1.33  DIIS mom: 15.0/15 16.0/16
  25    -181.284655418  2.10e-05  5.57e-05  -5.53e-05  1.33  DIIS mom: 15.0/15 16.0/16
  26    -181.284646862  1.89e-05  4.94e-05   8.56e-06  1.30  DIIS mom: 15.0/15 16.0/16
  27    -181.284680193  1.91e-06  5.96e-06  -3.33e-05  1.32  DIIS mom: 15.0/15 16.0/16
  28    -181.284680212  1.47e-06  4.11e-06  -1.94e-08  1.31  DIIS mom: 15.0/15 16.0/16
  29    -181.284680351  5.34e-07  1.39e-06  -1.39e-07  1.31  DIIS mom: 15.0/15 16.0/16
  30    -181.284680376  7.83e-08  2.18e-07  -2.55e-08  1.31  DIIS mom: 15.0/15 16.0/16
  31    -181.284680377  5.35e-08  1.62e-07  -5.43e-10  1.31  DIIS mom: 15.0/15 16.0/16
                                                                      diis is converged!

SCF converged : True
final |[F,P]| : 5.35e-08
final |dE|    : 1.62e-07
final Escf    : -301.357607354985
final Etot    : -181.28468037696
final S2      : 1.31454099048564

  diis prep             :::        1.355 (  0.03%)
  diis extrap           :::        1.753 (  0.04%)
  roothaan              :::        7.848 (  0.17%)
  fock build            :::     4625.161 ( 99.76%)
  Total                 :::     4636.116 (100.00%)

Alpha occupied
  -20.945 -11.495 -11.495  -1.803  -1.338  -1.237  -1.069  -0.972 
   -0.969  -0.955  -0.820  -0.818  -0.788  -0.785  -0.757 

Alpha virtual
  -10.172  -0.162  -0.085  -0.059  -0.058  -0.055  -0.034  -0.025 
   -0.020  -0.012  -0.007   0.018   0.026   0.035   0.048   0.066 
    0.102   0.102   0.111   0.135   0.136   0.156   0.159   0.168 
    0.183   0.188   0.211   0.221   0.227   0.230   0.235   0.251 
    0.265   0.278   0.288   0.295   0.306   0.320   0.367   0.368 
    0.376   0.386   0.420   0.454   0.455   0.470   0.489   0.493 
    0.516   0.556   0.563   0.585   0.595   0.611   0.616   0.630 
    0.643   0.644   0.653   0.661   0.662   0.675   0.703   0.706 
    0.717   0.727   0.730   0.749   0.755   0.775   0.776   0.784 
    0.796   0.832   0.838   0.850   0.857   0.885   0.894   0.905 
    0.960   0.961   0.983   0.994   1.040   1.055   1.075   1.105 
    1.123   1.157   1.185   1.185   1.195   1.225   1.259   1.276 
    1.288   1.291   1.294   1.299   1.328   1.374   1.376   1.387 
    1.410   1.433   1.447   1.454   1.474   1.491   1.508   1.554 
    1.565   1.568   1.583   1.593   1.608   1.623   1.628   1.631 
    1.648   1.669   1.671   1.673   1.711   1.739   1.754   1.763 
    1.769   1.796   1.799   1.808   1.809   1.844   1.846   1.871 
    1.880   1.914   1.929   1.973   1.976   1.977   1.985   1.993 
    2.025   2.052   2.068   2.088   2.095   2.096   2.150   2.166 
    2.168   2.176   2.195   2.245   2.251   2.277   2.281   2.301 
    2.301   2.313   2.315   2.359   2.394   2.405   2.417   2.447 
    2.458   2.500   2.510   2.533   2.586   2.596   2.606   2.606 
    2.670   2.691   2.723   2.751   2.757   2.780   2.807   2.839 
    2.857   2.891   2.937   2.959   2.984   3.003   3.044   3.061 
    3.067   3.091   3.104   3.130   3.138   3.162   3.191   3.195 
    3.205   3.242   3.242   3.286   3.354   3.382   3.435   3.450 
    3.488   3.515   3.534   3.555   3.587   3.608   3.638   3.655 
    3.663   3.681   3.692   3.727   3.736   3.771   3.774   3.777 
    3.806   3.830   3.853   3.867   3.868   3.888   3.907   3.915 
    3.933   3.952   3.967   3.975   3.992   4.007   4.023   4.067 
    4.078   4.082   4.097   4.103   4.110   4.110   4.156   4.174 
    4.175   4.199   4.205   4.261   4.261   4.320   4.351   4.351 
    4.380   4.441   4.508   4.516   4.524   4.524   4.548   4.578 
    4.590   4.600   4.600   4.625   4.634   4.654   4.654   4.673 
    4.687   4.721   4.737   4.753   4.779   4.804   4.849   4.860 
    4.911   4.927   4.953   4.978   5.000   5.008   5.015   5.016 
    5.037   5.040   5.083   5.084   5.108   5.140   5.140   5.176 
    5.182   5.210   5.237   5.280   5.288   5.332   5.343   5.352 
    5.363   5.383   5.385   5.405   5.415   5.453   5.475   5.491 
    5.506   5.544   5.547   5.573   5.609   5.623   5.631   5.682 
    5.710   5.714   5.727   5.735   5.772   5.793   5.811   5.823 
    5.869   5.869   5.879   5.959   5.980   6.013   6.021   6.038 
    6.064   6.090   6.105   6.129   6.150   6.196   6.232   6.269 
    6.385   6.438   6.455   6.504   6.507   6.532   6.574   6.577 
    6.625   6.718   6.750   6.829   6.880   6.885   6.916   6.921 
    6.944   6.989   7.014   7.037   7.088   7.099   7.116   7.140 
    7.144   7.172   7.215   7.224   7.240   7.380   7.382   7.394 
    7.434   7.440   7.517   7.521   7.544   7.569   7.596   7.624 
    7.657   7.662   7.662   7.737   7.789   7.811   7.842   7.885 
    8.071   8.114   8.160   8.215   8.253   8.266   8.325   8.327 
    8.342   8.352   8.420   8.443   8.451   8.604   8.658   8.694 
    8.722   8.777   9.047   9.077   9.093   9.116   9.173   9.179 
    9.188   9.201   9.256   9.335   9.361   9.387   9.475   9.485 
    9.511   9.555   9.605   9.643   9.659   9.729   9.731   9.748 
    9.763   9.799   9.854   9.870   9.960   9.972  10.033  10.091 
   10.098  10.114  10.161  10.203  10.203  10.206  10.244  10.244 
   10.282  10.308  10.341  10.407  10.440  10.478  10.486  10.505 
   10.544  10.584  10.673  10.717  10.726  10.803  10.857  10.872 
   10.912  10.967  11.026  11.042  11.044  11.047  11.082  11.096 
   11.128  11.128  11.150  11.182  11.302  11.375  11.481  11.501 
   11.533  11.535  11.561  11.595  11.624  11.631  11.639  11.682 
   11.744  11.807  12.077  12.105  12.149  12.196  12.337  12.368 
   12.414  12.417  12.438  12.440  12.531  12.549  12.557  12.562 
   12.581  12.589  12.593  12.607  12.610  12.616  12.645  12.656 
   12.662  12.693  12.731  12.733  12.769  12.783  12.783  12.797 
   12.882  12.884  12.895  12.897  12.923  12.940  12.997  13.009 
   13.016  13.109  13.111  13.130  13.175  13.224  13.254  13.290 
   13.291  13.314  13.346  13.353  13.369  13.407  13.416  13.446 
   13.467  13.470  13.477  13.554  13.558  13.578  13.584  13.643 
   13.660  13.784  13.851  13.856  13.922  13.923  13.929  13.939 
   13.945  13.959  13.976  14.003  14.008  14.011  14.043  14.069 
   14.099  14.103  14.133  14.135  14.146  14.179  14.212  14.223 
   14.242  14.257  14.301  14.323  14.331  14.342  14.345  14.387 
   14.395  14.463  14.487  14.501  14.552  14.561  14.581  14.590 
   14.628  14.642  14.722  14.735  14.747  14.753  14.763  14.780 
   14.805  14.843  14.860  14.894  14.902  14.997  14.999  15.145 
   15.257  15.276  15.408  15.436  15.457  15.468  15.597  15.627 
   15.633  15.682  15.711  15.762  15.776  15.789  15.827  15.877 
   15.913  15.917  15.988  15.992  16.010  16.210  16.284  16.313 
   16.339  16.409  16.506  16.585  16.673  16.688  16.691  16.738 
   16.800  17.309  17.349  17.418  17.510  17.514  17.561  17.677 
   17.747  17.778  17.801  17.812  17.879  18.095  18.168  18.200 
   18.217  18.284  18.301  18.302  18.324  18.330  18.375  18.390 
   18.477  18.505  18.517  18.527  18.538  18.635  18.648  18.662 
   18.693  18.709  18.790  18.821  18.928  19.021  19.144  19.186 
   19.206  19.261  19.335  19.346  19.357  19.422  19.445  19.460 
   19.482  19.521  19.716  19.825  19.894  20.009  20.740  21.141 
   21.241  21.459  21.685  21.726  21.943  21.947  22.014  22.143 
   22.777  23.190  23.573  23.847  24.097  24.642  24.689  37.031 
   37.384  37.790  38.279  38.577  38.753  38.782  38.833  38.860 
   39.099  39.112  39.159  39.369  39.402  39.509  39.558  39.576 
   39.694  39.710  39.721  39.772  39.784  40.362  40.386  40.519 
   40.558  40.582  40.595  40.604  40.684  40.724  40.729  40.747 
   40.747  40.804  40.957  41.330  41.439  41.454  41.648  41.664 
   41.680  41.743  42.236  42.259  51.205  52.428  52.492  63.981 
   85.551  85.562  85.564  85.582  85.583  85.583  85.641  85.706 
   85.711  86.791  86.792  86.793  86.801  86.839  86.840  86.841 
   86.843  86.865  86.868  86.869  86.870  86.951  86.952  86.967 
   86.968  86.969  86.972  87.796  88.647  88.701  89.954  89.991 
   90.051  90.099  90.145  90.251 105.610 105.830 106.227 106.590 
  106.941 107.768 107.794 107.835 107.865 108.364 108.418 108.670 
  108.678 108.686 108.736 110.896 112.710 112.772 128.179 128.218 
  128.223 128.350 128.450 128.457 128.892 130.091 130.098 130.113 
  130.117 130.128 130.129 130.144 130.182 130.273 130.280 130.281 
  130.297 130.898 130.901 207.446 208.204 208.264 210.262 210.295 
  210.343 210.381 210.426 210.519 245.429 247.918 247.975 249.574 
  249.574 249.577 249.577 249.579 249.579 249.581 249.581 249.582 
  249.582 249.582 251.421 251.421 251.421 251.421 251.421 251.421 
  251.422 251.422 251.422 251.422 251.424 251.424 251.424 251.424 
  251.426 251.426 251.426 251.426 251.430 251.430 251.430 251.430 
  273.777 273.945 274.259 274.541 274.790 276.526 276.546 276.579 
  276.604 277.000 277.044 277.248 277.252 277.260 277.299 308.567 
  308.571 308.572 308.578 308.578 308.578 308.598 308.624 308.625 
  310.813 310.813 310.813 310.816 310.830 310.830 310.830 310.831 
  310.839 310.840 310.840 310.840 310.869 310.870 310.876 310.877 
  310.878 310.879 393.513 393.537 393.538 393.607 393.666 393.671 
  393.905 396.235 396.241 396.249 396.251 396.258 396.259 396.268 
  396.285 396.338 396.342 396.344 396.354 396.690 396.691 534.733 
  535.386 535.445 538.201 538.230 538.268 538.299 538.341 538.420 
  595.746 598.944 599.001 703.656 703.788 704.031 704.250 704.445 
  707.000 707.016 707.041 707.061 707.370 707.405 707.569 707.572 
  707.578 707.609 1734.696 1735.286 1735.344 1738.711 1738.738 1738.771 
  1738.798 1738.838 1738.909 2323.725 2327.644 2327.758 

Beta occupied
  -20.912 -13.868 -11.491 -11.491  -1.773  -1.381  -1.249  -1.078 
   -1.005  -0.991  -0.975  -0.818  -0.797  -0.785  -0.772  -0.748 

Beta virtual
   -0.150  -0.085  -0.060  -0.056  -0.053  -0.036  -0.026  -0.020 
   -0.012  -0.008   0.014   0.026   0.036   0.047   0.066   0.088 
    0.100   0.102   0.119   0.137   0.152   0.158   0.165   0.182 
    0.189   0.199   0.206   0.226   0.232   0.233   0.251   0.263 
    0.277   0.280   0.304   0.309   0.315   0.365   0.367   0.373 
    0.376   0.415   0.446   0.455   0.467   0.474   0.491   0.515 
    0.555   0.561   0.585   0.596   0.610   0.615   0.617   0.622 
    0.644   0.644   0.659   0.662   0.672   0.700   0.710   0.717 
    0.725   0.729   0.742   0.758   0.773   0.778   0.788   0.793 
    0.826   0.839   0.846   0.863   0.884   0.894   0.905   0.960 
    0.961   0.988   0.992   1.039   1.054   1.074   1.102   1.142 
    1.158   1.184   1.185   1.191   1.227   1.252   1.274   1.288 
    1.293   1.299   1.301   1.327   1.371   1.374   1.381   1.410 
    1.432   1.447   1.451   1.474   1.489   1.510   1.538   1.564 
    1.567   1.568   1.597   1.604   1.620   1.629   1.633   1.644 
    1.666   1.668   1.669   1.700   1.729   1.753   1.759   1.767 
    1.787   1.800   1.806   1.808   1.839   1.846   1.868   1.878 
    1.907   1.928   1.964   1.973   1.975   1.982   1.994   2.025 
    2.047   2.066   2.088   2.094   2.095   2.150   2.166   2.167 
    2.176   2.196   2.240   2.242   2.274   2.282   2.297   2.299 
    2.312   2.312   2.357   2.386   2.406   2.420   2.446   2.458 
    2.504   2.510   2.536   2.585   2.603   2.605   2.605   2.673 
    2.692   2.721   2.753   2.756   2.778   2.802   2.830   2.858 
    2.891   2.937   2.972   2.983   3.005   3.053   3.064   3.075 
    3.093   3.108   3.135   3.137   3.163   3.193   3.204   3.214 
    3.243   3.245   3.283   3.358   3.381   3.436   3.449   3.486 
    3.506   3.530   3.558   3.587   3.601   3.634   3.651   3.659 
    3.675   3.691   3.726   3.733   3.760   3.762   3.770   3.805 
    3.815   3.854   3.860   3.866   3.867   3.898   3.913   3.920 
    3.933   3.952   3.968   3.989   3.990   3.993   4.063   4.076 
    4.078   4.086   4.099   4.104   4.106   4.146   4.171   4.175 
    4.193   4.198   4.250   4.257   4.316   4.348   4.351   4.376 
    4.439   4.511   4.516   4.524   4.532   4.550   4.585   4.592 
    4.594   4.604   4.624   4.633   4.644   4.651   4.671   4.686 
    4.721   4.736   4.749   4.778   4.797   4.836   4.847   4.908 
    4.923   4.946   4.975   4.992   5.007   5.009   5.013   5.036 
    5.038   5.080   5.086   5.106   5.137   5.142   5.176   5.183 
    5.209   5.238   5.286   5.287   5.332   5.339   5.351   5.363 
    5.384   5.386   5.405   5.416   5.448   5.476   5.476   5.506 
    5.543   5.544   5.575   5.602   5.622   5.631   5.680   5.708 
    5.715   5.724   5.733   5.773   5.788   5.809   5.826   5.869 
    5.874   5.879   5.962   5.980   6.009   6.022   6.031   6.068 
    6.090   6.104   6.125   6.150   6.191   6.233   6.262   6.389 
    6.438   6.453   6.499   6.509   6.531   6.573   6.575   6.623 
    6.715   6.746   6.834   6.874   6.888   6.913   6.927   6.943 
    6.997   7.017   7.037   7.083   7.099   7.118   7.144   7.161 
    7.177   7.220   7.232   7.245   7.381   7.392   7.395   7.437 
    7.440   7.519   7.523   7.556   7.571   7.603   7.625   7.656 
    7.661   7.663   7.735   7.790   7.814   7.840   7.892   8.068 
    8.107   8.160   8.212   8.249   8.273   8.313   8.327   8.336 
    8.354   8.418   8.423   8.458   8.601   8.611   8.657   8.720 
    8.762   9.006   9.056   9.093   9.119   9.168   9.179   9.191 
    9.197   9.258   9.334   9.337   9.377   9.457   9.487   9.508 
    9.556   9.613   9.640   9.658   9.720   9.727   9.746   9.759 
    9.784   9.853   9.870   9.955   9.959   9.982  10.070  10.096 
   10.105  10.146  10.174  10.196  10.201  10.232  10.235  10.278 
   10.292  10.338  10.407  10.435  10.473  10.474  10.491  10.543 
   10.577  10.665  10.712  10.719  10.794  10.845  10.856  10.896 
   10.960  11.021  11.027  11.038  11.041  11.081  11.082  11.116 
   11.126  11.147  11.174  11.300  11.369  11.481  11.491  11.527 
   11.534  11.561  11.596  11.625  11.631  11.636  11.665  11.736 
   11.801  12.056  12.073  12.124  12.173  12.337  12.368  12.414 
   12.417  12.438  12.440  12.529  12.548  12.556  12.561  12.580 
   12.588  12.592  12.606  12.607  12.616  12.641  12.653  12.660 
   12.691  12.730  12.730  12.767  12.778  12.780  12.791  12.863 
   12.881  12.889  12.895  12.923  12.936  12.989  13.002  13.009 
   13.109  13.110  13.129  13.173  13.221  13.252  13.288  13.290 
   13.312  13.345  13.352  13.368  13.406  13.413  13.445  13.465 
   13.469  13.473  13.547  13.556  13.577  13.581  13.642  13.657 
   13.784  13.851  13.856  13.921  13.930  13.946  13.948  13.950 
   13.960  13.975  14.003  14.008  14.010  14.042  14.080  14.099 
   14.111  14.133  14.136  14.146  14.162  14.211  14.223  14.241 
   14.256  14.300  14.320  14.331  14.341  14.345  14.381  14.394 
   14.464  14.486  14.500  14.549  14.561  14.575  14.590  14.626 
   14.638  14.721  14.725  14.741  14.752  14.763  14.778  14.805 
   14.843  14.865  14.891  14.891  14.987  15.003  15.141  15.246 
   15.274  15.408  15.436  15.457  15.467  15.596  15.626  15.640 
   15.683  15.710  15.771  15.778  15.790  15.827  15.877  15.913 
   15.919  15.988  15.995  16.012  16.211  16.285  16.312  16.338 
   16.440  16.505  16.584  16.672  16.687  16.695  16.738  16.803 
   17.308  17.348  17.412  17.509  17.513  17.560  17.676  17.747 
   17.778  17.801  17.812  17.878  18.071  18.116  18.186  18.243 
   18.286  18.292  18.303  18.323  18.337  18.347  18.389  18.484 
   18.509  18.517  18.537  18.539  18.636  18.648  18.658  18.699 
   18.712  18.789  18.852  18.917  18.956  19.162  19.211  19.228 
   19.260  19.325  19.345  19.358  19.427  19.429  19.463  19.509 
   19.532  19.609  19.828  19.864  20.001  20.767  21.146  21.242 
   21.463  21.685  21.726  21.943  21.947  22.048  22.176  22.730 
   23.223  23.583  23.628  24.107  24.643  24.687  36.880  37.235 
   37.646  38.149  38.432  38.754  38.772  38.832  38.857  38.880 
   39.031  39.116  39.292  39.334  39.387  39.456  39.494  39.674 
   39.706  39.721  39.751  39.772  40.338  40.359  40.518  40.528 
   40.558  40.591  40.605  40.651  40.683  40.724  40.729  40.744 
   40.800  40.920  41.228  41.414  41.453  41.649  41.665  41.681 
   41.744  42.234  42.258  50.895  52.429  52.490  63.993  85.484 
   85.496  85.496  85.516  85.518  85.519  85.577  85.645  85.651 
   86.792  86.793  86.794  86.802  86.840  86.841  86.841  86.844 
   86.866  86.869  86.870  86.870  86.952  86.953  86.967  86.968 
   86.969  86.972  87.497  88.360  88.416  89.954  89.991  90.050 
   90.097  90.145  90.251 105.406 105.626 106.024 106.392 106.742 
  107.768 107.794 107.836 107.865 108.364 108.418 108.670 108.679 
  108.686 108.737 110.585 112.711 112.772 128.048 128.087 128.091 
  128.218 128.322 128.325 128.763 130.090 130.098 130.113 130.117 
  130.128 130.129 130.144 130.182 130.273 130.280 130.282 130.298 
  130.899 130.901 207.162 207.923 207.984 210.262 210.295 210.342 
  210.380 210.426 210.519 245.151 247.919 247.975 249.502 249.502 
  249.506 249.506 249.508 249.508 249.510 249.510 249.511 249.513 
  249.513 251.421 251.421 251.421 251.421 251.421 251.421 251.422 
  251.422 251.422 251.422 251.424 251.424 251.424 251.424 251.427 
  251.427 251.427 251.427 251.430 251.430 251.430 251.430 273.575 
  273.744 274.058 274.341 274.591 276.526 276.546 276.579 276.605 
  277.000 277.044 277.248 277.253 277.260 277.300 308.456 308.460 
  308.461 308.467 308.467 308.468 308.488 308.514 308.515 310.813 
  310.813 310.814 310.816 310.830 310.830 310.830 310.831 310.839 
  310.840 310.840 310.840 310.870 310.870 310.877 310.877 310.878 
  310.879 393.357 393.380 393.381 393.450 393.509 393.515 393.749 
  396.235 396.241 396.249 396.251 396.258 396.259 396.269 396.285 
  396.338 396.342 396.344 396.354 396.690 396.691 534.510 535.163 
  535.223 538.201 538.230 538.268 538.299 538.341 538.420 595.523 
  598.944 599.001 703.491 703.623 703.866 704.086 704.281 707.001 
  707.016 707.041 707.062 707.370 707.406 707.569 707.572 707.578 
  707.609 1734.564 1735.155 1735.213 1738.711 1738.738 1738.771 1738.798 
  1738.838 1738.909 2323.604 2327.644 2327.757 


  >>> Running UHF-MP2 <<<

MP2 correlation energy (UHF) : -0.9372504931
MP2 total energy       (UHF) : -182.2219308700

