	*********************************************** 
	***** Beginning CEBE Calculation with MOM ***** 
	*****       Calculation Details:          ***** 
	      Geometry:	 /home/am3939/core/calculations/mols/exp/c/h-c-o2ch3.xyz
	      Core Basis:	 ccX-5Z
	      Full Basis:	 cc-pV5Z
	      DIIS (start, space):	 0 50
	      Level shift:	 0
	      Do localization?:	 False
	      Do SFX2C1E?:	 True
	      Freeze orbitals?:	 True
	      Use Cheng orbitals?:	 False
	      Do Special Basis?:	 True
	      Do Special Basis?:	 ccX-5Z
	*********************************************** 
	*********************************************** 

  >>> Running RHF <<<

init D/C      : minao
init ov       : zeros
no            : 16
nv            : 770
ov_size       : 12320
max_cycle     : 1000
conv          : 6
econv         : 9
method        : gdm
scale_stop    : 0
scale_factor  : 1.000000
init E        : -227.746919964497
init |[F,P]|  : 5.56e-03
init |dE|     : 1.46e-02
check file    : None

iter      total energy   |[F,P]|      |dE|         ∆E   comment
   1    -227.819828973  4.07e-03  1.13e-02  -7.29e-02  BFGS
   2    -227.885597266  5.35e-04  1.35e-03  -6.58e-02  BFGS
   3    -227.886930775  2.70e-04  7.64e-04  -1.33e-03  BFGS
   4    -227.887322086  7.49e-05  2.01e-04  -3.91e-04  BFGS
   5    -227.887369247  3.57e-05  8.49e-05  -4.72e-05  BFGS
   6    -227.887379750  9.13e-06  2.52e-05  -1.05e-05  BFGS
   7    -227.887380376  1.98e-06  4.89e-06  -6.25e-07  BFGS
   8    -227.887380412  5.66e-07  1.49e-06  -3.62e-08  BFGS
   9    -227.887380414  1.85e-07  4.85e-07  -2.39e-09  BFGS
  10    -227.887380415  4.45e-08  1.17e-07  -2.27e-10  BFGS
                                                                      gdm is converged!

SCF converged : True
final |[F,P]| : 4.45e-08
final |dE|    : 1.17e-07
final Escf    : -350.629193889449
final Etot    : -227.887380414589

  pxp & ewc             :::        0.571 (  0.12%)
  apply B               :::        0.002 (  0.00%)
  linsrch               :::      467.655 ( 99.87%)
  grad                  :::        0.022 (  0.00%)
  Total                 :::      468.249 (100.00%)

Alpha occupied
  -20.616 -20.546 -11.378 -11.294  -1.471  -1.371  -0.989  -0.819 
   -0.750  -0.682  -0.679  -0.603  -0.556  -0.536  -0.471  -0.457 

Alpha virtual
    0.069   0.079   0.086   0.094   0.113   0.118   0.127   0.173 
    0.185   0.201   0.213   0.252   0.266   0.283   0.305   0.330 
    0.331   0.358   0.377   0.378   0.407   0.407   0.421   0.445 
    0.458   0.465   0.485   0.486   0.507   0.518   0.531   0.598 
    0.604   0.609   0.654   0.685   0.701   0.718   0.723   0.747 
    0.763   0.775   0.813   0.823   0.838   0.847   0.860   0.890 
    0.898   0.905   0.923   0.937   0.940   0.950   0.964   0.966 
    0.968   1.010   1.040   1.069   1.072   1.098   1.151   1.195 
    1.215   1.254   1.255   1.279   1.318   1.338   1.339   1.384 
    1.420   1.438   1.440   1.483   1.506   1.529   1.542   1.565 
    1.585   1.599   1.608   1.617   1.662   1.692   1.695   1.699 
    1.704   1.737   1.798   1.808   1.816   1.845   1.851   1.879 
    1.886   1.902   1.924   1.952   1.989   2.011   2.012   2.023 
    2.039   2.052   2.064   2.093   2.099   2.121   2.129   2.130 
    2.169   2.179   2.192   2.210   2.263   2.276   2.286   2.304 
    2.339   2.351   2.383   2.428   2.458   2.472   2.493   2.516 
    2.567   2.642   2.644   2.660   2.679   2.693   2.723   2.752 
    2.766   2.837   2.862   2.885   2.929   3.024   3.052   3.053 
    3.101   3.118   3.140   3.152   3.182   3.189   3.237   3.252 
    3.266   3.274   3.287   3.348   3.371   3.404   3.412   3.423 
    3.469   3.517   3.524   3.543   3.550   3.562   3.658   3.676 
    3.716   3.724   3.750   3.792   3.839   3.854   3.877   3.888 
    3.895   3.904   3.937   3.957   3.981   3.995   4.047   4.055 
    4.066   4.126   4.163   4.175   4.202   4.220   4.226   4.274 
    4.289   4.306   4.345   4.346   4.394   4.403   4.444   4.448 
    4.462   4.478   4.488   4.542   4.565   4.594   4.612   4.631 
    4.671   4.672   4.723   4.737   4.785   4.794   4.796   4.828 
    4.838   4.872   4.895   4.928   4.928   4.951   4.996   4.997 
    5.053   5.078   5.099   5.131   5.175   5.179   5.191   5.225 
    5.230   5.268   5.268   5.347   5.363   5.392   5.437   5.438 
    5.462   5.486   5.530   5.562   5.572   5.581   5.630   5.678 
    5.708   5.744   5.749   5.778   5.796   5.831   5.870   5.932 
    5.937   6.022   6.077   6.087   6.100   6.103   6.146   6.187 
    6.239   6.252   6.353   6.386   6.418   6.483   6.548   6.599 
    6.615   6.688   6.716   6.848   6.863   6.892   6.925   6.968 
    6.970   7.108   7.126   7.148   7.184   7.196   7.209   7.289 
    7.290   7.323   7.324   7.381   7.385   7.397   7.450   7.514 
    7.528   7.578   7.598   7.617   7.641   7.653   7.745   7.756 
    7.784   7.788   7.827   7.835   7.861   7.876   7.917   8.014 
    8.022   8.024   8.079   8.241   8.279   8.344   8.377   8.421 
    8.425   8.465   8.508   8.547   8.672   8.709   8.857   8.890 
    8.963   8.984   9.077   9.095   9.138   9.198   9.241   9.255 
    9.300   9.306   9.352   9.377   9.435   9.470   9.527   9.574 
    9.657   9.671   9.724   9.757   9.831   9.862   9.890   9.932 
    9.989  10.002  10.031  10.084  10.105  10.144  10.217  10.282 
   10.308  10.387  10.401  10.439  10.475  10.478  10.542  10.596 
   10.630  10.676  10.697  10.783  10.794  10.840  10.968  11.029 
   11.033  11.153  11.196  11.243  11.249  11.303  11.400  11.410 
   11.528  11.563  11.606  11.637  11.742  11.766  11.785  11.790 
   11.953  12.096  12.108  12.154  12.394  12.503  12.527  12.635 
   12.673  12.678  12.747  12.756  12.758  12.789  12.794  12.802 
   12.827  12.848  12.857  12.922  12.930  12.980  12.989  13.050 
   13.058  13.102  13.229  13.275  13.277  13.280  13.361  13.423 
   13.470  13.495  13.505  13.517  13.525  13.555  13.561  13.586 
   13.595  13.678  13.743  13.746  13.812  13.898  13.917  14.016 
   14.027  14.087  14.112  14.129  14.140  14.153  14.177  14.204 
   14.233  14.247  14.255  14.281  14.294  14.314  14.326  14.334 
   14.350  14.419  14.431  14.460  14.462  14.497  14.541  14.603 
   14.631  14.637  14.665  14.712  14.761  14.798  14.873  14.887 
   14.977  15.018  15.082  15.089  15.100  15.224  15.329  15.357 
   15.384  15.394  15.445  15.517  15.529  15.657  15.708  15.735 
   15.754  15.819  15.828  15.884  15.927  15.954  16.164  16.192 
   16.253  16.258  16.462  16.474  16.507  16.540  16.568  16.788 
   16.793  16.870  16.872  16.917  16.935  17.264  17.439  17.476 
   17.498  17.598  17.646  17.747  17.865  17.975  18.022  18.112 
   18.199  18.369  18.449  18.487  18.516  18.525  18.557  18.608 
   18.635  18.665  18.738  18.765  18.823  18.893  18.905  18.956 
   18.959  18.999  19.017  19.130  19.188  19.262  19.347  19.357 
   19.386  19.412  19.458  19.504  19.505  19.514  19.528  19.564 
   19.656  19.672  19.680  19.792  19.840  19.866  19.909  19.987 
   20.093  20.105  20.252  20.373  20.603  20.738  21.136  21.185 
   21.302  21.318  21.509  21.823  22.003  22.043  22.225  22.347 
   22.521  22.814  23.073  23.421  23.442  23.444  23.795  24.254 
   24.385  24.480  24.704  24.810  38.378  38.478  38.960  38.976 
   39.378  39.571  39.809  39.902  39.907  39.974  40.073  40.196 
   40.313  40.385  40.421  40.497  40.579  40.614  40.703  40.789 
   40.817  40.914  40.926  41.330  41.709  41.844  41.894  42.146 
   42.394  42.423  52.261  52.483  64.252  64.330  86.881  86.886 
   86.890  86.899  86.913  86.923  86.982  86.987  86.995  87.032 
   87.034  87.052  87.054  87.074  87.089  87.142  87.167  87.171 
   89.377  90.078  90.167  90.215  90.277  90.351 107.529 107.601 
  107.967 107.979 108.319 108.502 108.612 108.867 108.870 108.988 
  112.549 112.769 129.901 129.981 130.013 130.177 130.238 130.253 
  130.262 130.271 130.326 130.431 130.443 130.473 130.844 131.082 
  209.759 210.386 210.472 210.511 210.568 210.620 247.762 247.981 
  251.531 251.531 251.534 251.534 251.535 251.536 251.537 251.540 
  251.540 251.544 251.544 251.618 251.619 251.619 251.620 251.620 
  251.622 251.622 251.624 251.624 251.628 251.628 276.366 276.422 
  276.723 276.733 276.984 277.145 277.200 277.441 277.445 277.497 
  310.917 310.920 310.921 310.925 310.930 310.933 310.954 310.988 
  310.994 311.009 311.012 311.025 311.026 311.032 311.033 311.064 
  311.075 311.076 396.180 396.225 396.243 396.336 396.379 396.406 
  396.419 396.423 396.456 396.502 396.513 396.520 396.706 396.880 
  537.782 538.331 538.409 538.435 538.490 538.526 598.779 599.001 
  706.903 706.947 707.197 707.205 707.386 707.526 707.549 707.758 
  707.765 707.788 1738.342 1738.846 1738.918 1738.937 1738.991 1739.018 
  2327.224 2327.575 


  >>> Running RHF-MP2 <<<


RMP2-TIMING
  rmp2                  :::      443.778 (100.00%)
  Total                 :::      443.778 (100.00%)

MP2 correlation energy (RHF) : -1.0630346414
MP2 total energy       (RHF) : -228.9504150560


  >>> Running UHF <<<

init D/C      : input mo_coeff
init ov       : zeros
no            : 15 16
nv            : 771 770
ov_size       : 23885
max_cycle     : 1000
conv          : 6
econv         : 9
method        : diis
mom_start     : 0
guess mix     : 0.000000
orb_swap      : [[[2, 15]], []]
init E        : -216.50894284874
init S2       : 0.750000000000277
init |[F,P]|  : 1.03e-02
init |dE|     : 2.68e-02
check file    : None

iter      total energy   |[F,P]|      |dE|         ∆E   S^2   comment
   1    -216.771408652  6.62e-03  1.66e-02  -2.62e-01  0.76  DIIS mom: 14.7/15 15.7/16
   2    -217.009430902  1.32e-03  3.75e-03  -2.38e-01  0.76  DIIS mom: 14.9/15 15.9/16
   3    -217.022948692  4.60e-04  1.40e-03  -1.35e-02  0.76  DIIS mom: 15.0/15 16.0/16
   4    -217.025542982  2.23e-04  5.47e-04  -2.59e-03  0.77  DIIS mom: 15.0/15 16.0/16
   5    -217.027032177  2.07e-04  4.99e-04  -1.49e-03  0.78  DIIS mom: 15.0/15 16.0/16
   6    -217.028949097  2.02e-04  4.84e-04  -1.92e-03  0.80  DIIS mom: 15.0/15 16.0/16
   7    -217.028423490  1.99e-04  4.76e-04   5.26e-04  0.80  DIIS mom: 15.0/15 16.0/16
   8    -217.022793776  1.38e-04  3.28e-04   5.63e-03  0.77  DIIS mom: 15.0/15 16.0/16
   9    -217.021748284  7.20e-05  1.74e-04   1.05e-03  0.81  DIIS mom: 15.0/15 16.0/16
  10    -217.021586792  4.15e-05  1.03e-04   1.61e-04  0.85  DIIS mom: 15.0/15 16.0/16
  11    -217.021614683  2.96e-05  7.40e-05  -2.79e-05  0.89  DIIS mom: 15.0/15 16.0/16
  12    -217.021712185  1.75e-05  4.57e-05  -9.75e-05  0.91  DIIS mom: 15.0/15 16.0/16
  13    -217.021720755  1.65e-05  4.37e-05  -8.57e-06  0.91  DIIS mom: 15.0/15 16.0/16
  14    -217.021691469  1.11e-05  2.86e-05   2.93e-05  0.89  DIIS mom: 15.0/15 16.0/16
  15    -217.021688952  3.68e-06  9.31e-06   2.52e-06  0.88  DIIS mom: 15.0/15 16.0/16
  16    -217.021688346  2.99e-06  7.53e-06   6.07e-07  0.88  DIIS mom: 15.0/15 16.0/16
  17    -217.021688118  3.02e-07  8.08e-07   2.28e-07  0.88  DIIS mom: 15.0/15 16.0/16
  18    -217.021688120  8.48e-08  2.25e-07  -2.11e-09  0.88  DIIS mom: 15.0/15 16.0/16
  19    -217.021688120  3.46e-08  8.79e-08  -1.67e-10  0.88  DIIS mom: 15.0/15 16.0/16
                                                                      diis is converged!

SCF converged : True
final |[F,P]| : 3.46e-08
final |dE|    : 8.79e-08
final Escf    : -339.763501594704
final Etot    : -217.021688119844
final S2      : 0.882354044543924

  diis prep             :::        0.384 (  0.04%)
  diis extrap           :::        0.418 (  0.04%)
  roothaan              :::        2.229 (  0.22%)
  fock build            :::     1017.383 ( 99.70%)
  Total                 :::     1020.415 (100.00%)

Alpha occupied
  -20.947 -20.942 -11.511  -1.830  -1.722  -1.282  -1.159  -1.086 
   -1.022  -1.012  -0.887  -0.845  -0.806  -0.783  -0.747 

Alpha virtual
  -10.307  -0.182  -0.100  -0.065  -0.062  -0.059  -0.047  -0.021 
   -0.021   0.027   0.029   0.050   0.066   0.076   0.110   0.123 
    0.150   0.151   0.152   0.170   0.185   0.207   0.207   0.224 
    0.232   0.249   0.258   0.276   0.281   0.303   0.309   0.317 
    0.360   0.367   0.392   0.440   0.457   0.487   0.501   0.511 
    0.534   0.565   0.580   0.587   0.602   0.627   0.637   0.639 
    0.657   0.661   0.682   0.709   0.729   0.736   0.746   0.759 
    0.765   0.775   0.780   0.839   0.848   0.851   0.891   0.936 
    0.974   0.993   1.024   1.036   1.053   1.065   1.082   1.099 
    1.136   1.179   1.191   1.215   1.244   1.265   1.293   1.322 
    1.332   1.339   1.345   1.352   1.388   1.422   1.442   1.443 
    1.476   1.481   1.496   1.562   1.584   1.588   1.594   1.634 
    1.652   1.656   1.662   1.696   1.702   1.717   1.720   1.750 
    1.790   1.796   1.826   1.833   1.846   1.847   1.872   1.894 
    1.903   1.905   1.929   1.960   1.975   2.020   2.061   2.062 
    2.087   2.126   2.135   2.152   2.190   2.226   2.239   2.272 
    2.273   2.322   2.369   2.387   2.441   2.444   2.458   2.489 
    2.504   2.527   2.544   2.624   2.628   2.667   2.769   2.781 
    2.794   2.850   2.854   2.871   2.882   2.910   2.943   2.964 
    2.985   2.990   3.004   3.038   3.081   3.093   3.123   3.160 
    3.180   3.200   3.255   3.257   3.267   3.287   3.291   3.370 
    3.399   3.447   3.452   3.476   3.542   3.583   3.594   3.625 
    3.636   3.656   3.663   3.686   3.695   3.721   3.725   3.793 
    3.811   3.838   3.854   3.864   3.888   3.907   3.944   3.979 
    3.997   4.022   4.023   4.045   4.070   4.128   4.145   4.151 
    4.161   4.185   4.204   4.218   4.268   4.289   4.340   4.350 
    4.389   4.400   4.427   4.429   4.487   4.506   4.560   4.562 
    4.580   4.589   4.594   4.621   4.643   4.694   4.699   4.745 
    4.750   4.753   4.823   4.860   4.880   4.915   4.924   4.929 
    4.980   4.999   5.001   5.022   5.099   5.107   5.122   5.166 
    5.203   5.226   5.252   5.292   5.310   5.348   5.363   5.372 
    5.436   5.447   5.468   5.484   5.526   5.555   5.570   5.628 
    5.666   5.693   5.751   5.792   5.801   5.836   5.837   5.873 
    5.914   5.948   5.979   6.087   6.144   6.147   6.205   6.265 
    6.321   6.343   6.421   6.434   6.535   6.577   6.634   6.643 
    6.671   6.705   6.768   6.831   6.882   6.918   6.928   6.943 
    6.970   6.983   7.013   7.054   7.089   7.094   7.109   7.147 
    7.225   7.234   7.262   7.286   7.316   7.330   7.392   7.457 
    7.459   7.495   7.543   7.549   7.560   7.589   7.624   7.645 
    7.722   7.723   7.755   7.799   7.947   7.974   8.057   8.083 
    8.133   8.186   8.189   8.203   8.293   8.346   8.411   8.417 
    8.557   8.663   8.668   8.675   8.768   8.803   8.850   8.884 
    8.931   8.998   9.035   9.055   9.080   9.113   9.205   9.277 
    9.309   9.316   9.332   9.389   9.430   9.480   9.565   9.625 
    9.658   9.682   9.691   9.752   9.776   9.794   9.856   9.899 
    9.995  10.020  10.072  10.090  10.157  10.191  10.193  10.240 
   10.299  10.310  10.336  10.375  10.385  10.434  10.584  10.602 
   10.698  10.734  10.808  10.891  10.937  11.022  11.043  11.049 
   11.156  11.179  11.237  11.307  11.391  11.430  11.528  11.537 
   11.564  11.684  11.699  11.748  11.803  11.873  12.246  12.274 
   12.360  12.374  12.455  12.468  12.489  12.504  12.531  12.536 
   12.547  12.554  12.584  12.601  12.649  12.719  12.763  12.767 
   12.787  12.810  12.842  12.857  12.869  12.933  13.063  13.121 
   13.141  13.147  13.198  13.223  13.249  13.280  13.300  13.308 
   13.344  13.373  13.398  13.429  13.509  13.511  13.566  13.568 
   13.715  13.803  13.824  13.870  13.877  13.899  13.913  13.919 
   13.919  13.932  13.957  13.958  13.974  13.989  14.020  14.038 
   14.085  14.096  14.136  14.194  14.207  14.210  14.268  14.271 
   14.292  14.339  14.355  14.392  14.479  14.481  14.563  14.625 
   14.640  14.726  14.741  14.763  14.810  14.857  14.887  15.004 
   15.055  15.076  15.088  15.137  15.195  15.216  15.328  15.437 
   15.478  15.489  15.502  15.556  15.629  15.665  15.707  15.829 
   15.846  15.968  16.002  16.108  16.162  16.183  16.238  16.306 
   16.444  16.468  16.517  16.524  16.695  16.714  16.884  17.112 
   17.151  17.231  17.378  17.380  17.436  17.646  17.760  17.777 
   17.790  17.814  18.132  18.145  18.211  18.223  18.238  18.250 
   18.256  18.313  18.327  18.420  18.426  18.447  18.574  18.587 
   18.604  18.661  18.684  18.701  18.762  18.830  18.843  18.961 
   18.990  19.019  19.042  19.129  19.135  19.156  19.226  19.263 
   19.282  19.287  19.356  19.375  19.386  19.491  19.547  19.578 
   19.643  19.709  19.806  19.828  20.038  20.307  20.425  20.779 
   20.783  20.958  21.019  21.214  21.422  21.787  21.806  21.827 
   21.971  22.145  22.497  22.738  22.969  23.051  23.102  23.415 
   23.694  23.975  24.088  24.282  24.562  37.133  37.234  38.146 
   38.585  38.686  38.739  38.792  38.925  39.096  39.184  39.250 
   39.323  39.376  39.391  39.695  39.698  39.805  40.356  40.393 
   40.486  40.569  40.598  40.603  40.712  41.020  41.100  41.325 
   41.625  41.673  42.177  50.986  52.265  63.917  63.944  85.453 
   85.457  85.465  85.471  85.484  85.496  85.552  85.641  85.656 
   86.769  86.777  86.813  86.816  86.834  86.838  86.924  86.953 
   86.956  87.623  88.445  88.595  89.873  89.951  90.061 105.604 
  105.675 106.398 106.686 107.054 107.748 107.765 108.291 108.653 
  108.654 110.679 112.551 127.968 128.050 128.080 128.244 128.329 
  128.539 128.910 130.020 130.043 130.049 130.111 130.213 130.226 
  130.866 207.278 208.016 208.137 210.182 210.256 210.352 245.206 
  247.764 249.457 249.457 249.460 249.460 249.462 249.462 249.464 
  249.464 249.465 249.467 249.467 251.400 251.400 251.401 251.402 
  251.402 251.405 251.405 251.409 251.409 251.413 251.413 273.741 
  273.797 274.360 274.572 274.861 276.506 276.520 276.934 277.229 
  277.230 308.456 308.458 308.460 308.464 308.468 308.472 308.492 
  308.525 308.530 310.792 310.795 310.808 310.809 310.815 310.817 
  310.847 310.860 310.861 393.341 393.387 393.403 393.496 393.541 
  393.661 393.866 396.190 396.203 396.206 396.241 396.297 396.304 
  396.664 534.573 535.213 535.315 538.128 538.194 538.275 595.519 
  598.785 703.603 703.647 704.086 704.247 704.476 706.981 706.991 
  707.315 707.549 707.550 1734.540 1735.123 1735.214 1738.643 1738.703 
  1738.777 2323.404 2327.358 

Beta occupied
  -20.953 -20.934 -13.959 -11.511  -1.870  -1.717  -1.315  -1.180 
   -1.100  -1.034  -1.016  -0.879  -0.849  -0.816  -0.782  -0.725 

Beta virtual
   -0.239  -0.108  -0.065  -0.063  -0.059  -0.046  -0.021  -0.021 
    0.027   0.027   0.049   0.061   0.073   0.103   0.124   0.148 
    0.149   0.152   0.162   0.184   0.200   0.211   0.222   0.232 
    0.235   0.254   0.275   0.288   0.304   0.309   0.317   0.354 
    0.364   0.395   0.428   0.456   0.487   0.490   0.500   0.530 
    0.561   0.580   0.586   0.597   0.625   0.631   0.638   0.655 
    0.657   0.681   0.709   0.725   0.736   0.747   0.759   0.766 
    0.773   0.781   0.840   0.849   0.850   0.892   0.936   0.973 
    0.991   1.021   1.031   1.053   1.067   1.079   1.096   1.131 
    1.186   1.188   1.215   1.244   1.263   1.290   1.320   1.334 
    1.337   1.343   1.354   1.388   1.413   1.428   1.439   1.469 
    1.483   1.491   1.563   1.575   1.589   1.590   1.633   1.652 
    1.657   1.661   1.684   1.688   1.717   1.719   1.746   1.789 
    1.799   1.823   1.829   1.845   1.846   1.873   1.891   1.903 
    1.903   1.927   1.960   1.975   2.019   2.061   2.062   2.088 
    2.126   2.136   2.152   2.190   2.226   2.240   2.271   2.273 
    2.323   2.367   2.384   2.441   2.443   2.458   2.488   2.502 
    2.526   2.543   2.624   2.626   2.666   2.765   2.781   2.795 
    2.850   2.859   2.869   2.881   2.906   2.940   2.954   2.978 
    2.986   3.007   3.038   3.077   3.093   3.119   3.161   3.176 
    3.202   3.252   3.255   3.269   3.288   3.293   3.369   3.396 
    3.446   3.446   3.473   3.540   3.582   3.589   3.621   3.637 
    3.656   3.662   3.684   3.693   3.718   3.720   3.781   3.809 
    3.833   3.834   3.854   3.867   3.907   3.945   3.977   3.987 
    4.005   4.020   4.037   4.069   4.123   4.141   4.150   4.157 
    4.182   4.205   4.214   4.258   4.285   4.338   4.348   4.384 
    4.389   4.422   4.428   4.486   4.503   4.559   4.562   4.577 
    4.590   4.594   4.625   4.641   4.693   4.700   4.740   4.746 
    4.752   4.823   4.861   4.877   4.915   4.924   4.924   4.979 
    5.000   5.001   5.022   5.099   5.106   5.123   5.162   5.204 
    5.227   5.251   5.294   5.308   5.347   5.363   5.371   5.435 
    5.446   5.468   5.480   5.528   5.554   5.568   5.626   5.669 
    5.690   5.749   5.783   5.798   5.834   5.834   5.859   5.914 
    5.945   5.974   6.083   6.143   6.149   6.205   6.267   6.321 
    6.341   6.423   6.434   6.537   6.575   6.634   6.640   6.667 
    6.708   6.753   6.830   6.880   6.914   6.929   6.942   6.963 
    6.981   7.006   7.054   7.085   7.092   7.111   7.144   7.224 
    7.233   7.256   7.285   7.311   7.327   7.392   7.454   7.463 
    7.493   7.543   7.548   7.558   7.588   7.625   7.644   7.723 
    7.725   7.755   7.798   7.944   7.972   8.051   8.079   8.131 
    8.183   8.185   8.202   8.293   8.295   8.382   8.406   8.549 
    8.654   8.664   8.674   8.763   8.789   8.817   8.884   8.929 
    8.982   9.044   9.054   9.081   9.106   9.204   9.271   9.277 
    9.315   9.330   9.388   9.425   9.465   9.563   9.625   9.654 
    9.675   9.685   9.741   9.774   9.792   9.852   9.896   9.991 
   10.019  10.056  10.087  10.105  10.184  10.193  10.239  10.292 
   10.303  10.335  10.368  10.381  10.418  10.581  10.598  10.692 
   10.726  10.807  10.882  10.935  11.019  11.040  11.042  11.149 
   11.179  11.223  11.305  11.387  11.424  11.526  11.536  11.563 
   11.680  11.685  11.746  11.800  11.852  12.244  12.274  12.359 
   12.374  12.456  12.468  12.484  12.506  12.530  12.537  12.547 
   12.553  12.584  12.601  12.647  12.718  12.762  12.762  12.779 
   12.799  12.842  12.851  12.864  12.926  13.064  13.118  13.127 
   13.149  13.198  13.222  13.250  13.278  13.300  13.308  13.345 
   13.374  13.396  13.429  13.507  13.510  13.566  13.571  13.715 
   13.804  13.825  13.870  13.878  13.898  13.908  13.915  13.919 
   13.932  13.957  13.957  13.972  13.985  14.020  14.037  14.086 
   14.094  14.136  14.196  14.203  14.210  14.268  14.270  14.288 
   14.339  14.356  14.390  14.480  14.480  14.564  14.625  14.639 
   14.724  14.738  14.763  14.808  14.858  14.877  14.998  15.060 
   15.074  15.089  15.135  15.191  15.217  15.321  15.437  15.477 
   15.488  15.501  15.548  15.628  15.665  15.706  15.823  15.842 
   15.966  16.005  16.105  16.161  16.181  16.233  16.305  16.432 
   16.465  16.513  16.533  16.696  16.714  16.878  17.113  17.151 
   17.230  17.377  17.379  17.436  17.646  17.736  17.772  17.780 
   17.815  18.096  18.126  18.152  18.213  18.233  18.238  18.254 
   18.313  18.320  18.419  18.423  18.446  18.567  18.580  18.605 
   18.626  18.684  18.706  18.711  18.818  18.820  18.946  18.959 
   19.018  19.048  19.123  19.124  19.145  19.229  19.254  19.273 
   19.288  19.364  19.370  19.379  19.489  19.551  19.576  19.644 
   19.703  19.812  19.815  20.049  20.308  20.427  20.767  20.774 
   20.954  21.021  21.213  21.406  21.788  21.795  21.826  21.956 
   22.131  22.510  22.740  22.919  23.040  23.115  23.405  23.549 
   23.951  24.088  24.278  24.562  37.005  37.106  38.020  38.451 
   38.571  38.712  38.744  38.773  39.042  39.056  39.113  39.264 
   39.310  39.370  39.687  39.694  39.738  40.356  40.393  40.480 
   40.499  40.569  40.599  40.712  40.901  41.085  41.230  41.625 
   41.672  42.177  50.685  52.264  63.916  63.945  85.400  85.402 
   85.411  85.417  85.430  85.443  85.498  85.584  85.599  86.769 
   86.777  86.813  86.816  86.833  86.838  86.924  86.953  86.956 
   87.336  88.161  88.311  89.872  89.951  90.061 105.409 105.480 
  106.205 106.491 106.861 107.748 107.765 108.291 108.653 108.654 
  110.373 112.550 127.842 127.925 127.954 128.119 128.204 128.414 
  128.784 130.020 130.043 130.049 130.111 130.213 130.226 130.866 
  206.999 207.737 207.859 210.182 210.256 210.352 244.930 247.764 
  249.390 249.390 249.393 249.393 249.395 249.395 249.397 249.397 
  249.397 249.399 249.399 251.400 251.400 251.401 251.402 251.402 
  251.405 251.405 251.409 251.409 251.413 251.413 273.543 273.599 
  274.163 274.375 274.664 276.506 276.520 276.934 277.229 277.230 
  308.348 308.350 308.353 308.356 308.361 308.365 308.384 308.417 
  308.422 310.792 310.795 310.808 310.809 310.815 310.817 310.847 
  310.860 310.861 393.186 393.232 393.249 393.342 393.387 393.506 
  393.711 396.190 396.203 396.206 396.240 396.297 396.304 396.664 
  534.352 534.992 535.094 538.128 538.194 538.275 595.297 598.785 
  703.440 703.484 703.923 704.084 704.313 706.981 706.991 707.315 
  707.549 707.550 1734.410 1734.993 1735.083 1738.643 1738.703 1738.777 
  2323.283 2327.358 


  >>> Running UHF-MP2 <<<

MP2 correlation energy (UHF) : -1.0652524690
MP2 total energy       (UHF) : -218.0869405889

