	*********************************************** 
	***** Beginning CEBE Calculation with MOM ***** 
	*****       Calculation Details:          ***** 
	      Geometry:	 /home/am3939/core/calculations/mols/exp/c/c-h3cch.xyz
	      Core Basis:	 pcX-4
	      Full Basis:	 pc-4
	      DIIS (start, space):	 0 50
	      Level shift:	 0
	      Do localization?:	 False
	      Do SFX2C1E?:	 True
	      Freeze orbitals?:	 True
	      Use Cheng orbitals?:	 False
	      Do Special Basis?:	 True
	      Do Special Basis?:	 pcX-4
	*********************************************** 
	*********************************************** 

  >>> Running RHF <<<

init D/C      : minao
init ov       : zeros
no            : 11
nv            : 634
ov_size       : 6974
max_cycle     : 1000
conv          : 6
econv         : 9
method        : gdm
scale_stop    : 0
scale_factor  : 1.000000
init E        : -115.879157304768
init |[F,P]|  : 3.72e-03
init |dE|     : 7.73e-03
check file    : None

iter      total energy   |[F,P]|      |dE|         ∆E   comment
   1    -115.911720026  1.44e-03  2.88e-03  -3.26e-02  BFGS
   2    -115.915577606  5.26e-04  1.12e-03  -3.86e-03  BFGS
   3    -115.916076060  1.48e-04  3.21e-04  -4.98e-04  BFGS
   4    -115.916111998  3.74e-05  8.14e-05  -3.59e-05  BFGS
   5    -115.916114831  4.99e-06  1.04e-05  -2.83e-06  BFGS
   6    -115.916114936  1.69e-06  3.45e-06  -1.05e-07  BFGS
   7    -115.916114946  3.51e-07  7.78e-07  -9.72e-09  BFGS
   8    -115.916114946  8.51e-08  1.73e-07  -3.34e-10  BFGS
                                                                      gdm is converged!

SCF converged : True
final |[F,P]| : 8.51e-08
final |dE|    : 1.73e-07
final Escf    : -174.58388345254
final Etot    : -115.916114945867

  pxp & ewc             :::        0.309 (  0.17%)
  apply B               :::        0.001 (  0.00%)
  linsrch               :::      183.994 ( 99.83%)
  grad                  :::        0.012 (  0.01%)
  Total                 :::      184.315 (100.00%)

Alpha occupied
  -11.255 -11.234 -11.217  -1.057  -0.955  -0.718  -0.616  -0.594 
   -0.594  -0.383  -0.383 

Alpha virtual
    0.046   0.060   0.078   0.078   0.085   0.109   0.109   0.116 
    0.116   0.145   0.154   0.154   0.166   0.211   0.211   0.211 
    0.228   0.230   0.278   0.278   0.300   0.300   0.306   0.327 
    0.327   0.335   0.344   0.344   0.363   0.401   0.401   0.407 
    0.433   0.433   0.479   0.480   0.480   0.496   0.500   0.502 
    0.502   0.539   0.565   0.565   0.576   0.618   0.627   0.627 
    0.631   0.631   0.644   0.675   0.675   0.689   0.689   0.690 
    0.745   0.745   0.751   0.808   0.814   0.814   0.851   0.876 
    0.876   0.926   0.992   0.992   1.008   1.070   1.070   1.091 
    1.094   1.094   1.112   1.115   1.129   1.129   1.179   1.179 
    1.181   1.187   1.204   1.204   1.266   1.270   1.270   1.293 
    1.293   1.343   1.343   1.352   1.367   1.367   1.410   1.448 
    1.448   1.466   1.491   1.513   1.518   1.520   1.520   1.552 
    1.552   1.569   1.569   1.583   1.651   1.704   1.711   1.724 
    1.724   1.764   1.789   1.789   1.803   1.901   1.945   1.951 
    1.951   2.037   2.037   2.062   2.083   2.083   2.098   2.139 
    2.140   2.170   2.170   2.236   2.236   2.294   2.294   2.309 
    2.371   2.374   2.374   2.388   2.402   2.402   2.441   2.513 
    2.549   2.549   2.553   2.586   2.586   2.645   2.651   2.651 
    2.713   2.713   2.723   2.809   2.809   2.860   2.943   2.943 
    2.982   2.982   3.040   3.060   3.238   3.238   3.270   3.270 
    3.327   3.368   3.377   3.377   3.383   3.420   3.420   3.499 
    3.550   3.616   3.616   3.653   3.653   3.677   3.704   3.782 
    3.782   3.839   3.844   3.844   3.846   3.917   3.930   4.024 
    4.024   4.040   4.040   4.144   4.162   4.184   4.184   4.187 
    4.220   4.220   4.229   4.268   4.268   4.280   4.297   4.344 
    4.344   4.389   4.389   4.433   4.441   4.448   4.448   4.469 
    4.485   4.522   4.522   4.541   4.541   4.592   4.665   4.692 
    4.692   4.703   4.703   4.751   4.801   4.801   4.805   4.812 
    4.812   4.883   4.893   4.893   4.951   4.951   4.996   5.050 
    5.050   5.087   5.152   5.176   5.176   5.275   5.275   5.301 
    5.301   5.347   5.349   5.349   5.450   5.531   5.551   5.551 
    5.620   5.646   5.646   5.695   5.729   5.800   5.802   5.802 
    5.835   5.835   5.964   6.163   6.163   6.165   6.165   6.208 
    6.305   6.325   6.428   6.428   6.444   6.494   6.494   6.681 
    6.681   6.745   6.802   6.802   6.937   6.946   6.946   7.051 
    7.103   7.103   7.133   7.178   7.187   7.187   7.339   7.339 
    7.439   7.439   7.455   7.691   7.795   7.813   7.813   7.886 
    7.886   8.172   8.172   8.241   8.378   8.537   8.697   8.875 
    8.875   9.144   9.167   9.167   9.257   9.257   9.341   9.341 
    9.362   9.373   9.445   9.445   9.446   9.446   9.503   9.503 
    9.519   9.665   9.665   9.952  10.029  10.029  10.117  10.136 
   10.168  10.168  10.226  10.255  10.392  10.392  10.629  10.654 
   10.676  10.676  10.803  10.839  10.883  10.883  10.904  10.954 
   11.025  11.025  11.204  11.204  11.237  11.237  11.292  11.342 
   11.342  11.380  11.380  11.497  11.497  11.510  11.545  11.591 
   11.591  11.601  11.687  11.687  11.876  11.876  11.893  11.954 
   11.954  11.961  12.036  12.036  12.116  12.116  12.197  12.197 
   12.206  12.241  12.241  12.263  12.263  12.306  12.336  12.385 
   12.385  12.414  12.414  12.458  12.476  12.476  12.487  12.487 
   12.562  12.577  12.653  12.653  12.669  12.739  12.785  12.785 
   12.821  12.879  12.882  12.974  12.974  13.055  13.087  13.107 
   13.107  13.133  13.191  13.209  13.209  13.238  13.238  13.250 
   13.315  13.396  13.396  13.518  13.546  13.546  13.551  13.673 
   13.673  13.730  13.740  13.740  13.841  13.960  13.960  14.020 
   14.027  14.027  14.087  14.146  14.146  14.252  14.252  14.366 
   14.548  14.548  14.760  14.760  14.842  14.847  15.048  15.172 
   15.172  15.195  15.234  15.234  15.503  15.503  15.719  15.719 
   15.781  15.813  15.813  15.833  15.975  15.975  15.975  16.115 
   16.312  16.312  16.845  17.106  17.106  17.181  17.199  17.199 
   17.213  17.249  17.249  17.279  17.279  17.318  17.374  17.702 
   17.702  17.757  17.757  17.824  17.824  17.890  18.221  18.637 
   18.637  18.744  18.928  18.943  18.943  19.100  19.100  19.324 
   19.324  19.482  19.579  19.579  20.091  20.446  20.446  20.474 
   20.767  20.853  20.853  21.069  21.401  21.417  21.417  21.736 
   21.736  22.348  23.786  24.146  24.146  24.492  24.553  24.553 
   24.645  24.646  25.949  26.088  26.088  26.492  30.142  30.622 
   30.699  32.856  32.856  32.951  32.951  33.388  33.388  33.599 
   33.599  34.251  34.251  34.362  34.608  34.608  35.118  35.752 
   35.752  36.436  36.612  36.612  37.260  37.372  37.372  39.057 
   39.503  41.726  41.726  42.138  42.248  62.923  63.301  63.410 
   91.631  91.859  91.859  92.070  92.092  92.092  92.219  92.219 
   93.132  93.181  93.181  93.414  94.357  94.357  94.887  94.887 
   95.125  95.342  95.342  96.818  97.305 137.066 137.439 137.536 
  288.626 288.626 289.051 289.051 289.221 289.402 289.402 290.553 
  291.012 311.368 311.731 311.829 739.755 740.105 740.201 1137.759 
  1137.759 1138.062 1138.062 1138.169 1138.299 1138.299 1139.122 1139.472 
  1851.577 1851.911 1852.004 4947.011 4947.327 4947.416 14408.348 14408.643 
  14408.727 47393.733 47394.004 47394.083 188468.487 188468.729 188468.800 1077044.518 
  1077044.719 1077044.781 


  >>> Running RHF-MP2 <<<


RMP2-TIMING
  rmp2                  :::      169.434 (100.00%)
  Total                 :::      169.434 (100.00%)

MP2 correlation energy (RHF) : -0.6748380788
MP2 total energy       (RHF) : -116.5909530247


  >>> Running UHF <<<

init D/C      : input mo_coeff
init ov       : zeros
no            : 10 11
nv            : 635 634
ov_size       : 13324
max_cycle     : 1000
conv          : 6
econv         : 9
method        : diis
mom_start     : 0
guess mix     : 0.000000
orb_swap      : [[[0, 10]], []]
init E        : -104.661165396188
init S2       : 0.750000000000083
init |[F,P]|  : 1.48e-02
init |dE|     : 3.59e-02
check file    : None

iter      total energy   |[F,P]|      |dE|         ∆E   S^2   comment
   1    -105.015618641  8.29e-03  1.80e-02  -3.54e-01  0.75  DIIS mom: 9.7/10 10.7/11
   2    -105.195435607  1.06e-03  2.39e-03  -1.80e-01  0.76  DIIS mom: 9.9/10 11.0/11
   3    -105.199027456  5.32e-04  1.15e-03  -3.59e-03  0.76  DIIS mom: 10.0/10 11.0/11
   4    -105.200212701  2.07e-04  4.12e-04  -1.19e-03  0.77  DIIS mom: 10.0/10 11.0/11
   5    -105.200707746  1.16e-04  2.27e-04  -4.95e-04  0.77  DIIS mom: 10.0/10 11.0/11
   6    -105.200928055  4.87e-05  9.68e-05  -2.20e-04  0.78  DIIS mom: 10.0/10 11.0/11
   7    -105.200979466  3.33e-05  6.59e-05  -5.14e-05  0.78  DIIS mom: 10.0/10 11.0/11
   8    -105.201004763  3.16e-05  6.25e-05  -2.53e-05  0.79  DIIS mom: 10.0/10 11.0/11
   9    -105.201073849  2.81e-05  5.54e-05  -6.91e-05  0.79  DIIS mom: 10.0/10 11.0/11
  10    -105.201263139  1.16e-05  2.40e-05  -1.89e-04  0.81  DIIS mom: 10.0/10 11.0/11
  11    -105.201282174  3.24e-06  7.03e-06  -1.90e-05  0.82  DIIS mom: 10.0/10 11.0/11
  12    -105.201282415  1.23e-06  2.66e-06  -2.41e-07  0.82  DIIS mom: 10.0/10 11.0/11
  13    -105.201282465  4.72e-07  1.04e-06  -5.02e-08  0.83  DIIS mom: 10.0/10 11.0/11
  14    -105.201282469  3.20e-07  7.19e-07  -3.64e-09  0.82  DIIS mom: 10.0/10 11.0/11
  15    -105.201282475  3.01e-08  6.64e-08  -6.67e-09  0.82  DIIS mom: 10.0/10 11.0/11
  16    -105.201282475  5.50e-09  1.22e-08  -5.64e-11  0.82  DIIS mom: 10.0/10 11.0/11
                                                                      diis is converged!

SCF converged : True
final |[F,P]| : 5.50e-09
final |dE|    : 1.22e-08
final Escf    : -163.869050982131
final Etot    : -105.201282475458
final S2      : 0.824888911670735

  diis prep             :::        0.212 (  0.05%)
  diis extrap           :::        0.186 (  0.04%)
  roothaan              :::        1.243 (  0.29%)
  fock build            :::      424.019 ( 99.61%)
  Total                 :::      425.660 (100.00%)

Alpha occupied
  -11.490 -11.459  -1.399  -1.222  -0.998  -0.974  -0.974  -0.902 
   -0.623  -0.623 

Alpha virtual
  -10.145  -0.122  -0.082  -0.082  -0.070  -0.045  -0.045  -0.044 
   -0.030  -0.030  -0.007  -0.007   0.007   0.017   0.035   0.035 
    0.056   0.069   0.077   0.077   0.102   0.117   0.117   0.122 
    0.139   0.147   0.147   0.167   0.178   0.178   0.233   0.233 
    0.250   0.250   0.250   0.270   0.283   0.283   0.284   0.303 
    0.313   0.313   0.350   0.380   0.380   0.403   0.429   0.429 
    0.432   0.437   0.437   0.452   0.476   0.476   0.499   0.499 
    0.502   0.563   0.580   0.580   0.596   0.596   0.610   0.670 
    0.670   0.687   0.723   0.760   0.760   0.815   0.842   0.851 
    0.851   0.875   0.875   0.875   0.900   0.912   0.912   0.935 
    0.957   0.967   0.967   0.999   0.999   1.050   1.061   1.061 
    1.073   1.073   1.120   1.120   1.132   1.142   1.142   1.196 
    1.207   1.207   1.235   1.278   1.285   1.285   1.287   1.304 
    1.323   1.323   1.371   1.371   1.376   1.457   1.467   1.495 
    1.495   1.503   1.530   1.553   1.553   1.589   1.670   1.699 
    1.699   1.717   1.817   1.817   1.824   1.824   1.842   1.861 
    1.890   1.890   1.950   1.950   2.003   2.003   2.034   2.062 
    2.063   2.109   2.119   2.119   2.155   2.173   2.174   2.174 
    2.253   2.294   2.294   2.311   2.320   2.320   2.366   2.366 
    2.432   2.460   2.460   2.495   2.578   2.578   2.599   2.689 
    2.689   2.735   2.735   2.761   2.784   2.967   2.967   3.023 
    3.023   3.041   3.069   3.125   3.125   3.149   3.160   3.160 
    3.259   3.278   3.335   3.335   3.357   3.357   3.388   3.436 
    3.494   3.494   3.603   3.603   3.617   3.633   3.654   3.673 
    3.757   3.757   3.764   3.764   3.904   3.916   3.922   3.922 
    3.936   3.944   3.962   3.962   4.010   4.012   4.012   4.050 
    4.054   4.054   4.147   4.147   4.164   4.183   4.183   4.198 
    4.222   4.222   4.271   4.271   4.297   4.297   4.334   4.405 
    4.439   4.439   4.457   4.457   4.525   4.535   4.535   4.556 
    4.592   4.592   4.607   4.607   4.613   4.664   4.664   4.726 
    4.772   4.772   4.809   4.881   4.899   4.899   5.004   5.004 
    5.056   5.056   5.076   5.111   5.111   5.188   5.250   5.272 
    5.272   5.319   5.319   5.339   5.380   5.455   5.500   5.500 
    5.532   5.552   5.552   5.683   5.836   5.836   5.894   5.894 
    5.943   6.033   6.046   6.154   6.154   6.172   6.218   6.218 
    6.411   6.424   6.424   6.529   6.529   6.652   6.682   6.682 
    6.789   6.802   6.802   6.839   6.857   6.857   6.862   7.054 
    7.054   7.148   7.190   7.190   7.328   7.493   7.493   7.551 
    7.563   7.563   7.915   7.915   8.022   8.088   8.277   8.360 
    8.588   8.588   8.832   8.942   8.942   8.960   8.960   9.025 
    9.025   9.030   9.036   9.113   9.113   9.156   9.156   9.189 
    9.233   9.233   9.332   9.332   9.637   9.697   9.697   9.766 
    9.811   9.828   9.828   9.976  10.005  10.175  10.175  10.393 
   10.419  10.435  10.435  10.563  10.596  10.637  10.637  10.651 
   10.691  10.781  10.781  10.816  10.816  10.993  11.002  11.002 
   11.052  11.052  11.121  11.145  11.145  11.221  11.223  11.223 
   11.233  11.233  11.355  11.361  11.361  11.557  11.588  11.588 
   11.617  11.623  11.623  11.788  11.788  11.860  11.880  11.880 
   11.902  11.902  11.929  11.929  11.990  11.990  12.033  12.033 
   12.079  12.081  12.159  12.159  12.173  12.173  12.184  12.194 
   12.231  12.236  12.236  12.318  12.318  12.434  12.438  12.438 
   12.456  12.540  12.552  12.566  12.566  12.599  12.741  12.753 
   12.753  12.776  12.831  12.831  12.843  12.914  12.914  12.916 
   12.959  13.039  13.091  13.091  13.189  13.232  13.241  13.241 
   13.350  13.350  13.401  13.436  13.436  13.508  13.614  13.614 
   13.719  13.719  13.719  13.747  13.852  13.852  13.944  13.944 
   14.015  14.270  14.270  14.412  14.470  14.470  14.496  14.786 
   14.825  14.825  14.882  14.938  14.938  14.999  14.999  15.447 
   15.458  15.458  15.517  15.517  15.519  15.642  15.703  15.703 
   15.731  15.963  15.963  16.482  16.839  16.839  16.847  16.867 
   16.925  16.925  16.933  16.933  16.973  16.999  16.999  17.031 
   17.413  17.413  17.483  17.483  17.499  17.501  17.564  17.900 
   18.159  18.159  18.420  18.589  18.589  18.596  18.805  18.805 
   19.015  19.015  19.140  19.372  19.372  19.744  20.095  20.095 
   20.256  20.463  20.491  20.491  20.705  21.044  21.052  21.052 
   21.527  21.527  22.097  23.416  23.777  23.777  24.123  24.267 
   24.267  24.356  24.356  25.575  25.704  25.704  26.284  29.662 
   30.003  30.448  32.424  32.424  32.612  32.612  32.707  32.707 
   33.177  33.177  33.226  33.405  33.405  34.063  34.063  34.822 
   35.496  35.496  35.818  36.204  36.204  36.373  36.373  36.553 
   38.780  39.234  41.341  41.341  41.866  41.932  61.805  62.815 
   63.148  91.237  91.467  91.467  91.676  91.814  91.814  91.894 
   91.894  92.737  92.776  92.776  93.138  93.276  93.363  93.363 
   94.129  94.129  94.659  94.659  96.542  97.045 135.304 136.947 
  137.270 286.373 286.494 286.494 288.387 288.387 288.815 288.815 
  290.275 290.751 308.921 311.235 311.560 736.711 739.614 739.928 
  1134.516 1134.599 1134.599 1137.514 1137.514 1137.820 1137.820 1138.846 
  1139.213 1848.095 1851.428 1851.730 4943.253 4946.855 4947.142 14404.436 
  14408.186 14408.455 47389.739 47393.564 47393.813 188464.445 188468.310 188468.533 
  1077040.435 1077044.331 1077044.518 

Beta occupied
  -13.811 -11.479 -11.466  -1.473  -1.233  -1.029  -1.012  -1.012 
   -0.910  -0.620  -0.620 

Beta virtual
   -0.130  -0.085  -0.085  -0.070  -0.044  -0.043  -0.043  -0.027 
   -0.027  -0.011  -0.011   0.003   0.013   0.033   0.033   0.051 
    0.072   0.072   0.072   0.098   0.114   0.119   0.119   0.137 
    0.146   0.146   0.166   0.179   0.179   0.230   0.230   0.245 
    0.245   0.246   0.273   0.278   0.283   0.283   0.296   0.317 
    0.317   0.346   0.379   0.379   0.402   0.430   0.430   0.434 
    0.438   0.438   0.450   0.477   0.477   0.497   0.497   0.503 
    0.563   0.577   0.577   0.591   0.591   0.606   0.668   0.668 
    0.685   0.720   0.758   0.758   0.809   0.836   0.852   0.852 
    0.875   0.875   0.878   0.896   0.912   0.912   0.940   0.951 
    0.967   0.967   0.997   0.997   1.047   1.062   1.062   1.073 
    1.073   1.120   1.120   1.134   1.143   1.143   1.198   1.198 
    1.198   1.230   1.277   1.282   1.284   1.284   1.303   1.325 
    1.325   1.370   1.370   1.373   1.454   1.468   1.498   1.498 
    1.502   1.530   1.554   1.554   1.587   1.673   1.701   1.701 
    1.718   1.815   1.815   1.820   1.820   1.841   1.857   1.884 
    1.884   1.952   1.952   2.006   2.006   2.009   2.061   2.061 
    2.109   2.114   2.114   2.153   2.171   2.171   2.175   2.239 
    2.282   2.282   2.309   2.317   2.317   2.364   2.364   2.427 
    2.459   2.459   2.493   2.575   2.575   2.595   2.687   2.687 
    2.736   2.736   2.747   2.780   2.966   2.966   3.024   3.024 
    3.045   3.072   3.126   3.126   3.138   3.163   3.163   3.259 
    3.279   3.329   3.329   3.356   3.356   3.392   3.431   3.494 
    3.494   3.602   3.602   3.616   3.633   3.655   3.663   3.756 
    3.756   3.764   3.764   3.894   3.915   3.920   3.920   3.933 
    3.946   3.964   3.964   4.002   4.013   4.013   4.050   4.056 
    4.056   4.147   4.147   4.161   4.182   4.182   4.199   4.220 
    4.226   4.270   4.270   4.294   4.294   4.336   4.403   4.437 
    4.437   4.458   4.458   4.521   4.537   4.537   4.551   4.587 
    4.587   4.606   4.606   4.610   4.660   4.660   4.713   4.772 
    4.772   4.803   4.871   4.899   4.899   5.003   5.003   5.053 
    5.053   5.076   5.108   5.108   5.179   5.244   5.270   5.270 
    5.304   5.304   5.324   5.356   5.456   5.489   5.489   5.528 
    5.550   5.550   5.678   5.815   5.815   5.893   5.893   5.940 
    6.033   6.047   6.154   6.155   6.172   6.217   6.217   6.386 
    6.419   6.419   6.527   6.527   6.647   6.681   6.681   6.786 
    6.798   6.798   6.822   6.846   6.846   6.859   7.052   7.052 
    7.125   7.188   7.188   7.286   7.458   7.458   7.549   7.563 
    7.563   7.914   7.914   8.020   8.085   8.268   8.366   8.588 
    8.588   8.821   8.943   8.943   8.962   8.962   9.026   9.026 
    9.029   9.041   9.116   9.116   9.159   9.159   9.193   9.233 
    9.234   9.334   9.334   9.636   9.699   9.699   9.765   9.813 
    9.828   9.828   9.973  10.004  10.175  10.175  10.391  10.415 
   10.434  10.434  10.566  10.601  10.637  10.637  10.651  10.688 
   10.780  10.780  10.802  10.802  10.983  11.003  11.003  11.047 
   11.047  11.092  11.145  11.145  11.216  11.216  11.218  11.235 
   11.235  11.355  11.361  11.361  11.539  11.568  11.568  11.605 
   11.624  11.624  11.790  11.790  11.854  11.878  11.878  11.894 
   11.894  11.925  11.925  11.987  11.987  12.023  12.023  12.066 
   12.078  12.157  12.157  12.171  12.171  12.179  12.183  12.218 
   12.234  12.234  12.315  12.315  12.430  12.430  12.436  12.446 
   12.528  12.537  12.537  12.553  12.598  12.723  12.752  12.752 
   12.777  12.826  12.826  12.840  12.914  12.915  12.915  12.958 
   13.034  13.085  13.085  13.181  13.229  13.238  13.238  13.348 
   13.348  13.378  13.435  13.435  13.502  13.608  13.608  13.708 
   13.716  13.716  13.739  13.848  13.848  13.940  13.940  14.014 
   14.267  14.267  14.345  14.470  14.470  14.497  14.784  14.791 
   14.791  14.868  14.933  14.933  14.942  14.942  15.414  15.457 
   15.457  15.494  15.512  15.512  15.634  15.700  15.700  15.714 
   15.960  15.960  16.465  16.832  16.840  16.840  16.869  16.926 
   16.926  16.935  16.935  16.967  16.999  16.999  17.034  17.414 
   17.414  17.485  17.485  17.499  17.501  17.563  17.891  18.116 
   18.116  18.416  18.587  18.587  18.587  18.803  18.803  19.016 
   19.016  19.140  19.372  19.372  19.744  20.093  20.093  20.255 
   20.453  20.489  20.489  20.700  21.027  21.049  21.049  21.527 
   21.527  22.094  23.420  23.781  23.781  24.127  24.271  24.271 
   24.357  24.357  25.575  25.704  25.704  26.284  29.451  29.973 
   30.447  32.294  32.294  32.612  32.612  32.708  32.708  33.072 
   33.170  33.171  33.257  33.257  34.059  34.059  34.796  35.492 
   35.492  35.649  35.968  35.968  36.369  36.369  36.504  38.776 
   39.231  41.344  41.344  41.869  41.933  61.506  62.808  63.149 
   91.239  91.469  91.469  91.678  91.816  91.816  91.894  91.894 
   92.733  92.754  92.754  92.845  93.036  93.036  93.222  94.126 
   94.126  94.658  94.658  96.541  97.044 134.997 136.944 137.271 
  286.056 286.175 286.176 288.387 288.387 288.815 288.815 290.274 
  290.751 308.660 311.234 311.560 736.524 739.613 739.928 1134.333 
  1134.416 1134.416 1137.514 1137.514 1137.820 1137.820 1138.847 1139.213 
  1847.982 1851.428 1851.730 4943.195 4946.855 4947.142 14404.410 14408.186 
  14408.455 47389.730 47393.564 47393.813 188464.442 188468.310 188468.533 1077040.434 
  1077044.331 1077044.518 


  >>> Running UHF-MP2 <<<

MP2 correlation energy (UHF) : -0.6625112054
MP2 total energy       (UHF) : -105.8637936809

