	*********************************************** 
	***** Beginning CEBE Calculation with MOM ***** 
	*****       Calculation Details:          ***** 
	      Geometry:	 /work/morgunov/core/calculations/mols/exp/n/pfpyridine.xyz
	      Core Basis:	 cc-pCV5Z
	      Full Basis:	 cc-pV5Z
	      DIIS (start, space):	 0 50
	      Level shift:	 0
	      Do localization?:	 False
	      Do SFX2C1E?:	 True
	      Freeze orbitals?:	 True
	      Use Cheng orbitals?:	 False
	      Do Special Basis?:	 False
	*********************************************** 
	*********************************************** 

  >>> Running RHF <<<

init D/C      : minao
init ov       : zeros
no            : 25
nv            : 886
ov_size       : 22150
max_cycle     : 1000
conv          : 6
econv         : 9
method        : gdm
scale_stop    : 0
scale_factor  : 1.000000
init E        : -345.576523030683
init |[F,P]|  : 3.85e-03
init |dE|     : 9.03e-03
check file    : None

iter      total energy   |[F,P]|      |dE|         ∆E   comment
   1    -345.669174008  2.11e-03  5.14e-03  -9.27e-02  BFGS
   2    -345.696556416  3.86e-04  9.13e-04  -2.74e-02  BFGS
   3    -345.697458141  1.59e-04  3.61e-04  -9.02e-04  BFGS
   4    -345.697624707  3.68e-05  9.69e-05  -1.67e-04  BFGS
   5    -345.697638259  1.62e-05  4.25e-05  -1.36e-05  BFGS
   6    -345.697641034  5.61e-06  1.35e-05  -2.77e-06  BFGS
   7    -345.697641352  1.87e-06  4.07e-06  -3.18e-07  BFGS
   8    -345.697641415  9.28e-07  2.06e-06  -6.28e-08  BFGS
   9    -345.697641433  3.25e-07  7.30e-07  -1.88e-08  BFGS
  10    -345.697641435  1.30e-07  2.86e-07  -1.42e-09  BFGS
  11    -345.697641435  4.53e-08  1.02e-07  -1.94e-10  BFGS
                                                                      gdm is converged!

SCF converged : True
final |[F,P]| : 4.53e-08
final |dE|    : 1.02e-07
final Escf    : -618.658947168586
final Etot    : -345.697641435076

  pxp & ewc             :::        1.358 (  0.05%)
  apply B               :::        0.007 (  0.00%)
  linsrch               :::     2832.041 ( 99.95%)
  grad                  :::        0.101 (  0.00%)
  Total                 :::     2833.507 (100.00%)

Alpha occupied
  -26.326 -15.570 -11.354 -11.289 -11.289 -11.250 -11.250  -1.648 
   -1.271  -1.103  -1.053  -0.887  -0.878  -0.769  -0.735  -0.714 
   -0.682  -0.645  -0.634  -0.615  -0.552  -0.532  -0.434  -0.389 
   -0.365 

Alpha virtual
    0.093   0.097   0.101   0.103   0.118   0.131   0.157   0.198 
    0.199   0.203   0.226   0.226   0.230   0.247   0.261   0.284 
    0.296   0.313   0.329   0.351   0.355   0.358   0.360   0.366 
    0.401   0.407   0.427   0.427   0.438   0.451   0.458   0.465 
    0.471   0.489   0.506   0.520   0.531   0.548   0.569   0.583 
    0.589   0.599   0.606   0.612   0.626   0.627   0.665   0.678 
    0.680   0.709   0.723   0.734   0.737   0.768   0.774   0.776 
    0.788   0.798   0.800   0.824   0.835   0.840   0.843   0.893 
    0.894   0.904   0.937   0.941   0.944   0.949   0.957   0.976 
    0.981   0.986   0.993   1.006   1.014   1.029   1.033   1.054 
    1.072   1.086   1.091   1.125   1.135   1.144   1.164   1.171 
    1.188   1.218   1.220   1.230   1.252   1.264   1.298   1.303 
    1.318   1.333   1.382   1.397   1.407   1.424   1.441   1.452 
    1.478   1.487   1.500   1.512   1.515   1.542   1.566   1.581 
    1.590   1.597   1.606   1.612   1.615   1.622   1.632   1.633 
    1.644   1.645   1.669   1.681   1.697   1.709   1.714   1.725 
    1.741   1.773   1.781   1.795   1.823   1.824   1.853   1.856 
    1.861   1.875   1.909   1.910   1.914   1.926   1.942   1.956 
    1.968   1.987   1.988   2.032   2.056   2.057   2.063   2.085 
    2.104   2.108   2.123   2.123   2.145   2.154   2.165   2.171 
    2.187   2.213   2.214   2.238   2.260   2.263   2.263   2.291 
    2.327   2.328   2.345   2.354   2.387   2.396   2.409   2.413 
    2.444   2.454   2.482   2.495   2.507   2.520   2.569   2.579 
    2.595   2.599   2.601   2.611   2.673   2.677   2.688   2.691 
    2.705   2.779   2.781   2.797   2.866   2.878   2.896   2.902 
    2.924   2.932   2.939   2.986   3.027   3.071   3.079   3.092 
    3.096   3.097   3.114   3.141   3.142   3.167   3.168   3.185 
    3.216   3.218   3.242   3.283   3.292   3.326   3.341   3.344 
    3.346   3.364   3.385   3.400   3.404   3.435   3.480   3.484 
    3.492   3.508   3.578   3.581   3.584   3.602   3.605   3.611 
    3.620   3.663   3.702   3.705   3.731   3.742   3.743   3.746 
    3.781   3.782   3.798   3.823   3.836   3.856   3.859   3.882 
    3.885   3.886   3.905   3.911   3.952   3.956   3.988   3.999 
    4.013   4.041   4.045   4.045   4.055   4.056   4.101   4.106 
    4.125   4.129   4.155   4.166   4.189   4.204   4.224   4.248 
    4.249   4.258   4.260   4.288   4.289   4.318   4.333   4.353 
    4.364   4.399   4.400   4.425   4.439   4.449   4.461   4.463 
    4.473   4.514   4.528   4.542   4.544   4.546   4.557   4.634 
    4.640   4.679   4.684   4.707   4.736   4.736   4.742   4.756 
    4.770   4.776   4.798   4.827   4.831   4.849   4.858   4.866 
    4.880   4.897   4.937   4.939   4.949   4.955   4.973   4.998 
    5.032   5.038   5.095   5.101   5.119   5.129   5.132   5.137 
    5.175   5.178   5.189   5.212   5.249   5.258   5.279   5.289 
    5.292   5.305   5.338   5.343   5.350   5.384   5.428   5.431 
    5.458   5.474   5.490   5.510   5.516   5.562   5.567   5.597 
    5.607   5.619   5.655   5.662   5.685   5.705   5.714   5.754 
    5.807   5.814   5.821   5.825   5.864   5.888   5.915   5.936 
    5.941   6.001   6.002   6.004   6.069   6.078   6.090   6.121 
    6.123   6.162   6.231   6.232   6.242   6.281   6.286   6.360 
    6.366   6.390   6.397   6.397   6.398   6.496   6.500   6.568 
    6.571   6.601   6.636   6.637   6.649   6.724   6.760   6.841 
    6.859   6.863   6.868   6.926   6.978   7.004   7.005   7.046 
    7.127   7.149   7.186   7.192   7.236   7.291   7.329   7.346 
    7.409   7.457   7.466   7.537   7.539   7.594   7.603   7.662 
    7.676   7.689   7.693   7.767   7.772   7.809   7.813   7.814 
    7.862   7.909   7.920   7.932   7.962   8.019   8.035   8.080 
    8.130   8.198   8.201   8.225   8.252   8.267   8.315   8.332 
    8.344   8.347   8.372   8.417   8.447   8.467   8.476   8.508 
    8.545   8.572   8.604   8.605   8.634   8.674   8.716   8.796 
    8.806   8.827   8.839   8.855   8.888   8.950   8.957   8.961 
    9.002   9.018   9.029   9.064   9.079   9.091   9.153   9.165 
    9.178   9.193   9.212   9.233   9.246   9.272   9.366   9.386 
    9.391   9.427   9.459   9.497   9.512   9.545   9.564   9.570 
    9.578   9.611   9.619   9.627   9.643   9.751   9.774   9.817 
    9.825   9.841   9.880   9.907   9.937   9.968   9.989  10.003 
   10.031  10.054  10.076  10.122  10.127  10.147  10.169  10.213 
   10.214  10.228  10.246  10.248  10.253  10.284  10.316  10.324 
   10.331  10.334  10.358  10.395  10.424  10.449  10.467  10.479 
   10.492  10.495  10.570  10.572  10.578  10.595  10.635  10.651 
   10.666  10.685  10.697  10.748  10.772  10.840  10.873  10.896 
   10.898  10.906  10.910  10.928  10.934  11.003  11.008  11.008 
   11.051  11.059  11.078  11.087  11.103  11.156  11.159  11.164 
   11.182  11.238  11.239  11.240  11.272  11.316  11.324  11.335 
   11.338  11.387  11.410  11.434  11.442  11.477  11.521  11.547 
   11.553  11.554  11.573  11.596  11.615  11.662  11.692  11.772 
   11.784  11.808  11.854  11.890  11.961  11.975  12.026  12.073 
   12.083  12.132  12.176  12.181  12.226  12.257  12.318  12.346 
   12.417  12.435  12.439  12.459  12.541  12.580  12.638  12.654 
   12.662  12.697  12.732  12.766  12.778  12.783  12.783  12.819 
   12.829  12.853  12.856  12.886  12.887  12.891  12.895  12.940 
   12.969  12.971  12.971  13.010  13.042  13.070  13.110  13.152 
   13.157  13.158  13.255  13.257  13.285  13.304  13.381  13.401 
   13.414  13.427  13.498  13.535  13.546  13.556  13.560  13.606 
   13.651  13.674  13.737  13.737  13.749  13.806  13.849  13.864 
   13.882  13.884  13.923  13.953  13.970  13.994  14.061  14.080 
   14.115  14.115  14.119  14.176  14.203  14.221  14.222  14.235 
   14.238  14.289  14.297  14.365  14.385  14.395  14.426  14.450 
   14.457  14.491  14.499  14.510  14.520  14.536  14.539  14.584 
   14.598  14.602  14.611  14.681  14.713  14.759  14.829  14.864 
   14.889  15.017  15.018  15.024  15.040  15.071  15.074  15.107 
   15.130  15.181  15.285  15.285  15.320  15.378  15.396  15.447 
   15.471  15.471  15.556  15.558  15.590  15.591  15.676  15.732 
   15.764  15.840  15.874  15.983  16.025  16.060  16.062  16.092 
   16.220  16.282  16.326  16.400  16.422  16.471  16.615  16.697 
   16.742  16.777  16.813  17.005  17.352  17.376  17.489  17.517 
   17.613  17.653  17.688  17.704  17.855  17.984  18.020  18.032 
   18.037  18.091  18.140  18.279  18.340  18.340  18.341  18.343 
   18.367  18.418  18.444  18.494  18.517  18.646  18.776  18.800 
   18.869  18.895  19.000  19.023  19.154  19.186  19.319  19.445 
   19.671  19.711  19.748  19.775  19.987  20.167  20.200  20.878 
   20.992  21.283  21.327  22.258  23.765  23.767  23.922  23.973 
   24.420  24.496  24.777  24.851  24.979  25.274  25.371  25.456 
   25.688  25.882  26.074  26.379  26.710  28.863  29.010  29.707 
   29.993  30.086  30.343  31.310  32.073  39.460  41.129  41.192 
   42.152  42.632  50.616  50.799  51.038  51.825  51.990  58.725 
   58.817  59.125  59.154  59.156  59.456  59.695  66.238  80.099 
   83.131  84.213  84.916 150.696 150.819 151.005 151.546 151.670 
  172.595 209.063 209.063 209.068 209.071 209.071 209.074 209.076 
  209.087 209.087 230.028 230.934 231.509 236.324 236.366 236.496 
  236.496 236.530 236.645 236.726 450.290 456.914 457.012 457.134 
  457.507 457.607 644.188 644.957 645.470 1576.792 


  >>> Running RHF-MP2 <<<


RMP2-TIMING
  rmp2                  :::     2337.536 (100.00%)
  Total                 :::     2337.536 (100.00%)

MP2 correlation energy (RHF) : -1.6055045718
MP2 total energy       (RHF) : -347.3031460069


  >>> Running UHF <<<

init D/C      : input mo_coeff
init ov       : zeros
no            : 24 25
nv            : 887 886
ov_size       : 43438
max_cycle     : 1000
conv          : 6
econv         : 9
method        : diis
mom_start     : 0
guess mix     : 0.000000
orb_swap      : [[[1, 24]], []]
init E        : -330.127257736815
init S2       : 0.750000000000103
init |[F,P]|  : 9.47e-03
init |dE|     : 2.49e-02
check file    : None

iter      total energy   |[F,P]|      |dE|         ∆E   S^2   comment
   1    -330.439420449  6.55e-03  1.59e-02  -3.12e-01  0.75  DIIS mom: 23.6/24 24.5/25
   2    -330.837575165  6.69e-04  1.54e-03  -3.98e-01  0.76  DIIS mom: 23.9/24 24.9/25
   3    -330.843776003  2.72e-04  5.86e-04  -6.20e-03  0.76  DIIS mom: 24.0/24 25.0/25
   4    -330.845122692  1.30e-04  2.90e-04  -1.35e-03  0.77  DIIS mom: 24.0/24 25.0/25
   5    -330.845886032  7.23e-05  1.57e-04  -7.63e-04  0.78  DIIS mom: 24.0/24 25.0/25
   6    -330.846198462  4.58e-05  9.23e-05  -3.12e-04  0.79  DIIS mom: 24.0/24 25.0/25
   7    -330.846348048  3.66e-05  6.98e-05  -1.50e-04  0.79  DIIS mom: 24.0/24 25.0/25
   8    -330.846490301  3.07e-05  5.80e-05  -1.42e-04  0.80  DIIS mom: 24.0/24 25.0/25
   9    -330.846647702  2.35e-05  4.39e-05  -1.57e-04  0.81  DIIS mom: 24.0/24 25.0/25
  10    -330.846777794  1.56e-05  2.87e-05  -1.30e-04  0.83  DIIS mom: 24.0/24 25.0/25
  11    -330.846838824  9.22e-06  1.66e-05  -6.10e-05  0.84  DIIS mom: 24.0/24 25.0/25
  12    -330.846854681  5.59e-06  1.03e-05  -1.59e-05  0.85  DIIS mom: 24.0/24 25.0/25
  13    -330.846859059  2.70e-06  5.18e-06  -4.38e-06  0.85  DIIS mom: 24.0/24 25.0/25
  14    -330.846859871  1.06e-06  2.01e-06  -8.12e-07  0.85  DIIS mom: 24.0/24 25.0/25
  15    -330.846859956  3.97e-07  8.08e-07  -8.51e-08  0.85  DIIS mom: 24.0/24 25.0/25
  16    -330.846859965  1.15e-07  2.51e-07  -9.02e-09  0.85  DIIS mom: 24.0/24 25.0/25
  17    -330.846859966  2.53e-08  5.89e-08  -6.52e-10  0.85  DIIS mom: 24.0/24 25.0/25
                                                                      diis is converged!

SCF converged : True
final |[F,P]| : 2.53e-08
final |dE|    : 5.89e-08
final Escf    : -603.808165699465
final Etot    : -330.846859965956
final S2      : 0.852139398285704

  diis prep             :::        1.549 (  0.03%)
  diis extrap           :::        1.061 (  0.02%)
  roothaan              :::        4.291 (  0.09%)
  fock build            :::     4771.074 ( 99.86%)
  Total                 :::     4777.974 (100.00%)

Alpha occupied
  -26.528 -11.597 -11.576 -11.576 -11.471 -11.471  -1.846  -1.597 
   -1.348  -1.307  -1.149  -1.113  -0.998  -0.981  -0.926  -0.911 
   -0.885  -0.871  -0.865  -0.839  -0.765  -0.761  -0.644  -0.595 

Alpha virtual
  -14.113  -0.167  -0.108  -0.058  -0.043  -0.025  -0.008  -0.004 
    0.025   0.030   0.042   0.047   0.066   0.067   0.091   0.110 
    0.114   0.119   0.148   0.151   0.174   0.175   0.189   0.200 
    0.205   0.217   0.226   0.234   0.247   0.253   0.254   0.267 
    0.279   0.303   0.309   0.330   0.335   0.352   0.358   0.397 
    0.401   0.404   0.409   0.413   0.424   0.444   0.458   0.472 
    0.491   0.499   0.509   0.531   0.535   0.549   0.553   0.585 
    0.586   0.605   0.606   0.624   0.632   0.642   0.644   0.645 
    0.692   0.694   0.714   0.723   0.741   0.750   0.754   0.763 
    0.772   0.791   0.798   0.802   0.813   0.827   0.844   0.855 
    0.858   0.883   0.898   0.904   0.934   0.938   0.941   0.980 
    0.987   0.989   0.997   1.020   1.026   1.027   1.056   1.060 
    1.087   1.117   1.141   1.187   1.195   1.219   1.223   1.252 
    1.258   1.276   1.284   1.287   1.294   1.311   1.338   1.368 
    1.390   1.393   1.395   1.398   1.405   1.410   1.423   1.429 
    1.442   1.443   1.448   1.458   1.458   1.490   1.513   1.518 
    1.528   1.537   1.562   1.567   1.597   1.608   1.616   1.633 
    1.651   1.654   1.656   1.696   1.702   1.708   1.729   1.739 
    1.742   1.767   1.784   1.787   1.825   1.850   1.852   1.856 
    1.878   1.896   1.901   1.916   1.928   1.938   1.944   1.961 
    1.979   1.981   2.002   2.015   2.047   2.051   2.051   2.054 
    2.089   2.115   2.121   2.137   2.146   2.169   2.185   2.186 
    2.206   2.234   2.239   2.257   2.286   2.288   2.308   2.356 
    2.361   2.379   2.387   2.394   2.396   2.461   2.464   2.472 
    2.476   2.481   2.572   2.573   2.580   2.645   2.646   2.670 
    2.678   2.712   2.715   2.724   2.772   2.811   2.851   2.855 
    2.863   2.868   2.872   2.883   2.925   2.927   2.940   2.957 
    2.971   2.993   2.993   3.015   3.062   3.073   3.097   3.107 
    3.127   3.129   3.152   3.162   3.186   3.198   3.206   3.254 
    3.262   3.276   3.288   3.340   3.344   3.349   3.367   3.382 
    3.382   3.405   3.448   3.481   3.498   3.501   3.519   3.520 
    3.526   3.546   3.564   3.566   3.575   3.613   3.627   3.645 
    3.660   3.661   3.661   3.684   3.688   3.719   3.737   3.743 
    3.770   3.793   3.813   3.816   3.824   3.830   3.851   3.851 
    3.880   3.887   3.897   3.942   3.953   3.963   3.996   4.005 
    4.024   4.032   4.036   4.041   4.060   4.072   4.088   4.105 
    4.118   4.142   4.177   4.188   4.190   4.213   4.241   4.245 
    4.247   4.263   4.297   4.306   4.313   4.317   4.326   4.335 
    4.411   4.422   4.456   4.468   4.491   4.512   4.518   4.524 
    4.526   4.533   4.550   4.585   4.595   4.619   4.625   4.626 
    4.640   4.665   4.680   4.708   4.720   4.723   4.746   4.748 
    4.771   4.808   4.815   4.876   4.887   4.897   4.914   4.923 
    4.926   4.944   4.961   4.966   5.001   5.033   5.035   5.046 
    5.064   5.068   5.070   5.116   5.122   5.128   5.178   5.207 
    5.218   5.235   5.237   5.270   5.274   5.292   5.341   5.345 
    5.362   5.385   5.406   5.429   5.435   5.446   5.477   5.508 
    5.518   5.589   5.590   5.593   5.596   5.641   5.643   5.661 
    5.678   5.688   5.762   5.765   5.780   5.837   5.864   5.872 
    5.892   5.909   5.921   6.001   6.014   6.019   6.048   6.049 
    6.133   6.138   6.161   6.162   6.167   6.168   6.258   6.262 
    6.327   6.340   6.349   6.395   6.412   6.424   6.481   6.514 
    6.608   6.628   6.635   6.637   6.690   6.749   6.765   6.781 
    6.825   6.907   6.914   6.960   6.971   7.009   7.051   7.101 
    7.106   7.194   7.215   7.243   7.294   7.296   7.355   7.371 
    7.405   7.430   7.459   7.485   7.526   7.534   7.580   7.582 
    7.583   7.641   7.677   7.692   7.701   7.731   7.778   7.789 
    7.847   7.900   7.955   7.979   7.985   8.018   8.033   8.046 
    8.077   8.085   8.103   8.140   8.201   8.212   8.235   8.244 
    8.285   8.304   8.350   8.374   8.375   8.397   8.442   8.478 
    8.540   8.541   8.571   8.582   8.620   8.652   8.691   8.719 
    8.720   8.768   8.776   8.785   8.834   8.837   8.844   8.915 
    8.921   8.947   8.956   8.964   8.973   9.013   9.037   9.125 
    9.141   9.153   9.198   9.201   9.261   9.269   9.324   9.330 
    9.332   9.340   9.385   9.385   9.400   9.442   9.510   9.511 
    9.583   9.594   9.608   9.650   9.665   9.707   9.711   9.748 
    9.773   9.780   9.815   9.844   9.890   9.914   9.915   9.924 
    9.965   9.978   9.996  10.004  10.007  10.014  10.049  10.072 
   10.077  10.079  10.100  10.104  10.157  10.184  10.187  10.221 
   10.233  10.239  10.257  10.301  10.327  10.333  10.364  10.402 
   10.421  10.422  10.442  10.464  10.502  10.517  10.536  10.609 
   10.659  10.663  10.673  10.688  10.692  10.707  10.757  10.763 
   10.775  10.812  10.833  10.841  10.856  10.868  10.908  10.925 
   10.927  10.937  11.000  11.004  11.009  11.039  11.075  11.087 
   11.106  11.110  11.151  11.168  11.191  11.196  11.242  11.286 
   11.301  11.301  11.313  11.329  11.338  11.385  11.433  11.451 
   11.492  11.551  11.565  11.593  11.625  11.704  11.728  11.775 
   11.821  11.829  11.899  11.919  11.928  11.987  12.020  12.079 
   12.099  12.181  12.198  12.208  12.214  12.296  12.351  12.394 
   12.398  12.414  12.455  12.461  12.539  12.540  12.548  12.558 
   12.604  12.615  12.632  12.633  12.634  12.655  12.669  12.674 
   12.701  12.720  12.749  12.758  12.766  12.789  12.847  12.872 
   12.885  12.922  12.937  13.021  13.024  13.027  13.035  13.140 
   13.151  13.175  13.193  13.250  13.282  13.291  13.321  13.334 
   13.387  13.416  13.442  13.501  13.502  13.519  13.583  13.600 
   13.636  13.655  13.672  13.689  13.728  13.748  13.775  13.829 
   13.851  13.881  13.890  13.904  13.954  13.969  13.988  14.000 
   14.006  14.012  14.059  14.062  14.141  14.147  14.160  14.165 
   14.214  14.243  14.256  14.276  14.276  14.279  14.296  14.309 
   14.353  14.363  14.372  14.390  14.454  14.458  14.531  14.594 
   14.626  14.641  14.735  14.747  14.766  14.804  14.831  14.831 
   14.880  14.899  14.923  15.026  15.050  15.085  15.090  15.115 
   15.217  15.236  15.248  15.269  15.298  15.320  15.361  15.433 
   15.480  15.521  15.586  15.628  15.755  15.803  15.829  15.830 
   15.857  15.966  16.058  16.089  16.134  16.172  16.225  16.341 
   16.401  16.433  16.456  16.517  16.740  17.101  17.152  17.160 
   17.272  17.387  17.390  17.409  17.436  17.491  17.610  17.669 
   17.740  17.809  17.854  17.915  17.933  17.997  18.135  18.148 
   18.149  18.150  18.155  18.204  18.230  18.297  18.319  18.421 
   18.561  18.670  18.671  18.786  18.824  18.934  18.966  19.099 
   19.230  19.343  19.475  19.498  19.549  19.575  19.697  19.966 
   20.649  20.767  21.059  21.098  22.057  23.570  23.572  23.725 
   23.777  24.222  24.297  24.490  24.577  24.676  24.782  25.174 
   25.260  25.492  25.685  25.877  26.183  26.511  28.665  28.811 
   29.001  29.506  29.887  30.142  30.313  31.084  39.221  40.885 
   40.927  41.891  42.390  49.383  49.566  49.803  50.581  50.749 
   57.551  57.646  57.947  57.974  57.981  58.264  58.504  64.779 
   79.899  81.397  82.471  83.172 148.529 148.653 148.835 149.371 
  149.496 170.253 206.998 206.999 207.004 207.007 207.009 207.010 
  207.011 207.012 207.013 227.368 228.268 228.842 233.862 233.904 
  234.030 234.031 234.066 234.174 234.255 447.023 453.690 453.789 
  453.908 454.278 454.380 640.605 641.371 641.882 1572.695 

Beta occupied
  -26.527 -18.402 -11.593 -11.569 -11.569 -11.475 -11.475  -1.844 
   -1.680  -1.360  -1.309  -1.169  -1.117  -1.012  -0.992  -0.955 
   -0.952  -0.898  -0.889  -0.875  -0.838  -0.795  -0.768  -0.672 
   -0.597 

Beta virtual
   -0.158  -0.098  -0.057  -0.042  -0.025  -0.010  -0.005   0.024 
    0.028   0.041   0.045   0.065   0.066   0.091   0.106   0.112 
    0.120   0.149   0.151   0.174   0.175   0.188   0.200   0.204 
    0.214   0.227   0.239   0.246   0.248   0.250   0.256   0.280 
    0.297   0.308   0.334   0.334   0.348   0.357   0.398   0.402 
    0.405   0.406   0.413   0.423   0.437   0.457   0.470   0.494 
    0.501   0.504   0.529   0.531   0.548   0.554   0.585   0.586 
    0.604   0.604   0.624   0.634   0.641   0.644   0.648   0.695 
    0.697   0.712   0.720   0.744   0.751   0.755   0.762   0.771 
    0.791   0.796   0.798   0.812   0.826   0.845   0.854   0.857 
    0.884   0.895   0.904   0.935   0.936   0.944   0.979   0.987 
    0.988   0.991   1.018   1.024   1.032   1.052   1.055   1.085 
    1.110   1.140   1.186   1.196   1.220   1.224   1.251   1.258 
    1.277   1.281   1.284   1.294   1.308   1.338   1.366   1.389 
    1.394   1.396   1.399   1.407   1.412   1.424   1.431   1.441 
    1.442   1.449   1.450   1.452   1.490   1.512   1.518   1.529 
    1.537   1.563   1.564   1.597   1.603   1.616   1.632   1.649 
    1.651   1.655   1.697   1.701   1.709   1.730   1.742   1.743 
    1.768   1.781   1.788   1.823   1.851   1.852   1.856   1.879 
    1.896   1.901   1.917   1.927   1.934   1.946   1.963   1.979 
    1.983   2.000   2.015   2.048   2.051   2.054   2.055   2.089 
    2.114   2.121   2.135   2.146   2.169   2.184   2.184   2.204 
    2.233   2.239   2.253   2.287   2.289   2.307   2.357   2.359 
    2.376   2.387   2.394   2.395   2.459   2.466   2.466   2.476 
    2.477   2.564   2.572   2.581   2.640   2.645   2.669   2.677 
    2.708   2.712   2.723   2.772   2.813   2.849   2.856   2.860 
    2.862   2.873   2.877   2.924   2.927   2.930   2.956   2.971 
    2.991   2.995   3.010   3.059   3.070   3.094   3.106   3.127 
    3.128   3.152   3.159   3.187   3.196   3.206   3.253   3.262 
    3.273   3.289   3.319   3.341   3.350   3.365   3.382   3.382 
    3.406   3.446   3.481   3.496   3.501   3.519   3.520   3.524 
    3.540   3.564   3.564   3.566   3.613   3.628   3.645   3.658 
    3.659   3.660   3.678   3.689   3.714   3.734   3.735   3.770 
    3.793   3.806   3.819   3.825   3.831   3.845   3.852   3.876 
    3.890   3.897   3.942   3.953   3.963   3.996   4.006   4.024 
    4.031   4.035   4.041   4.062   4.072   4.090   4.105   4.115 
    4.142   4.170   4.191   4.192   4.213   4.240   4.245   4.248 
    4.264   4.297   4.306   4.306   4.317   4.326   4.335   4.410 
    4.422   4.457   4.466   4.489   4.510   4.519   4.520   4.526 
    4.532   4.550   4.584   4.594   4.619   4.623   4.625   4.639 
    4.664   4.680   4.704   4.717   4.721   4.745   4.749   4.770 
    4.808   4.814   4.876   4.885   4.892   4.914   4.923   4.926 
    4.946   4.961   4.967   5.001   5.028   5.036   5.042   5.063 
    5.064   5.070   5.116   5.121   5.124   5.178   5.206   5.218 
    5.231   5.234   5.268   5.270   5.291   5.339   5.346   5.360 
    5.384   5.405   5.428   5.435   5.442   5.476   5.508   5.518 
    5.587   5.589   5.592   5.593   5.635   5.644   5.653   5.663 
    5.681   5.761   5.761   5.780   5.835   5.864   5.873   5.891 
    5.908   5.921   5.998   6.010   6.018   6.044   6.046   6.133 
    6.138   6.154   6.160   6.164   6.167   6.254   6.258   6.325 
    6.340   6.343   6.389   6.410   6.425   6.476   6.505   6.608 
    6.626   6.634   6.635   6.687   6.749   6.762   6.780   6.825 
    6.907   6.913   6.960   6.971   7.010   7.043   7.097   7.106 
    7.192   7.210   7.244   7.283   7.289   7.350   7.371   7.381 
    7.423   7.458   7.485   7.524   7.529   7.575   7.579   7.581 
    7.642   7.674   7.692   7.700   7.731   7.776   7.782   7.848 
    7.900   7.940   7.978   7.984   8.015   8.033   8.034   8.076 
    8.084   8.102   8.140   8.201   8.208   8.234   8.242   8.285 
    8.298   8.349   8.372   8.375   8.394   8.442   8.479   8.530 
    8.543   8.560   8.573   8.620   8.653   8.691   8.720   8.721 
    8.766   8.775   8.785   8.822   8.834   8.844   8.916   8.922 
    8.947   8.948   8.956   8.973   9.013   9.037   9.123   9.143 
    9.143   9.196   9.202   9.256   9.269   9.325   9.330   9.331 
    9.337   9.383   9.385   9.400   9.443   9.489   9.511   9.583 
    9.592   9.606   9.649   9.665   9.699   9.711   9.750   9.773 
    9.783   9.815   9.841   9.891   9.914   9.915   9.921   9.966 
    9.979   9.996   9.997  10.007  10.015  10.050  10.062  10.075 
   10.079  10.098  10.106  10.155  10.183  10.188  10.217  10.233 
   10.234  10.256  10.258  10.327  10.333  10.362  10.402  10.406 
   10.423  10.436  10.463  10.479  10.516  10.535  10.609  10.659 
   10.663  10.674  10.689  10.693  10.707  10.758  10.764  10.770 
   10.810  10.833  10.834  10.855  10.867  10.905  10.924  10.925 
   10.939  10.998  11.005  11.009  11.039  11.074  11.086  11.102 
   11.109  11.150  11.169  11.192  11.194  11.240  11.281  11.283 
   11.297  11.314  11.324  11.337  11.384  11.432  11.448  11.476 
   11.552  11.566  11.575  11.616  11.694  11.726  11.775  11.817 
   11.828  11.899  11.917  11.930  11.987  12.020  12.079  12.098 
   12.180  12.192  12.206  12.214  12.297  12.345  12.385  12.387 
   12.414  12.433  12.460  12.532  12.535  12.548  12.559  12.604 
   12.615  12.618  12.633  12.633  12.651  12.669  12.673  12.697 
   12.715  12.748  12.757  12.761  12.786  12.846  12.870  12.875 
   12.922  12.937  13.013  13.017  13.027  13.035  13.138  13.151 
   13.170  13.192  13.243  13.281  13.287  13.319  13.333  13.387 
   13.414  13.441  13.499  13.500  13.518  13.581  13.594  13.635 
   13.653  13.671  13.688  13.728  13.748  13.775  13.828  13.851 
   13.878  13.888  13.903  13.953  13.969  13.986  14.000  14.006 
   14.013  14.058  14.061  14.136  14.147  14.158  14.158  14.214 
   14.242  14.250  14.274  14.276  14.279  14.293  14.308  14.352 
   14.361  14.371  14.390  14.445  14.457  14.531  14.592  14.619 
   14.640  14.722  14.737  14.764  14.802  14.830  14.830  14.878 
   14.899  14.919  15.020  15.048  15.078  15.084  15.108  15.216 
   15.234  15.248  15.259  15.289  15.318  15.360  15.430  15.474 
   15.519  15.580  15.626  15.754  15.802  15.828  15.828  15.855 
   15.961  16.057  16.088  16.129  16.168  16.220  16.335  16.381 
   16.408  16.452  16.516  16.736  17.096  17.128  17.152  17.272 
   17.376  17.377  17.396  17.436  17.447  17.605  17.657  17.734 
   17.805  17.854  17.889  17.915  17.990  18.131  18.148  18.149 
   18.150  18.154  18.183  18.204  18.297  18.319  18.421  18.559 
   18.670  18.670  18.786  18.824  18.933  18.966  19.099  19.228 
   19.298  19.474  19.484  19.539  19.576  19.666  19.967  20.649 
   20.767  21.059  21.096  22.057  23.571  23.573  23.726  23.777 
   24.188  24.222  24.298  24.577  24.665  24.782  25.175  25.261 
   25.492  25.685  25.877  26.183  26.511  28.666  28.687  28.812 
   29.507  29.886  30.017  30.143  30.798  39.220  40.884  40.928 
   41.891  42.390  49.225  49.409  49.647  50.428  50.597  57.468 
   57.562  57.864  57.892  57.897  58.181  58.424  64.334  79.899 
   80.988  82.070  82.774 148.273 148.398 148.580 149.117 149.243 
  169.824 206.889 206.890 206.895 206.898 206.900 206.901 206.902 
  206.904 206.905 226.984 227.887 228.462 233.673 233.715 233.842 
  233.842 233.876 233.986 234.067 446.677 453.427 453.526 453.645 
  454.015 454.117 640.311 641.079 641.590 1572.479 


  >>> Running UHF-MP2 <<<

MP2 correlation energy (UHF) : -1.5606913306
MP2 total energy       (UHF) : -332.4075512965

