	*********************************************** 
	***** Beginning CEBE Calculation with MOM ***** 
	*****       Calculation Details:          ***** 
	      Geometry:	 /work/morgunov/rev2calcs/mols/exp/o/h2nch-o.xyz
	      Core Basis:	 pcX-4
	      Full Basis:	 pc-4
	      DIIS (start, space):	 0 50
	      Level shift:	 0
	      Do localization?:	 False
	      Do SFX2C1E?:	 True
	      Freeze orbitals?:	 True
	      Use Cheng orbitals?:	 False
	      Do Special Basis?:	 True
	      Do Special Basis?:	 pcX-4
	*********************************************** 
	*********************************************** 

  >>> Running RHF <<<

init D/C      : minao
init ov       : zeros
no            : 12
nv            : 526
ov_size       : 6312
max_cycle     : 1000
conv          : 6
econv         : 9
method        : gdm
scale_stop    : 0
scale_factor  : 1.000000
init E        : -168.895695096273
init |[F,P]|  : 8.24e-03
init |dE|     : 1.86e-02
check file    : None

iter      total energy   |[F,P]|      |dE|         ∆E   comment
   1    -168.939103980  7.39e-03  1.69e-02  -4.34e-02  BFGS
   2    -169.017737623  5.97e-04  1.30e-03  -7.86e-02  BFGS
   3    -169.018812885  1.83e-04  3.70e-04  -1.08e-03  BFGS
   4    -169.019021685  8.44e-05  1.85e-04  -2.09e-04  BFGS
   5    -169.019044277  3.84e-05  8.39e-05  -2.26e-05  BFGS
   6    -169.019048138  7.94e-06  1.62e-05  -3.86e-06  BFGS
   7    -169.019048296  2.31e-06  4.55e-06  -1.58e-07  BFGS
   8    -169.019048309  7.91e-07  1.61e-06  -1.31e-08  BFGS
   9    -169.019048310  2.97e-07  6.27e-07  -1.52e-09  BFGS
  10    -169.019048310  5.72e-08  1.28e-07  -1.66e-10  BFGS
                                                                      gdm is converged!

SCF converged : True
final |[F,P]| : 5.72e-08
final |dE|    : 1.28e-07
final Escf    : -240.618699082732
final Etot    : -169.019048310395

  pxp & ewc             :::        0.228 (  0.03%)
  apply B               :::        0.002 (  0.00%)
  linsrch               :::      719.858 ( 99.97%)
  grad                  :::        0.010 (  0.00%)
  Total                 :::      720.099 (100.00%)

Alpha occupied
  -20.525 -15.594 -11.352  -1.387  -1.225  -0.855  -0.756  -0.681 
   -0.611  -0.575  -0.437  -0.423 

Alpha virtual
    0.039   0.060   0.077   0.088   0.115   0.117   0.144   0.158 
    0.182   0.189   0.192   0.217   0.228   0.244   0.267   0.269 
    0.286   0.289   0.326   0.357   0.367   0.379   0.392   0.408 
    0.430   0.441   0.446   0.473   0.505   0.505   0.520   0.545 
    0.553   0.560   0.587   0.594   0.619   0.632   0.639   0.653 
    0.700   0.712   0.725   0.729   0.739   0.760   0.793   0.803 
    0.812   0.836   0.881   0.903   0.912   0.946   0.947   0.991 
    1.010   1.019   1.022   1.084   1.115   1.162   1.170   1.176 
    1.179   1.203   1.214   1.225   1.265   1.267   1.296   1.298 
    1.322   1.331   1.339   1.378   1.402   1.419   1.443   1.455 
    1.493   1.494   1.509   1.527   1.585   1.643   1.643   1.675 
    1.696   1.753   1.761   1.828   1.829   1.869   1.879   1.891 
    1.898   1.935   1.974   1.991   2.015   2.025   2.049   2.117 
    2.119   2.155   2.169   2.231   2.233   2.287   2.293   2.339 
    2.369   2.372   2.401   2.410   2.471   2.538   2.542   2.566 
    2.595   2.605   2.625   2.654   2.699   2.755   2.798   2.861 
    2.862   2.942   2.971   2.989   3.043   3.063   3.069   3.109 
    3.145   3.178   3.212   3.300   3.309   3.322   3.325   3.427 
    3.443   3.462   3.554   3.556   3.580   3.593   3.604   3.621 
    3.645   3.653   3.692   3.759   3.770   3.913   3.954   3.963 
    3.998   4.010   4.045   4.090   4.118   4.174   4.202   4.240 
    4.250   4.293   4.320   4.338   4.365   4.426   4.452   4.461 
    4.481   4.518   4.538   4.568   4.590   4.599   4.663   4.673 
    4.690   4.700   4.757   4.768   4.826   4.863   4.879   4.916 
    4.966   5.001   5.031   5.059   5.073   5.162   5.201   5.304 
    5.306   5.326   5.368   5.425   5.430   5.449   5.506   5.552 
    5.559   5.612   5.635   5.673   5.679   5.735   5.768   5.789 
    5.850   5.856   5.923   5.998   6.011   6.143   6.227   6.250 
    6.317   6.341   6.385   6.458   6.536   6.538   6.553   6.596 
    6.605   6.693   6.699   6.763   6.838   6.840   6.911   6.949 
    6.972   6.973   7.022   7.084   7.100   7.195   7.268   7.297 
    7.337   7.498   7.530   7.606   7.734   7.742   7.825   8.014 
    8.045   8.254   8.357   8.381   8.466   8.536   8.573   8.696 
    8.765   8.772   8.907   8.920   8.999   9.091   9.124   9.228 
    9.344   9.356   9.399   9.471   9.473   9.548   9.554   9.568 
    9.706   9.743   9.771   9.879   9.957  10.038  10.132  10.175 
   10.239  10.267  10.275  10.431  10.576  10.578  10.739  10.779 
   10.832  10.840  10.944  11.075  11.099  11.142  11.176  11.197 
   11.260  11.368  11.409  11.454  11.503  11.653  11.741  11.823 
   11.909  11.944  11.976  11.977  12.033  12.039  12.081  12.101 
   12.122  12.168  12.193  12.213  12.306  12.349  12.428  12.472 
   12.502  12.543  12.642  12.715  12.716  12.731  12.754  12.780 
   12.793  12.860  12.894  12.916  12.936  12.968  12.998  13.028 
   13.056  13.124  13.124  13.207  13.259  13.312  13.346  13.348 
   13.389  13.444  13.474  13.506  13.518  13.552  13.621  13.631 
   13.706  13.813  13.858  13.893  13.955  13.993  14.127  14.140 
   14.257  14.348  14.399  14.434  14.477  14.561  14.599  14.749 
   14.819  14.846  15.135  15.308  15.417  15.591  15.733  15.759 
   15.787  15.888  15.974  15.981  16.036  16.055  16.143  16.184 
   16.253  16.396  16.534  16.655  16.744  16.824  16.941  17.022 
   17.158  17.205  17.219  17.227  17.250  17.260  17.329  17.457 
   17.609  17.653  17.688  17.767  17.813  17.855  17.891  17.971 
   18.004  18.157  18.171  18.205  18.262  18.349  18.441  18.540 
   18.706  18.927  18.966  19.055  19.086  19.342  19.391  19.424 
   19.503  19.602  19.709  19.798  19.830  19.923  20.056  20.270 
   20.536  20.773  21.067  21.117  21.364  21.422  21.526  21.706 
   22.564  22.807  23.001  23.645  23.893  23.947  23.982  24.002 
   24.111  24.369  24.557  24.625  24.852  25.273  25.770  25.857 
   26.217  26.653  26.738  27.009  27.162  27.381  27.616  29.595 
   30.023  30.406  33.213  33.721  34.523  35.664  35.921  41.716 
   42.110  42.163  49.303  49.414  49.886  50.611  50.911  61.196 
   65.275  65.524  66.331  68.127  68.196  68.699  69.036  70.662 
   78.815  91.685  91.718  91.799  91.971  91.992  92.147  93.230 
   93.734  93.944 109.066 139.814 175.256 175.470 176.335 320.398 
  536.680 536.846 537.542 747.163 1796.280 2112.518 2112.634 2113.136 
  4514.504 12060.481 35044.678 114859.407 454594.981 2579392.663 


  >>> Running RHF-MP2 <<<


RMP2-TIMING
  rmp2                  :::      417.306 (100.00%)
  Total                 :::      417.306 (100.00%)

MP2 correlation energy (RHF) : -0.8102645005
MP2 total energy       (RHF) : -169.8293128109


  >>> Running UHF <<<

init D/C      : input mo_coeff
init ov       : zeros
no            : 11 12
nv            : 527 526
ov_size       : 12109
max_cycle     : 1000
conv          : 6
econv         : 9
method        : diis
mom_start     : 0
guess mix     : 0.000000
orb_swap      : [[[0, 11]], []]
init E        : -148.494016072426
init S2       : 0.75000000000005
init |[F,P]|  : 2.03e-02
init |dE|     : 5.58e-02
check file    : None

iter      total energy   |[F,P]|      |dE|         ∆E   S^2   comment
   1    -149.003317378  1.10e-02  3.07e-02  -5.09e-01  0.75  DIIS mom: 10.7/11 11.6/12
   2    -149.306815826  1.16e-03  2.86e-03  -3.03e-01  0.76  DIIS mom: 10.9/11 11.9/12
   3    -149.311262876  3.77e-04  8.49e-04  -4.45e-03  0.76  DIIS mom: 11.0/11 12.0/12
   4    -149.311889311  1.64e-04  3.97e-04  -6.26e-04  0.76  DIIS mom: 11.0/11 12.0/12
   5    -149.312158073  7.59e-05  1.72e-04  -2.69e-04  0.77  DIIS mom: 11.0/11 12.0/12
   6    -149.312210484  3.60e-05  7.25e-05  -5.24e-05  0.77  DIIS mom: 11.0/11 12.0/12
   7    -149.312229489  2.51e-05  4.54e-05  -1.90e-05  0.77  DIIS mom: 11.0/11 12.0/12
   8    -149.312242409  1.93e-05  3.29e-05  -1.29e-05  0.77  DIIS mom: 11.0/11 12.0/12
   9    -149.312255257  1.19e-05  2.09e-05  -1.28e-05  0.77  DIIS mom: 11.0/11 12.0/12
  10    -149.312261355  3.12e-06  6.25e-06  -6.10e-06  0.77  DIIS mom: 11.0/11 12.0/12
  11    -149.312261552  1.04e-06  2.06e-06  -1.97e-07  0.77  DIIS mom: 11.0/11 12.0/12
  12    -149.312261564  3.01e-07  6.05e-07  -1.20e-08  0.77  DIIS mom: 11.0/11 12.0/12
  13    -149.312261565  7.12e-08  1.40e-07  -8.25e-10  0.77  DIIS mom: 11.0/11 12.0/12
                                                                      diis is converged!

SCF converged : True
final |[F,P]| : 7.12e-08
final |dE|    : 1.40e-07
final Escf    : -220.911912337153
final Etot    : -149.312261564816
final S2      : 0.774002412546595

  diis prep             :::        0.176 (  0.02%)
  diis extrap           :::        0.145 (  0.01%)
  roothaan              :::        0.666 (  0.07%)
  fock build            :::      997.062 ( 99.90%)
  Total                 :::      998.049 (100.00%)

Alpha occupied
  -15.897 -11.712  -1.829  -1.527  -1.180  -1.092  -1.061  -1.007 
   -0.970  -0.863  -0.760 

Alpha virtual
  -18.889  -0.144  -0.114  -0.088  -0.073  -0.062  -0.036  -0.032 
   -0.008   0.012   0.035   0.038   0.040   0.044   0.060   0.086 
    0.094   0.103   0.109   0.142   0.159   0.168   0.187   0.192 
    0.217   0.239   0.242   0.253   0.274   0.294   0.314   0.316 
    0.326   0.351   0.366   0.388   0.400   0.405   0.410   0.423 
    0.449   0.494   0.503   0.511   0.513   0.515   0.519   0.563 
    0.577   0.587   0.603   0.650   0.675   0.690   0.697   0.736 
    0.742   0.751   0.786   0.799   0.854   0.870   0.926   0.935 
    0.961   0.965   0.978   0.984   1.008   1.029   1.040   1.070 
    1.075   1.100   1.108   1.117   1.169   1.182   1.188   1.213 
    1.236   1.256   1.271   1.281   1.312   1.366   1.390   1.408 
    1.435   1.469   1.485   1.503   1.566   1.573   1.587   1.592 
    1.601   1.611   1.670   1.682   1.694   1.734   1.736   1.783 
    1.841   1.843   1.864   1.903   1.969   1.980   2.029   2.033 
    2.084   2.092   2.119   2.124   2.126   2.229   2.266   2.267 
    2.285   2.333   2.345   2.349   2.388   2.431   2.484   2.529 
    2.593   2.599   2.663   2.698   2.719   2.781   2.792   2.794 
    2.848   2.881   2.908   2.944   3.030   3.036   3.041   3.053 
    3.154   3.193   3.201   3.287   3.292   3.321   3.332   3.347 
    3.365   3.387   3.394   3.441   3.487   3.509   3.647   3.673 
    3.675   3.729   3.739   3.767   3.831   3.852   3.917   3.928 
    3.947   3.979   4.016   4.042   4.043   4.106   4.127   4.144 
    4.158   4.168   4.224   4.246   4.293   4.298   4.299   4.310 
    4.388   4.389   4.402   4.457   4.459   4.511   4.544   4.551 
    4.605   4.682   4.688   4.721   4.766   4.780   4.886   4.918 
    4.977   5.018   5.029   5.076   5.130   5.143   5.160   5.222 
    5.244   5.267   5.327   5.345   5.380   5.387   5.445   5.464 
    5.488   5.544   5.552   5.612   5.704   5.737   5.842   5.938 
    5.976   6.014   6.038   6.070   6.160   6.237   6.238   6.247 
    6.294   6.295   6.407   6.412   6.469   6.541   6.560   6.628 
    6.651   6.666   6.681   6.734   6.805   6.814   6.882   6.953 
    6.991   7.037   7.221   7.240   7.306   7.445   7.446   7.518 
    7.712   7.767   7.956   8.053   8.086   8.155   8.225   8.281 
    8.409   8.427   8.497   8.616   8.629   8.719   8.788   8.835 
    8.950   9.061   9.083   9.099   9.173   9.187   9.250   9.259 
    9.280   9.413   9.448   9.495   9.542   9.609   9.623   9.810 
    9.880   9.952   9.964   9.965  10.122  10.183  10.306  10.326 
   10.411  10.421  10.490  10.577  10.746  10.748  10.813  10.833 
   10.849  10.870  10.944  11.037  11.055  11.163  11.328  11.405 
   11.465  11.540  11.619  11.664  11.680  11.721  11.729  11.772 
   11.822  11.835  11.864  11.866  11.918  11.999  12.030  12.134 
   12.163  12.197  12.228  12.337  12.390  12.392  12.408  12.441 
   12.458  12.474  12.541  12.573  12.621  12.628  12.688  12.704 
   12.720  12.753  12.804  12.832  12.892  12.918  12.979  13.000 
   13.015  13.073  13.130  13.156  13.180  13.210  13.228  13.291 
   13.316  13.398  13.475  13.537  13.561  13.627  13.653  13.823 
   13.833  13.932  14.016  14.047  14.095  14.142  14.246  14.285 
   14.445  14.540  14.568  14.811  14.959  15.118  15.282  15.430 
   15.458  15.464  15.541  15.659  15.686  15.706  15.745  15.859 
   15.895  15.965  16.099  16.238  16.349  16.460  16.544  16.669 
   16.726  16.884  16.919  16.940  16.944  16.983  16.996  17.053 
   17.170  17.275  17.361  17.382  17.458  17.478  17.497  17.595 
   17.706  17.730  17.808  17.811  17.932  17.950  18.032  18.136 
   18.218  18.361  18.554  18.615  18.743  18.788  18.987  19.026 
   19.108  19.207  19.250  19.413  19.456  19.467  19.617  19.714 
   20.002  20.266  20.472  20.763  20.816  21.095  21.151  21.249 
   21.430  22.253  22.512  22.697  23.164  23.229  23.279  23.678 
   23.692  23.836  24.088  24.135  24.257  24.335  24.634  25.073 
   25.464  25.795  25.834  26.228  26.444  26.844  26.938  27.078 
   28.849  29.706  30.116  32.861  33.358  34.171  35.310  35.556 
   41.416  41.844  41.893  48.999  49.113  49.582  50.315  50.616 
   59.938  63.791  64.028  64.829  66.564  66.632  67.134  67.463 
   69.105  78.457  91.414  91.436  91.504  91.699  91.713  91.852 
   92.924  93.463  93.674 108.766 137.802 172.730 172.936 173.798 
  317.466 532.886 533.049 533.743 743.330 1791.710 2107.628 2107.742 
  2108.244 4509.426 12055.102 35039.145 114853.806 454589.354 2579387.028 

Beta occupied
  -23.788 -15.894 -11.711  -1.932  -1.526  -1.227  -1.133  -1.092 
   -1.092  -0.986  -0.891  -0.755 

Beta virtual
   -0.152  -0.114  -0.088  -0.074  -0.062  -0.038  -0.033  -0.009 
    0.013   0.035   0.035   0.040   0.043   0.060   0.083   0.091 
    0.104   0.107   0.140   0.158   0.169   0.187   0.191   0.216 
    0.237   0.241   0.251   0.273   0.296   0.311   0.314   0.326 
    0.353   0.364   0.386   0.400   0.404   0.410   0.423   0.447 
    0.488   0.494   0.511   0.515   0.515   0.518   0.566   0.575 
    0.585   0.603   0.648   0.678   0.687   0.696   0.734   0.742 
    0.748   0.787   0.799   0.853   0.869   0.924   0.932   0.961 
    0.965   0.978   0.984   1.008   1.030   1.040   1.071   1.076 
    1.100   1.109   1.117   1.169   1.181   1.189   1.211   1.237 
    1.259   1.269   1.280   1.310   1.366   1.392   1.408   1.429 
    1.469   1.488   1.497   1.556   1.572   1.576   1.582   1.598 
    1.613   1.664   1.671   1.691   1.730   1.738   1.782   1.843 
    1.845   1.863   1.902   1.968   1.981   2.029   2.034   2.083 
    2.093   2.120   2.124   2.128   2.230   2.265   2.267   2.283 
    2.333   2.347   2.348   2.390   2.429   2.486   2.528   2.593 
    2.597   2.662   2.699   2.720   2.783   2.790   2.796   2.847 
    2.883   2.905   2.942   3.022   3.036   3.042   3.054   3.154 
    3.193   3.201   3.287   3.291   3.316   3.333   3.347   3.366 
    3.388   3.394   3.441   3.484   3.509   3.645   3.666   3.675 
    3.729   3.738   3.765   3.829   3.849   3.916   3.921   3.946 
    3.980   4.012   4.020   4.043   4.101   4.121   4.126   4.140 
    4.162   4.216   4.243   4.249   4.288   4.296   4.309   4.386 
    4.388   4.402   4.447   4.458   4.508   4.535   4.550   4.596 
    4.678   4.688   4.708   4.767   4.777   4.886   4.913   4.969 
    5.010   5.030   5.074   5.130   5.143   5.161   5.221   5.235 
    5.268   5.328   5.345   5.379   5.387   5.443   5.464   5.482 
    5.544   5.552   5.608   5.701   5.736   5.838   5.939   5.975 
    6.015   6.038   6.060   6.160   6.238   6.239   6.248   6.295 
    6.296   6.404   6.413   6.470   6.541   6.558   6.630   6.650 
    6.666   6.682   6.734   6.805   6.813   6.884   6.951   6.991 
    7.037   7.221   7.241   7.306   7.445   7.446   7.517   7.712 
    7.769   7.955   8.054   8.088   8.150   8.225   8.280   8.410 
    8.421   8.497   8.615   8.629   8.720   8.784   8.834   8.950 
    9.059   9.083   9.096   9.167   9.186   9.246   9.259   9.279 
    9.411   9.450   9.493   9.530   9.584   9.618   9.802   9.868 
    9.949   9.953   9.960  10.117  10.153  10.196  10.306  10.388 
   10.409  10.487  10.545  10.699  10.746  10.772  10.808  10.828 
   10.842  10.936  10.982  11.055  11.162  11.329  11.406  11.443 
   11.532  11.620  11.659  11.681  11.722  11.730  11.773  11.821 
   11.835  11.861  11.865  11.919  11.995  12.031  12.136  12.160 
   12.193  12.226  12.336  12.390  12.392  12.409  12.440  12.453 
   12.474  12.540  12.573  12.616  12.628  12.685  12.702  12.720 
   12.749  12.800  12.831  12.889  12.914  12.966  12.991  13.011 
   13.072  13.131  13.155  13.175  13.209  13.224  13.288  13.316 
   13.396  13.473  13.530  13.561  13.619  13.652  13.823  13.833 
   13.928  14.014  14.043  14.089  14.140  14.246  14.283  14.444 
   14.540  14.568  14.807  14.949  15.118  15.281  15.431  15.453 
   15.466  15.531  15.657  15.687  15.705  15.745  15.860  15.895 
   15.966  16.100  16.238  16.348  16.461  16.545  16.670  16.725 
   16.884  16.919  16.940  16.944  16.984  16.996  17.053  17.170 
   17.273  17.360  17.382  17.450  17.475  17.491  17.596  17.705 
   17.730  17.802  17.804  17.932  17.947  18.032  18.134  18.216 
   18.356  18.547  18.608  18.741  18.788  18.982  19.020  19.107 
   19.205  19.245  19.407  19.455  19.460  19.615  19.711  20.002 
   20.267  20.472  20.762  20.816  21.095  21.152  21.249  21.430 
   22.250  22.509  22.695  23.099  23.198  23.227  23.677  23.692 
   23.835  24.062  24.087  24.244  24.333  24.575  24.827  25.457 
   25.557  25.755  26.072  26.417  26.788  26.843  27.081  28.719 
   29.704  30.117  32.861  33.358  34.171  35.311  35.555  41.416 
   41.844  41.893  49.001  49.114  49.583  50.316  50.616  59.531 
   63.403  63.642  64.460  66.356  66.424  66.926  67.257  68.891 
   78.457  91.414  91.436  91.504  91.699  91.713  91.852  92.924 
   93.463  93.674 108.767 137.359 172.253 172.460 173.325 317.062 
  532.470 532.633 533.327 743.014 1791.499 2107.391 2107.506 2108.007 
  4509.303 12055.041 35039.119 114853.796 454589.351 2579387.028 


  >>> Running UHF-MP2 <<<

MP2 correlation energy (UHF) : -0.7568425357
MP2 total energy       (UHF) : -150.0691041005

