	*********************************************** 
	***** Beginning CEBE Calculation with MOM ***** 
	*****       Calculation Details:          ***** 
	      Geometry:	 /home/morgunov/core/calculations/mols/exp/n/onh2pyridi-n-e.xyz
	      Core Basis:	 cc-pCV5Z
	      Full Basis:	 cc-pV5Z
	      DIIS (start, space):	 0 50
	      Level shift:	 0
	      Do localization?:	 True
	      Atoms that were localized?:	 ['N']
	      Do SFX2C1E?:	 True
	      Freeze orbitals?:	 True
	      Use Cheng orbitals?:	 False
	      Do Special Basis?:	 False
	*********************************************** 
	*********************************************** 

  >>> Running RHF <<<

init D/C      : minao
init ov       : zeros
no            : 25
nv            : 1050
ov_size       : 26250
max_cycle     : 1000
conv          : 6
econv         : 9
method        : gdm
scale_stop    : 0
scale_factor  : 1.000000
init E        : -301.776143116393
init |[F,P]|  : 2.85e-03
init |dE|     : 6.56e-03
check file    : None

iter      total energy   |[F,P]|      |dE|         ∆E   comment
   1    -301.855303796  1.11e-03  2.56e-03  -7.92e-02  BFGS
   2    -301.865657997  3.82e-04  8.66e-04  -1.04e-02  BFGS
   3    -301.866651609  9.31e-05  2.21e-04  -9.94e-04  BFGS
   4    -301.866726423  3.65e-05  7.93e-05  -7.48e-05  BFGS
   5    -301.866740140  9.39e-06  2.13e-05  -1.37e-05  BFGS
   6    -301.866741968  4.16e-06  9.62e-06  -1.83e-06  BFGS
   7    -301.866742199  1.71e-06  3.72e-06  -2.31e-07  BFGS
   8    -301.866742250  7.17e-07  1.57e-06  -5.05e-08  BFGS
   9    -301.866742262  3.77e-07  8.49e-07  -1.22e-08  BFGS
  10    -301.866742264  1.17e-07  2.69e-07  -1.82e-09  BFGS
  11    -301.866742264  3.47e-08  7.87e-08  -2.26e-10  BFGS
                                                                      gdm is converged!

SCF converged : True
final |[F,P]| : 3.47e-08
final |dE|    : 7.87e-08
final Escf    : -578.085735063202
final Etot    : -301.866742263802

  pxp & ewc             :::        1.062 (  0.06%)
  apply B               :::        0.007 (  0.00%)
  linsrch               :::     1892.422 ( 99.94%)
  grad                  :::        0.093 (  0.00%)
  Total                 :::     1893.584 (100.00%)

Alpha occupied
  -15.564 -15.548 -11.312 -11.271 -11.255 -11.228 -11.222  -1.281 
   -1.187  -1.084  -1.007  -0.863  -0.840  -0.720  -0.703  -0.661 
   -0.625  -0.606  -0.568  -0.565  -0.527  -0.461  -0.417  -0.381 
   -0.311 

Alpha virtual
    0.088   0.098   0.105   0.107   0.128   0.136   0.137   0.164 
    0.191   0.205   0.210   0.228   0.236   0.242   0.243   0.254 
    0.280   0.294   0.307   0.315   0.335   0.340   0.350   0.358 
    0.362   0.375   0.390   0.399   0.404   0.410   0.414   0.433 
    0.438   0.453   0.470   0.477   0.480   0.501   0.509   0.515 
    0.516   0.536   0.556   0.573   0.582   0.604   0.612   0.617 
    0.624   0.636   0.659   0.684   0.688   0.707   0.713   0.717 
    0.725   0.735   0.742   0.758   0.759   0.786   0.790   0.801 
    0.807   0.814   0.820   0.837   0.845   0.861   0.867   0.873 
    0.890   0.905   0.922   0.926   0.950   0.951   0.964   0.965 
    0.988   0.997   1.000   1.009   1.019   1.034   1.037   1.046 
    1.060   1.067   1.071   1.079   1.083   1.105   1.110   1.119 
    1.133   1.155   1.162   1.180   1.188   1.202   1.216   1.238 
    1.255   1.268   1.283   1.290   1.322   1.336   1.356   1.378 
    1.385   1.394   1.426   1.432   1.442   1.456   1.462   1.506 
    1.518   1.528   1.539   1.545   1.565   1.579   1.588   1.591 
    1.605   1.620   1.626   1.628   1.633   1.640   1.649   1.662 
    1.666   1.670   1.687   1.695   1.705   1.714   1.739   1.744 
    1.755   1.772   1.783   1.792   1.803   1.823   1.838   1.852 
    1.871   1.903   1.912   1.923   1.927   1.944   1.954   1.962 
    1.965   1.973   1.989   1.996   2.011   2.034   2.043   2.050 
    2.058   2.064   2.077   2.095   2.100   2.114   2.123   2.131 
    2.146   2.152   2.159   2.166   2.180   2.196   2.210   2.223 
    2.232   2.238   2.250   2.265   2.276   2.288   2.299   2.324 
    2.328   2.339   2.369   2.378   2.391   2.405   2.420   2.439 
    2.449   2.466   2.489   2.495   2.507   2.515   2.528   2.553 
    2.566   2.576   2.590   2.601   2.618   2.642   2.659   2.667 
    2.713   2.713   2.731   2.745   2.770   2.791   2.812   2.829 
    2.840   2.855   2.888   2.896   2.908   2.916   2.943   2.950 
    2.974   2.980   3.007   3.018   3.052   3.057   3.069   3.095 
    3.130   3.144   3.157   3.164   3.167   3.200   3.204   3.219 
    3.240   3.253   3.280   3.291   3.305   3.334   3.346   3.360 
    3.375   3.380   3.390   3.396   3.417   3.449   3.482   3.491 
    3.510   3.517   3.528   3.552   3.563   3.579   3.595   3.608 
    3.613   3.655   3.661   3.671   3.680   3.689   3.728   3.752 
    3.753   3.787   3.792   3.800   3.819   3.828   3.843   3.876 
    3.877   3.890   3.915   3.915   3.928   3.934   3.955   3.966 
    3.974   3.982   4.002   4.028   4.040   4.049   4.055   4.082 
    4.100   4.108   4.113   4.128   4.147   4.154   4.167   4.178 
    4.192   4.204   4.214   4.222   4.247   4.250   4.257   4.270 
    4.286   4.289   4.302   4.315   4.336   4.341   4.367   4.373 
    4.393   4.402   4.424   4.459   4.480   4.486   4.526   4.539 
    4.547   4.568   4.591   4.601   4.613   4.626   4.638   4.649 
    4.677   4.691   4.700   4.702   4.722   4.736   4.745   4.757 
    4.762   4.787   4.797   4.807   4.816   4.824   4.862   4.871 
    4.880   4.902   4.912   4.930   4.959   4.974   4.990   4.997 
    5.022   5.030   5.039   5.053   5.063   5.066   5.087   5.101 
    5.114   5.125   5.137   5.142   5.167   5.177   5.183   5.198 
    5.209   5.229   5.232   5.251   5.262   5.278   5.291   5.305 
    5.317   5.335   5.341   5.364   5.384   5.427   5.438   5.445 
    5.459   5.477   5.485   5.506   5.534   5.550   5.566   5.576 
    5.582   5.585   5.605   5.633   5.642   5.661   5.675   5.696 
    5.705   5.745   5.780   5.791   5.800   5.806   5.820   5.835 
    5.851   5.890   5.897   5.904   5.918   5.936   5.980   5.993 
    6.003   6.016   6.031   6.044   6.064   6.092   6.094   6.144 
    6.172   6.186   6.200   6.229   6.252   6.255   6.286   6.298 
    6.338   6.362   6.368   6.386   6.404   6.439   6.498   6.506 
    6.507   6.537   6.543   6.590   6.609   6.667   6.685   6.702 
    6.731   6.735   6.744   6.759   6.817   6.828   6.863   6.890 
    6.900   6.917   6.944   6.956   7.008   7.029   7.058   7.069 
    7.092   7.104   7.156   7.161   7.175   7.225   7.283   7.310 
    7.331   7.338   7.389   7.416   7.449   7.472   7.501   7.518 
    7.550   7.578   7.627   7.695   7.698   7.745   7.768   7.784 
    7.820   7.843   7.897   7.912   7.939   7.985   8.002   8.030 
    8.046   8.081   8.126   8.139   8.180   8.216   8.262   8.272 
    8.300   8.306   8.338   8.350   8.367   8.387   8.402   8.407 
    8.426   8.456   8.459   8.503   8.512   8.570   8.577   8.645 
    8.679   8.708   8.735   8.760   8.785   8.801   8.811   8.822 
    8.834   8.894   8.928   8.947   8.956   8.972   8.978   9.019 
    9.037   9.062   9.082   9.108   9.136   9.159   9.164   9.168 
    9.195   9.213   9.246   9.289   9.323   9.360   9.415   9.431 
    9.441   9.445   9.517   9.522   9.538   9.562   9.618   9.631 
    9.656   9.663   9.683   9.761   9.806   9.856   9.896   9.906 
    9.926   9.953   9.978  10.025  10.049  10.065  10.106  10.131 
   10.139  10.172  10.193  10.201  10.218  10.239  10.244  10.265 
   10.280  10.285  10.300  10.314  10.370  10.401  10.417  10.424 
   10.452  10.483  10.485  10.506  10.523  10.548  10.583  10.607 
   10.635  10.646  10.681  10.703  10.724  10.748  10.774  10.819 
   10.841  10.888  10.918  10.923  10.942  10.963  10.978  11.032 
   11.044  11.048  11.075  11.095  11.108  11.141  11.169  11.176 
   11.180  11.205  11.209  11.223  11.271  11.286  11.294  11.315 
   11.344  11.375  11.381  11.400  11.429  11.464  11.472  11.485 
   11.490  11.515  11.555  11.570  11.602  11.613  11.637  11.650 
   11.672  11.689  11.714  11.743  11.748  11.781  11.820  11.867 
   11.886  11.907  11.982  12.003  12.016  12.044  12.054  12.104 
   12.141  12.156  12.190  12.256  12.279  12.305  12.362  12.394 
   12.399  12.403  12.431  12.464  12.517  12.532  12.558  12.590 
   12.606  12.634  12.676  12.685  12.694  12.732  12.757  12.773 
   12.785  12.791  12.801  12.806  12.810  12.816  12.819  12.856 
   12.866  12.879  12.885  12.892  12.907  12.923  12.952  12.963 
   12.969  12.977  12.993  13.005  13.007  13.042  13.090  13.098 
   13.128  13.167  13.174  13.180  13.241  13.253  13.261  13.279 
   13.303  13.334  13.347  13.394  13.438  13.468  13.473  13.509 
   13.524  13.544  13.562  13.574  13.615  13.617  13.636  13.646 
   13.666  13.689  13.715  13.721  13.727  13.774  13.789  13.803 
   13.824  13.842  13.874  13.893  13.910  13.922  13.945  13.971 
   13.993  13.995  14.000  14.010  14.016  14.039  14.064  14.081 
   14.130  14.135  14.152  14.170  14.203  14.223  14.231  14.242 
   14.255  14.264  14.283  14.304  14.321  14.335  14.342  14.356 
   14.372  14.377  14.401  14.412  14.432  14.448  14.468  14.486 
   14.500  14.522  14.544  14.554  14.574  14.612  14.635  14.640 
   14.673  14.708  14.747  14.779  14.804  14.818  14.842  14.853 
   14.901  14.919  14.962  14.987  15.010  15.024  15.032  15.057 
   15.088  15.097  15.117  15.173  15.185  15.237  15.276  15.315 
   15.325  15.373  15.386  15.422  15.463  15.495  15.518  15.548 
   15.561  15.608  15.617  15.656  15.672  15.726  15.753  15.769 
   15.803  15.847  15.872  15.891  15.916  16.035  16.055  16.138 
   16.190  16.240  16.252  16.276  16.305  16.324  16.386  16.428 
   16.444  16.471  16.499  16.617  16.667  16.674  16.691  16.706 
   16.765  16.792  16.842  16.872  16.920  17.010  17.057  17.158 
   17.221  17.303  17.332  17.348  17.411  17.527  17.530  17.587 
   17.626  17.698  17.734  17.794  17.833  17.889  17.918  17.924 
   18.007  18.040  18.067  18.102  18.146  18.153  18.176  18.185 
   18.276  18.326  18.342  18.543  18.559  18.564  18.626  18.825 
   18.854  18.888  18.926  19.130  19.213  19.319  19.605  19.763 
   19.980  20.044  20.301  20.522  20.828  20.902  20.969  21.048 
   21.080  21.232  21.446  21.492  21.600  22.959  23.756  25.333 
   26.756  30.042  30.665  31.351  32.039  32.351  32.932  39.733 
   41.142  41.451  42.173  42.804  50.654  50.882  51.066  51.117 
   51.185  51.450  51.864  52.045  52.073  52.520  58.755  58.843 
   59.031  59.160  59.163  59.185  59.202  59.333  59.342  59.478 
   59.569  59.664  59.747  60.057  66.297  66.893  83.176  83.647 
   84.254  84.891  85.074  85.344 150.729 150.885 151.013 151.046 
  151.081 151.285 151.580 151.680 151.735 152.020 172.650 173.192 
  209.082 209.082 209.083 209.087 209.088 209.088 209.089 209.092 
  209.092 209.094 209.094 209.095 209.097 209.097 209.099 209.099 
  209.109 209.109 230.070 230.453 230.972 231.482 231.641 231.846 
  236.350 236.389 236.462 236.518 236.525 236.542 236.559 236.587 
  236.597 236.664 236.709 236.721 236.762 236.909 450.341 450.845 
  456.943 457.064 457.135 457.161 457.186 457.353 457.537 457.612 
  457.660 457.842 644.226 644.550 644.994 645.447 645.592 645.775 
  1576.924 1578.711 


  >>> Running RHF-MP2 <<<


RMP2-TIMING
  rmp2                  :::     1389.419 (100.00%)
  Total                 :::     1389.419 (100.00%)

MP2 correlation energy (RHF) : -1.5831974251
MP2 total energy       (RHF) : -303.4499396889


  >>> Running UHF <<<

init D/C      : input mo_coeff
init ov       : zeros
no            : 24 25
nv            : 1051 1050
ov_size       : 51474
max_cycle     : 1000
conv          : 6
econv         : 9
method        : diis
mom_start     : 0
guess mix     : 0.000000
orb_swap      : [[[1, 24]], []]
init E        : -286.391836179796
init S2       : 0.749999999999989
init |[F,P]|  : 1.13e-02
init |dE|     : 2.65e-02
check file    : None

iter      total energy   |[F,P]|      |dE|         ∆E   S^2   comment
   1    -286.639206520  5.48e-03  1.46e-02  -2.47e-01  0.75  DIIS mom: 23.6/24 24.5/25
   2    -287.000985837  1.66e-03  4.01e-03  -3.62e-01  0.76  DIIS mom: 23.8/24 24.9/25
   3    -287.039503750  2.18e-04  5.15e-04  -3.85e-02  0.76  DIIS mom: 24.0/24 25.0/25
   4    -287.040944854  1.18e-04  2.83e-04  -1.44e-03  0.77  DIIS mom: 24.0/24 25.0/25
   5    -287.041488582  6.35e-05  1.49e-04  -5.44e-04  0.77  DIIS mom: 24.0/24 25.0/25
   6    -287.041819382  3.19e-05  6.93e-05  -3.31e-04  0.78  DIIS mom: 24.0/24 25.0/25
   7    -287.041897447  2.22e-05  4.60e-05  -7.81e-05  0.78  DIIS mom: 24.0/24 25.0/25
   8    -287.041956281  1.67e-05  3.35e-05  -5.88e-05  0.79  DIIS mom: 24.0/24 25.0/25
   9    -287.042007216  1.25e-05  2.48e-05  -5.09e-05  0.79  DIIS mom: 24.0/24 25.0/25
  10    -287.042034605  1.01e-05  1.97e-05  -2.74e-05  0.80  DIIS mom: 24.0/24 25.0/25
  11    -287.042054173  9.26e-06  1.78e-05  -1.96e-05  0.80  DIIS mom: 24.0/24 25.0/25
  12    -287.042067229  9.17e-06  1.76e-05  -1.31e-05  0.80  DIIS mom: 24.0/24 25.0/25
  13    -287.042072972  9.18e-06  1.76e-05  -5.74e-06  0.80  DIIS mom: 24.0/24 25.0/25
  14    -287.042067699  9.16e-06  1.76e-05   5.27e-06  0.80  DIIS mom: 24.0/24 25.0/25
  15    -287.042018914  8.95e-06  1.72e-05   4.88e-05  0.80  DIIS mom: 24.0/24 25.0/25
  16    -287.041726022  1.87e-05  4.19e-05   2.93e-04  0.82  DIIS mom: 24.0/24 25.0/25
  17    -287.041724916  2.10e-05  4.76e-05   1.11e-06  0.82  DIIS mom: 24.0/24 25.0/25
  18    -287.041632377  2.59e-05  5.88e-05   9.25e-05  0.84  DIIS mom: 24.0/24 25.0/25
  19    -287.041987167  2.64e-05  6.01e-05  -3.55e-04  0.80  DIIS mom: 24.0/24 25.0/25
  20    -287.042048787  3.09e-05  7.07e-05  -6.16e-05  0.80  DIIS mom: 24.0/24 25.0/25
  21    -287.042023160  3.11e-05  7.14e-05   2.56e-05  0.80  DIIS mom: 24.0/24 25.0/25
  22    -287.042075898  2.44e-05  5.54e-05  -5.27e-05  0.80  DIIS mom: 24.0/24 25.0/25
  23    -287.042123882  4.01e-05  9.25e-05  -4.80e-05  0.81  DIIS mom: 24.0/24 25.0/25
  24    -287.042125332  3.38e-05  7.76e-05  -1.45e-06  0.81  DIIS mom: 24.0/24 25.0/25
  25    -287.042274494  3.94e-05  9.10e-05  -1.49e-04  0.83  DIIS mom: 24.0/24 25.0/25
  26    -287.042372094  9.56e-06  2.01e-05  -9.76e-05  0.85  DIIS mom: 24.0/24 25.0/25
  27    -287.042454143  3.24e-05  7.54e-05  -8.20e-05  0.93  DIIS mom: 24.0/24 25.0/25
  28    -287.042398576  2.71e-05  6.23e-05   5.56e-05  0.86  DIIS mom: 24.0/24 25.0/25
  29    -287.042320406  8.69e-06  1.65e-05   7.82e-05  0.83  DIIS mom: 24.0/24 25.0/25
  30    -287.042341124  2.01e-05  4.56e-05  -2.07e-05  0.84  DIIS mom: 24.0/24 25.0/25
  31    -287.042432772  9.88e-06  2.15e-05  -9.16e-05  0.87  DIIS mom: 24.0/24 25.0/25
  32    -287.042483865  5.25e-06  1.20e-05  -5.11e-05  0.91  DIIS mom: 24.0/24 25.0/25
  33    -287.042486970  2.13e-06  4.93e-06  -3.10e-06  0.92  DIIS mom: 24.0/24 25.0/25
  34    -287.042487100  3.83e-07  7.70e-07  -1.30e-07  0.92  DIIS mom: 24.0/24 25.0/25
  35    -287.042487197  1.80e-07  4.19e-07  -9.74e-08  0.92  DIIS mom: 24.0/24 25.0/25
  36    -287.042487198  1.12e-07  2.59e-07  -2.84e-10  0.92  DIIS mom: 24.0/24 25.0/25
                                                                      diis is converged!

SCF converged : True
final |[F,P]| : 1.12e-07
final |dE|    : 2.59e-07
final Escf    : -563.261479997007
final Etot    : -287.042487197607
final S2      : 0.917514778794228

  diis prep             :::        1.655 (  0.02%)
  diis extrap           :::        3.146 (  0.05%)
  roothaan              :::        6.815 (  0.10%)
  fock build            :::     6905.383 ( 99.83%)
  Total                 :::     6916.999 (100.00%)

Alpha occupied
  -15.781 -11.598 -11.531 -11.476 -11.438 -11.431  -1.584  -1.426 
   -1.315  -1.244  -1.113  -1.078  -0.956  -0.931  -0.881  -0.862 
   -0.854  -0.828  -0.823  -0.746  -0.713  -0.688  -0.629  -0.527 

Alpha virtual
  -14.083  -0.143  -0.066  -0.053  -0.037  -0.030  -0.005   0.000 
    0.022   0.032   0.040   0.053   0.066   0.082   0.086   0.096 
    0.101   0.105   0.135   0.151   0.155   0.169   0.175   0.185 
    0.194   0.201   0.211   0.220   0.229   0.236   0.243   0.251 
    0.257   0.268   0.271   0.292   0.296   0.302   0.319   0.333 
    0.338   0.341   0.358   0.373   0.397   0.408   0.425   0.430 
    0.434   0.444   0.454   0.474   0.499   0.510   0.529   0.534 
    0.539   0.544   0.554   0.560   0.572   0.587   0.596   0.604 
    0.618   0.626   0.630   0.641   0.660   0.664   0.675   0.685 
    0.689   0.706   0.723   0.736   0.741   0.755   0.767   0.769 
    0.786   0.798   0.816   0.821   0.829   0.836   0.850   0.860 
    0.863   0.880   0.883   0.888   0.895   0.900   0.921   0.931 
    0.944   0.947   0.961   0.971   0.982   0.997   1.017   1.023 
    1.039   1.058   1.063   1.081   1.091   1.120   1.139   1.163 
    1.176   1.194   1.209   1.237   1.241   1.255   1.264   1.271 
    1.312   1.327   1.330   1.344   1.360   1.368   1.384   1.389 
    1.399   1.410   1.420   1.435   1.440   1.443   1.447   1.452 
    1.465   1.473   1.481   1.498   1.502   1.512   1.520   1.537 
    1.552   1.558   1.580   1.585   1.596   1.608   1.627   1.638 
    1.653   1.673   1.697   1.706   1.715   1.735   1.738   1.752 
    1.764   1.767   1.774   1.787   1.809   1.816   1.842   1.850 
    1.858   1.863   1.868   1.890   1.902   1.911   1.921   1.931 
    1.935   1.954   1.958   1.967   1.974   1.990   2.002   2.014 
    2.030   2.035   2.046   2.061   2.071   2.084   2.084   2.093 
    2.126   2.133   2.139   2.166   2.184   2.197   2.206   2.216 
    2.235   2.250   2.265   2.288   2.295   2.303   2.308   2.330 
    2.347   2.359   2.378   2.392   2.405   2.408   2.437   2.450 
    2.465   2.506   2.515   2.528   2.544   2.561   2.586   2.608 
    2.623   2.626   2.643   2.688   2.695   2.705   2.713   2.737 
    2.749   2.764   2.770   2.795   2.804   2.843   2.855   2.859 
    2.883   2.916   2.937   2.945   2.948   2.951   2.992   2.997 
    3.009   3.028   3.043   3.069   3.078   3.097   3.128   3.140 
    3.152   3.160   3.171   3.182   3.189   3.208   3.238   3.277 
    3.282   3.294   3.304   3.316   3.336   3.352   3.365   3.384 
    3.397   3.405   3.439   3.442   3.453   3.466   3.480   3.517 
    3.538   3.541   3.571   3.576   3.587   3.600   3.614   3.632 
    3.660   3.663   3.673   3.695   3.701   3.708   3.717   3.738 
    3.751   3.756   3.768   3.782   3.808   3.827   3.833   3.849 
    3.872   3.885   3.897   3.903   3.908   3.927   3.941   3.954 
    3.966   3.985   3.989   4.005   4.010   4.036   4.040   4.049 
    4.061   4.076   4.078   4.093   4.105   4.123   4.133   4.155 
    4.160   4.186   4.191   4.218   4.253   4.263   4.276   4.314 
    4.330   4.342   4.361   4.377   4.386   4.397   4.423   4.424 
    4.438   4.465   4.483   4.489   4.496   4.513   4.529   4.536 
    4.542   4.557   4.575   4.586   4.592   4.609   4.620   4.656 
    4.662   4.669   4.695   4.705   4.723   4.738   4.764   4.782 
    4.788   4.815   4.817   4.832   4.849   4.860   4.866   4.875 
    4.895   4.911   4.923   4.931   4.935   4.956   4.974   4.978 
    4.986   5.000   5.026   5.031   5.048   5.058   5.071   5.085 
    5.094   5.111   5.119   5.132   5.154   5.176   5.216   5.229 
    5.238   5.252   5.270   5.273   5.302   5.325   5.343   5.357 
    5.361   5.371   5.376   5.392   5.422   5.432   5.450   5.460 
    5.481   5.494   5.532   5.571   5.578   5.589   5.592   5.606 
    5.625   5.636   5.679   5.680   5.694   5.702   5.716   5.755 
    5.769   5.776   5.792   5.814   5.821   5.848   5.867   5.880 
    5.923   5.957   5.966   5.984   6.012   6.026   6.038   6.066 
    6.082   6.124   6.141   6.152   6.167   6.183   6.220   6.278 
    6.285   6.286   6.311   6.324   6.366   6.389   6.446   6.459 
    6.489   6.507   6.518   6.522   6.545   6.591   6.605   6.645 
    6.670   6.675   6.693   6.726   6.741   6.793   6.817   6.848 
    6.855   6.878   6.894   6.945   6.953   6.964   7.017   7.062 
    7.104   7.118   7.126   7.179   7.208   7.231   7.253   7.281 
    7.296   7.330   7.349   7.394   7.468   7.470   7.513   7.531 
    7.553   7.568   7.625   7.672   7.691   7.715   7.752   7.774 
    7.806   7.824   7.864   7.905   7.920   7.960   7.987   8.035 
    8.050   8.071   8.082   8.102   8.121   8.136   8.143   8.177 
    8.184   8.207   8.230   8.240   8.276   8.289   8.342   8.354 
    8.433   8.461   8.489   8.511   8.532   8.554   8.570   8.590 
    8.597   8.608   8.669   8.695   8.720   8.734   8.740   8.744 
    8.790   8.806   8.832   8.854   8.884   8.910   8.930   8.933 
    8.942   8.972   8.988   9.020   9.049   9.090   9.128   9.180 
    9.189   9.205   9.217   9.275   9.290   9.308   9.338   9.389 
    9.403   9.428   9.437   9.455   9.534   9.573   9.604   9.655 
    9.674   9.696   9.729   9.751   9.787   9.823   9.831   9.877 
    9.902   9.912   9.943   9.958   9.972   9.989  10.007  10.024 
   10.036  10.047  10.058  10.075  10.078  10.129  10.167  10.181 
   10.185  10.216  10.243  10.260  10.274  10.290  10.311  10.355 
   10.361  10.398  10.409  10.420  10.473  10.477  10.526  10.556 
   10.580  10.595  10.622  10.673  10.700  10.716  10.737  10.753 
   10.798  10.806  10.819  10.843  10.868  10.882  10.916  10.939 
   10.952  10.954  10.974  10.981  10.996  11.042  11.062  11.075 
   11.091  11.120  11.145  11.154  11.174  11.206  11.236  11.247 
   11.257  11.264  11.294  11.332  11.352  11.385  11.395  11.404 
   11.417  11.450  11.456  11.479  11.502  11.525  11.550  11.596 
   11.623  11.644  11.674  11.720  11.767  11.777  11.811  11.815 
   11.872  11.904  11.913  11.949  12.016  12.051  12.081  12.142 
   12.164  12.178  12.181  12.210  12.238  12.300  12.312  12.328 
   12.373  12.383  12.402  12.461  12.471  12.485  12.520  12.547 
   12.557  12.567  12.579  12.587  12.594  12.601  12.604  12.613 
   12.640  12.651  12.664  12.672  12.674  12.695  12.706  12.725 
   12.752  12.755  12.761  12.775  12.791  12.799  12.839  12.880 
   12.884  12.894  12.940  12.949  12.963  12.987  13.036  13.045 
   13.048  13.083  13.099  13.127  13.173  13.211  13.243  13.254 
   13.294  13.306  13.310  13.334  13.358  13.396  13.411  13.419 
   13.433  13.462  13.477  13.497  13.503  13.519  13.560  13.577 
   13.595  13.605  13.623  13.665  13.683  13.693  13.708  13.746 
   13.764  13.778  13.784  13.791  13.802  13.805  13.836  13.855 
   13.872  13.916  13.922  13.947  13.948  13.999  14.011  14.023 
   14.036  14.049  14.052  14.068  14.092  14.108  14.122  14.134 
   14.143  14.161  14.170  14.185  14.195  14.208  14.219  14.261 
   14.271  14.280  14.318  14.327  14.347  14.360  14.398  14.412 
   14.420  14.449  14.486  14.516  14.542  14.584  14.603  14.627 
   14.640  14.691  14.698  14.746  14.767  14.796  14.802  14.808 
   14.814  14.854  14.875  14.885  14.906  14.945  15.002  15.052 
   15.084  15.111  15.118  15.145  15.208  15.217  15.263  15.286 
   15.317  15.337  15.353  15.370  15.432  15.444  15.500  15.530 
   15.548  15.585  15.631  15.653  15.666  15.693  15.802  15.836 
   15.922  15.977  16.015  16.038  16.068  16.093  16.108  16.161 
   16.204  16.229  16.260  16.281  16.376  16.407  16.417  16.460 
   16.470  16.480  16.502  16.562  16.642  16.704  16.796  16.842 
   16.932  16.988  17.093  17.120  17.148  17.183  17.232  17.299 
   17.324  17.424  17.486  17.494  17.537  17.544  17.602  17.658 
   17.683  17.708  17.759  17.808  17.883  17.898  17.920  17.964 
   17.968  18.016  18.060  18.122  18.133  18.291  18.357  18.367 
   18.418  18.622  18.671  18.723  18.913  18.997  19.107  19.354 
   19.476  19.596  19.741  19.818  20.318  20.625  20.694  20.762 
   20.840  20.871  21.025  21.241  21.286  21.394  22.752  23.550 
   24.583  26.541  29.059  30.346  30.463  31.116  32.079  32.718 
   39.505  40.908  41.200  41.926  42.580  49.430  49.659  49.864 
   50.629  50.822  50.883  50.962  51.247  51.830  52.305  57.591 
   57.680  57.994  58.010  58.024  58.305  58.554  58.826  58.958 
   59.118  59.132  59.353  59.429  59.842  64.850  66.673  81.452 
   82.520  83.208  83.440  84.797  85.128 148.572 148.729 148.889 
  149.415 149.564 150.804 150.852 151.072 151.463 151.804 170.322 
  172.971 207.031 207.032 207.036 207.040 207.041 207.043 207.044 
  207.044 207.045 208.864 208.865 208.866 208.871 208.872 208.875 
  208.878 208.882 208.883 227.419 228.316 228.884 230.239 231.362 
  231.629 233.898 233.938 234.063 234.072 234.103 234.211 234.297 
  236.247 236.323 236.371 236.382 236.490 236.496 236.692 447.090 
  450.623 453.730 453.851 453.956 454.319 454.438 456.922 456.955 
  457.139 457.395 457.625 640.652 641.417 641.924 644.335 645.320 
  645.557 1572.851 1578.481 

Beta occupied
  -18.368 -15.781 -11.594 -11.521 -11.471 -11.443 -11.438  -1.659 
   -1.432  -1.326  -1.246  -1.137  -1.083  -0.975  -0.938  -0.929 
   -0.890  -0.866  -0.846  -0.827  -0.750  -0.728  -0.701  -0.647 
   -0.537 

Beta virtual
   -0.124  -0.061  -0.053  -0.037  -0.030  -0.005  -0.001   0.023 
    0.033   0.037   0.051   0.062   0.082   0.085   0.095   0.102 
    0.106   0.134   0.150   0.155   0.164   0.173   0.183   0.194 
    0.200   0.209   0.219   0.228   0.237   0.243   0.246   0.257 
    0.268   0.270   0.290   0.292   0.297   0.315   0.332   0.337 
    0.340   0.357   0.374   0.395   0.406   0.425   0.432   0.435 
    0.443   0.453   0.475   0.494   0.506   0.530   0.534   0.537 
    0.541   0.552   0.558   0.571   0.588   0.594   0.602   0.619 
    0.626   0.629   0.640   0.660   0.664   0.679   0.686   0.690 
    0.706   0.723   0.738   0.741   0.752   0.768   0.773   0.786 
    0.797   0.811   0.818   0.826   0.836   0.849   0.858   0.864 
    0.879   0.882   0.888   0.895   0.901   0.921   0.932   0.944 
    0.947   0.961   0.968   0.983   0.998   1.016   1.022   1.037 
    1.054   1.063   1.080   1.091   1.117   1.139   1.163   1.175 
    1.192   1.207   1.238   1.242   1.254   1.265   1.272   1.310 
    1.328   1.329   1.344   1.359   1.367   1.383   1.387   1.398 
    1.412   1.416   1.433   1.440   1.443   1.445   1.451   1.468 
    1.475   1.480   1.495   1.502   1.512   1.518   1.536   1.552 
    1.556   1.579   1.586   1.596   1.608   1.628   1.639   1.653 
    1.673   1.689   1.705   1.714   1.735   1.739   1.754   1.763 
    1.767   1.773   1.787   1.809   1.818   1.842   1.851   1.858 
    1.863   1.869   1.890   1.903   1.910   1.921   1.931   1.935 
    1.954   1.958   1.966   1.973   1.989   2.002   2.016   2.031 
    2.036   2.044   2.060   2.071   2.083   2.084   2.096   2.127 
    2.134   2.139   2.163   2.184   2.196   2.204   2.216   2.233 
    2.250   2.265   2.286   2.295   2.301   2.306   2.330   2.347 
    2.359   2.378   2.392   2.403   2.407   2.434   2.449   2.464 
    2.505   2.514   2.528   2.543   2.559   2.585   2.604   2.616 
    2.626   2.640   2.687   2.692   2.705   2.713   2.736   2.747 
    2.758   2.769   2.788   2.803   2.844   2.855   2.856   2.882 
    2.911   2.935   2.944   2.946   2.952   2.991   2.995   3.008 
    3.026   3.043   3.067   3.076   3.096   3.128   3.138   3.151 
    3.157   3.170   3.181   3.189   3.207   3.238   3.278   3.280 
    3.291   3.304   3.315   3.332   3.350   3.365   3.383   3.396 
    3.406   3.436   3.441   3.452   3.465   3.479   3.514   3.538 
    3.539   3.570   3.576   3.584   3.597   3.613   3.631   3.657 
    3.661   3.671   3.688   3.697   3.700   3.715   3.732   3.749 
    3.754   3.766   3.781   3.805   3.827   3.833   3.849   3.872 
    3.885   3.896   3.904   3.907   3.924   3.942   3.954   3.966 
    3.986   3.988   4.005   4.010   4.036   4.039   4.047   4.060 
    4.074   4.078   4.092   4.105   4.123   4.134   4.153   4.160 
    4.187   4.191   4.216   4.252   4.265   4.276   4.313   4.329 
    4.343   4.355   4.378   4.382   4.396   4.423   4.423   4.437 
    4.463   4.482   4.490   4.495   4.513   4.528   4.534   4.539 
    4.556   4.573   4.586   4.591   4.610   4.620   4.655   4.661 
    4.667   4.694   4.705   4.723   4.732   4.763   4.781   4.787 
    4.813   4.817   4.830   4.849   4.858   4.866   4.874   4.894 
    4.910   4.924   4.928   4.934   4.954   4.974   4.978   4.984 
    4.999   5.025   5.031   5.048   5.056   5.070   5.085   5.093 
    5.110   5.118   5.131   5.153   5.175   5.213   5.230   5.237 
    5.251   5.269   5.272   5.301   5.323   5.342   5.355   5.359 
    5.369   5.375   5.390   5.421   5.432   5.449   5.457   5.481 
    5.492   5.530   5.569   5.577   5.587   5.591   5.605   5.624 
    5.632   5.677   5.679   5.694   5.701   5.714   5.749   5.766 
    5.773   5.788   5.812   5.819   5.848   5.867   5.879   5.920 
    5.956   5.964   5.983   6.010   6.025   6.036   6.064   6.082 
    6.124   6.138   6.151   6.165   6.180   6.218   6.278   6.282 
    6.285   6.306   6.320   6.366   6.388   6.443   6.456   6.487 
    6.503   6.516   6.521   6.544   6.589   6.602   6.644   6.669 
    6.672   6.689   6.722   6.741   6.791   6.817   6.846   6.853 
    6.876   6.892   6.945   6.952   6.962   7.016   7.059   7.104 
    7.116   7.125   7.179   7.207   7.228   7.251   7.278   7.293 
    7.328   7.346   7.390   7.464   7.467   7.500   7.522   7.546 
    7.566   7.623   7.669   7.690   7.712   7.743   7.772   7.803 
    7.824   7.863   7.905   7.919   7.956   7.982   8.031   8.047 
    8.067   8.078   8.093   8.119   8.134   8.140   8.176   8.183 
    8.206   8.228   8.239   8.274   8.286   8.339   8.352   8.433 
    8.460   8.485   8.510   8.530   8.552   8.569   8.588   8.598 
    8.609   8.670   8.694   8.717   8.732   8.740   8.744   8.782 
    8.804   8.832   8.853   8.881   8.908   8.928   8.933   8.940 
    8.969   8.985   9.016   9.039   9.087   9.128   9.181   9.186 
    9.200   9.216   9.260   9.287   9.308   9.338   9.390   9.403 
    9.427   9.435   9.453   9.533   9.571   9.584   9.651   9.675 
    9.695   9.730   9.751   9.785   9.824   9.832   9.878   9.901 
    9.912   9.943   9.955   9.972   9.988  10.006  10.024  10.036 
   10.049  10.058  10.075  10.079  10.112  10.169  10.181  10.185 
   10.214  10.238  10.253  10.272  10.288  10.303  10.331  10.354 
   10.385  10.407  10.418  10.469  10.473  10.525  10.554  10.560 
   10.594  10.621  10.672  10.699  10.717  10.737  10.754  10.792 
   10.802  10.819  10.842  10.866  10.880  10.915  10.938  10.950 
   10.956  10.970  10.981  10.994  11.041  11.060  11.073  11.088 
   11.119  11.143  11.154  11.172  11.204  11.237  11.245  11.256 
   11.264  11.293  11.330  11.349  11.380  11.393  11.399  11.411 
   11.447  11.451  11.476  11.499  11.523  11.548  11.594  11.611 
   11.640  11.672  11.706  11.764  11.777  11.808  11.815  11.870 
   11.905  11.910  11.949  12.016  12.051  12.080  12.140  12.164 
   12.178  12.180  12.210  12.235  12.299  12.311  12.325  12.369 
   12.375  12.399  12.458  12.467  12.482  12.516  12.533  12.557 
   12.567  12.578  12.583  12.593  12.601  12.604  12.613  12.633 
   12.647  12.662  12.669  12.672  12.692  12.706  12.723  12.749 
   12.753  12.759  12.775  12.791  12.799  12.838  12.873  12.883 
   12.887  12.935  12.946  12.962  12.982  13.036  13.044  13.047 
   13.081  13.098  13.126  13.171  13.210  13.242  13.252  13.290 
   13.304  13.308  13.331  13.357  13.394  13.410  13.417  13.431 
   13.461  13.476  13.494  13.503  13.518  13.558  13.576  13.594 
   13.604  13.622  13.665  13.682  13.692  13.708  13.746  13.763 
   13.777  13.783  13.791  13.801  13.804  13.836  13.854  13.872 
   13.915  13.922  13.946  13.948  13.999  14.011  14.023  14.036 
   14.048  14.052  14.068  14.091  14.107  14.121  14.134  14.142 
   14.160  14.170  14.183  14.194  14.204  14.219  14.258  14.271 
   14.279  14.318  14.325  14.346  14.360  14.397  14.410  14.419 
   14.447  14.484  14.511  14.540  14.581  14.602  14.626  14.639 
   14.690  14.695  14.743  14.764  14.794  14.798  14.804  14.812 
   14.852  14.873  14.883  14.896  14.942  14.999  15.049  15.081 
   15.107  15.112  15.141  15.205  15.213  15.260  15.282  15.313 
   15.336  15.348  15.366  15.428  15.443  15.499  15.528  15.547 
   15.584  15.630  15.651  15.663  15.692  15.797  15.834  15.921 
   15.976  16.014  16.035  16.067  16.093  16.107  16.158  16.200 
   16.227  16.259  16.279  16.372  16.396  16.406  16.456  16.457 
   16.471  16.500  16.562  16.640  16.704  16.795  16.841  16.929 
   16.987  17.092  17.118  17.148  17.167  17.216  17.297  17.324 
   17.423  17.457  17.487  17.516  17.534  17.599  17.651  17.680 
   17.706  17.754  17.801  17.883  17.893  17.914  17.959  17.968 
   17.999  18.039  18.121  18.129  18.250  18.355  18.362  18.417 
   18.621  18.670  18.723  18.912  18.996  19.106  19.329  19.454 
   19.579  19.716  19.804  20.318  20.625  20.694  20.762  20.840 
   20.871  21.025  21.241  21.286  21.394  22.751  23.549  24.272 
   26.541  28.747  30.062  30.448  30.838  32.075  32.718  39.504 
   40.907  41.202  41.926  42.579  49.274  49.503  49.709  50.477 
   50.673  50.883  50.962  51.245  51.830  52.305  57.508  57.598 
   57.912  57.929  57.942  58.223  58.476  58.825  58.958  59.118 
   59.132  59.353  59.429  59.842  64.407  66.673  81.044  82.119 
   82.817  83.435  84.796  85.128 148.317 148.474 148.635 149.162 
  149.311 150.804 150.852 151.072 151.463 151.804 169.894 172.971 
  206.923 206.924 206.928 206.931 206.933 206.934 206.935 206.936 
  206.936 208.864 208.865 208.866 208.871 208.872 208.875 208.878 
  208.882 208.883 227.035 227.935 228.506 230.239 231.362 231.629 
  233.709 233.749 233.875 233.883 233.914 234.023 234.109 236.248 
  236.323 236.371 236.382 236.490 236.496 236.692 446.744 450.623 
  453.466 453.588 453.693 454.056 454.176 456.922 456.955 457.139 
  457.395 457.626 640.359 641.125 641.632 644.335 645.320 645.557 
  1572.636 1578.480 

  SA 0  : 0 (0.99)    SB 0  : 1 (1.00)
  SA 1  : 2 (1.00)    SB 1  : 0 (0.99)
  SA 2  : 3 (1.00)    SB 2  : 2 (1.00)
  SA 3  : 4 (1.00)    SB 3  : 3 (1.00)
  SA 4  : 5 (1.00)    SB 4  : 4 (1.00)
  SA 5  : 6 (1.00)    SB 5  : 5 (1.00)
  SA 6  : 7 (0.25) 12 (0.27) 24 (0.21)    SB 6  : 6 (1.00)
  SA 7  : 8 (0.35) 12 (0.12) 14 (0.18) 16 (0.18)    SB 7  : 7 (0.26) 12 (0.31) 18 (0.12) 24 (0.22)
  SA 8  : 9 (0.24) 20 (0.17) 23 (0.17)    SB 8  : 8 (0.38) 14 (0.18) 16 (0.18)
  SA 9  : 10 (0.13) 12 (0.11) 21 (0.11) 22 (0.11)    SB 9  : 9 (0.24) 10 (0.11) 20 (0.15) 23 (0.16)
  SA 10 : 9 (0.17) 10 (0.17) 12 (0.18) 17 (0.10)    SB 10 : 10 (0.13) 12 (0.13)
  SA 11 : 10 (0.16) 13 (0.16) 21 (0.11) 22 (0.10)    SB 11 : 7 (0.11) 9 (0.13) 10 (0.12) 12 (0.24)
  SA 12 : 8 (0.16) 11 (0.22) 16 (0.14) 18 (0.18)    SB 12 : 10 (0.17) 13 (0.19) 18 (0.11)
  SA 13 : 9 (0.16) 14 (0.22)    SB 13 : 8 (0.11) 11 (0.16) 18 (0.34)
  SA 14 : 8 (0.10) 15 (0.20) 16 (0.28) 17 (0.14) 24 (0.11)    SB 14 : 9 (0.17) 14 (0.18)
  SA 15 : 7 (0.31) 24 (0.34)    SB 15 : 7 (0.37) 24 (0.39)
  SA 16 : 13 (0.13) 14 (0.24) 16 (0.17)    SB 16 : 8 (0.19) 15 (0.14) 16 (0.33)
  SA 17 : 10 (0.13) 11 (0.29) 17 (0.25)    SB 17 : 13 (0.32) 14 (0.18) 16 (0.14) 18 (0.11)
  SA 18 : 13 (0.32) 18 (0.25)    SB 18 : 14 (0.13) 15 (0.21) 16 (0.11) 17 (0.23)
  SA 19 : 9 (0.17) 15 (0.34) 17 (0.16) 23 (0.10)    SB 19 : 10 (0.17) 11 (0.27) 17 (0.15)
  SA 20 : 10 (0.11) 11 (0.12) 13 (0.16) 18 (0.19)    SB 20 : 9 (0.14) 15 (0.34) 17 (0.15) 23 (0.13)
  SA 21 : 19 (0.66)    SB 21 : 9 (0.15) 10 (0.10) 11 (0.15) 13 (0.24)
  SA 22 : 20 (0.27) 21 (0.16) 22 (0.17) 23 (0.27)    SB 22 : 19 (0.57) 20 (0.17) 23 (0.12)
  SA 23 : 19 (0.15) 20 (0.17) 21 (0.20) 22 (0.21) 23 (0.17)    SB 23 : 19 (0.13) 20 (0.17) 21 (0.23) 22 (0.24) 23 (0.17)
  SB 24 : 19 (0.15) 20 (0.16) 21 (0.23) 22 (0.24) 23 (0.16)

The transition for spin alpha is from 22 (0.01) to 1 (0.96).



  >>> Running UHF-MP2 <<<

MP2 correlation energy (UHF) : -1.5311023934
MP2 total energy       (UHF) : -288.5735895910

