	*********************************************** 
	***** Beginning CEBE Calculation with MOM ***** 
	*****       Calculation Details:          ***** 
	      Geometry:	 /work/morgunov/core/calculations/mols/exp/n/ch3sc-n.xyz
	      Core Basis:	 cc-pCV5Z
	      Full Basis:	 cc-pV5Z
	      DIIS (start, space):	 0 50
	      Level shift:	 0
	      Do localization?:	 False
	      Do SFX2C1E?:	 True
	      Freeze orbitals?:	 True
	      Use Cheng orbitals?:	 False
	      Do Special Basis?:	 False
	*********************************************** 
	*********************************************** 

  >>> Running RHF <<<

init D/C      : minao
init ov       : zeros
no            : 19
nv            : 568
ov_size       : 10792
max_cycle     : 1000
conv          : 6
econv         : 9
method        : gdm
scale_stop    : 0
scale_factor  : 1.000000
init E        : -529.419482283686
init |[F,P]|  : 4.86e-03
init |dE|     : 1.08e-02
check file    : None

iter      total energy   |[F,P]|      |dE|         ∆E   comment
   1    -529.457637197  4.50e-03  1.04e-02  -3.82e-02  BFGS
   2    -529.517941517  6.54e-04  1.44e-03  -6.03e-02  BFGS
   3    -529.519863663  2.62e-04  6.05e-04  -1.92e-03  BFGS
   4    -529.520219895  6.32e-05  1.60e-04  -3.56e-04  BFGS
   5    -529.520244670  2.30e-05  5.28e-05  -2.48e-05  BFGS
   6    -529.520249389  9.32e-06  2.06e-05  -4.72e-06  BFGS
   7    -529.520250173  5.05e-06  1.13e-05  -7.84e-07  BFGS
   8    -529.520250512  2.16e-06  5.33e-06  -3.38e-07  BFGS
   9    -529.520250556  8.53e-07  2.16e-06  -4.42e-08  BFGS
  10    -529.520250562  2.41e-07  6.38e-07  -5.49e-09  BFGS
  11    -529.520250562  7.71e-08  1.86e-07  -4.42e-10  BFGS
                                                                      gdm is converged!

SCF converged : True
final |[F,P]| : 7.71e-08
final |dE|    : 1.86e-07
final Escf    : -667.017864575461
final Etot    : -529.520250561972

  pxp & ewc             :::        0.688 (  0.11%)
  apply B               :::        0.005 (  0.00%)
  linsrch               :::      606.042 ( 99.88%)
  grad                  :::        0.042 (  0.01%)
  Total                 :::      606.777 (100.00%)

Alpha occupied
  -92.017 -15.585 -11.300 -11.290  -9.018  -6.699  -6.698  -6.697 
   -1.222  -1.099  -0.940  -0.690  -0.633  -0.611  -0.567  -0.534 
   -0.516  -0.454  -0.384 

Alpha virtual
    0.073   0.113   0.115   0.127   0.141   0.156   0.172   0.186 
    0.192   0.220   0.222   0.236   0.256   0.277   0.291   0.306 
    0.332   0.365   0.372   0.395   0.405   0.408   0.428   0.441 
    0.459   0.489   0.511   0.527   0.560   0.589   0.597   0.610 
    0.614   0.626   0.652   0.660   0.687   0.713   0.737   0.757 
    0.781   0.783   0.817   0.847   0.857   0.873   0.896   0.906 
    0.933   0.941   0.946   0.971   0.975   0.982   0.995   1.009 
    1.041   1.056   1.083   1.108   1.122   1.146   1.152   1.159 
    1.201   1.215   1.250   1.259   1.286   1.293   1.303   1.327 
    1.335   1.366   1.388   1.417   1.418   1.448   1.468   1.495 
    1.518   1.531   1.548   1.559   1.617   1.627   1.631   1.648 
    1.675   1.683   1.728   1.745   1.779   1.784   1.793   1.796 
    1.833   1.850   1.858   1.897   1.916   1.945   1.974   1.985 
    1.985   1.998   2.027   2.083   2.084   2.115   2.139   2.147 
    2.163   2.184   2.219   2.239   2.282   2.315   2.323   2.354 
    2.360   2.372   2.406   2.426   2.438   2.449   2.458   2.477 
    2.490   2.526   2.535   2.565   2.565   2.603   2.613   2.617 
    2.672   2.697   2.734   2.745   2.752   2.779   2.796   2.799 
    2.852   2.893   2.909   2.914   2.943   2.971   3.013   3.020 
    3.061   3.100   3.135   3.161   3.211   3.214   3.245   3.255 
    3.318   3.327   3.400   3.420   3.441   3.466   3.525   3.567 
    3.587   3.593   3.603   3.667   3.730   3.742   3.755   3.795 
    3.810   3.846   3.857   3.878   3.920   3.941   3.976   3.984 
    4.004   4.008   4.034   4.042   4.075   4.104   4.130   4.145 
    4.172   4.199   4.220   4.257   4.270   4.308   4.323   4.343 
    4.374   4.392   4.420   4.425   4.445   4.454   4.491   4.615 
    4.632   4.666   4.716   4.723   4.733   4.743   4.758   4.773 
    4.799   4.804   4.812   4.817   4.826   4.873   4.889   4.922 
    4.945   5.001   5.016   5.018   5.033   5.134   5.136   5.166 
    5.191   5.195   5.221   5.251   5.269   5.276   5.311   5.377 
    5.384   5.389   5.469   5.473   5.494   5.513   5.523   5.545 
    5.608   5.609   5.636   5.650   5.670   5.678   5.690   5.696 
    5.739   5.765   5.789   5.791   5.816   5.836   5.843   5.897 
    5.957   5.968   5.982   6.022   6.048   6.075   6.094   6.114 
    6.165   6.184   6.186   6.191   6.254   6.279   6.323   6.356 
    6.366   6.429   6.464   6.472   6.514   6.559   6.613   6.643 
    6.695   6.764   6.828   6.837   6.875   7.003   7.045   7.050 
    7.069   7.089   7.104   7.164   7.193   7.222   7.477   7.498 
    7.501   7.556   7.599   7.630   7.660   7.686   7.709   7.731 
    7.732   7.821   7.831   7.888   7.916   8.103   8.118   8.158 
    8.187   8.207   8.307   8.565   8.584   8.595   9.004   9.118 
    9.139   9.166   9.288   9.301   9.364   9.377   9.396   9.472 
    9.492   9.521   9.548   9.570   9.666   9.702   9.768   9.826 
    9.887   9.913   9.947   9.963   9.968   9.997  10.007  10.025 
   10.060  10.092  10.130  10.165  10.190  10.316  10.335  10.351 
   10.383  10.409  10.450  10.490  10.574  10.712  10.721  10.745 
   10.776  10.823  10.895  10.895  10.924  10.971  11.043  11.086 
   11.098  11.106  11.125  11.156  11.160  11.214  11.340  11.400 
   11.506  11.507  11.523  11.561  11.572  11.639  11.772  11.905 
   11.935  12.023  12.232  12.256  12.260  12.580  12.601  12.641 
   12.714  12.726  12.729  12.749  12.758  12.793  12.878  12.908 
   12.944  12.968  12.984  13.022  13.103  13.134  13.205  13.342 
   13.363  13.408  13.426  13.467  13.471  13.515  13.549  13.557 
   13.584  13.597  13.624  13.717  13.801  13.968  13.990  14.047 
   14.072  14.082  14.116  14.128  14.129  14.131  14.205  14.290 
   14.293  14.336  14.340  14.358  14.393  14.394  14.417  14.422 
   14.429  14.441  14.449  14.456  14.504  14.528  14.590  14.603 
   14.722  14.791  14.893  14.912  14.938  14.944  14.956  14.963 
   15.069  15.492  15.499  15.555  15.595  15.661  15.793  15.809 
   15.826  15.845  15.927  16.090  16.099  16.396  16.436  16.945 
   16.945  17.393  17.438  17.451  17.544  17.581  17.774  17.911 
   17.942  17.948  17.997  18.249  18.341  18.371  18.400  18.475 
   18.582  18.640  18.725  18.737  18.950  18.994  19.101  20.196 
   20.814  20.923  20.973  24.697  25.196  27.023  28.125  29.819 
   29.866  31.603  39.150  42.243  50.280  50.303  50.946  50.957 
   51.639  58.480  58.482  58.799  58.803  59.364  59.382  59.418 
   65.505  68.927  82.997  83.038  84.467 150.451 150.467 150.925 
  150.933 151.403 171.954 209.039 209.039 209.047 209.047 209.055 
  209.055 209.063 209.066 209.068 229.914 229.950 231.117 236.214 
  236.214 236.346 236.348 236.596 236.603 236.651 449.670 456.744 
  456.755 457.075 457.081 457.435 644.092 644.123 645.134 1574.587 


  >>> Running RHF-MP2 <<<


RMP2-TIMING
  rmp2                  :::      465.452 (100.00%)
  Total                 :::      465.452 (100.00%)

MP2 correlation energy (RHF) : -1.0585484012
MP2 total energy       (RHF) : -530.5787989632


  >>> Running UHF <<<

init D/C      : input mo_coeff
init ov       : zeros
no            : 18 19
nv            : 569 568
ov_size       : 21034
max_cycle     : 1000
conv          : 6
econv         : 9
method        : diis
mom_start     : 0
guess mix     : 0.000000
orb_swap      : [[[1, 18]], []]
init E        : -513.934853812739
init S2       : 0.749999999999886
init |[F,P]|  : 1.31e-02
init |dE|     : 3.53e-02
check file    : None

iter      total energy   |[F,P]|      |dE|         ∆E   S^2   comment
   1    -514.170223802  9.67e-03  2.47e-02  -2.35e-01  0.75  DIIS mom: 17.5/18 18.4/19
   2    -514.634800565  1.27e-03  3.08e-03  -4.65e-01  0.76  DIIS mom: 17.9/18 18.9/19
   3    -514.645387315  4.04e-04  9.93e-04  -1.06e-02  0.77  DIIS mom: 18.0/18 19.0/19
   4    -514.647274126  2.44e-04  5.42e-04  -1.89e-03  0.78  DIIS mom: 18.0/18 19.0/19
   5    -514.648952208  2.04e-04  4.43e-04  -1.68e-03  0.80  DIIS mom: 18.0/18 19.0/19
   6    -514.651118957  1.58e-04  3.41e-04  -2.17e-03  0.84  DIIS mom: 18.0/18 19.0/19
   7    -514.653397090  7.44e-05  1.79e-04  -2.28e-03  0.95  DIIS mom: 18.0/18 19.0/19
   8    -514.653601846  2.61e-05  5.90e-05  -2.05e-04  0.98  DIIS mom: 18.0/18 19.0/19
   9    -514.653627165  1.55e-05  3.42e-05  -2.53e-05  0.99  DIIS mom: 18.0/18 19.0/19
  10    -514.653636898  9.89e-06  2.16e-05  -9.73e-06  1.00  DIIS mom: 18.0/18 19.0/19
  11    -514.653641954  5.33e-06  1.20e-05  -5.06e-06  1.00  DIIS mom: 18.0/18 19.0/19
  12    -514.653643577  2.39e-06  5.71e-06  -1.62e-06  1.00  DIIS mom: 18.0/18 19.0/19
  13    -514.653643931  1.17e-06  2.82e-06  -3.54e-07  1.00  DIIS mom: 18.0/18 19.0/19
  14    -514.653644021  5.88e-07  1.44e-06  -9.04e-08  1.00  DIIS mom: 18.0/18 19.0/19
  15    -514.653644047  3.90e-07  9.52e-07  -2.56e-08  1.00  DIIS mom: 18.0/18 19.0/19
  16    -514.653644054  2.07e-07  5.06e-07  -7.48e-09  1.00  DIIS mom: 18.0/18 19.0/19
  17    -514.653644057  6.33e-08  1.55e-07  -2.45e-09  1.00  DIIS mom: 18.0/18 19.0/19
  18    -514.653644057  3.09e-08  7.66e-08  -2.40e-10  1.00  DIIS mom: 18.0/18 19.0/19
                                                                      diis is converged!

SCF converged : True
final |[F,P]| : 3.09e-08
final |dE|    : 7.66e-08
final Escf    : -652.151258070512
final Etot    : -514.653644057023
final S2      : 0.998450294007608

  diis prep             :::        0.419 (  0.04%)
  diis extrap           :::        0.422 (  0.04%)
  roothaan              :::        1.772 (  0.17%)
  fock build            :::     1046.561 ( 99.75%)
  Total                 :::     1049.174 (100.00%)

Alpha occupied
  -92.277 -11.704 -11.493  -9.276  -6.957  -6.957  -6.955  -1.609 
   -1.354  -1.171  -0.966  -0.909  -0.877  -0.868  -0.823  -0.797 
   -0.731  -0.645 

Alpha virtual
  -14.131  -0.162  -0.137  -0.093  -0.057  -0.051  -0.023  -0.019 
    0.012   0.024   0.036   0.039   0.057   0.079   0.088   0.094 
    0.114   0.160   0.164   0.182   0.221   0.228   0.232   0.237 
    0.238   0.274   0.293   0.303   0.312   0.348   0.378   0.401 
    0.424   0.428   0.436   0.463   0.476   0.477   0.523   0.527 
    0.553   0.574   0.575   0.595   0.625   0.650   0.687   0.695 
    0.705   0.725   0.726   0.735   0.742   0.766   0.777   0.790 
    0.791   0.837   0.862   0.891   0.900   0.916   0.916   0.936 
    0.947   0.981   0.988   1.022   1.055   1.059   1.088   1.089 
    1.099   1.126   1.136   1.153   1.167   1.189   1.216   1.265 
    1.277   1.312   1.318   1.321   1.336   1.376   1.378   1.401 
    1.422   1.439   1.472   1.496   1.498   1.528   1.529   1.542 
    1.592   1.633   1.650   1.651   1.683   1.687   1.722   1.727 
    1.762   1.785   1.799   1.820   1.857   1.859   1.897   1.930 
    1.941   1.968   1.976   1.983   2.011   2.027   2.107   2.121 
    2.132   2.147   2.161   2.174   2.206   2.210   2.223   2.227 
    2.252   2.264   2.305   2.318   2.331   2.338   2.365   2.381 
    2.382   2.424   2.455   2.509   2.509   2.544   2.562   2.571 
    2.586   2.628   2.646   2.677   2.690   2.726   2.754   2.756 
    2.784   2.833   2.857   2.872   2.906   2.969   2.996   3.034 
    3.041   3.072   3.089   3.120   3.139   3.189   3.221   3.250 
    3.311   3.326   3.362   3.383   3.422   3.496   3.502   3.526 
    3.551   3.565   3.591   3.599   3.607   3.676   3.686   3.720 
    3.733   3.739   3.770   3.793   3.802   3.849   3.889   3.897 
    3.921   3.933   3.935   3.950   3.984   3.985   4.004   4.064 
    4.081   4.091   4.151   4.162   4.204   4.209   4.228   4.249 
    4.379   4.395   4.417   4.473   4.482   4.487   4.532   4.538 
    4.560   4.562   4.567   4.576   4.589   4.602   4.634   4.658 
    4.672   4.732   4.748   4.780   4.810   4.811   4.901   4.915 
    4.937   4.962   4.990   4.996   5.000   5.041   5.043   5.080 
    5.150   5.158   5.169   5.231   5.254   5.285   5.297   5.320 
    5.324   5.370   5.377   5.398   5.407   5.431   5.448   5.455 
    5.461   5.505   5.550   5.570   5.570   5.588   5.625   5.628 
    5.664   5.721   5.730   5.752   5.786   5.802   5.828   5.869 
    5.883   5.897   5.925   5.929   5.955   6.015   6.032   6.061 
    6.130   6.134   6.185   6.200   6.237   6.256   6.298   6.344 
    6.375   6.443   6.536   6.554   6.612   6.652   6.740   6.758 
    6.805   6.852   6.854   6.868   6.921   6.991   7.006   7.219 
    7.241   7.277   7.281   7.333   7.367   7.377   7.405   7.457 
    7.478   7.494   7.500   7.507   7.587   7.617   7.790   7.845 
    7.949   7.955   7.962   7.999   8.246   8.254   8.267   8.766 
    8.819   8.899   8.926   9.025   9.049   9.064   9.068   9.125 
    9.125   9.190   9.291   9.299   9.335   9.425   9.451   9.533 
    9.575   9.578   9.606   9.617   9.639   9.654   9.707   9.714 
    9.724   9.752   9.760   9.785   9.874   9.874  10.031  10.067 
   10.144  10.173  10.187  10.248  10.288  10.317  10.398  10.416 
   10.448  10.554  10.574  10.584  10.594  10.623  10.652  10.652 
   10.699  10.753  10.802  10.885  10.895  10.906  10.991  11.052 
   11.111  11.170  11.305  11.319  11.359  11.371  11.430  11.525 
   11.576  11.577  11.758  11.807  11.969  11.973  12.382  12.404 
   12.449  12.521  12.532  12.535  12.557  12.565  12.600  12.686 
   12.713  12.751  12.774  12.791  12.831  12.906  12.933  12.995 
   13.077  13.131  13.151  13.176  13.217  13.256  13.262  13.278 
   13.322  13.358  13.359  13.423  13.473  13.522  13.639  13.776 
   13.848  13.848  13.854  13.880  13.891  13.922  13.933  13.991 
   14.028  14.044  14.048  14.075  14.106  14.116  14.130  14.137 
   14.151  14.166  14.173  14.237  14.237  14.257  14.320  14.394 
   14.401  14.529  14.589  14.622  14.639  14.700  14.726  14.745 
   14.764  14.876  15.144  15.181  15.301  15.305  15.423  15.439 
   15.468  15.630  15.650  15.731  15.895  15.903  15.926  16.242 
   16.748  16.748  16.818  16.850  17.244  17.349  17.385  17.532 
   17.554  17.584  17.747  17.788  17.860  18.122  18.152  18.163 
   18.175  18.205  18.280  18.387  18.446  18.755  18.800  18.906 
   19.610  20.619  20.727  20.777  23.941  24.937  26.766  27.860 
   28.808  28.856  30.596  38.755  42.040  49.037  49.060  49.692 
   49.702  50.383  57.301  57.302  57.608  57.612  58.168  58.185 
   58.218  64.045  68.657  81.245  81.285  82.708 148.270 148.286 
  148.739 148.746 149.214 169.597 206.967 206.967 206.968 206.969 
  206.972 206.973 206.978 206.982 206.983 227.236 227.271 228.434 
  233.739 233.739 233.866 233.868 234.114 234.120 234.167 446.387 
  453.504 453.516 453.832 453.838 454.192 640.491 640.522 641.530 
  1570.476 

Beta occupied
  -92.276 -18.442 -11.687 -11.492  -9.275  -6.957  -6.955  -6.952 
   -1.713  -1.353  -1.169  -1.060  -0.975  -0.974  -0.915  -0.829 
   -0.804  -0.742  -0.655 

Beta virtual
   -0.176  -0.148  -0.090  -0.054  -0.048  -0.024  -0.017   0.010 
    0.024   0.038   0.045   0.056   0.077   0.094   0.096   0.114 
    0.159   0.166   0.185   0.217   0.218   0.230   0.239   0.240 
    0.274   0.298   0.306   0.318   0.358   0.369   0.406   0.427 
    0.430   0.436   0.465   0.469   0.478   0.518   0.530   0.556 
    0.576   0.578   0.598   0.626   0.654   0.686   0.696   0.702 
    0.720   0.725   0.734   0.734   0.768   0.775   0.790   0.792 
    0.835   0.863   0.889   0.897   0.907   0.914   0.935   0.946 
    0.975   0.988   1.021   1.055   1.059   1.090   1.090   1.103 
    1.124   1.135   1.158   1.162   1.185   1.218   1.266   1.276 
    1.302   1.319   1.333   1.341   1.375   1.385   1.403   1.423 
    1.442   1.475   1.486   1.487   1.524   1.531   1.539   1.593 
    1.632   1.650   1.651   1.685   1.689   1.727   1.729   1.762 
    1.786   1.798   1.819   1.856   1.857   1.899   1.926   1.939 
    1.968   1.977   1.983   2.007   2.018   2.105   2.115   2.132 
    2.146   2.156   2.170   2.203   2.210   2.220   2.230   2.248 
    2.263   2.306   2.314   2.322   2.338   2.361   2.378   2.383 
    2.411   2.449   2.506   2.508   2.542   2.560   2.573   2.586 
    2.630   2.648   2.671   2.688   2.726   2.752   2.755   2.782 
    2.829   2.853   2.869   2.911   2.961   2.995   3.029   3.041 
    3.075   3.087   3.129   3.130   3.190   3.217   3.228   3.293 
    3.328   3.362   3.383   3.424   3.494   3.500   3.526   3.551 
    3.572   3.584   3.607   3.610   3.684   3.689   3.725   3.736 
    3.738   3.766   3.797   3.804   3.851   3.886   3.893   3.903 
    3.923   3.933   3.937   3.984   3.988   3.998   4.067   4.074 
    4.085   4.142   4.164   4.202   4.210   4.227   4.248   4.379 
    4.401   4.416   4.469   4.487   4.488   4.532   4.535   4.557 
    4.558   4.566   4.575   4.587   4.602   4.630   4.656   4.671 
    4.733   4.748   4.778   4.809   4.811   4.900   4.916   4.937 
    4.962   4.991   4.997   5.000   5.041   5.044   5.080   5.148 
    5.157   5.169   5.231   5.252   5.284   5.296   5.319   5.320 
    5.367   5.369   5.380   5.399   5.423   5.447   5.450   5.459 
    5.500   5.549   5.561   5.569   5.587   5.625   5.627   5.659 
    5.717   5.726   5.752   5.785   5.799   5.821   5.865   5.882 
    5.891   5.917   5.927   5.955   6.010   6.030   6.054   6.128 
    6.133   6.176   6.200   6.237   6.239   6.276   6.336   6.363 
    6.437   6.530   6.541   6.612   6.649   6.716   6.746   6.805 
    6.843   6.852   6.867   6.917   6.990   7.004   7.191   7.204 
    7.236   7.281   7.323   7.374   7.387   7.409   7.457   7.476 
    7.495   7.507   7.515   7.580   7.611   7.784   7.832   7.948 
    7.948   7.955   7.999   8.223   8.258   8.272   8.768   8.822 
    8.900   8.928   9.025   9.051   9.061   9.066   9.100   9.127 
    9.172   9.292   9.294   9.335   9.415   9.452   9.530   9.566 
    9.593   9.607   9.612   9.649   9.666   9.712   9.719   9.732 
    9.748   9.765   9.798   9.875   9.882  10.019  10.064  10.144 
   10.171  10.186  10.248  10.288  10.312  10.389  10.419  10.440 
   10.449  10.472  10.560  10.587  10.600  10.639  10.639  10.700 
   10.753  10.804  10.880  10.886  10.902  10.991  11.050  11.113 
   11.167  11.306  11.319  11.360  11.371  11.431  11.540  11.579 
   11.590  11.688  11.797  11.963  11.967  12.382  12.404  12.449 
   12.521  12.533  12.535  12.557  12.565  12.600  12.686  12.713 
   12.751  12.774  12.791  12.831  12.906  12.933  12.996  13.079 
   13.134  13.151  13.177  13.216  13.245  13.253  13.278  13.321 
   13.357  13.359  13.422  13.461  13.522  13.619  13.775  13.818 
   13.818  13.854  13.880  13.891  13.922  13.933  13.982  13.996 
   14.001  14.036  14.067  14.100  14.101  14.109  14.121  14.148 
   14.165  14.166  14.236  14.237  14.257  14.320  14.394  14.401 
   14.529  14.583  14.599  14.624  14.700  14.725  14.745  14.764 
   14.876  15.114  15.149  15.301  15.305  15.396  15.412  15.468 
   15.630  15.650  15.730  15.887  15.895  15.907  16.242  16.727 
   16.739  16.755  16.774  17.243  17.349  17.385  17.510  17.532 
   17.581  17.747  17.764  17.823  18.095  18.105  18.121  18.175 
   18.203  18.280  18.387  18.446  18.755  18.800  18.906  19.534 
   20.619  20.727  20.777  23.633  24.939  26.764  27.856  28.484 
   28.529  30.303  38.759  42.041  48.868  48.891  49.531  49.539 
   50.223  57.205  57.206  57.517  57.521  58.080  58.096  58.126 
   63.595  68.653  80.831  80.870  82.305 148.010 148.026 148.482 
  148.488 148.958 169.163 206.853 206.853 206.856 206.856 206.861 
  206.862 206.867 206.872 206.873 226.850 226.884 228.052 233.546 
  233.547 233.675 233.677 233.923 233.929 233.976 446.040 453.239 
  453.251 453.568 453.574 453.928 640.197 640.227 641.237 1570.259 


  >>> Running UHF-MP2 <<<

MP2 correlation energy (UHF) : -1.0111173791
MP2 total energy       (UHF) : -515.6647614361

