	*********************************************** 
	***** Beginning CEBE Calculation with MOM ***** 
	*****       Calculation Details:          ***** 
	      Geometry:	 /home/am3939/core/calculations/mols/exp/f/c5h5f.xyz
	      Core Basis:	 ccX-5Z
	      Full Basis:	 cc-pV5Z
	      DIIS (start, space):	 0 50
	      Level shift:	 0
	      Do localization?:	 False
	      Do SFX2C1E?:	 True
	      Freeze orbitals?:	 True
	      Use Cheng orbitals?:	 False
	      Do Special Basis?:	 True
	      Do Special Basis?:	 ccX-5Z
	*********************************************** 
	*********************************************** 

  >>> Running RHF <<<

init D/C      : minao
init ov       : zeros
no            : 22
nv            : 900
ov_size       : 19800
max_cycle     : 1000
conv          : 6
econv         : 9
method        : gdm
scale_stop    : 0
scale_factor  : 1.000000
init E        : -291.664229082975
init |[F,P]|  : 3.78e-03
init |dE|     : 8.70e-03
check file    : None

iter      total energy   |[F,P]|      |dE|         ∆E   comment
   1    -291.745040539  2.10e-03  4.92e-03  -8.08e-02  BFGS
   2    -291.765277339  3.30e-04  7.91e-04  -2.02e-02  BFGS
   3    -291.765786385  9.54e-05  2.32e-04  -5.09e-04  BFGS
   4    -291.765849147  2.70e-05  6.19e-05  -6.28e-05  BFGS
   5    -291.765855691  1.06e-05  2.46e-05  -6.54e-06  BFGS
   6    -291.765856672  4.09e-06  9.70e-06  -9.81e-07  BFGS
   7    -291.765856784  1.05e-06  2.42e-06  -1.12e-07  BFGS
   8    -291.765856794  3.06e-07  6.91e-07  -9.73e-09  BFGS
   9    -291.765856795  9.15e-08  2.00e-07  -1.30e-09  BFGS
  10    -291.765856795  3.57e-08  8.00e-08  -9.02e-11  BFGS
                                                                      gdm is converged!

SCF converged : True
final |[F,P]| : 3.57e-08
final |dE|    : 8.00e-08
final Escf    : -508.969383973666
final Etot    : -291.765856795044

  pxp & ewc             :::        7.072 (  0.77%)
  apply B               :::        0.036 (  0.00%)
  linsrch               :::      914.804 ( 99.21%)
  grad                  :::        0.140 (  0.02%)
  Total                 :::      922.052 (100.00%)

Alpha occupied
  -26.277 -11.319 -11.247 -11.246 -11.237 -11.237  -1.590  -1.168 
   -0.986  -0.961  -0.783  -0.763  -0.722  -0.703  -0.653  -0.638 
   -0.580  -0.545  -0.518  -0.503  -0.443  -0.325 

Alpha virtual
    0.080   0.094   0.105   0.110   0.130   0.133   0.166   0.185 
    0.195   0.208   0.209   0.219   0.237   0.258   0.259   0.269 
    0.285   0.305   0.307   0.343   0.348   0.367   0.368   0.373 
    0.376   0.387   0.388   0.397   0.409   0.409   0.436   0.436 
    0.451   0.487   0.501   0.523   0.529   0.548   0.567   0.608 
    0.609   0.622   0.628   0.644   0.658   0.678   0.679   0.695 
    0.705   0.717   0.731   0.742   0.762   0.765   0.781   0.785 
    0.801   0.806   0.810   0.817   0.836   0.843   0.849   0.864 
    0.874   0.902   0.907   0.915   0.927   0.942   0.958   0.969 
    0.973   0.987   0.990   0.991   1.027   1.043   1.044   1.092 
    1.094   1.101   1.106   1.112   1.118   1.125   1.178   1.178 
    1.209   1.225   1.234   1.243   1.272   1.274   1.306   1.336 
    1.361   1.364   1.380   1.390   1.417   1.458   1.467   1.501 
    1.514   1.529   1.531   1.536   1.557   1.570   1.586   1.602 
    1.607   1.617   1.621   1.640   1.648   1.658   1.659   1.668 
    1.701   1.705   1.711   1.749   1.773   1.773   1.789   1.795 
    1.820   1.832   1.838   1.840   1.867   1.876   1.889   1.897 
    1.906   1.927   1.936   1.950   1.958   1.985   2.000   2.006 
    2.039   2.043   2.052   2.079   2.082   2.088   2.096   2.100 
    2.114   2.127   2.153   2.176   2.191   2.214   2.220   2.224 
    2.257   2.259   2.275   2.285   2.299   2.302   2.310   2.329 
    2.349   2.368   2.368   2.408   2.425   2.438   2.448   2.450 
    2.479   2.498   2.501   2.514   2.552   2.572   2.590   2.598 
    2.619   2.677   2.687   2.706   2.750   2.769   2.780   2.793 
    2.842   2.851   2.892   2.901   2.912   2.927   2.947   2.962 
    2.993   3.013   3.048   3.056   3.076   3.112   3.131   3.166 
    3.173   3.191   3.215   3.218   3.237   3.255   3.265   3.308 
    3.323   3.346   3.365   3.387   3.406   3.419   3.430   3.447 
    3.460   3.520   3.552   3.553   3.573   3.603   3.633   3.663 
    3.664   3.669   3.713   3.719   3.771   3.777   3.792   3.813 
    3.818   3.841   3.849   3.870   3.874   3.882   3.896   3.907 
    3.916   3.927   3.939   3.952   3.975   3.985   3.990   4.019 
    4.020   4.032   4.054   4.064   4.073   4.080   4.103   4.113 
    4.124   4.143   4.162   4.192   4.213   4.225   4.236   4.244 
    4.262   4.282   4.286   4.294   4.297   4.309   4.329   4.337 
    4.347   4.381   4.404   4.406   4.430   4.436   4.437   4.455 
    4.491   4.509   4.538   4.545   4.597   4.606   4.610   4.640 
    4.663   4.671   4.685   4.715   4.722   4.725   4.738   4.754 
    4.755   4.776   4.798   4.807   4.828   4.837   4.859   4.871 
    4.883   4.896   4.930   4.950   4.954   4.973   4.982   4.995 
    5.038   5.057   5.069   5.077   5.078   5.117   5.134   5.143 
    5.157   5.183   5.188   5.211   5.229   5.231   5.241   5.241 
    5.286   5.295   5.313   5.331   5.332   5.392   5.431   5.456 
    5.460   5.462   5.464   5.493   5.515   5.551   5.568   5.597 
    5.602   5.616   5.623   5.647   5.658   5.689   5.712   5.712 
    5.715   5.760   5.781   5.807   5.819   5.843   5.860   5.873 
    5.878   5.914   6.001   6.020   6.037   6.070   6.090   6.160 
    6.188   6.210   6.213   6.223   6.308   6.324   6.375   6.432 
    6.463   6.475   6.480   6.485   6.489   6.531   6.564   6.579 
    6.644   6.653   6.723   6.780   6.796   6.852   6.894   6.918 
    6.944   6.960   6.980   7.009   7.043   7.055   7.082   7.094 
    7.129   7.183   7.209   7.263   7.279   7.300   7.347   7.419 
    7.436   7.492   7.512   7.583   7.584   7.630   7.719   7.743 
    7.773   7.781   7.812   7.832   7.862   7.873   8.016   8.023 
    8.052   8.080   8.109   8.132   8.153   8.233   8.252   8.283 
    8.302   8.334   8.349   8.376   8.378   8.388   8.442   8.454 
    8.477   8.485   8.547   8.565   8.569   8.666   8.678   8.699 
    8.777   8.777   8.814   8.876   8.881   8.941   8.961   8.969 
    9.026   9.037   9.111   9.114   9.140   9.148   9.176   9.176 
    9.234   9.244   9.254   9.284   9.286   9.363   9.389   9.440 
    9.467   9.494   9.545   9.550   9.560   9.622   9.658   9.663 
    9.678   9.715   9.723   9.788   9.819   9.863   9.897   9.930 
    9.942   9.949   9.977  10.021  10.038  10.042  10.052  10.096 
   10.115  10.128  10.147  10.196  10.209  10.217  10.221  10.252 
   10.267  10.286  10.290  10.320  10.341  10.389  10.421  10.438 
   10.439  10.469  10.512  10.515  10.550  10.564  10.578  10.588 
   10.613  10.642  10.644  10.677  10.686  10.693  10.730  10.740 
   10.749  10.793  10.803  10.821  10.835  10.838  10.867  10.897 
   10.913  10.950  10.952  10.962  10.974  11.003  11.038  11.055 
   11.056  11.088  11.124  11.126  11.142  11.192  11.228  11.247 
   11.276  11.281  11.297  11.323  11.373  11.406  11.416  11.469 
   11.470  11.497  11.499  11.526  11.557  11.588  11.618  11.646 
   11.649  11.705  11.706  11.718  11.758  11.762  11.810  11.814 
   11.852  11.926  11.926  11.943  12.090  12.154  12.206  12.278 
   12.324  12.327  12.417  12.417  12.524  12.589  12.677  12.683 
   12.693  12.696  12.698  12.701  12.727  12.739  12.743  12.756 
   12.775  12.789  12.795  12.804  12.812  12.820  12.826  12.873 
   12.896  12.897  12.922  12.930  12.974  12.984  13.004  13.031 
   13.048  13.068  13.115  13.139  13.182  13.197  13.239  13.252 
   13.294  13.310  13.344  13.366  13.405  13.417  13.469  13.524 
   13.555  13.562  13.615  13.635  13.645  13.702  13.708  13.738 
   13.748  13.757  13.816  13.858  13.858  13.874  13.880  13.924 
   13.973  13.986  13.995  14.012  14.020  14.038  14.085  14.086 
   14.089  14.150  14.215  14.235  14.239  14.276  14.280  14.286 
   14.306  14.315  14.356  14.384  14.457  14.459  14.496  14.497 
   14.524  14.539  14.560  14.567  14.585  14.602  14.614  14.704 
   14.718  14.754  14.779  14.794  14.822  14.822  14.830  14.912 
   14.914  14.981  15.020  15.036  15.079  15.158  15.201  15.221 
   15.291  15.317  15.319  15.393  15.394  15.442  15.508  15.511 
   15.576  15.647  15.649  15.720  15.756  15.824  15.869  15.955 
   16.022  16.082  16.189  16.248  16.264  16.328  16.350  16.423 
   16.520  16.581  16.672  16.688  17.028  17.076  17.396  17.435 
   17.575  17.632  17.675  17.807  17.834  17.853  17.932  17.958 
   18.094  18.160  18.164  18.273  18.275  18.388  18.388  18.398 
   18.400  18.448  18.496  18.517  18.604  18.666  18.798  18.852 
   18.853  18.943  18.997  19.024  19.052  19.067  19.105  19.157 
   19.249  19.523  19.669  19.846  19.885  20.113  20.835  20.891 
   20.989  21.214  21.463  23.809  23.815  23.965  23.994  24.393 
   24.428  24.698  24.776  24.838  24.906  25.374  25.404  25.677 
   25.703  26.156  26.180  26.828  28.472  28.480  29.343  29.389 
   30.638  39.669  39.762  39.788  40.163  40.336  41.801  42.146 
   42.311  54.659  84.045  84.054  84.536  84.554  85.370  85.406 
   85.457  85.751  93.719  93.727  93.825  93.833  93.986  94.002 
   94.296 119.093 145.150 145.151 145.153 145.155 145.191 145.194 
  145.238 145.253 145.255 190.331 190.356 190.678 231.320 231.327 
  231.698 231.708 232.387 258.297 297.582 297.586 297.640 297.645 
  297.731 297.739 297.896 414.700 414.701 414.702 414.705 414.705 
  414.710 414.710 414.717 414.717 414.727 414.727 448.110 448.132 
  448.422 547.392 547.393 547.395 547.395 547.403 547.404 547.417 
  547.422 547.423 570.564 592.549 592.554 592.847 592.855 593.391 
  896.496 896.498 896.531 896.534 896.585 896.590 896.682 1152.620 
  1152.639 1152.893 1384.040 1517.711 1517.715 1517.946 1517.952 1518.371 
  3735.254 3735.271 3735.505 5407.809 


  >>> Running RHF-MP2 <<<


RMP2-TIMING
  rmp2                  :::      970.902 (100.00%)
  Total                 :::      970.902 (100.00%)

MP2 correlation energy (RHF) : -1.3770911797
MP2 total energy       (RHF) : -293.1429479748


  >>> Running UHF <<<

init D/C      : input mo_coeff
init ov       : zeros
no            : 21 22
nv            : 901 900
ov_size       : 38721
max_cycle     : 1000
conv          : 6
econv         : 9
method        : diis
mom_start     : 0
guess mix     : 0.000000
orb_swap      : [[[0, 21]], []]
init E        : -265.488819079836
init S2       : 0.750000000000036
init |[F,P]|  : 1.38e-02
init |dE|     : 3.65e-02
check file    : None

iter      total energy   |[F,P]|      |dE|         ∆E   S^2   comment
   1    -266.154508754  6.20e-03  1.70e-02  -6.66e-01  0.75  DIIS mom: 20.7/21 21.7/22
   2    -266.386067801  5.21e-04  1.31e-03  -2.32e-01  0.75  DIIS mom: 21.0/21 22.0/22
   3    -266.388470651  1.51e-04  3.57e-04  -2.40e-03  0.76  DIIS mom: 21.0/21 22.0/22
   4    -266.388782979  7.03e-05  1.68e-04  -3.12e-04  0.76  DIIS mom: 21.0/21 22.0/22
   5    -266.388892328  2.60e-05  6.14e-05  -1.09e-04  0.76  DIIS mom: 21.0/21 22.0/22
   6    -266.388906807  1.03e-05  2.19e-05  -1.45e-05  0.76  DIIS mom: 21.0/21 22.0/22
   7    -266.388909949  5.66e-06  1.09e-05  -3.14e-06  0.76  DIIS mom: 21.0/21 22.0/22
   8    -266.388911773  4.58e-06  8.23e-06  -1.82e-06  0.76  DIIS mom: 21.0/21 22.0/22
   9    -266.388913513  4.15e-06  7.44e-06  -1.74e-06  0.76  DIIS mom: 21.0/21 22.0/22
  10    -266.388916121  3.58e-06  6.49e-06  -2.61e-06  0.76  DIIS mom: 21.0/21 22.0/22
  11    -266.388921568  2.00e-06  3.77e-06  -5.45e-06  0.76  DIIS mom: 21.0/21 22.0/22
  12    -266.388923154  7.92e-07  1.60e-06  -1.59e-06  0.76  DIIS mom: 21.0/21 22.0/22
  13    -266.388923279  3.16e-07  6.85e-07  -1.25e-07  0.76  DIIS mom: 21.0/21 22.0/22
  14    -266.388923286  1.17e-07  2.45e-07  -7.62e-09  0.76  DIIS mom: 21.0/21 22.0/22
  15    -266.388923287  3.81e-08  7.78e-08  -6.00e-10  0.76  DIIS mom: 21.0/21 22.0/22
                                                                      diis is converged!

SCF converged : True
final |[F,P]| : 3.81e-08
final |dE|    : 7.78e-08
final Escf    : -483.59245046551
final Etot    : -266.388923286888
final S2      : 0.763875113460589

  diis prep             :::        0.750 (  0.05%)
  diis extrap           :::        1.451 (  0.10%)
  roothaan              :::        5.472 (  0.37%)
  fock build            :::     1477.458 ( 99.48%)
  Total                 :::     1485.131 (100.00%)

Alpha occupied
  -11.592 -11.448 -11.447 -11.436 -11.436  -2.128  -1.408  -1.315 
   -1.260  -1.254  -1.177  -1.120  -0.951  -0.946  -0.905  -0.791 
   -0.771  -0.741  -0.729  -0.648  -0.524 

Alpha virtual
  -24.484  -0.129  -0.059  -0.032  -0.031  -0.025   0.000   0.002 
    0.007   0.012   0.052   0.053   0.067   0.072   0.081   0.091 
    0.102   0.111   0.136   0.139   0.163   0.168   0.202   0.206 
    0.220   0.221   0.227   0.232   0.236   0.237   0.252   0.255 
    0.262   0.271   0.291   0.315   0.339   0.346   0.384   0.394 
    0.419   0.419   0.446   0.448   0.463   0.466   0.474   0.486 
    0.491   0.504   0.531   0.538   0.554   0.569   0.570   0.574 
    0.590   0.615   0.619   0.620   0.640   0.645   0.662   0.665 
    0.689   0.697   0.711   0.723   0.739   0.739   0.749   0.773 
    0.795   0.799   0.802   0.817   0.823   0.850   0.861   0.878 
    0.900   0.904   0.918   0.927   0.929   0.929   0.944   0.968 
    0.999   1.006   1.047   1.047   1.060   1.076   1.109   1.122 
    1.137   1.167   1.180   1.189   1.217   1.222   1.263   1.265 
    1.279   1.306   1.331   1.337   1.342   1.356   1.370   1.376 
    1.407   1.419   1.425   1.441   1.449   1.458   1.466   1.479 
    1.484   1.485   1.509   1.512   1.514   1.533   1.557   1.560 
    1.572   1.582   1.596   1.603   1.617   1.626   1.657   1.679 
    1.691   1.694   1.698   1.733   1.737   1.761   1.780   1.799 
    1.808   1.813   1.828   1.861   1.880   1.883   1.899   1.906 
    1.916   1.916   1.948   1.950   1.984   1.987   2.019   2.030 
    2.036   2.051   2.057   2.070   2.088   2.092   2.102   2.126 
    2.145   2.157   2.170   2.185   2.191   2.203   2.230   2.247 
    2.257   2.283   2.288   2.307   2.313   2.348   2.369   2.394 
    2.400   2.418   2.458   2.477   2.496   2.550   2.553   2.556 
    2.593   2.626   2.637   2.686   2.707   2.707   2.732   2.744 
    2.748   2.792   2.812   2.846   2.864   2.869   2.912   2.933 
    2.965   2.980   2.982   3.011   3.020   3.027   3.046   3.057 
    3.096   3.103   3.135   3.148   3.163   3.192   3.211   3.222 
    3.234   3.241   3.284   3.331   3.356   3.362   3.372   3.388 
    3.419   3.453   3.456   3.476   3.502   3.550   3.571   3.578 
    3.583   3.612   3.614   3.646   3.657   3.669   3.670   3.686 
    3.698   3.700   3.707   3.724   3.737   3.737   3.768   3.773 
    3.788   3.791   3.806   3.810   3.833   3.837   3.844   3.860 
    3.867   3.886   3.905   3.915   3.934   3.940   3.960   3.981 
    3.991   4.004   4.019   4.047   4.055   4.058   4.066   4.116 
    4.120   4.128   4.169   4.174   4.189   4.213   4.216   4.221 
    4.231   4.255   4.285   4.333   4.343   4.362   4.410   4.411 
    4.420   4.442   4.460   4.482   4.506   4.510   4.516   4.533 
    4.548   4.549   4.550   4.579   4.585   4.600   4.617   4.647 
    4.662   4.671   4.671   4.722   4.742   4.751   4.752   4.768 
    4.776   4.822   4.851   4.856   4.876   4.876   4.904   4.907 
    4.934   4.948   4.976   4.995   5.012   5.030   5.038   5.051 
    5.055   5.080   5.088   5.105   5.128   5.140   5.188   5.192 
    5.249   5.251   5.253   5.273   5.288   5.304   5.337   5.343 
    5.396   5.406   5.407   5.410   5.451   5.462   5.483   5.493 
    5.504   5.519   5.534   5.570   5.574   5.599   5.640   5.648 
    5.667   5.668   5.700   5.762   5.789   5.824   5.832   5.874 
    5.925   5.971   5.974   5.987   6.002   6.094   6.129   6.170 
    6.227   6.256   6.257   6.266   6.271   6.289   6.336   6.359 
    6.377   6.422   6.452   6.513   6.570   6.574   6.638   6.656 
    6.691   6.697   6.753   6.766   6.780   6.837   6.847   6.864 
    6.896   6.936   6.983   7.006   7.057   7.075   7.092   7.144 
    7.169   7.207   7.238   7.293   7.333   7.371   7.409   7.416 
    7.446   7.500   7.566   7.578   7.592   7.630   7.672   7.761 
    7.783   7.805   7.866   7.876   7.879   7.939   8.018   8.024 
    8.058   8.081   8.105   8.105   8.157   8.175   8.176   8.204 
    8.226   8.262   8.276   8.294   8.321   8.340   8.455   8.456 
    8.482   8.538   8.543   8.559   8.606   8.628   8.656   8.675 
    8.676   8.740   8.776   8.790   8.832   8.866   8.882   8.933 
    8.948   8.966   8.988   8.998   9.064   9.070   9.149   9.169 
    9.195   9.205   9.238   9.248   9.283   9.311   9.348   9.393 
    9.407   9.435   9.450   9.494   9.568   9.605   9.608   9.635 
    9.671   9.687   9.702   9.756   9.765   9.813   9.825   9.840 
    9.841   9.866   9.910   9.920   9.936   9.961   9.981  10.006 
   10.007  10.026  10.041  10.044  10.062  10.116  10.147  10.179 
   10.186  10.221  10.222  10.266  10.281  10.310  10.333  10.335 
   10.362  10.365  10.374  10.385  10.393  10.440  10.455  10.457 
   10.479  10.531  10.556  10.556  10.583  10.591  10.606  10.623 
   10.631  10.683  10.692  10.701  10.724  10.759  10.770  10.776 
   10.802  10.839  10.852  10.866  10.904  10.905  10.916  11.006 
   11.011  11.049  11.065  11.077  11.097  11.119  11.161  11.182 
   11.232  11.243  11.264  11.282  11.300  11.320  11.361  11.382 
   11.395  11.433  11.489  11.492  11.507  11.551  11.555  11.593 
   11.595  11.642  11.714  11.720  11.727  11.869  11.945  11.979 
   12.034  12.113  12.123  12.187  12.220  12.317  12.334  12.451 
   12.472  12.474  12.483  12.498  12.509  12.514  12.525  12.544 
   12.553  12.580  12.583  12.592  12.602  12.617  12.620  12.627 
   12.651  12.670  12.676  12.717  12.733  12.744  12.790  12.795 
   12.804  12.826  12.853  12.892  12.895  12.948  12.977  12.995 
   13.021  13.089  13.090  13.137  13.144  13.208  13.218  13.274 
   13.284  13.338  13.364  13.409  13.434  13.457  13.480  13.494 
   13.526  13.550  13.563  13.604  13.651  13.656  13.670  13.682 
   13.707  13.760  13.787  13.788  13.806  13.827  13.836  13.868 
   13.882  13.896  13.960  14.004  14.012  14.036  14.088  14.090 
   14.098  14.108  14.129  14.159  14.201  14.251  14.251  14.306 
   14.307  14.328  14.345  14.359  14.367  14.385  14.404  14.410 
   14.498  14.505  14.555  14.561  14.574  14.618  14.629  14.632 
   14.671  14.699  14.725  14.791  14.841  14.866  14.952  14.971 
   15.012  15.029  15.123  15.126  15.168  15.194  15.254  15.318 
   15.320  15.389  15.394  15.417  15.522  15.559  15.632  15.678 
   15.768  15.834  15.892  15.997  16.059  16.073  16.142  16.165 
   16.237  16.334  16.338  16.485  16.487  16.839  16.887  17.208 
   17.252  17.390  17.449  17.491  17.568  17.601  17.650  17.749 
   17.769  17.907  17.940  17.961  17.965  17.967  17.976  17.979 
   18.016  18.033  18.103  18.121  18.229  18.286  18.301  18.382 
   18.436  18.456  18.490  18.572  18.640  18.713  18.725  18.775 
   18.841  19.017  19.064  19.335  19.661  19.689  19.927  20.579 
   20.706  20.804  21.027  21.278  23.323  23.329  23.486  23.515 
   23.914  23.944  24.047  24.218  24.342  24.389  24.758  24.788 
   25.073  25.100  25.568  25.589  26.234  27.585  27.593  28.482 
   28.530  29.792  38.735  38.763  39.165  39.470  40.136  41.583 
   41.877  42.111  53.516  82.371  82.380  82.874  82.891  83.785 
   83.823  83.841  84.199  92.208  92.216  92.321  92.330  92.487 
   92.503  92.798 117.299 143.529 143.530 143.537 143.539 143.579 
  143.582 143.629 143.644 143.646 187.900 187.925 188.257 228.651 
  228.658 229.036 229.046 229.728 255.603 294.829 294.833 294.891 
  294.897 294.984 294.993 295.151 412.187 412.188 412.188 412.190 
  412.190 412.194 412.194 412.199 412.199 412.205 412.205 444.559 
  444.581 444.877 544.144 544.144 544.144 544.145 544.157 544.158 
  544.172 544.177 544.178 566.807 588.784 588.789 589.086 589.094 
  589.632 892.337 892.340 892.375 892.378 892.430 892.435 892.527 
  1147.908 1147.926 1148.183 1379.174 1512.858 1512.862 1513.095 1513.101 
  1513.520 3729.574 3729.591 3729.826 5402.055 

Beta occupied
  -29.997 -11.591 -11.448 -11.447 -11.437 -11.437  -2.263  -1.449 
   -1.355  -1.347  -1.340  -1.181  -1.132  -0.954  -0.947  -0.907 
   -0.794  -0.771  -0.742  -0.728  -0.646  -0.527 

Beta virtual
   -0.134  -0.060  -0.033  -0.032  -0.026  -0.001   0.002   0.009 
    0.010   0.048   0.051   0.060   0.072   0.080   0.091   0.102 
    0.111   0.136   0.140   0.163   0.165   0.203   0.206   0.220 
    0.221   0.227   0.232   0.236   0.236   0.252   0.255   0.261 
    0.271   0.290   0.312   0.338   0.345   0.383   0.394   0.416 
    0.418   0.446   0.446   0.461   0.465   0.474   0.488   0.492 
    0.499   0.530   0.538   0.554   0.568   0.568   0.574   0.590 
    0.615   0.620   0.621   0.640   0.646   0.663   0.665   0.690 
    0.697   0.711   0.723   0.738   0.739   0.750   0.773   0.794 
    0.799   0.802   0.817   0.823   0.850   0.860   0.878   0.899 
    0.905   0.916   0.927   0.929   0.930   0.944   0.969   0.999 
    1.006   1.047   1.048   1.060   1.076   1.109   1.122   1.137 
    1.167   1.180   1.188   1.218   1.223   1.262   1.265   1.282 
    1.307   1.331   1.337   1.343   1.356   1.370   1.374   1.407 
    1.419   1.425   1.441   1.444   1.457   1.459   1.479   1.481 
    1.485   1.505   1.509   1.514   1.528   1.553   1.555   1.572 
    1.581   1.592   1.598   1.617   1.626   1.656   1.680   1.691 
    1.692   1.696   1.732   1.736   1.761   1.780   1.799   1.809 
    1.814   1.827   1.862   1.880   1.884   1.898   1.906   1.915 
    1.916   1.948   1.950   1.984   1.987   2.019   2.031   2.036 
    2.051   2.057   2.070   2.089   2.092   2.102   2.127   2.146 
    2.156   2.170   2.185   2.191   2.202   2.230   2.247   2.257 
    2.283   2.289   2.307   2.313   2.348   2.369   2.394   2.400 
    2.418   2.458   2.477   2.495   2.549   2.553   2.554   2.593 
    2.626   2.636   2.687   2.708   2.708   2.733   2.744   2.748 
    2.793   2.813   2.845   2.865   2.869   2.913   2.933   2.964 
    2.980   2.982   3.011   3.020   3.025   3.045   3.057   3.095 
    3.105   3.136   3.149   3.162   3.192   3.212   3.221   3.235 
    3.242   3.285   3.331   3.357   3.362   3.373   3.386   3.420 
    3.453   3.456   3.476   3.503   3.550   3.570   3.578   3.583 
    3.611   3.614   3.645   3.653   3.668   3.670   3.685   3.691 
    3.697   3.706   3.720   3.733   3.737   3.756   3.762   3.775 
    3.779   3.791   3.805   3.822   3.830   3.842   3.858   3.868 
    3.886   3.901   3.912   3.927   3.937   3.953   3.977   3.991 
    4.001   4.019   4.047   4.053   4.058   4.066   4.116   4.120 
    4.126   4.168   4.173   4.187   4.213   4.214   4.222   4.231 
    4.250   4.285   4.332   4.343   4.362   4.409   4.412   4.419 
    4.442   4.460   4.482   4.503   4.511   4.516   4.533   4.547 
    4.548   4.549   4.580   4.583   4.595   4.617   4.646   4.662 
    4.671   4.671   4.722   4.742   4.750   4.752   4.766   4.776 
    4.819   4.851   4.854   4.875   4.876   4.904   4.908   4.934 
    4.948   4.977   4.995   5.012   5.030   5.038   5.051   5.054 
    5.080   5.086   5.104   5.128   5.140   5.189   5.191   5.248 
    5.250   5.251   5.274   5.288   5.304   5.337   5.343   5.396 
    5.406   5.407   5.410   5.451   5.462   5.482   5.493   5.501 
    5.519   5.530   5.569   5.573   5.599   5.640   5.649   5.667 
    5.668   5.699   5.761   5.789   5.824   5.831   5.874   5.925 
    5.971   5.973   5.987   6.002   6.094   6.129   6.170   6.227 
    6.256   6.257   6.266   6.272   6.288   6.337   6.360   6.376 
    6.421   6.452   6.511   6.570   6.574   6.638   6.651   6.691 
    6.698   6.753   6.767   6.780   6.837   6.847   6.863   6.896 
    6.936   6.983   7.006   7.057   7.075   7.092   7.145   7.169 
    7.207   7.239   7.294   7.336   7.372   7.409   7.417   7.447 
    7.500   7.567   7.578   7.592   7.630   7.672   7.762   7.784 
    7.804   7.866   7.875   7.879   7.938   8.018   8.022   8.057 
    8.081   8.105   8.105   8.157   8.174   8.174   8.201   8.221 
    8.258   8.274   8.289   8.318   8.339   8.442   8.447   8.475 
    8.506   8.523   8.527   8.585   8.616   8.619   8.663   8.669 
    8.740   8.775   8.783   8.831   8.861   8.882   8.933   8.948 
    8.959   8.988   8.996   9.063   9.070   9.148   9.166   9.194 
    9.204   9.238   9.247   9.283   9.308   9.348   9.383   9.406 
    9.433   9.446   9.494   9.563   9.605   9.605   9.633   9.662 
    9.683   9.702   9.756   9.764   9.810   9.824   9.839   9.841 
    9.863   9.910   9.916   9.924   9.957   9.979  10.006  10.006 
   10.023  10.039  10.041  10.060  10.116  10.137  10.176  10.181 
   10.218  10.221  10.264  10.281  10.303  10.330  10.331  10.361 
   10.364  10.373  10.373  10.389  10.431  10.454  10.455  10.472 
   10.531  10.553  10.554  10.582  10.591  10.600  10.623  10.626 
   10.677  10.692  10.700  10.723  10.759  10.765  10.776  10.797 
   10.839  10.847  10.866  10.898  10.905  10.916  11.004  11.011 
   11.047  11.061  11.077  11.097  11.119  11.156  11.181  11.231 
   11.243  11.261  11.282  11.299  11.319  11.361  11.381  11.395 
   11.434  11.489  11.492  11.507  11.551  11.555  11.592  11.595 
   11.642  11.714  11.720  11.727  11.869  11.945  11.979  12.027 
   12.112  12.122  12.185  12.220  12.317  12.328  12.449  12.470 
   12.473  12.483  12.497  12.508  12.514  12.525  12.544  12.553 
   12.579  12.583  12.591  12.600  12.616  12.619  12.627  12.650 
   12.669  12.676  12.717  12.733  12.742  12.790  12.794  12.803 
   12.825  12.853  12.891  12.894  12.947  12.977  12.993  13.021 
   13.089  13.090  13.137  13.144  13.208  13.218  13.274  13.284 
   13.337  13.364  13.409  13.434  13.457  13.480  13.494  13.525 
   13.550  13.562  13.604  13.650  13.656  13.669  13.682  13.707 
   13.760  13.786  13.787  13.806  13.827  13.836  13.867  13.882 
   13.896  13.960  14.003  14.012  14.036  14.088  14.090  14.098 
   14.108  14.129  14.158  14.201  14.251  14.251  14.306  14.307 
   14.328  14.345  14.359  14.367  14.385  14.404  14.410  14.498 
   14.505  14.554  14.561  14.574  14.618  14.629  14.632  14.665 
   14.699  14.722  14.790  14.841  14.864  14.952  14.968  15.012 
   15.029  15.123  15.126  15.168  15.194  15.254  15.319  15.320 
   15.389  15.393  15.417  15.522  15.559  15.632  15.678  15.768 
   15.834  15.892  15.997  16.059  16.073  16.142  16.165  16.237 
   16.334  16.338  16.485  16.487  16.839  16.887  17.207  17.252 
   17.390  17.449  17.491  17.568  17.598  17.650  17.749  17.769 
   17.907  17.940  17.962  17.966  17.968  17.976  17.978  18.014 
   18.033  18.084  18.098  18.131  18.136  18.274  18.381  18.435 
   18.446  18.477  18.514  18.639  18.712  18.724  18.774  18.841 
   18.986  19.018  19.335  19.661  19.689  19.927  20.579  20.706 
   20.804  21.027  21.278  23.316  23.322  23.479  23.506  23.777 
   23.905  23.947  24.205  24.330  24.373  24.738  24.767  25.053 
   25.080  25.549  25.570  26.212  27.513  27.521  28.412  28.461 
   29.723  38.473  38.501  38.907  39.470  40.136  41.583  41.875 
   42.111  53.128  82.177  82.186  82.678  82.695  83.445  83.479 
   83.604  83.841  92.119  92.127  92.231  92.240  92.397  92.413 
   92.708 116.843 143.465 143.466 143.472 143.475 143.515 143.518 
  143.565 143.580 143.581 187.470 187.495 187.828 228.363 228.369 
  228.747 228.757 229.440 255.146 294.639 294.643 294.701 294.706 
  294.794 294.802 294.960 412.102 412.103 412.103 412.105 412.105 
  412.109 412.109 412.114 412.114 412.120 412.120 444.137 444.159 
  444.455 543.989 543.989 543.990 543.990 544.002 544.003 544.017 
  544.022 544.023 566.399 588.487 588.492 588.789 588.797 589.335 
  892.107 892.110 892.144 892.147 892.199 892.204 892.297 1147.570 
  1147.589 1147.846 1378.847 1512.610 1512.614 1512.846 1512.852 1513.271 
  3729.373 3729.390 3729.625 5401.878 


  >>> Running UHF-MP2 <<<

MP2 correlation energy (UHF) : -1.3084675846
MP2 total energy       (UHF) : -267.6973908715

