	*********************************************** 
	***** Beginning CEBE Calculation with MOM ***** 
	*****       Calculation Details:          ***** 
	      Geometry:	 /home/am3939/core/calculations/mols/exp/n/o-n-h2pyridine.xyz
	      Core Basis:	 pcX-4
	      Full Basis:	 pc-4
	      DIIS (start, space):	 0 50
	      Level shift:	 0
	      Do localization?:	 False
	      Do SFX2C1E?:	 True
	      Freeze orbitals?:	 True
	      Use Cheng orbitals?:	 False
	      Do Special Basis?:	 True
	      Do Special Basis?:	 pcX-4
	*********************************************** 
	*********************************************** 

  >>> Running RHF <<<

init D/C      : minao
init ov       : zeros
no            : 25
nv            : 1160
ov_size       : 29000
max_cycle     : 1000
conv          : 6
econv         : 9
method        : gdm
scale_stop    : 0
scale_factor  : 1.000000
init E        : -301.776624624375
init |[F,P]|  : 3.23e-03
init |dE|     : 6.25e-03
check file    : None

iter      total energy   |[F,P]|      |dE|         ∆E   comment
   1    -301.855821852  1.23e-03  2.44e-03  -7.92e-02  BFGS
   2    -301.866191352  4.26e-04  8.24e-04  -1.04e-02  BFGS
   3    -301.867185389  1.04e-04  2.10e-04  -9.94e-04  BFGS
   4    -301.867260382  4.05e-05  7.56e-05  -7.50e-05  BFGS
   5    -301.867274121  1.05e-05  2.03e-05  -1.37e-05  BFGS
   6    -301.867275951  4.64e-06  9.16e-06  -1.83e-06  BFGS
   7    -301.867276183  1.94e-06  3.55e-06  -2.31e-07  BFGS
   8    -301.867276233  8.00e-07  1.50e-06  -5.05e-08  BFGS
   9    -301.867276245  4.25e-07  8.08e-07  -1.22e-08  BFGS
  10    -301.867276247  1.35e-07  2.56e-07  -1.83e-09  BFGS
  11    -301.867276247  3.88e-08  7.50e-08  -2.27e-10  BFGS
                                                                      gdm is converged!

SCF converged : True
final |[F,P]| : 3.88e-08
final |dE|    : 7.50e-08
final Escf    : -578.086269046677
final Etot    : -301.867276247277

  pxp & ewc             :::        1.610 (  0.04%)
  apply B               :::        0.004 (  0.00%)
  linsrch               :::     4200.723 ( 99.96%)
  grad                  :::        0.067 (  0.00%)
  Total                 :::     4202.404 (100.00%)

Alpha occupied
  -15.565 -15.548 -11.312 -11.271 -11.255 -11.228 -11.222  -1.282 
   -1.187  -1.084  -1.007  -0.863  -0.840  -0.721  -0.704  -0.662 
   -0.625  -0.606  -0.568  -0.565  -0.527  -0.461  -0.418  -0.381 
   -0.311 

Alpha virtual
    0.046   0.057   0.061   0.078   0.080   0.090   0.098   0.105 
    0.109   0.112   0.119   0.120   0.132   0.133   0.137   0.153 
    0.158   0.168   0.172   0.176   0.186   0.190   0.205   0.208 
    0.222   0.229   0.230   0.232   0.237   0.246   0.253   0.261 
    0.266   0.271   0.283   0.290   0.309   0.320   0.323   0.326 
    0.334   0.343   0.355   0.358   0.373   0.383   0.387   0.393 
    0.410   0.417   0.426   0.434   0.439   0.447   0.460   0.464 
    0.465   0.473   0.476   0.482   0.489   0.499   0.500   0.508 
    0.518   0.526   0.527   0.535   0.540   0.541   0.544   0.555 
    0.564   0.571   0.574   0.581   0.588   0.595   0.606   0.608 
    0.609   0.621   0.625   0.637   0.643   0.652   0.664   0.670 
    0.679   0.685   0.693   0.699   0.709   0.716   0.732   0.739 
    0.749   0.755   0.758   0.768   0.775   0.783   0.787   0.791 
    0.792   0.805   0.813   0.820   0.833   0.841   0.848   0.854 
    0.864   0.873   0.883   0.897   0.902   0.910   0.918   0.922 
    0.933   0.937   0.940   0.959   0.968   0.979   0.979   0.985 
    0.999   1.019   1.025   1.038   1.052   1.066   1.077   1.084 
    1.099   1.112   1.116   1.135   1.150   1.157   1.163   1.169 
    1.180   1.186   1.201   1.225   1.229   1.243   1.257   1.263 
    1.275   1.288   1.302   1.311   1.319   1.324   1.338   1.342 
    1.352   1.361   1.366   1.375   1.383   1.388   1.396   1.406 
    1.419   1.426   1.430   1.437   1.443   1.458   1.469   1.474 
    1.481   1.488   1.500   1.512   1.514   1.524   1.532   1.543 
    1.549   1.557   1.573   1.573   1.580   1.586   1.591   1.598 
    1.606   1.616   1.623   1.632   1.640   1.668   1.674   1.703 
    1.718   1.720   1.745   1.756   1.764   1.772   1.781   1.788 
    1.793   1.809   1.821   1.834   1.845   1.855   1.862   1.878 
    1.888   1.898   1.913   1.940   1.950   1.971   1.984   1.987 
    1.994   2.004   2.024   2.044   2.050   2.067   2.081   2.102 
    2.131   2.149   2.158   2.164   2.174   2.185   2.199   2.211 
    2.217   2.223   2.239   2.260   2.274   2.285   2.309   2.316 
    2.330   2.338   2.359   2.365   2.370   2.381   2.391   2.400 
    2.423   2.440   2.463   2.464   2.473   2.489   2.502   2.517 
    2.523   2.552   2.561   2.567   2.580   2.591   2.600   2.602 
    2.611   2.621   2.631   2.646   2.658   2.661   2.684   2.690 
    2.692   2.708   2.718   2.734   2.749   2.761   2.777   2.779 
    2.791   2.807   2.819   2.832   2.849   2.870   2.887   2.905 
    2.915   2.924   2.953   2.959   2.980   3.004   3.013   3.040 
    3.056   3.060   3.077   3.100   3.122   3.148   3.168   3.175 
    3.188   3.195   3.230   3.247   3.250   3.271   3.287   3.311 
    3.330   3.346   3.351   3.362   3.397   3.439   3.440   3.449 
    3.470   3.479   3.506   3.525   3.535   3.542   3.568   3.572 
    3.576   3.598   3.601   3.628   3.652   3.660   3.671   3.675 
    3.691   3.695   3.708   3.721   3.729   3.743   3.768   3.775 
    3.781   3.788   3.799   3.824   3.833   3.854   3.876   3.888 
    3.918   3.925   3.934   3.936   3.944   3.963   3.980   3.993 
    4.009   4.021   4.047   4.071   4.097   4.109   4.137   4.145 
    4.168   4.180   4.204   4.226   4.227   4.241   4.254   4.266 
    4.281   4.296   4.302   4.335   4.345   4.360   4.369   4.379 
    4.392   4.402   4.408   4.435   4.454   4.467   4.480   4.488 
    4.509   4.516   4.534   4.540   4.551   4.570   4.574   4.591 
    4.596   4.622   4.629   4.633   4.652   4.662   4.686   4.688 
    4.699   4.708   4.721   4.750   4.765   4.780   4.798   4.815 
    4.823   4.836   4.863   4.869   4.873   4.886   4.890   4.909 
    4.918   4.937   4.968   4.972   4.994   4.999   5.014   5.024 
    5.044   5.055   5.069   5.073   5.079   5.081   5.102   5.111 
    5.120   5.132   5.145   5.164   5.168   5.183   5.196   5.215 
    5.219   5.224   5.237   5.247   5.263   5.272   5.278   5.299 
    5.307   5.318   5.348   5.361   5.365   5.379   5.384   5.408 
    5.426   5.455   5.488   5.500   5.524   5.534   5.549   5.569 
    5.577   5.611   5.628   5.646   5.657   5.686   5.697   5.708 
    5.719   5.744   5.751   5.772   5.807   5.814   5.833   5.844 
    5.847   5.880   5.891   5.912   5.927   5.944   5.957   5.966 
    6.002   6.015   6.023   6.058   6.072   6.112   6.120   6.151 
    6.168   6.206   6.216   6.243   6.274   6.286   6.305   6.342 
    6.371   6.401   6.413   6.431   6.448   6.477   6.527   6.529 
    6.563   6.590   6.610   6.622   6.626   6.649   6.675   6.682 
    6.714   6.728   6.763   6.767   6.792   6.812   6.822   6.844 
    6.854   6.864   6.884   6.899   6.948   6.980   6.995   7.008 
    7.021   7.037   7.066   7.086   7.119   7.124   7.158   7.180 
    7.186   7.215   7.232   7.256   7.260   7.311   7.340   7.344 
    7.370   7.381   7.394   7.402   7.439   7.477   7.495   7.509 
    7.534   7.604   7.625   7.671   7.696   7.746   7.756   7.800 
    7.845   7.864   7.884   7.913   7.991   8.004   8.060   8.117 
    8.141   8.175   8.204   8.253   8.278   8.304   8.323   8.367 
    8.419   8.446   8.458   8.495   8.512   8.551   8.565   8.598 
    8.680   8.700   8.748   8.792   8.841   8.852   8.880   8.904 
    8.960   9.005   9.016   9.081   9.128   9.145   9.176   9.239 
    9.250   9.302   9.338   9.361   9.387   9.436   9.444   9.463 
    9.482   9.501   9.516   9.541   9.553   9.574   9.592   9.613 
    9.649   9.660   9.688   9.712   9.728   9.748   9.795   9.830 
    9.885   9.921   9.983  10.000  10.035  10.060  10.082  10.116 
   10.134  10.176  10.279  10.324  10.410  10.430  10.458  10.491 
   10.510  10.541  10.570  10.596  10.640  10.683  10.724  10.749 
   10.797  10.835  10.863  10.875  10.926  10.942  10.956  10.997 
   11.044  11.052  11.080  11.093  11.160  11.168  11.196  11.235 
   11.244  11.276  11.361  11.370  11.391  11.420  11.442  11.453 
   11.469  11.478  11.488  11.521  11.543  11.553  11.563  11.578 
   11.584  11.587  11.620  11.645  11.648  11.659  11.670  11.678 
   11.725  11.755  11.762  11.787  11.791  11.865  11.876  11.889 
   11.998  12.008  12.036  12.056  12.071  12.084  12.098  12.115 
   12.124  12.132  12.144  12.175  12.196  12.203  12.209  12.218 
   12.219  12.242  12.247  12.254  12.263  12.269  12.286  12.296 
   12.306  12.318  12.323  12.328  12.342  12.356  12.361  12.381 
   12.402  12.412  12.422  12.436  12.454  12.464  12.483  12.495 
   12.509  12.535  12.544  12.576  12.584  12.607  12.660  12.675 
   12.705  12.710  12.730  12.750  12.756  12.786  12.806  12.829 
   12.847  12.877  12.892  12.906  12.916  12.932  12.941  12.961 
   12.973  12.983  12.993  13.013  13.020  13.041  13.082  13.100 
   13.110  13.127  13.138  13.166  13.179  13.182  13.205  13.226 
   13.244  13.257  13.282  13.323  13.328  13.356  13.363  13.369 
   13.383  13.399  13.409  13.438  13.448  13.465  13.479  13.497 
   13.499  13.545  13.563  13.582  13.625  13.636  13.640  13.656 
   13.694  13.705  13.726  13.728  13.754  13.768  13.792  13.817 
   13.834  13.839  13.864  13.877  13.936  13.942  13.962  13.970 
   13.993  14.002  14.014  14.053  14.088  14.123  14.173  14.180 
   14.207  14.247  14.255  14.279  14.288  14.304  14.314  14.337 
   14.353  14.401  14.431  14.525  14.529  14.549  14.581  14.645 
   14.708  14.728  14.754  14.824  14.876  14.885  14.909  14.938 
   14.962  15.000  15.054  15.109  15.192  15.262  15.288  15.300 
   15.324  15.353  15.414  15.430  15.496  15.524  15.540  15.574 
   15.585  15.634  15.653  15.705  15.729  15.764  15.801  15.856 
   15.903  15.945  15.974  15.981  16.017  16.023  16.059  16.106 
   16.115  16.151  16.165  16.183  16.186  16.258  16.316  16.351 
   16.396  16.405  16.491  16.501  16.539  16.609  16.615  16.632 
   16.731  16.740  16.802  16.816  16.848  16.893  16.955  17.006 
   17.062  17.137  17.201  17.214  17.219  17.223  17.236  17.239 
   17.242  17.253  17.259  17.268  17.279  17.283  17.336  17.362 
   17.403  17.467  17.549  17.565  17.590  17.624  17.649  17.677 
   17.731  17.747  17.769  17.794  17.824  17.887  17.904  17.987 
   18.027  18.063  18.184  18.205  18.266  18.327  18.366  18.388 
   18.518  18.543  18.587  18.687  18.850  18.893  19.009  19.068 
   19.084  19.086  19.108  19.195  19.235  19.253  19.283  19.310 
   19.348  19.443  19.521  19.586  19.646  19.670  19.790  19.929 
   20.002  20.061  20.170  20.191  20.297  20.560  20.608  20.717 
   20.751  20.792  20.867  20.912  20.928  20.994  21.019  21.172 
   21.272  21.294  21.445  21.515  21.557  21.619  21.742  21.853 
   21.883  22.138  22.172  22.445  22.632  22.741  22.881  22.908 
   23.040  23.111  23.271  23.438  23.720  23.841  23.991  24.028 
   24.058  24.121  24.162  24.272  24.316  24.349  24.441  24.475 
   24.661  24.723  24.815  24.948  26.098  26.265  26.459  26.646 
   27.335  27.960  32.966  33.099  33.156  33.160  33.352  33.410 
   33.444  33.461  33.507  33.626  33.640  33.656  33.816  33.873 
   34.788  34.846  34.969  35.001  35.067  35.325  35.367  35.456 
   35.555  35.658  35.727  41.699  42.046  42.104  42.124  42.131 
   42.258  44.752  45.608  49.142  49.355  49.367  49.496  49.608 
   49.734  50.205  50.273  50.405  50.707  52.582  52.908  53.536 
   54.103  54.141  54.235  77.058  77.946  78.657  79.635  80.412 
   91.736  91.774  91.819  91.886  91.899  91.909  91.988  92.086 
   92.129  92.219  92.324  92.412  93.178  93.309  93.450  93.571 
   93.834  93.894 100.361 101.128 140.358 140.613 141.087 141.426 
  141.458 141.524 228.037 228.754 429.733 429.927 430.317 430.585 
  430.614 430.676 529.465 530.143 1271.172 1271.815 1691.218 1691.345 
  1691.634 1691.818 1691.840 1691.892 3195.093 3195.699 8539.954 8540.524 
  24825.227 24825.758 81391.287 81391.775 322259.835 322260.270 1830823.748 1830824.107 


  >>> Running RHF-MP2 <<<


RMP2-TIMING
  rmp2                  :::     2631.159 (100.00%)
  Total                 :::     2631.159 (100.00%)

MP2 correlation energy (RHF) : -1.6211654601
MP2 total energy       (RHF) : -303.4884417074


  >>> Running UHF <<<

init D/C      : input mo_coeff
init ov       : zeros
no            : 24 25
nv            : 1161 1160
ov_size       : 56864
max_cycle     : 1000
conv          : 6
econv         : 9
method        : diis
mom_start     : 0
guess mix     : 0.000000
orb_swap      : [[[0, 24]], []]
init E        : -286.302489633318
init S2       : 0.749999999999908
init |[F,P]|  : 9.36e-03
init |dE|     : 2.17e-02
check file    : None

iter      total energy   |[F,P]|      |dE|         ∆E   S^2   comment
   1    -286.726558572  5.43e-03  1.17e-02  -4.24e-01  0.75  DIIS mom: 23.7/24 24.6/25
   2    -286.988631560  4.84e-04  1.04e-03  -2.62e-01  0.76  DIIS mom: 23.9/24 24.9/25
   3    -286.991788008  2.15e-04  4.20e-04  -3.16e-03  0.76  DIIS mom: 24.0/24 25.0/25
   4    -286.992502473  9.94e-05  1.91e-04  -7.14e-04  0.76  DIIS mom: 24.0/24 25.0/25
   5    -286.992872641  4.70e-05  8.86e-05  -3.70e-04  0.77  DIIS mom: 24.0/24 25.0/25
   6    -286.992955941  1.92e-05  3.56e-05  -8.33e-05  0.77  DIIS mom: 24.0/24 25.0/25
   7    -286.992970566  7.67e-06  1.37e-05  -1.46e-05  0.77  DIIS mom: 24.0/24 25.0/25
   8    -286.992973698  6.08e-06  1.03e-05  -3.13e-06  0.77  DIIS mom: 24.0/24 25.0/25
   9    -286.992975537  6.00e-06  1.01e-05  -1.84e-06  0.77  DIIS mom: 24.0/24 25.0/25
  10    -286.992976190  6.06e-06  1.02e-05  -6.53e-07  0.77  DIIS mom: 24.0/24 25.0/25
  11    -286.992967918  5.19e-06  8.83e-06   8.27e-06  0.77  DIIS mom: 24.0/24 25.0/25
  12    -286.992953574  2.51e-06  4.44e-06   1.43e-05  0.77  DIIS mom: 24.0/24 25.0/25
  13    -286.992951286  9.35e-07  1.68e-06   2.29e-06  0.77  DIIS mom: 24.0/24 25.0/25
  14    -286.992951247  4.65e-07  8.41e-07   3.98e-08  0.77  DIIS mom: 24.0/24 25.0/25
  15    -286.992951258  2.38e-07  4.31e-07  -1.10e-08  0.77  DIIS mom: 24.0/24 25.0/25
  16    -286.992951262  1.09e-07  2.02e-07  -4.08e-09  0.77  DIIS mom: 24.0/24 25.0/25
  17    -286.992951262  5.10e-08  9.37e-08  -7.95e-10  0.77  DIIS mom: 24.0/24 25.0/25
                                                                      diis is converged!

SCF converged : True
final |[F,P]| : 5.10e-08
final |dE|    : 9.37e-08
final Escf    : -563.211944061889
final Etot    : -286.992951262489
final S2      : 0.774654840547132

  diis prep             :::        0.988 (  0.01%)
  diis extrap           :::        0.952 (  0.01%)
  roothaan              :::        5.201 (  0.08%)
  fock build            :::     6895.530 ( 99.90%)
  Total                 :::     6902.671 (100.00%)

Alpha occupied
  -15.754 -11.546 -11.445 -11.428 -11.426 -11.402  -1.607  -1.438 
   -1.269  -1.224  -1.106  -1.094  -1.016  -0.967  -0.913  -0.861 
   -0.837  -0.795  -0.746  -0.718  -0.709  -0.612  -0.558  -0.522 

Alpha virtual
  -14.168  -0.115  -0.077  -0.069  -0.061  -0.054  -0.041  -0.035 
   -0.031  -0.022  -0.009  -0.007  -0.003   0.001   0.015   0.025 
    0.033   0.033   0.043   0.046   0.051   0.055   0.063   0.069 
    0.078   0.084   0.095   0.102   0.108   0.109   0.118   0.122 
    0.128   0.132   0.136   0.152   0.157   0.163   0.174   0.175 
    0.185   0.191   0.196   0.204   0.220   0.228   0.241   0.243 
    0.249   0.251   0.255   0.265   0.270   0.278   0.282   0.291 
    0.296   0.303   0.312   0.320   0.329   0.335   0.338   0.345 
    0.350   0.358   0.366   0.378   0.380   0.382   0.387   0.401 
    0.405   0.407   0.422   0.426   0.432   0.437   0.442   0.448 
    0.450   0.461   0.464   0.469   0.477   0.485   0.497   0.503 
    0.514   0.520   0.531   0.538   0.549   0.556   0.562   0.568 
    0.580   0.594   0.602   0.613   0.616   0.621   0.622   0.630 
    0.639   0.646   0.649   0.653   0.657   0.664   0.668   0.672 
    0.686   0.701   0.703   0.724   0.724   0.732   0.747   0.752 
    0.762   0.769   0.770   0.778   0.787   0.792   0.799   0.805 
    0.821   0.835   0.842   0.857   0.863   0.879   0.886   0.898 
    0.924   0.929   0.931   0.955   0.966   0.977   0.979   0.985 
    1.003   1.011   1.017   1.026   1.042   1.046   1.056   1.075 
    1.084   1.092   1.108   1.116   1.127   1.130   1.155   1.158 
    1.165   1.173   1.177   1.184   1.191   1.199   1.211   1.228 
    1.231   1.240   1.258   1.261   1.266   1.272   1.284   1.291 
    1.303   1.309   1.314   1.329   1.337   1.340   1.350   1.356 
    1.368   1.374   1.388   1.401   1.409   1.412   1.413   1.419 
    1.421   1.430   1.437   1.452   1.469   1.474   1.493   1.498 
    1.506   1.537   1.542   1.546   1.564   1.566   1.584   1.596 
    1.608   1.617   1.636   1.642   1.650   1.661   1.676   1.684 
    1.696   1.706   1.712   1.726   1.750   1.772   1.782   1.789 
    1.805   1.807   1.820   1.842   1.846   1.872   1.875   1.898 
    1.910   1.937   1.952   1.959   1.967   2.000   2.002   2.010 
    2.031   2.042   2.048   2.065   2.077   2.090   2.100   2.121 
    2.133   2.140   2.147   2.164   2.167   2.181   2.187   2.200 
    2.214   2.214   2.234   2.254   2.279   2.290   2.294   2.306 
    2.316   2.336   2.350   2.367   2.378   2.379   2.400   2.414 
    2.423   2.429   2.439   2.442   2.467   2.471   2.488   2.491 
    2.503   2.512   2.517   2.536   2.554   2.569   2.576   2.583 
    2.588   2.606   2.617   2.620   2.649   2.662   2.682   2.701 
    2.717   2.725   2.738   2.744   2.770   2.790   2.800   2.811 
    2.817   2.837   2.858   2.870   2.904   2.923   2.948   2.965 
    2.988   3.000   3.005   3.025   3.038   3.046   3.059   3.069 
    3.105   3.129   3.133   3.140   3.161   3.185   3.206   3.227 
    3.246   3.261   3.274   3.282   3.301   3.328   3.346   3.356 
    3.361   3.374   3.394   3.403   3.421   3.439   3.448   3.457 
    3.469   3.486   3.502   3.521   3.531   3.540   3.560   3.570 
    3.580   3.592   3.595   3.606   3.636   3.638   3.658   3.675 
    3.692   3.705   3.712   3.739   3.744   3.757   3.766   3.777 
    3.790   3.800   3.815   3.837   3.847   3.855   3.890   3.909 
    3.929   3.977   3.979   4.002   4.008   4.019   4.031   4.037 
    4.047   4.063   4.073   4.100   4.105   4.129   4.154   4.164 
    4.174   4.188   4.194   4.210   4.222   4.231   4.279   4.285 
    4.293   4.312   4.331   4.342   4.353   4.365   4.380   4.393 
    4.403   4.408   4.421   4.435   4.442   4.453   4.459   4.473 
    4.479   4.498   4.513   4.521   4.554   4.570   4.590   4.598 
    4.610   4.630   4.646   4.672   4.674   4.683   4.689   4.699 
    4.712   4.728   4.744   4.753   4.762   4.787   4.818   4.819 
    4.827   4.839   4.872   4.878   4.886   4.893   4.895   4.904 
    4.922   4.932   4.941   4.946   4.961   4.970   4.989   4.999 
    5.011   5.020   5.034   5.046   5.050   5.069   5.076   5.086 
    5.094   5.105   5.119   5.148   5.168   5.172   5.181   5.188 
    5.204   5.218   5.242   5.272   5.292   5.310   5.331   5.339 
    5.362   5.375   5.401   5.434   5.442   5.460   5.489   5.502 
    5.510   5.521   5.546   5.555   5.570   5.614   5.626   5.636 
    5.637   5.660   5.666   5.685   5.712   5.719   5.732   5.751 
    5.767   5.796   5.815   5.827   5.839   5.878   5.880   5.914 
    5.937   5.966   6.019   6.020   6.039   6.052   6.083   6.096 
    6.111   6.151   6.185   6.207   6.233   6.246   6.293   6.301 
    6.315   6.341   6.369   6.389   6.409   6.431   6.448   6.478 
    6.481   6.494   6.509   6.532   6.565   6.574   6.583   6.601 
    6.610   6.620   6.643   6.670   6.695   6.743   6.776   6.797 
    6.806   6.825   6.833   6.839   6.888   6.898   6.924   6.950 
    6.965   6.985   7.007   7.028   7.043   7.053   7.114   7.121 
    7.142   7.165   7.181   7.192   7.213   7.252   7.273   7.287 
    7.306   7.316   7.385   7.420   7.457   7.479   7.497   7.541 
    7.595   7.615   7.635   7.659   7.709   7.784   7.805   7.848 
    7.898   7.915   7.959   7.988   8.000   8.060   8.081   8.087 
    8.098   8.192   8.208   8.256   8.284   8.298   8.322   8.359 
    8.385   8.471   8.488   8.494   8.541   8.577   8.590   8.658 
    8.677   8.681   8.741   8.785   8.838   8.875   8.929   8.950 
    8.974   9.061   9.091   9.126   9.146   9.173   9.199   9.223 
    9.242   9.258   9.279   9.310   9.325   9.348   9.365   9.370 
    9.387   9.403   9.410   9.478   9.484   9.522   9.535   9.542 
    9.601   9.677   9.747   9.760   9.800   9.825   9.841   9.861 
    9.895   9.920   9.951   9.976  10.033  10.091  10.126  10.205 
   10.239  10.299  10.330  10.350  10.383  10.446  10.463  10.507 
   10.557  10.584  10.628  10.642  10.663  10.720  10.731  10.751 
   10.793  10.823  10.831  10.858  10.874  10.967  10.975  10.998 
   11.027  11.058  11.079  11.161  11.177  11.205  11.229  11.253 
   11.258  11.260  11.286  11.305  11.322  11.351  11.360  11.368 
   11.392  11.398  11.411  11.429  11.450  11.457  11.468  11.478 
   11.496  11.532  11.562  11.570  11.585  11.603  11.630  11.656 
   11.701  11.726  11.740  11.775  11.799  11.834  11.840  11.873 
   11.908  11.918  11.922  11.937  11.942  11.969  11.977  11.988 
   11.995  12.025  12.033  12.039  12.049  12.054  12.065  12.074 
   12.082  12.087  12.095  12.108  12.117  12.129  12.142  12.152 
   12.172  12.188  12.215  12.222  12.230  12.241  12.256  12.285 
   12.292  12.309  12.335  12.344  12.373  12.378  12.402  12.436 
   12.449  12.462  12.499  12.515  12.528  12.555  12.566  12.593 
   12.606  12.646  12.669  12.679  12.688  12.705  12.719  12.746 
   12.746  12.757  12.758  12.769  12.796  12.814  12.825  12.854 
   12.871  12.884  12.902  12.929  12.949  12.962  12.984  12.992 
   13.002  13.038  13.052  13.056  13.089  13.113  13.142  13.155 
   13.161  13.183  13.192  13.205  13.215  13.245  13.256  13.275 
   13.292  13.304  13.313  13.341  13.371  13.386  13.430  13.439 
   13.465  13.471  13.491  13.501  13.543  13.554  13.575  13.596 
   13.608  13.635  13.637  13.655  13.685  13.695  13.732  13.760 
   13.767  13.796  13.804  13.810  13.848  13.875  13.926  13.972 
   13.978  14.012  14.040  14.049  14.070  14.096  14.117  14.129 
   14.141  14.160  14.197  14.223  14.239  14.330  14.353  14.392 
   14.437  14.489  14.530  14.550  14.588  14.610  14.640  14.680 
   14.731  14.745  14.776  14.786  14.847  14.978  15.043  15.068 
   15.103  15.124  15.151  15.211  15.247  15.279  15.312  15.339 
   15.366  15.387  15.419  15.443  15.465  15.501  15.535  15.592 
   15.625  15.637  15.673  15.694  15.721  15.780  15.819  15.867 
   15.884  15.934  15.935  15.967  15.977  15.979  16.008  16.047 
   16.078  16.152  16.189  16.207  16.234  16.285  16.337  16.395 
   16.415  16.470  16.513  16.537  16.598  16.607  16.650  16.748 
   16.790  16.813  16.863  16.868  16.896  16.910  16.920  16.951 
   17.015  17.053  17.063  17.075  17.080  17.089  17.099  17.121 
   17.133  17.152  17.193  17.270  17.331  17.353  17.427  17.481 
   17.487  17.503  17.550  17.563  17.580  17.617  17.661  17.685 
   17.719  17.772  17.792  17.856  17.889  17.949  17.974  18.018 
   18.142  18.180  18.216  18.268  18.383  18.607  18.670  18.802 
   18.817  18.845  18.886  18.917  18.935  18.976  19.026  19.077 
   19.082  19.147  19.156  19.239  19.396  19.442  19.475  19.564 
   19.631  19.690  19.774  19.810  19.994  20.027  20.265  20.347 
   20.548  20.583  20.626  20.698  20.741  20.766  20.782  20.818 
   20.853  20.924  21.001  21.240  21.284  21.322  21.389  21.538 
   21.598  21.675  21.709  21.835  22.024  22.202  22.483  22.593 
   22.631  22.703  22.858  22.919  23.167  23.287  23.499  23.655 
   23.784  23.827  23.889  23.909  23.969  23.997  24.150  24.188 
   24.296  24.344  24.490  24.643  24.780  25.932  26.095  26.289 
   26.482  26.941  27.528  32.781  32.909  32.961  32.980  33.173 
   33.205  33.235  33.269  33.321  33.436  33.454  33.473  33.631 
   33.679  34.611  34.666  34.766  34.780  34.884  35.133  35.150 
   35.253  35.374  35.478  35.541  41.532  41.724  41.738  41.880 
   41.940  42.092  44.515  44.582  48.155  48.269  48.403  48.938 
   48.995  49.152  49.167  49.374  50.017  50.123  51.555  52.376 
   52.747  52.803  53.341  54.019  76.874  77.755  78.466  79.437 
   80.221  91.342  91.501  91.514  91.607  91.648  91.718  91.730 
   91.821  91.924  92.047  92.153  92.244  93.011  93.138  93.279 
   93.405  93.439  93.499  99.412 100.160 138.339 139.146 139.186 
  140.152 140.889 141.308 226.245 227.833 426.564 427.218 427.252 
  429.527 430.117 430.461 526.846 529.261 1267.865 1270.968 1687.058 
  1687.530 1687.555 1691.012 1691.431 1691.681 3191.296 3194.888 8535.850 
  8539.750 24820.945 24825.022 81386.899 81391.082 322255.371 322259.630 1830819.202 
  1830823.542 

Beta occupied
  -18.449 -15.754 -11.544 -11.444 -11.428 -11.426 -11.402  -1.698 
   -1.444  -1.269  -1.236  -1.146  -1.120  -1.025  -0.990  -0.970 
   -0.863  -0.838  -0.796  -0.746  -0.724  -0.710  -0.613  -0.559 
   -0.524 

Beta virtual
   -0.121  -0.080  -0.069  -0.059  -0.055  -0.044  -0.035  -0.031 
   -0.022  -0.009  -0.007  -0.003   0.001   0.012   0.023   0.033 
    0.033   0.043   0.045   0.046   0.055   0.063   0.069   0.078 
    0.085   0.094   0.102   0.106   0.109   0.118   0.122   0.129 
    0.132   0.136   0.151   0.157   0.163   0.173   0.175   0.184 
    0.190   0.194   0.204   0.219   0.227   0.234   0.243   0.246 
    0.252   0.254   0.264   0.267   0.276   0.281   0.288   0.296 
    0.303   0.311   0.320   0.329   0.334   0.338   0.345   0.350 
    0.356   0.366   0.377   0.380   0.382   0.385   0.401   0.405 
    0.407   0.422   0.425   0.432   0.438   0.441   0.447   0.450 
    0.461   0.464   0.468   0.477   0.485   0.496   0.503   0.514 
    0.519   0.531   0.538   0.549   0.556   0.562   0.568   0.580 
    0.593   0.600   0.614   0.616   0.617   0.621   0.630   0.639 
    0.645   0.649   0.653   0.657   0.665   0.668   0.672   0.685 
    0.700   0.701   0.722   0.723   0.733   0.746   0.750   0.762 
    0.769   0.770   0.776   0.785   0.792   0.800   0.806   0.821 
    0.835   0.841   0.858   0.863   0.879   0.887   0.899   0.924 
    0.929   0.930   0.955   0.967   0.976   0.979   0.986   1.004 
    1.011   1.017   1.025   1.042   1.047   1.056   1.075   1.081 
    1.092   1.107   1.116   1.127   1.130   1.155   1.158   1.165 
    1.170   1.177   1.185   1.190   1.198   1.211   1.228   1.230 
    1.239   1.258   1.261   1.265   1.272   1.284   1.291   1.304 
    1.308   1.313   1.329   1.338   1.339   1.349   1.356   1.366 
    1.372   1.386   1.400   1.408   1.412   1.412   1.417   1.421 
    1.430   1.437   1.452   1.469   1.472   1.492   1.496   1.505 
    1.535   1.540   1.546   1.564   1.565   1.583   1.596   1.607 
    1.617   1.635   1.640   1.649   1.660   1.675   1.683   1.696 
    1.705   1.712   1.726   1.750   1.771   1.782   1.789   1.804 
    1.806   1.820   1.841   1.846   1.873   1.876   1.898   1.910 
    1.936   1.952   1.959   1.967   2.000   2.003   2.010   2.031 
    2.042   2.048   2.065   2.076   2.090   2.100   2.119   2.129 
    2.139   2.147   2.162   2.167   2.177   2.186   2.200   2.212 
    2.215   2.233   2.254   2.277   2.289   2.293   2.304   2.316 
    2.335   2.350   2.368   2.378   2.379   2.400   2.413   2.423 
    2.429   2.439   2.441   2.467   2.471   2.488   2.491   2.503 
    2.512   2.517   2.536   2.554   2.568   2.576   2.582   2.588 
    2.605   2.616   2.620   2.650   2.661   2.682   2.701   2.716 
    2.725   2.736   2.743   2.769   2.789   2.799   2.808   2.812 
    2.836   2.858   2.870   2.903   2.923   2.946   2.965   2.987 
    2.997   3.004   3.025   3.036   3.044   3.058   3.069   3.097 
    3.128   3.133   3.139   3.161   3.185   3.201   3.227   3.246 
    3.261   3.272   3.282   3.300   3.328   3.346   3.356   3.361 
    3.375   3.394   3.402   3.421   3.437   3.448   3.456   3.468 
    3.486   3.500   3.519   3.531   3.539   3.560   3.569   3.578 
    3.591   3.594   3.603   3.635   3.637   3.658   3.674   3.691 
    3.700   3.706   3.731   3.743   3.755   3.765   3.772   3.789 
    3.796   3.808   3.836   3.846   3.848   3.885   3.904   3.927 
    3.975   3.979   4.000   4.006   4.017   4.027   4.033   4.041 
    4.062   4.069   4.096   4.104   4.123   4.152   4.164   4.174 
    4.185   4.194   4.209   4.221   4.230   4.278   4.282   4.293 
    4.312   4.330   4.341   4.353   4.365   4.379   4.393   4.402 
    4.408   4.420   4.433   4.441   4.452   4.457   4.471   4.479 
    4.499   4.512   4.521   4.554   4.570   4.588   4.598   4.610 
    4.629   4.645   4.672   4.674   4.683   4.689   4.699   4.712 
    4.727   4.743   4.752   4.762   4.787   4.817   4.819   4.827 
    4.839   4.872   4.878   4.887   4.893   4.895   4.903   4.922 
    4.931   4.940   4.946   4.961   4.969   4.988   4.999   5.010 
    5.020   5.034   5.046   5.050   5.069   5.076   5.085   5.094 
    5.104   5.118   5.148   5.168   5.172   5.181   5.188   5.203 
    5.218   5.241   5.271   5.292   5.309   5.330   5.339   5.362 
    5.375   5.401   5.434   5.442   5.460   5.488   5.501   5.509 
    5.520   5.545   5.555   5.568   5.613   5.626   5.635   5.636 
    5.658   5.660   5.685   5.711   5.717   5.732   5.750   5.764 
    5.794   5.814   5.826   5.838   5.874   5.878   5.913   5.935 
    5.964   6.018   6.019   6.038   6.047   6.082   6.092   6.109 
    6.149   6.182   6.205   6.233   6.245   6.293   6.300   6.314 
    6.336   6.368   6.388   6.409   6.431   6.447   6.476   6.481 
    6.493   6.508   6.530   6.563   6.573   6.581   6.599   6.609 
    6.619   6.641   6.669   6.695   6.743   6.774   6.796   6.805 
    6.824   6.833   6.837   6.887   6.896   6.922   6.948   6.964 
    6.984   7.005   7.027   7.041   7.052   7.112   7.121   7.141 
    7.164   7.180   7.191   7.212   7.252   7.273   7.286   7.305 
    7.314   7.382   7.419   7.455   7.477   7.493   7.539   7.590 
    7.613   7.634   7.657   7.708   7.780   7.805   7.848   7.887 
    7.913   7.950   7.986   7.996   8.054   8.075   8.084   8.094 
    8.174   8.206   8.254   8.279   8.297   8.320   8.354   8.383 
    8.448   8.478   8.486   8.533   8.555   8.580   8.654   8.676 
    8.679   8.739   8.774   8.838   8.861   8.917   8.946   8.973 
    9.058   9.088   9.124   9.147   9.167   9.199   9.214   9.227 
    9.254   9.262   9.292   9.318   9.346   9.364   9.370   9.388 
    9.402   9.407   9.476   9.484   9.519   9.534   9.542   9.598 
    9.672   9.746   9.755   9.794   9.822   9.834   9.860   9.894 
    9.913   9.933   9.952  10.032  10.085  10.126  10.204  10.236 
   10.299  10.329  10.350  10.378  10.444  10.462  10.506  10.557 
   10.581  10.614  10.641  10.663  10.721  10.727  10.751  10.790 
   10.823  10.827  10.858  10.874  10.967  10.975  10.998  11.026 
   11.058  11.079  11.160  11.177  11.205  11.229  11.253  11.258 
   11.260  11.286  11.305  11.322  11.350  11.360  11.368  11.392 
   11.398  11.411  11.428  11.450  11.456  11.468  11.478  11.496 
   11.532  11.560  11.569  11.584  11.603  11.629  11.656  11.699 
   11.719  11.735  11.771  11.798  11.833  11.839  11.872  11.905 
   11.918  11.921  11.937  11.942  11.968  11.975  11.987  11.993 
   12.023  12.032  12.038  12.049  12.055  12.065  12.074  12.082 
   12.087  12.094  12.107  12.117  12.129  12.142  12.151  12.172 
   12.187  12.215  12.221  12.229  12.240  12.255  12.284  12.292 
   12.309  12.335  12.344  12.372  12.378  12.402  12.433  12.446 
   12.461  12.493  12.515  12.528  12.555  12.565  12.593  12.605 
   12.644  12.669  12.677  12.688  12.705  12.719  12.745  12.747 
   12.757  12.759  12.769  12.796  12.814  12.824  12.853  12.871 
   12.884  12.902  12.928  12.947  12.960  12.984  12.992  13.002 
   13.037  13.051  13.054  13.089  13.111  13.141  13.154  13.160 
   13.183  13.192  13.205  13.214  13.243  13.254  13.275  13.292 
   13.304  13.313  13.340  13.369  13.385  13.430  13.438  13.465 
   13.470  13.490  13.500  13.543  13.553  13.574  13.595  13.608 
   13.634  13.638  13.654  13.685  13.692  13.731  13.760  13.767 
   13.796  13.803  13.810  13.848  13.873  13.926  13.972  13.977 
   14.012  14.040  14.049  14.070  14.096  14.117  14.129  14.141 
   14.160  14.195  14.223  14.238  14.330  14.352  14.392  14.437 
   14.487  14.529  14.549  14.582  14.607  14.640  14.679  14.730 
   14.745  14.773  14.785  14.846  14.976  15.041  15.068  15.102 
   15.124  15.150  15.209  15.246  15.278  15.308  15.338  15.366 
   15.386  15.416  15.440  15.454  15.497  15.535  15.590  15.617 
   15.635  15.667  15.692  15.718  15.776  15.819  15.863  15.883 
   15.933  15.934  15.965  15.976  15.977  16.006  16.039  16.074 
   16.144  16.185  16.205  16.231  16.281  16.335  16.394  16.414 
   16.466  16.511  16.536  16.594  16.606  16.649  16.745  16.788 
   16.805  16.862  16.868  16.897  16.904  16.918  16.948  17.005 
   17.053  17.056  17.075  17.079  17.089  17.097  17.121  17.127 
   17.151  17.188  17.267  17.326  17.352  17.427  17.481  17.488 
   17.502  17.542  17.563  17.574  17.616  17.661  17.681  17.717 
   17.755  17.787  17.856  17.880  17.931  17.957  18.016  18.115 
   18.153  18.208  18.263  18.380  18.578  18.670  18.768  18.801 
   18.845  18.885  18.917  18.933  18.968  19.026  19.077  19.079 
   19.127  19.147  19.238  19.395  19.439  19.475  19.562  19.631 
   19.689  19.709  19.807  19.992  20.021  20.263  20.341  20.548 
   20.583  20.626  20.693  20.698  20.741  20.766  20.816  20.853 
   20.917  21.001  21.235  21.283  21.319  21.388  21.512  21.537 
   21.673  21.707  21.784  22.007  22.143  22.443  22.492  22.616 
   22.702  22.851  22.918  23.132  23.225  23.461  23.656  23.770 
   23.827  23.889  23.912  23.967  23.996  24.150  24.185  24.296 
   24.342  24.490  24.643  24.780  25.932  26.095  26.289  26.482 
   26.935  27.511  32.781  32.909  32.961  32.980  33.173  33.205 
   33.236  33.269  33.321  33.436  33.454  33.473  33.631  33.679 
   34.612  34.666  34.765  34.780  34.884  35.133  35.151  35.253 
   35.374  35.478  35.541  41.531  41.723  41.737  41.880  41.940 
   42.092  44.213  44.552  47.984  48.098  48.233  48.818  48.939 
   49.149  49.162  49.203  50.016  50.122  51.216  52.373  52.430 
   52.486  53.339  54.019  76.874  77.755  78.466  79.437  80.221 
   91.343  91.503  91.515  91.607  91.648  91.718  91.731  91.821 
   91.924  92.047  92.153  92.244  93.011  93.138  93.279  93.405 
   93.440  93.500  99.032 100.159 137.922 138.733 138.773 140.152 
  140.889 141.308 225.888 227.833 426.205 426.860 426.894 429.527 
  430.117 430.461 526.561 529.261 1267.671 1270.968 1686.857 1687.328 
  1687.353 1691.012 1691.431 1691.681 3191.182 3194.888 8535.793 8539.750 
  24820.920 24825.022 81386.890 81391.082 322255.368 322259.630 1830819.201 1830823.542 


  >>> Running UHF-MP2 <<<

MP2 correlation energy (UHF) : -1.5948802830
MP2 total energy       (UHF) : -288.5878315455

