	*********************************************** 
	***** Beginning CEBE Calculation with MOM ***** 
	*****       Calculation Details:          ***** 
	      Geometry:	 /home/am3939/core/calculations/mols/exp/c/c-f2h2.xyz
	      Core Basis:	 ccX-5Z
	      Full Basis:	 cc-pV5Z
	      DIIS (start, space):	 0 50
	      Level shift:	 0
	      Do localization?:	 False
	      Do SFX2C1E?:	 True
	      Freeze orbitals?:	 True
	      Use Cheng orbitals?:	 False
	      Do Special Basis?:	 True
	      Do Special Basis?:	 ccX-5Z
	*********************************************** 
	*********************************************** 

  >>> Running RHF <<<

init D/C      : minao
init ov       : zeros
no            : 13
nv            : 471
ov_size       : 6123
max_cycle     : 1000
conv          : 6
econv         : 9
method        : gdm
scale_stop    : 0
scale_factor  : 1.000000
init E        : -237.924915523721
init |[F,P]|  : 7.37e-03
init |dE|     : 1.80e-02
check file    : None

iter      total energy   |[F,P]|      |dE|         ∆E   comment
   1    -237.992746499  4.30e-03  1.12e-02  -6.78e-02  BFGS
   2    -238.020035997  4.24e-04  1.15e-03  -2.73e-02  BFGS
   3    -238.020488278  1.37e-04  3.67e-04  -4.52e-04  BFGS
   4    -238.020550461  3.71e-05  8.46e-05  -6.22e-05  BFGS
   5    -238.020553728  1.13e-05  2.36e-05  -3.27e-06  BFGS
   6    -238.020554109  1.14e-06  2.87e-06  -3.81e-07  BFGS
   7    -238.020554114  3.17e-07  7.60e-07  -4.19e-09  BFGS
   8    -238.020554114  4.35e-08  9.94e-08  -3.35e-10  BFGS
                                                                      gdm is converged!

SCF converged : True
final |[F,P]| : 4.35e-08
final |dE|    : 9.94e-08
final Escf    : -315.620860046342
final Etot    : -238.020554113987

  pxp & ewc             :::        0.273 (  0.32%)
  apply B               :::        0.001 (  0.00%)
  linsrch               :::       84.764 ( 99.66%)
  grad                  :::        0.018 (  0.02%)
  Total                 :::       85.056 (100.00%)

Alpha occupied
  -26.309 -26.309 -11.403  -1.664  -1.602  -0.972  -0.781  -0.773 
   -0.758  -0.669  -0.634  -0.624  -0.537 

Alpha virtual
    0.084   0.089   0.092   0.114   0.187   0.232   0.272   0.282 
    0.345   0.363   0.386   0.404   0.437   0.445   0.478   0.480 
    0.516   0.575   0.594   0.597   0.643   0.657   0.673   0.703 
    0.732   0.749   0.845   0.892   0.909   0.917   0.920   0.924 
    0.935   0.943   1.151   1.166   1.181   1.223   1.393   1.406 
    1.421   1.438   1.477   1.523   1.542   1.562   1.604   1.634 
    1.671   1.676   1.732   1.734   1.758   1.764   1.793   1.793 
    1.850   1.920   1.960   1.976   1.994   2.029   2.078   2.112 
    2.131   2.150   2.177   2.192   2.238   2.253   2.269   2.367 
    2.407   2.420   2.501   2.530   2.589   2.643   2.682   2.697 
    2.722   2.954   3.010   3.016   3.219   3.230   3.304   3.324 
    3.404   3.442   3.453   3.501   3.535   3.569   3.594   3.645 
    3.671   3.681   3.798   3.848   3.887   3.912   3.944   3.952 
    3.972   3.996   4.041   4.077   4.115   4.128   4.139   4.167 
    4.178   4.244   4.246   4.283   4.415   4.429   4.439   4.501 
    4.506   4.556   4.588   4.611   4.629   4.633   4.747   4.774 
    4.832   4.888   4.981   4.995   5.005   5.073   5.074   5.103 
    5.237   5.274   5.321   5.390   5.399   5.438   5.463   5.498 
    5.612   5.626   5.659   5.659   5.673   5.787   5.893   5.908 
    5.946   5.960   6.008   6.140   6.203   6.249   6.268   6.310 
    6.405   6.484   6.755   6.838   6.839   7.040   7.186   7.220 
    7.257   7.339   7.485   7.557   7.617   7.683   7.710   7.721 
    7.856   7.918   7.923   7.927   8.092   8.155   8.180   8.222 
    8.224   8.348   8.374   8.407   8.708   8.736   8.746   8.840 
    8.897   9.261   9.473   9.482   9.511   9.576   9.587   9.592 
    9.723   9.762   9.805   9.821   9.893   9.906   9.965   9.979 
    9.997  10.040  10.066  10.098  10.122  10.210  10.366  10.385 
   10.385  10.394  10.437  10.455  10.518  10.542  10.661  10.746 
   10.764  10.849  10.870  10.874  10.904  10.989  11.066  11.117 
   11.143  11.148  11.164  11.243  11.299  11.411  11.419  11.706 
   11.950  12.213  12.353  12.509  12.613  12.709  12.724  12.774 
   12.799  12.810  12.830  12.855  12.901  13.010  13.131  13.142 
   13.176  13.258  13.290  13.317  13.473  13.486  13.629  13.650 
   13.806  13.869  13.939  13.991  14.020  14.103  14.154  14.193 
   14.274  14.405  14.416  14.444  14.526  14.541  14.754  14.794 
   14.858  14.914  15.067  15.269  15.298  15.339  15.529  15.544 
   15.891  15.918  16.070  16.437  16.800  17.389  17.620  17.629 
   17.857  18.069  18.206  18.253  18.312  18.353  18.354  18.354 
   18.356  18.357  18.368  18.373  18.383  18.424  18.480  18.514 
   18.525  18.545  18.579  18.669  18.839  18.911  18.977  19.054 
   19.066  19.096  19.104  19.151  19.156  19.525  19.770  19.782 
   19.848  19.853  19.861  20.466  21.475  21.894  21.911  22.075 
   23.771  23.772  23.786  23.791  23.898  23.945  24.019  24.063 
   24.195  24.365  24.433  24.452  24.552  24.766  24.824  24.831 
   24.834  25.048  25.082  25.380  25.415  25.439  25.455  25.648 
   25.745  25.763  25.842  26.078  26.189  26.209  26.247  26.656 
   26.759  28.872  28.894  28.895  28.915  29.664  29.671  29.699 
   29.745  30.243  30.475  38.598  38.678  39.401  39.674  39.715 
   40.345  40.365  40.461  40.571  40.614  40.751  41.318  41.345 
   41.731  42.090  52.220  79.896  80.225  86.863  86.869  86.875 
   86.898  86.916  86.935  87.004  87.014  87.020  89.916  89.931 
   90.031 107.655 107.714 108.283 108.577 108.681 112.496 130.042 
  130.100 130.131 130.150 130.172 130.302 130.851 210.224 210.241 
  210.336 247.712 251.503 251.503 251.507 251.507 251.509 251.510 
  251.511 251.512 251.512 251.515 251.515 276.452 276.499 276.932 
  277.179 277.271 310.890 310.893 310.895 310.904 310.911 310.916 
  310.940 310.947 310.949 396.247 396.278 396.295 396.305 396.318 
  396.390 396.698 538.174 538.191 538.274 598.725 706.960 706.996 
  707.331 707.528 707.604 1738.693 1738.708 1738.783 2327.149 


  >>> Running RHF-MP2 <<<


RMP2-TIMING
  rmp2                  :::       85.352 (100.00%)
  Total                 :::       85.352 (100.00%)

MP2 correlation energy (RHF) : -0.8865101235
MP2 total energy       (RHF) : -238.9070642374


  >>> Running UHF <<<

init D/C      : input mo_coeff
init ov       : zeros
no            : 12 13
nv            : 472 471
ov_size       : 11787
max_cycle     : 1000
conv          : 6
econv         : 9
method        : diis
mom_start     : 0
guess mix     : 0.000000
orb_swap      : [[[2, 12]], []]
init E        : -226.617088805694
init S2       : 0.750000000000075
init |[F,P]|  : 1.69e-02
init |dE|     : 3.78e-02
check file    : None

iter      total energy   |[F,P]|      |dE|         ∆E   S^2   comment
   1    -226.946516949  9.17e-03  2.05e-02  -3.29e-01  0.75  DIIS mom: 11.8/12 12.7/13
   2    -227.118027451  1.63e-03  4.45e-03  -1.72e-01  0.76  DIIS mom: 12.0/12 13.0/13
   3    -227.126357767  4.92e-04  1.49e-03  -8.33e-03  0.76  DIIS mom: 12.0/12 13.0/13
   4    -227.127632607  2.53e-04  5.43e-04  -1.27e-03  0.77  DIIS mom: 12.0/12 13.0/13
   5    -227.128470282  1.51e-04  3.30e-04  -8.38e-04  0.78  DIIS mom: 12.0/12 13.0/13
   6    -227.128967128  6.35e-05  1.55e-04  -4.97e-04  0.79  DIIS mom: 12.0/12 13.0/13
   7    -227.129068638  2.57e-05  6.07e-05  -1.02e-04  0.80  DIIS mom: 12.0/12 13.0/13
   8    -227.129081820  1.05e-05  2.37e-05  -1.32e-05  0.81  DIIS mom: 12.0/12 13.0/13
   9    -227.129083886  3.67e-06  8.16e-06  -2.07e-06  0.81  DIIS mom: 12.0/12 13.0/13
  10    -227.129084069  7.49e-07  1.76e-06  -1.84e-07  0.81  DIIS mom: 12.0/12 13.0/13
  11    -227.129084076  1.94e-07  4.76e-07  -6.82e-09  0.81  DIIS mom: 12.0/12 13.0/13
  12    -227.129084077  7.71e-08  2.03e-07  -4.68e-10  0.81  DIIS mom: 12.0/12 13.0/13
                                                                      diis is converged!

SCF converged : True
final |[F,P]| : 7.71e-08
final |dE|    : 2.03e-07
final Escf    : -304.729390009094
final Etot    : -227.129084076738
final S2      : 0.806465207312813

  diis prep             :::        0.072 (  0.05%)
  diis extrap           :::        0.066 (  0.05%)
  roothaan              :::        0.550 (  0.39%)
  fock build            :::      138.803 ( 99.51%)
  Total                 :::      139.491 (100.00%)

Alpha occupied
  -26.671 -26.671  -2.017  -1.948  -1.374  -1.169  -1.141  -1.116 
   -1.003  -0.975  -0.968  -0.916 

Alpha virtual
  -10.338  -0.126  -0.103  -0.100  -0.086  -0.016  -0.006   0.012 
    0.036   0.106   0.113   0.121   0.144   0.179   0.193   0.219 
    0.229   0.271   0.329   0.364   0.369   0.394   0.400   0.419 
    0.444   0.465   0.515   0.547   0.610   0.615   0.639   0.653 
    0.659   0.663   0.693   0.901   0.921   0.934   0.962   1.112 
    1.117   1.125   1.159   1.180   1.229   1.248   1.263   1.325 
    1.344   1.380   1.391   1.423   1.450   1.460   1.468   1.472 
    1.503   1.570   1.630   1.657   1.663   1.687   1.731   1.788 
    1.812   1.832   1.854   1.886   1.903   1.933   1.959   1.979 
    2.066   2.097   2.120   2.175   2.208   2.282   2.346   2.380 
    2.415   2.446   2.639   2.682   2.700   2.881   2.884   3.002 
    3.018   3.083   3.128   3.149   3.193   3.224   3.257   3.279 
    3.315   3.331   3.346   3.478   3.486   3.534   3.550   3.560 
    3.621   3.642   3.643   3.714   3.765   3.771   3.817   3.817 
    3.822   3.864   3.887   3.926   3.973   4.093   4.100   4.112 
    4.175   4.188   4.200   4.275   4.283   4.295   4.300   4.423 
    4.442   4.510   4.559   4.641   4.666   4.673   4.721   4.740 
    4.744   4.915   4.946   4.998   5.051   5.061   5.104   5.111 
    5.160   5.277   5.287   5.321   5.322   5.344   5.457   5.558 
    5.568   5.582   5.607   5.657   5.791   5.867   5.920   5.932 
    5.957   6.071   6.136   6.409   6.473   6.484   6.662   6.812 
    6.871   6.900   6.982   7.123   7.216   7.304   7.374   7.400 
    7.402   7.462   7.515   7.561   7.593   7.755   7.779   7.791 
    7.874   7.884   7.984   8.005   8.070   8.358   8.384   8.398 
    8.473   8.541   8.756   9.027   9.109   9.196   9.227   9.251 
    9.266   9.374   9.398   9.457   9.460   9.544   9.546   9.627 
    9.633   9.635   9.686   9.717   9.771   9.771   9.863   9.975 
    9.976  10.008  10.010  10.062  10.078  10.157  10.170  10.261 
   10.285  10.401  10.480  10.498  10.520  10.522  10.636  10.671 
   10.744  10.761  10.767  10.819  10.848  10.933  10.980  11.066 
   11.288  11.494  11.729  11.832  11.974  12.242  12.317  12.320 
   12.396  12.419  12.423  12.456  12.474  12.505  12.627  12.715 
   12.719  12.754  12.839  12.913  12.918  13.092  13.095  13.234 
   13.258  13.414  13.493  13.536  13.601  13.625  13.713  13.769 
   13.777  13.891  14.007  14.027  14.052  14.081  14.128  14.346 
   14.397  14.461  14.520  14.650  14.886  14.916  14.958  15.135 
   15.168  15.489  15.540  15.680  16.002  16.380  16.988  17.215 
   17.227  17.444  17.653  17.785  17.841  17.866  17.970  17.987 
   18.027  18.038  18.040  18.040  18.040  18.041  18.043  18.083 
   18.085  18.087  18.206  18.222  18.292  18.404  18.542  18.630 
   18.665  18.686  18.704  18.743  18.780  18.793  18.954  19.259 
   19.425  19.494  19.507  19.511  19.933  20.986  21.388  21.536 
   21.712  23.411  23.448  23.449  23.463  23.470  23.558  23.605 
   23.679  23.731  24.013  24.082  24.097  24.200  24.401  24.461 
   24.470  24.472  24.668  24.677  25.050  25.084  25.110  25.126 
   25.304  25.398  25.418  25.497  25.724  25.834  25.854  25.893 
   26.283  26.378  28.533  28.555  28.557  28.576  29.303  29.309 
   29.338  29.384  29.852  30.096  37.340  37.421  38.162  38.437 
   38.478  39.212  39.222  39.314  39.454  39.504  39.642  40.164 
   40.199  40.585  40.984  50.929  79.542  79.871  85.416  85.422 
   85.432  85.453  85.471  85.492  85.560  85.574  85.580  88.142 
   88.160  88.264 105.713 105.773 106.343 106.641 106.746 110.609 
  128.091 128.152 128.184 128.200 128.227 128.354 128.907 207.725 
  207.744 207.841 245.140 249.410 249.410 249.415 249.416 249.419 
  249.420 249.422 249.424 249.424 249.429 249.429 273.810 273.858 
  274.291 274.540 274.633 308.411 308.414 308.419 308.426 308.433 
  308.439 308.464 308.473 308.474 393.390 393.423 393.440 393.449 
  393.465 393.535 393.845 534.949 534.966 535.050 595.449 703.644 
  703.680 704.015 704.213 704.290 1734.875 1734.890 1734.967 2323.311 

Beta occupied
  -26.666 -26.666 -14.010  -2.021  -1.933  -1.443  -1.206  -1.157 
   -1.113  -0.999  -0.969  -0.959  -0.926 

Beta virtual
   -0.138  -0.111  -0.110  -0.090  -0.022  -0.019  -0.007   0.034 
    0.094   0.098   0.107   0.125   0.182   0.196   0.217   0.229 
    0.273   0.331   0.363   0.368   0.394   0.398   0.419   0.442 
    0.462   0.516   0.532   0.591   0.605   0.635   0.657   0.659 
    0.661   0.694   0.895   0.925   0.937   0.962   1.112   1.113 
    1.126   1.160   1.175   1.227   1.245   1.260   1.327   1.340 
    1.383   1.394   1.399   1.444   1.451   1.452   1.473   1.507 
    1.574   1.629   1.649   1.652   1.679   1.730   1.790   1.806 
    1.830   1.853   1.888   1.903   1.929   1.961   1.981   2.063 
    2.094   2.122   2.171   2.197   2.280   2.345   2.381   2.414 
    2.451   2.634   2.677   2.700   2.870   2.870   3.003   3.016 
    3.083   3.126   3.148   3.194   3.221   3.259   3.279   3.314 
    3.319   3.341   3.469   3.477   3.507   3.511   3.561   3.608 
    3.625   3.647   3.713   3.751   3.766   3.808   3.817   3.823 
    3.862   3.874   3.924   3.975   4.086   4.096   4.113   4.159 
    4.180   4.201   4.280   4.283   4.291   4.297   4.423   4.442 
    4.509   4.553   4.622   4.668   4.671   4.710   4.737   4.739 
    4.916   4.945   4.995   5.048   5.061   5.100   5.111   5.157 
    5.279   5.284   5.318   5.320   5.343   5.452   5.559   5.563 
    5.566   5.599   5.657   5.786   5.865   5.922   5.932   5.947 
    6.070   6.134   6.408   6.472   6.487   6.660   6.809   6.874 
    6.899   6.978   7.119   7.216   7.300   7.374   7.400   7.400 
    7.433   7.472   7.554   7.594   7.745   7.774   7.778   7.874 
    7.882   7.979   7.996   8.071   8.351   8.385   8.398   8.463 
    8.540   8.679   8.971   9.086   9.196   9.218   9.249   9.265 
    9.372   9.391   9.453   9.458   9.539   9.540   9.626   9.627 
    9.627   9.681   9.715   9.767   9.771   9.862   9.916   9.968 
   10.002  10.004  10.055  10.074  10.158  10.166  10.232  10.252 
   10.403  10.477  10.488  10.517  10.522  10.637  10.663  10.745 
   10.747  10.767  10.818  10.842  10.909  10.971  11.064  11.276 
   11.479  11.701  11.808  11.943  12.243  12.308  12.319  12.399 
   12.415  12.425  12.458  12.474  12.499  12.628  12.692  12.705 
   12.756  12.839  12.907  12.920  13.093  13.094  13.233  13.255 
   13.415  13.495  13.534  13.602  13.626  13.716  13.769  13.775 
   13.892  14.003  14.027  14.047  14.076  14.124  14.344  14.397 
   14.462  14.516  14.642  14.882  14.916  14.953  15.136  15.168 
   15.484  15.540  15.679  16.000  16.379  16.990  17.216  17.226 
   17.438  17.650  17.740  17.809  17.816  17.911  17.978  18.028 
   18.036  18.038  18.040  18.040  18.040  18.042  18.064  18.073 
   18.089  18.209  18.225  18.281  18.392  18.525  18.633  18.661 
   18.661  18.707  18.745  18.780  18.794  18.906  19.209  19.426 
   19.495  19.508  19.512  19.879  20.959  21.362  21.542  21.720 
   23.189  23.448  23.449  23.463  23.469  23.562  23.608  23.682 
   23.733  24.018  24.087  24.102  24.205  24.406  24.468  24.476 
   24.478  24.658  24.680  25.051  25.085  25.110  25.127  25.309 
   25.403  25.423  25.502  25.731  25.842  25.862  25.900  26.289 
   26.382  28.534  28.556  28.558  28.577  29.310  29.316  29.345 
   29.391  29.857  30.103  37.204  37.285  38.020  38.297  38.343 
   39.074  39.092  39.141  39.383  39.443  39.581  40.001  40.054 
   40.453  40.916  50.622  79.544  79.873  85.357  85.364  85.373 
   85.395  85.413  85.434  85.502  85.515  85.521  87.853  87.871 
   87.975 105.515 105.575 106.146 106.444 106.549 110.299 127.963 
  128.024 128.056 128.072 128.099 128.227 128.780 207.444 207.463 
  207.561 244.863 249.341 249.341 249.347 249.347 249.351 249.352 
  249.353 249.356 249.356 249.360 249.360 273.611 273.659 274.092 
  274.342 274.434 308.302 308.305 308.310 308.317 308.324 308.330 
  308.355 308.364 308.365 393.235 393.268 393.285 393.293 393.310 
  393.380 393.689 534.727 534.744 534.828 595.226 703.480 703.516 
  703.851 704.050 704.126 1734.744 1734.759 1734.835 2323.190 


  >>> Running UHF-MP2 <<<

MP2 correlation energy (UHF) : -0.8761314147
MP2 total energy       (UHF) : -228.0052154914

