	*********************************************** 
	***** Beginning CEBE Calculation with MOM ***** 
	*****       Calculation Details:          ***** 
	      Geometry:	 /home/am3939/core/calculations/mols/exp/f/ch3cof.xyz
	      Core Basis:	 pcX-4
	      Full Basis:	 pc-4
	      DIIS (start, space):	 0 50
	      Level shift:	 0
	      Do localization?:	 False
	      Do SFX2C1E?:	 True
	      Freeze orbitals?:	 True
	      Use Cheng orbitals?:	 False
	      Do Special Basis?:	 True
	      Do Special Basis?:	 pcX-4
	*********************************************** 
	*********************************************** 

  >>> Running RHF <<<

init D/C      : minao
init ov       : zeros
no            : 16
nv            : 631
ov_size       : 10096
max_cycle     : 1000
conv          : 6
econv         : 9
method        : gdm
scale_stop    : 0
scale_factor  : 1.000000
init E        : -251.769552930771
init |[F,P]|  : 7.65e-03
init |dE|     : 1.70e-02
check file    : None

iter      total energy   |[F,P]|      |dE|         ∆E   comment
   1    -251.839260289  6.13e-03  1.39e-02  -6.97e-02  BFGS
   2    -251.918721941  6.45e-04  1.42e-03  -7.95e-02  BFGS
   3    -251.920232702  2.96e-04  7.31e-04  -1.51e-03  BFGS
   4    -251.920591998  1.18e-04  2.83e-04  -3.59e-04  BFGS
   5    -251.920640865  4.17e-05  8.74e-05  -4.89e-05  BFGS
   6    -251.920649810  1.08e-05  2.36e-05  -8.94e-06  BFGS
   7    -251.920650189  2.93e-06  6.49e-06  -3.80e-07  BFGS
   8    -251.920650223  6.79e-07  1.40e-06  -3.38e-08  BFGS
   9    -251.920650225  1.66e-07  3.67e-07  -1.99e-09  BFGS
  10    -251.920650225  4.32e-08  9.28e-08  -1.21e-10  BFGS
                                                                      gdm is converged!

SCF converged : True
final |[F,P]| : 4.32e-08
final |dE|    : 9.28e-08
final Escf    : -370.85744671861
final Etot    : -251.920650225129

  pxp & ewc             :::        0.763 (  0.12%)
  apply B               :::        0.003 (  0.00%)
  linsrch               :::      629.008 ( 99.87%)
  grad                  :::        0.053 (  0.01%)
  Total                 :::      629.827 (100.00%)

Alpha occupied
  -26.328 -20.580 -11.425 -11.263  -1.658  -1.433  -1.048  -0.852 
   -0.740  -0.727  -0.722  -0.623  -0.609  -0.589  -0.534  -0.492 

Alpha virtual
    0.043   0.071   0.075   0.079   0.109   0.110   0.113   0.115 
    0.116   0.149   0.203   0.208   0.214   0.225   0.233   0.253 
    0.262   0.272   0.285   0.295   0.304   0.309   0.310   0.324 
    0.358   0.370   0.380   0.393   0.421   0.439   0.439   0.462 
    0.470   0.479   0.496   0.503   0.515   0.516   0.541   0.569 
    0.587   0.588   0.608   0.618   0.623   0.630   0.635   0.638 
    0.687   0.704   0.745   0.769   0.798   0.800   0.816   0.842 
    0.856   0.860   0.870   0.884   0.896   0.918   0.923   0.945 
    0.950   0.974   0.994   1.005   1.012   1.040   1.044   1.078 
    1.097   1.115   1.134   1.163   1.167   1.198   1.207   1.218 
    1.253   1.257   1.273   1.284   1.296   1.318   1.319   1.354 
    1.367   1.402   1.425   1.440   1.446   1.477   1.479   1.516 
    1.534   1.542   1.547   1.581   1.610   1.657   1.707   1.747 
    1.750   1.771   1.807   1.831   1.840   1.883   1.909   1.916 
    1.930   1.943   1.974   1.974   1.996   2.025   2.057   2.079 
    2.104   2.132   2.138   2.153   2.193   2.206   2.237   2.268 
    2.286   2.299   2.339   2.346   2.371   2.376   2.428   2.433 
    2.484   2.484   2.497   2.514   2.523   2.545   2.557   2.579 
    2.598   2.613   2.624   2.632   2.639   2.672   2.711   2.714 
    2.718   2.749   2.758   2.775   2.819   2.862   2.869   2.959 
    3.003   3.062   3.100   3.108   3.174   3.209   3.248   3.248 
    3.329   3.356   3.367   3.404   3.417   3.438   3.488   3.507 
    3.567   3.584   3.596   3.610   3.641   3.678   3.679   3.780 
    3.797   3.824   3.831   3.862   3.873   3.918   3.925   3.951 
    4.043   4.116   4.120   4.150   4.180   4.191   4.293   4.329 
    4.340   4.351   4.366   4.372   4.394   4.407   4.465   4.484 
    4.518   4.560   4.601   4.612   4.639   4.652   4.730   4.749 
    4.757   4.775   4.810   4.827   4.858   4.884   4.900   4.921 
    4.956   4.966   4.994   5.013   5.023   5.042   5.103   5.151 
    5.173   5.215   5.238   5.262   5.291   5.410   5.425   5.453 
    5.479   5.525   5.543   5.543   5.609   5.624   5.656   5.671 
    5.731   5.746   5.777   5.786   5.808   5.808   5.875   5.888 
    5.917   5.998   6.005   6.009   6.042   6.080   6.102   6.114 
    6.185   6.218   6.241   6.243   6.293   6.305   6.356   6.421 
    6.426   6.436   6.490   6.516   6.519   6.600   6.624   6.684 
    6.700   6.717   6.799   6.803   6.870   6.904   6.913   6.993 
    7.022   7.040   7.108   7.110   7.141   7.156   7.191   7.239 
    7.240   7.317   7.376   7.414   7.448   7.611   7.644   7.682 
    7.706   7.716   7.865   7.924   7.978   8.001   8.056   8.115 
    8.204   8.212   8.337   8.393   8.507   8.724   8.753   8.766 
    8.806   8.847   8.988   9.062   9.229   9.258   9.309   9.362 
    9.368   9.396   9.407   9.428   9.472   9.537   9.561   9.588 
    9.692   9.700   9.736   9.902   9.995   9.999  10.032  10.054 
   10.106  10.156  10.246  10.269  10.302  10.430  10.596  10.857 
   10.890  10.948  10.953  10.956  11.032  11.144  11.206  11.209 
   11.256  11.273  11.299  11.425  11.502  11.519  11.594  11.650 
   11.655  11.695  11.726  11.747  11.829  11.850  11.903  11.933 
   11.941  12.014  12.103  12.126  12.154  12.189  12.267  12.334 
   12.353  12.362  12.424  12.455  12.494  12.581  12.582  12.607 
   12.655  12.666  12.674  12.708  12.718  12.748  12.797  12.822 
   12.825  12.867  12.879  12.902  12.923  12.939  13.009  13.012 
   13.021  13.045  13.057  13.099  13.117  13.168  13.240  13.256 
   13.276  13.285  13.305  13.313  13.315  13.332  13.363  13.386 
   13.394  13.420  13.446  13.468  13.494  13.560  13.620  13.643 
   13.659  13.680  13.715  13.761  13.777  13.848  13.851  13.872 
   13.941  13.980  13.984  14.018  14.057  14.093  14.143  14.144 
   14.260  14.296  14.388  14.440  14.494  14.550  14.594  14.631 
   14.673  14.689  14.770  14.845  14.914  14.976  15.116  15.122 
   15.148  15.159  15.280  15.305  15.376  15.495  15.709  15.796 
   15.824  15.826  15.933  16.112  16.127  16.173  16.280  16.365 
   16.396  16.453  16.477  16.603  16.802  16.808  16.909  17.193 
   17.209  17.222  17.260  17.267  17.277  17.316  17.358  17.599 
   17.681  17.713  17.783  17.788  17.847  17.877  17.939  17.951 
   18.022  18.114  18.143  18.279  18.722  18.883  18.930  19.017 
   19.075  19.124  19.148  19.357  19.363  19.432  19.647  19.647 
   19.709  19.725  19.883  20.397  20.489  20.496  20.532  20.724 
   20.764  20.989  20.993  21.155  21.209  21.252  21.296  21.600 
   21.739  21.853  21.908  22.056  22.294  22.402  22.837  22.847 
   23.149  23.817  23.838  23.886  23.991  24.128  24.221  24.546 
   24.665  24.750  24.975  25.473  26.275  26.289  26.382  27.479 
   31.349  31.409  31.461  31.642  32.050  32.363  33.022  33.208 
   33.450  33.525  33.744  33.811  33.837  34.441  34.583  34.676 
   34.802  34.958  35.008  35.555  35.997  36.133  38.285  41.861 
   41.898  42.259  68.104  68.151  68.690  68.985  70.340  77.908 
   80.363  85.066  85.217  85.712  88.071  91.643  91.839  91.903 
   92.109  92.217  92.280  93.077  93.155  93.220  93.259  93.286 
   93.311  93.593  94.281 146.483 202.963 227.839 227.970 228.622 
  469.165 696.220 696.324 696.839 1100.570 2654.817 2738.537 2738.610 
  2738.983 6681.133 17849.216 51827.856 169672.827 670600.663 3802079.614 


  >>> Running RHF-MP2 <<<


RMP2-TIMING
  rmp2                  :::      391.515 (100.00%)
  Total                 :::      391.515 (100.00%)

MP2 correlation energy (RHF) : -1.0889391847
MP2 total energy       (RHF) : -253.0095894098


  >>> Running UHF <<<

init D/C      : input mo_coeff
init ov       : zeros
no            : 15 16
nv            : 632 631
ov_size       : 19576
max_cycle     : 1000
conv          : 6
econv         : 9
method        : diis
mom_start     : 0
guess mix     : 0.000000
orb_swap      : [[[0, 15]], []]
init E        : -225.592226723608
init S2       : 0.750000000000247
init |[F,P]|  : 1.84e-02
init |dE|     : 5.13e-02
check file    : None

iter      total energy   |[F,P]|      |dE|         ∆E   S^2   comment
   1    -226.232106157  8.27e-03  2.44e-02  -6.40e-01  0.75  DIIS mom: 14.7/15 15.7/16
   2    -226.475488893  1.19e-03  3.06e-03  -2.43e-01  0.75  DIIS mom: 15.0/15 16.0/16
   3    -226.480390682  6.20e-04  1.51e-03  -4.90e-03  0.76  DIIS mom: 15.0/15 16.0/16
   4    -226.482202889  1.05e-04  2.72e-04  -1.81e-03  0.76  DIIS mom: 15.0/15 16.0/16
   5    -226.482347080  4.38e-05  1.09e-04  -1.44e-04  0.76  DIIS mom: 15.0/15 16.0/16
   6    -226.482379696  2.15e-05  4.67e-05  -3.26e-05  0.76  DIIS mom: 15.0/15 16.0/16
   7    -226.482390988  1.62e-05  3.21e-05  -1.13e-05  0.76  DIIS mom: 15.0/15 16.0/16
   8    -226.482399959  1.44e-05  2.81e-05  -8.97e-06  0.76  DIIS mom: 15.0/15 16.0/16
   9    -226.482412630  1.29e-05  2.54e-05  -1.27e-05  0.76  DIIS mom: 15.0/15 16.0/16
  10    -226.482429620  1.11e-05  2.19e-05  -1.70e-05  0.76  DIIS mom: 15.0/15 16.0/16
  11    -226.482459205  6.77e-06  1.37e-05  -2.96e-05  0.77  DIIS mom: 15.0/15 16.0/16
  12    -226.482470059  2.52e-06  5.18e-06  -1.09e-05  0.77  DIIS mom: 15.0/15 16.0/16
  13    -226.482470686  8.95e-07  1.81e-06  -6.27e-07  0.77  DIIS mom: 15.0/15 16.0/16
  14    -226.482470734  3.21e-07  7.07e-07  -4.81e-08  0.77  DIIS mom: 15.0/15 16.0/16
  15    -226.482470736  7.39e-08  1.59e-07  -1.79e-09  0.77  DIIS mom: 15.0/15 16.0/16
  16    -226.482470736  2.15e-08  4.29e-08  -8.65e-11  0.77  DIIS mom: 15.0/15 16.0/16
                                                                      diis is converged!

SCF converged : True
final |[F,P]| : 2.15e-08
final |dE|    : 4.29e-08
final Escf    : -345.419267229444
final Etot    : -226.482470735963
final S2      : 0.772939570273788

  diis prep             :::        0.422 (  0.04%)
  diis extrap           :::        0.381 (  0.03%)
  roothaan              :::       16.974 (  1.54%)
  fock build            :::     1083.051 ( 98.39%)
  Total                 :::     1100.828 (100.00%)

Alpha occupied
  -20.890 -11.726 -11.494  -2.209  -1.733  -1.418  -1.332  -1.319 
   -1.246  -1.006  -0.920  -0.881  -0.839  -0.794  -0.783 

Alpha virtual
  -24.553  -0.132  -0.115  -0.072  -0.071  -0.061  -0.035  -0.033 
   -0.024  -0.022  -0.021   0.009   0.052   0.064   0.069   0.072 
    0.073   0.092   0.095   0.107   0.111   0.112   0.127   0.145 
    0.145   0.171   0.184   0.196   0.198   0.210   0.243   0.258 
    0.280   0.290   0.301   0.305   0.312   0.324   0.331   0.347 
    0.363   0.401   0.403   0.428   0.444   0.446   0.459   0.467 
    0.469   0.502   0.510   0.532   0.570   0.571   0.600   0.601 
    0.618   0.627   0.639   0.646   0.657   0.659   0.669   0.714 
    0.716   0.724   0.743   0.747   0.761   0.775   0.824   0.846 
    0.848   0.896   0.899   0.925   0.959   0.971   0.984   0.993 
    0.996   1.039   1.056   1.074   1.075   1.089   1.108   1.114 
    1.147   1.148   1.182   1.233   1.236   1.253   1.284   1.298 
    1.302   1.335   1.342   1.342   1.378   1.391   1.427   1.492 
    1.519   1.543   1.545   1.591   1.601   1.612   1.628   1.665 
    1.676   1.691   1.724   1.724   1.747   1.757   1.795   1.806 
    1.843   1.845   1.873   1.889   1.907   1.936   1.959   1.980 
    2.001   2.031   2.035   2.040   2.049   2.074   2.105   2.105 
    2.158   2.187   2.217   2.217   2.256   2.268   2.287   2.291 
    2.336   2.337   2.357   2.371   2.388   2.412   2.433   2.436 
    2.443   2.478   2.502   2.504   2.523   2.568   2.591   2.619 
    2.697   2.725   2.823   2.834   2.846   2.932   2.947   3.017 
    3.024   3.061   3.083   3.124   3.160   3.176   3.206   3.233 
    3.259   3.288   3.323   3.361   3.384   3.425   3.447   3.451 
    3.545   3.560   3.571   3.599   3.605   3.655   3.662   3.684 
    3.694   3.803   3.875   3.880   3.903   3.948   3.969   4.039 
    4.105   4.112   4.117   4.141   4.144   4.156   4.184   4.223 
    4.252   4.260   4.333   4.349   4.365   4.377   4.399   4.487 
    4.499   4.527   4.544   4.549   4.564   4.599   4.630   4.663 
    4.667   4.686   4.695   4.726   4.766   4.767   4.813   4.840 
    4.901   4.907   4.961   4.981   5.008   5.046   5.152   5.160 
    5.179   5.187   5.227   5.244   5.278   5.291   5.323   5.361 
    5.374   5.431   5.456   5.461   5.503   5.515   5.548   5.551 
    5.612   5.615   5.622   5.635   5.683   5.711   5.780   5.791 
    5.816   5.921   5.929   5.941   5.973   6.005   6.012   6.083 
    6.111   6.130   6.169   6.198   6.234   6.243   6.258   6.281 
    6.370   6.424   6.431   6.492   6.525   6.597   6.625   6.630 
    6.657   6.756   6.764   6.814   6.856   6.869   6.910   6.928 
    6.988   6.989   7.041   7.104   7.131   7.155   7.290   7.315 
    7.330   7.347   7.363   7.536   7.629   7.664   7.678   7.810 
    7.855   7.895   7.913   8.063   8.129   8.204   8.391   8.451 
    8.510   8.523   8.535   8.677   8.846   8.987   9.005   9.089 
    9.113   9.134   9.147   9.170   9.207   9.237   9.276   9.286 
    9.330   9.466   9.467   9.486   9.603   9.730   9.761   9.799 
    9.816   9.871   9.907   9.922  10.022  10.066  10.145  10.314 
   10.542  10.616  10.652  10.660  10.699  10.751  10.863  10.902 
   10.935  10.957  11.031  11.078  11.146  11.219  11.258  11.360 
   11.406  11.416  11.429  11.468  11.473  11.574  11.580  11.643 
   11.675  11.700  11.710  11.787  11.854  11.898  11.910  11.973 
   12.081  12.095  12.102  12.147  12.165  12.217  12.298  12.302 
   12.321  12.350  12.369  12.382  12.383  12.423  12.443  12.472 
   12.478  12.532  12.559  12.574  12.592  12.635  12.636  12.665 
   12.700  12.734  12.745  12.777  12.821  12.855  12.857  12.893 
   12.896  12.920  12.938  12.969  12.969  13.022  13.036  13.061 
   13.097  13.134  13.160  13.182  13.193  13.227  13.230  13.299 
   13.317  13.328  13.333  13.347  13.473  13.514  13.568  13.571 
   13.594  13.623  13.665  13.689  13.726  13.763  13.784  13.796 
   13.855  13.918  13.974  14.004  14.050  14.136  14.157  14.244 
   14.327  14.349  14.352  14.445  14.528  14.588  14.631  14.684 
   14.691  14.828  14.885  14.933  15.076  15.094  15.125  15.320 
   15.335  15.402  15.560  15.626  15.679  15.764  15.893  15.959 
   16.027  16.028  16.149  16.228  16.383  16.456  16.582  16.670 
   16.880  16.979  17.000  17.006  17.042  17.047  17.061  17.141 
   17.232  17.354  17.484  17.490  17.495  17.575  17.653  17.694 
   17.721  17.724  17.816  17.850  17.990  18.449  18.597  18.700 
   18.726  18.821  18.858  18.932  19.128  19.134  19.159  19.342 
   19.392  19.419  19.470  19.600  20.181  20.261  20.273  20.300 
   20.502  20.514  20.518  20.544  20.690  20.748  21.026  21.076 
   21.219  21.273  21.449  21.630  21.819  22.072  22.169  22.385 
   22.431  22.734  23.432  23.576  23.610  23.685  23.908  24.000 
   24.326  24.446  24.533  24.677  25.171  26.057  26.070  26.163 
   27.180  30.414  30.526  30.729  31.008  31.224  31.510  32.695 
   32.904  33.146  33.290  33.409  33.490  33.501  33.550  33.729 
   34.063  34.257  34.729  34.776  35.232  35.342  35.721  37.356 
   41.642  41.678  42.039  67.796  67.843  68.384  68.680  70.036 
   77.606  80.126  83.292  83.440  83.961  86.452  91.137  91.212 
   91.364  91.429  91.620  91.624  91.698  91.911  91.996  92.059 
   92.361  93.007  93.035  93.068 146.179 200.449 224.886 225.016 
  225.675 465.598 691.836 691.939 692.457 1096.005 2649.462 2732.916 
  2732.989 2733.362 6675.245 17843.018 51821.502 169666.404 670594.214 3802073.157 

Beta occupied
  -30.067 -20.884 -11.729 -11.494  -2.344  -1.726  -1.496  -1.417 
   -1.414  -1.261  -1.004  -0.916  -0.877  -0.843  -0.781  -0.779 

Beta virtual
   -0.134  -0.118  -0.072  -0.072  -0.063  -0.037  -0.034  -0.024 
   -0.022  -0.022  -0.007   0.052   0.063   0.064   0.073   0.073 
    0.090   0.094   0.105   0.111   0.111   0.126   0.145   0.146 
    0.170   0.181   0.195   0.195   0.210   0.243   0.259   0.279 
    0.290   0.301   0.305   0.312   0.324   0.331   0.345   0.362 
    0.401   0.404   0.427   0.443   0.447   0.459   0.467   0.469 
    0.502   0.510   0.530   0.566   0.572   0.598   0.601   0.612 
    0.627   0.638   0.648   0.657   0.659   0.667   0.713   0.717 
    0.722   0.741   0.748   0.759   0.773   0.824   0.846   0.848 
    0.893   0.899   0.925   0.959   0.970   0.983   0.993   0.995 
    1.039   1.055   1.074   1.074   1.088   1.107   1.113   1.147 
    1.147   1.182   1.232   1.234   1.253   1.284   1.298   1.303 
    1.335   1.341   1.342   1.378   1.391   1.427   1.492   1.520 
    1.543   1.545   1.591   1.602   1.613   1.630   1.663   1.679 
    1.690   1.724   1.725   1.747   1.760   1.794   1.808   1.840 
    1.846   1.874   1.884   1.908   1.934   1.960   1.979   1.989 
    2.006   2.035   2.041   2.046   2.067   2.100   2.105   2.148 
    2.178   2.215   2.217   2.255   2.265   2.287   2.291   2.335 
    2.336   2.354   2.369   2.385   2.412   2.433   2.437   2.441 
    2.477   2.502   2.503   2.522   2.569   2.588   2.618   2.698 
    2.726   2.824   2.832   2.845   2.933   2.947   3.017   3.024 
    3.061   3.083   3.125   3.160   3.178   3.206   3.233   3.259 
    3.284   3.323   3.360   3.383   3.425   3.447   3.451   3.539 
    3.560   3.571   3.598   3.605   3.655   3.661   3.684   3.695 
    3.803   3.873   3.877   3.903   3.948   3.969   4.041   4.104 
    4.114   4.117   4.143   4.144   4.157   4.184   4.223   4.252 
    4.261   4.333   4.350   4.366   4.378   4.399   4.489   4.500 
    4.527   4.545   4.550   4.563   4.599   4.631   4.663   4.668 
    4.683   4.698   4.725   4.766   4.766   4.813   4.839   4.901 
    4.907   4.960   4.980   5.007   5.046   5.141   5.158   5.177 
    5.185   5.223   5.240   5.268   5.291   5.311   5.360   5.366 
    5.418   5.421   5.445   5.481   5.503   5.522   5.547   5.591 
    5.609   5.621   5.632   5.657   5.706   5.771   5.786   5.811 
    5.917   5.924   5.941   5.968   6.002   6.011   6.083   6.103 
    6.132   6.165   6.199   6.233   6.246   6.259   6.281   6.366 
    6.421   6.427   6.490   6.526   6.596   6.625   6.628   6.658 
    6.754   6.764   6.813   6.857   6.867   6.908   6.928   6.986 
    6.989   7.040   7.103   7.130   7.156   7.291   7.316   7.331 
    7.346   7.365   7.537   7.628   7.666   7.677   7.811   7.855 
    7.896   7.913   8.059   8.127   8.203   8.380   8.453   8.509 
    8.525   8.535   8.677   8.846   8.986   9.005   9.089   9.114 
    9.134   9.147   9.171   9.207   9.237   9.276   9.286   9.330 
    9.465   9.467   9.486   9.606   9.737   9.761   9.799   9.818 
    9.870   9.901   9.922  10.023  10.066  10.147  10.318  10.541 
   10.617  10.651  10.661  10.698  10.751  10.862  10.902  10.934 
   10.958  11.031  11.078  11.147  11.219  11.257  11.360  11.406 
   11.417  11.429  11.471  11.473  11.577  11.580  11.642  11.676 
   11.700  11.708  11.784  11.854  11.898  11.908  11.971  12.081 
   12.095  12.101  12.146  12.163  12.215  12.278  12.297  12.320 
   12.340  12.367  12.382  12.384  12.423  12.434  12.471  12.476 
   12.525  12.557  12.573  12.581  12.634  12.636  12.662  12.698 
   12.732  12.744  12.777  12.821  12.853  12.858  12.895  12.898 
   12.922  12.931  12.967  12.968  13.023  13.026  13.061  13.097 
   13.129  13.160  13.182  13.188  13.222  13.230  13.291  13.301 
   13.311  13.323  13.347  13.461  13.512  13.543  13.553  13.587 
   13.617  13.631  13.687  13.720  13.755  13.771  13.772  13.852 
   13.895  13.931  13.964  14.000  14.125  14.156  14.235  14.327 
   14.341  14.352  14.411  14.504  14.577  14.626  14.628  14.682 
   14.807  14.875  14.933  15.066  15.076  15.125  15.309  15.325 
   15.389  15.559  15.621  15.671  15.751  15.891  15.953  16.016 
   16.027  16.148  16.228  16.383  16.450  16.582  16.670  16.871 
   16.979  17.000  17.006  17.041  17.047  17.061  17.141  17.224 
   17.349  17.485  17.493  17.499  17.574  17.653  17.692  17.720 
   17.724  17.811  17.853  17.992  18.449  18.600  18.699  18.728 
   18.817  18.858  18.932  19.129  19.133  19.160  19.339  19.392 
   19.420  19.470  19.598  20.181  20.260  20.273  20.299  20.502 
   20.509  20.513  20.544  20.685  20.742  21.025  21.076  21.209 
   21.267  21.442  21.630  21.819  22.072  22.169  22.378  22.426 
   22.728  23.419  23.580  23.611  23.690  23.907  24.000  24.326 
   24.446  24.532  24.681  25.173  26.057  26.070  26.163  27.183 
   30.339  30.452  30.653  30.960  31.192  31.427  32.679  32.908 
   33.130  33.243  33.297  33.341  33.462  33.501  33.520  33.974 
   34.245  34.729  34.775  35.129  35.264  35.720  37.088  41.642 
   41.678  42.039  67.799  67.846  68.386  68.682  70.037  77.603 
   80.125  82.856  83.004  83.526  85.987  90.888  90.964  91.120 
   91.394  91.423  91.619  91.685  91.902  91.996  92.057  92.112 
   93.007  93.034  93.068 146.180 199.950 224.355 224.485 225.146 
  465.157 691.374 691.477 691.995 1095.671 2649.244 2732.654 2732.727 
  2733.100 6675.122 17842.957 51821.475 169666.395 670594.212 3802073.157 


  >>> Running UHF-MP2 <<<

MP2 correlation energy (UHF) : -1.0382496317
MP2 total energy       (UHF) : -227.5207203677

