	*********************************************** 
	***** Beginning CEBE Calculation with MOM ***** 
	*****       Calculation Details:          ***** 
	      Geometry:	 /work/morgunov/rev2calcs/mols/exp/o/hcooh.xyz
	      Core Basis:	 pcX-4
	      Full Basis:	 pc-4
	      DIIS (start, space):	 0 50
	      Level shift:	 0
	      Do localization?:	 False
	      Do SFX2C1E?:	 True
	      Freeze orbitals?:	 True
	      Use Cheng orbitals?:	 False
	      Do Special Basis?:	 True
	      Do Special Basis?:	 pcX-4
	*********************************************** 
	*********************************************** 

  >>> Running RHF <<<

init D/C      : minao
init ov       : zeros
no            : 12
nv            : 485
ov_size       : 5820
max_cycle     : 1000
conv          : 6
econv         : 9
method        : gdm
scale_stop    : 0
scale_factor  : 1.000000
init E        : -188.73422840231
init |[F,P]|  : 9.33e-03
init |dE|     : 2.05e-02
check file    : None

iter      total energy   |[F,P]|      |dE|         ∆E   comment
   1    -188.796148679  7.28e-03  1.61e-02  -6.19e-02  BFGS
   2    -188.858099549  8.41e-04  1.80e-03  -6.20e-02  BFGS
   3    -188.859235797  4.68e-04  1.03e-03  -1.14e-03  BFGS
   4    -188.859592068  1.27e-04  2.89e-04  -3.56e-04  BFGS
   5    -188.859636421  4.90e-05  1.06e-04  -4.44e-05  BFGS
   6    -188.859644895  1.36e-05  2.94e-05  -8.47e-06  BFGS
   7    -188.859645312  3.93e-06  8.63e-06  -4.18e-07  BFGS
   8    -188.859645346  8.98e-07  1.86e-06  -3.36e-08  BFGS
   9    -188.859645348  2.67e-07  5.68e-07  -2.00e-09  BFGS
  10    -188.859645348  5.36e-08  1.23e-07  -1.84e-10  BFGS
                                                                      gdm is converged!

SCF converged : True
final |[F,P]| : 5.36e-08
final |dE|    : 1.23e-07
final Escf    : -259.068296382228
final Etot    : -188.85964534819

  pxp & ewc             :::        0.217 (  0.05%)
  apply B               :::        0.002 (  0.00%)
  linsrch               :::      417.584 ( 99.94%)
  grad                  :::        0.013 (  0.00%)
  Total                 :::      417.816 (100.00%)

Alpha occupied
  -20.627 -20.564 -11.396  -1.478  -1.377  -0.896  -0.727  -0.715 
   -0.640  -0.606  -0.498  -0.475 

Alpha virtual
    0.052   0.066   0.082   0.092   0.120   0.145   0.154   0.174 
    0.188   0.215   0.220   0.232   0.239   0.259   0.273   0.316 
    0.317   0.362   0.372   0.377   0.389   0.396   0.433   0.435 
    0.474   0.521   0.538   0.546   0.559   0.563   0.586   0.638 
    0.660   0.690   0.699   0.716   0.718   0.738   0.749   0.767 
    0.776   0.782   0.822   0.840   0.843   0.859   0.892   0.960 
    0.981   0.994   1.029   1.033   1.093   1.114   1.128   1.129 
    1.166   1.180   1.212   1.252   1.255   1.288   1.319   1.329 
    1.351   1.362   1.386   1.428   1.474   1.493   1.500   1.541 
    1.600   1.675   1.677   1.714   1.771   1.811   1.836   1.852 
    1.853   1.871   1.886   1.899   1.941   1.963   1.965   2.014 
    2.020   2.079   2.083   2.125   2.194   2.202   2.238   2.257 
    2.331   2.378   2.394   2.401   2.425   2.440   2.475   2.491 
    2.524   2.537   2.586   2.616   2.658   2.688   2.738   2.805 
    2.809   2.921   3.042   3.053   3.066   3.084   3.142   3.166 
    3.235   3.306   3.308   3.320   3.405   3.429   3.475   3.488 
    3.556   3.582   3.606   3.646   3.678   3.722   3.745   3.805 
    3.902   3.947   3.955   4.025   4.068   4.116   4.155   4.206 
    4.218   4.283   4.342   4.351   4.380   4.405   4.444   4.453 
    4.483   4.561   4.575   4.590   4.641   4.643   4.715   4.718 
    4.757   4.765   4.785   4.809   4.831   4.868   4.896   4.976 
    4.988   5.037   5.097   5.135   5.150   5.177   5.226   5.313 
    5.442   5.485   5.513   5.561   5.600   5.630   5.670   5.688 
    5.744   5.790   5.823   5.833   5.890   5.995   6.029   6.041 
    6.128   6.195   6.238   6.327   6.367   6.439   6.446   6.514 
    6.527   6.555   6.621   6.733   6.738   6.873   6.917   6.929 
    6.964   7.054   7.120   7.199   7.221   7.252   7.424   7.672 
    7.710   7.760   7.787   7.908   7.915   8.023   8.228   8.341 
    8.360   8.409   8.515   8.566   8.679   8.684   8.771   8.873 
    8.963   9.132   9.154   9.278   9.285   9.335   9.405   9.488 
    9.495   9.587   9.759   9.761   9.981   9.993  10.075  10.202 
   10.347  10.451  10.543  10.640  10.682  10.716  10.771  10.790 
   10.870  10.954  10.976  11.041  11.046  11.105  11.183  11.224 
   11.327  11.363  11.374  11.381  11.458  11.615  11.650  11.741 
   11.758  11.808  11.955  12.072  12.076  12.131  12.160  12.255 
   12.318  12.368  12.406  12.406  12.439  12.499  12.546  12.570 
   12.632  12.677  12.682  12.704  12.728  12.770  12.781  12.879 
   12.886  12.908  13.022  13.047  13.055  13.079  13.088  13.106 
   13.166  13.262  13.293  13.343  13.442  13.490  13.523  13.567 
   13.572  13.603  13.630  13.735  13.811  13.829  13.868  13.942 
   14.032  14.115  14.152  14.300  14.310  14.352  14.420  14.439 
   14.505  14.660  14.669  14.748  14.931  14.982  15.254  15.509 
   15.570  15.898  15.965  16.007  16.093  16.361  16.493  16.987 
   17.051  17.173  17.188  17.223  17.231  17.553  17.570  17.605 
   17.721  17.757  17.792  17.803  17.864  17.926  18.116  18.118 
   18.149  18.212  18.472  18.484  18.559  18.715  18.731  18.892 
   18.946  19.002  19.031  19.188  19.199  19.261  19.451  19.503 
   19.557  19.722  19.782  19.832  19.904  20.211  20.441  20.691 
   21.023  21.083  21.462  21.537  22.030  22.151  23.178  23.846 
   23.945  23.966  24.031  24.179  24.350  24.412  24.538  24.716 
   24.834  25.129  25.722  25.872  26.055  26.386  26.455  26.609 
   26.699  27.000  27.620  28.374  29.071  29.665  29.822  33.118 
   33.667  34.356  35.648  35.745  41.626  41.897  61.131  61.452 
   65.228  65.279  65.439  65.986  66.292  66.359  68.083  68.142 
   68.274  68.424  68.666  68.712  68.986  69.434  70.625  70.674 
   78.471  91.634  91.740  91.931  91.999  93.138  94.290 139.752 
  140.013 175.212 175.238 175.394 175.946 176.299 176.356 320.336 
  320.570 536.635 536.642 536.777 537.211 537.504 537.544 747.102 
  747.320 1796.221 1796.423 2112.456 2112.478 2112.574 2112.868 2113.095 
  2113.109 4514.446 4514.634 12060.424 12060.597 35044.622 35044.780 114859.353 
  114859.493 454594.928 454595.047 2579392.612 2579392.702 


  >>> Running RHF-MP2 <<<


RMP2-TIMING
  rmp2                  :::      263.197 (100.00%)
  Total                 :::      263.197 (100.00%)

MP2 correlation energy (RHF) : -0.8531726175
MP2 total energy       (RHF) : -189.7128179657


  >>> Running UHF <<<

init D/C      : input mo_coeff
init ov       : zeros
no            : 11 12
nv            : 486 485
ov_size       : 11166
max_cycle     : 1000
conv          : 6
econv         : 9
method        : diis
mom_start     : 0
guess mix     : 0.000000
orb_swap      : [[[0, 11]], []]
init E        : -168.232691336401
init S2       : 0.750000000000082
init |[F,P]|  : 2.34e-02
init |dE|     : 5.80e-02
check file    : None

iter      total energy   |[F,P]|      |dE|         ∆E   S^2   comment
   1    -168.723162845  1.28e-02  3.14e-02  -4.90e-01  0.75  DIIS mom: 10.7/11 11.6/12
   2    -169.014980932  1.63e-03  3.84e-03  -2.92e-01  0.76  DIIS mom: 10.9/11 11.9/12
   3    -169.020028231  8.67e-04  2.00e-03  -5.05e-03  0.76  DIIS mom: 11.0/11 12.0/12
   4    -169.021925210  2.02e-04  4.42e-04  -1.90e-03  0.76  DIIS mom: 11.0/11 12.0/12
   5    -169.022240915  9.03e-05  1.92e-04  -3.16e-04  0.77  DIIS mom: 11.0/11 12.0/12
   6    -169.022315476  3.67e-05  7.41e-05  -7.46e-05  0.77  DIIS mom: 11.0/11 12.0/12
   7    -169.022332336  2.62e-05  5.07e-05  -1.69e-05  0.77  DIIS mom: 11.0/11 12.0/12
   8    -169.022342978  2.48e-05  4.76e-05  -1.06e-05  0.77  DIIS mom: 11.0/11 12.0/12
   9    -169.022359718  2.40e-05  4.61e-05  -1.67e-05  0.77  DIIS mom: 11.0/11 12.0/12
  10    -169.022411533  2.19e-05  4.23e-05  -5.18e-05  0.77  DIIS mom: 11.0/11 12.0/12
  11    -169.022542215  1.90e-05  3.97e-05  -1.31e-04  0.79  DIIS mom: 11.0/11 12.0/12
  12    -169.022556110  9.85e-06  1.89e-05  -1.39e-05  0.79  DIIS mom: 11.0/11 12.0/12
  13    -169.022572432  8.69e-06  1.89e-05  -1.63e-05  0.81  DIIS mom: 11.0/11 12.0/12
  14    -169.022570874  6.99e-06  1.46e-05   1.56e-06  0.80  DIIS mom: 11.0/11 12.0/12
  15    -169.022572944  3.00e-06  6.41e-06  -2.07e-06  0.81  DIIS mom: 11.0/11 12.0/12
  16    -169.022573219  4.34e-07  9.16e-07  -2.75e-07  0.81  DIIS mom: 11.0/11 12.0/12
  17    -169.022573224  2.03e-07  4.29e-07  -5.07e-09  0.81  DIIS mom: 11.0/11 12.0/12
  18    -169.022573225  1.76e-08  3.63e-08  -1.31e-09  0.81  DIIS mom: 11.0/11 12.0/12
  19    -169.022573225  1.51e-08  3.20e-08   2.84e-13  0.81  DIIS mom: 11.0/11 12.0/12
                                                                      diis is converged!

SCF converged : True
final |[F,P]| : 1.51e-08
final |dE|    : 3.20e-08
final Escf    : -239.23122425914
final Etot    : -169.022573225103
final S2      : 0.808777429027858

  diis prep             :::        0.216 (  0.03%)
  diis extrap           :::        0.278 (  0.03%)
  roothaan              :::        0.847 (  0.10%)
  fock build            :::      854.285 ( 99.84%)
  Total                 :::      855.626 (100.00%)

Alpha occupied
  -20.886 -11.709  -1.934  -1.710  -1.324  -1.184  -1.130  -1.051 
   -0.947  -0.844  -0.792 

Alpha virtual
  -19.039  -0.154  -0.141  -0.092  -0.067  -0.065  -0.041  -0.026 
   -0.007   0.002   0.010   0.044   0.056   0.069   0.088   0.094 
    0.109   0.118   0.146   0.171   0.176   0.187   0.195   0.221 
    0.226   0.233   0.268   0.310   0.333   0.345   0.355   0.375 
    0.410   0.431   0.446   0.458   0.475   0.486   0.515   0.520 
    0.539   0.551   0.552   0.585   0.591   0.624   0.632   0.659 
    0.710   0.739   0.759   0.782   0.794   0.852   0.873   0.875 
    0.916   0.924   0.929   0.980   0.997   0.999   1.054   1.058 
    1.097   1.110   1.122   1.141   1.186   1.202   1.223   1.262 
    1.288   1.338   1.392   1.406   1.446   1.463   1.537   1.542 
    1.545   1.590   1.593   1.618   1.618   1.660   1.690   1.704 
    1.722   1.747   1.815   1.818   1.846   1.928   1.934   1.946 
    1.970   2.013   2.102   2.120   2.130   2.158   2.162   2.165 
    2.204   2.245   2.256   2.318   2.337   2.379   2.401   2.450 
    2.519   2.524   2.656   2.753   2.761   2.769   2.785   2.844 
    2.857   2.909   2.991   3.035   3.038   3.093   3.124   3.171 
    3.192   3.261   3.301   3.318   3.345   3.358   3.438   3.444 
    3.514   3.599   3.634   3.661   3.717   3.740   3.792   3.856 
    3.880   3.903   3.961   4.020   4.035   4.077   4.092   4.101 
    4.142   4.173   4.213   4.240   4.262   4.327   4.334   4.403 
    4.412   4.420   4.461   4.496   4.502   4.527   4.548   4.604 
    4.669   4.683   4.716   4.771   4.802   4.821   4.869   4.909 
    5.023   5.149   5.154   5.186   5.244   5.290   5.306   5.374 
    5.380   5.438   5.453   5.521   5.522   5.589   5.678   5.706 
    5.710   5.809   5.886   5.920   6.028   6.070   6.106   6.133 
    6.204   6.213   6.248   6.288   6.416   6.434   6.556   6.611 
    6.631   6.637   6.708   6.823   6.865   6.914   6.920   7.115 
    7.337   7.382   7.419   7.441   7.554   7.584   7.713   7.898 
    8.003   8.033   8.071   8.165   8.267   8.299   8.343   8.470 
    8.594   8.598   8.772   8.773   8.906   9.007   9.039   9.079 
    9.161   9.171   9.253   9.349   9.459   9.601   9.657   9.686 
    9.776   9.936  10.145  10.191  10.261  10.298  10.307  10.405 
   10.450  10.474  10.542  10.665  10.698  10.741  10.788  10.813 
   10.878  10.914  10.973  11.014  11.051  11.069  11.232  11.309 
   11.429  11.441  11.465  11.645  11.722  11.766  11.817  11.823 
   11.849  11.957  11.991  12.052  12.067  12.080  12.125  12.187 
   12.247  12.266  12.378  12.381  12.388  12.397  12.449  12.473 
   12.530  12.586  12.602  12.658  12.680  12.718  12.734  12.740 
   12.776  12.827  12.952  12.972  12.997  13.095  13.116  13.183 
   13.221  13.228  13.261  13.274  13.388  13.468  13.510  13.552 
   13.624  13.696  13.758  13.782  13.915  13.975  13.984  14.099 
   14.125  14.182  14.306  14.324  14.407  14.551  14.599  14.958 
   15.149  15.280  15.484  15.661  15.700  15.701  15.983  16.185 
   16.585  16.714  16.759  16.824  16.914  16.946  17.149  17.253 
   17.312  17.338  17.449  17.472  17.483  17.508  17.523  17.741 
   17.744  17.805  17.890  18.079  18.111  18.229  18.340  18.355 
   18.502  18.624  18.681  18.732  18.808  18.872  18.939  19.106 
   19.161  19.170  19.384  19.431  19.443  19.579  19.803  20.053 
   20.412  20.719  20.756  20.998  21.096  21.606  21.743  22.844 
   23.400  23.512  23.585  23.620  23.689  23.799  23.859  24.015 
   24.106  24.507  24.733  25.133  25.450  25.544  25.721  25.789 
   25.892  26.292  26.683  27.294  27.628  28.431  29.063  29.352 
   32.804  33.357  34.038  35.325  35.422  41.312  41.457  60.147 
   60.819  63.739  64.463  64.809  64.908  65.138  65.952  66.659 
   66.812  67.104  67.764  67.811  67.832  68.343  68.683  69.028 
   70.358  78.151  91.153  91.447  91.453  91.703  92.846  93.809 
  137.949 139.440 172.658 173.378 173.768 174.892 175.087 175.971 
  317.586 320.024 532.796 533.376 533.694 536.321 536.468 537.180 
  743.434 746.792 1791.802 1795.911 2107.518 2107.936 2108.164 2112.164 
  2112.265 2112.778 4509.505 4514.138 12055.168 12060.116 35039.197 35044.315 
  114853.842 114859.045 454589.370 454594.620 2579387.017 2579392.304 

Beta occupied
  -23.939 -20.876 -11.714  -2.049  -1.694  -1.384  -1.264  -1.222 
   -1.060  -0.941  -0.808  -0.785 

Beta virtual
   -0.163  -0.141  -0.093  -0.070  -0.067  -0.047  -0.027  -0.013 
   -0.001   0.010   0.049   0.053   0.060   0.087   0.090   0.106 
    0.117   0.137   0.171   0.175   0.182   0.195   0.214   0.222 
    0.233   0.268   0.309   0.329   0.341   0.354   0.375   0.406 
    0.425   0.445   0.455   0.479   0.487   0.513   0.525   0.540 
    0.550   0.556   0.585   0.590   0.624   0.633   0.661   0.709 
    0.740   0.755   0.783   0.791   0.850   0.871   0.872   0.915 
    0.924   0.926   0.978   0.996   0.998   1.055   1.056   1.097 
    1.110   1.118   1.140   1.187   1.199   1.222   1.262   1.285 
    1.339   1.378   1.401   1.439   1.460   1.531   1.533   1.542 
    1.591   1.593   1.616   1.623   1.659   1.695   1.708   1.725 
    1.747   1.817   1.824   1.847   1.929   1.932   1.946   1.965 
    2.006   2.102   2.118   2.128   2.150   2.161   2.164   2.206 
    2.244   2.255   2.318   2.337   2.378   2.397   2.451   2.519 
    2.525   2.653   2.749   2.758   2.770   2.785   2.841   2.852 
    2.911   2.990   3.031   3.038   3.095   3.121   3.171   3.194 
    3.254   3.299   3.318   3.342   3.358   3.438   3.443   3.513 
    3.588   3.630   3.657   3.712   3.740   3.778   3.856   3.876 
    3.903   3.952   4.020   4.026   4.051   4.079   4.096   4.133 
    4.171   4.196   4.237   4.261   4.322   4.339   4.389   4.419 
    4.419   4.458   4.491   4.503   4.523   4.545   4.601   4.674 
    4.682   4.710   4.766   4.798   4.819   4.869   4.905   5.023 
    5.136   5.151   5.184   5.237   5.287   5.305   5.369   5.384 
    5.433   5.449   5.520   5.522   5.590   5.679   5.706   5.706 
    5.805   5.887   5.917   6.027   6.069   6.104   6.129   6.203 
    6.216   6.249   6.285   6.415   6.434   6.550   6.602   6.629 
    6.634   6.704   6.825   6.864   6.910   6.921   7.116   7.339 
    7.379   7.420   7.442   7.554   7.580   7.712   7.896   8.000 
    8.034   8.066   8.164   8.267   8.303   8.340   8.473   8.583 
    8.599   8.770   8.776   8.904   9.008   9.038   9.077   9.161 
    9.165   9.252   9.339   9.457   9.571   9.663   9.699   9.756 
    9.915  10.155  10.180  10.209  10.241  10.301  10.391  10.407 
   10.470  10.520  10.664  10.692  10.737  10.775  10.789  10.849 
   10.875  10.962  11.008  11.058  11.074  11.185  11.305  11.428 
   11.431  11.463  11.642  11.704  11.762  11.803  11.820  11.840 
   11.954  11.957  12.048  12.065  12.076  12.126  12.184  12.246 
   12.253  12.381  12.383  12.391  12.397  12.447  12.476  12.527 
   12.585  12.602  12.656  12.675  12.719  12.734  12.739  12.774 
   12.825  12.956  12.970  12.997  13.088  13.114  13.182  13.219 
   13.228  13.258  13.272  13.383  13.468  13.510  13.554  13.625 
   13.695  13.751  13.779  13.909  13.972  13.976  14.097  14.126 
   14.181  14.303  14.321  14.406  14.551  14.593  14.958  15.146 
   15.280  15.467  15.660  15.694  15.701  15.977  16.185  16.577 
   16.714  16.761  16.824  16.914  16.946  17.148  17.253  17.312 
   17.334  17.449  17.474  17.491  17.514  17.522  17.739  17.740 
   17.810  17.895  18.074  18.108  18.225  18.334  18.352  18.496 
   18.628  18.683  18.731  18.800  18.869  18.938  19.106  19.154 
   19.168  19.373  19.429  19.441  19.580  19.804  20.053  20.412 
   20.715  20.752  20.983  21.088  21.599  21.728  22.840  23.332 
   23.515  23.585  23.624  23.690  23.745  23.798  24.008  24.095 
   24.515  24.699  25.012  25.398  25.444  25.551  25.574  25.868 
   26.302  26.686  27.284  27.505  28.333  28.956  29.349  32.802 
   33.355  34.035  35.323  35.421  41.313  41.457  59.743  60.822 
   63.352  64.092  64.440  64.913  65.137  65.950  66.451  66.605 
   66.897  67.603  67.769  67.834  68.347  68.682  68.819  70.360 
   78.149  91.155  91.447  91.454  91.704  92.846  93.810 137.507 
  139.442 172.182 172.904 173.295 174.894 175.087 175.971 317.182 
  320.025 532.380 532.960 533.279 536.322 536.469 537.180 743.118 
  746.792 1791.590 1795.912 2107.281 2107.699 2107.927 2112.165 2112.265 
  2112.778 4509.382 4514.138 12055.106 12060.116 35039.170 35044.315 114853.832 
  114859.045 454589.367 454594.620 2579387.017 2579392.304 


  >>> Running UHF-MP2 <<<

MP2 correlation energy (UHF) : -0.8141589880
MP2 total energy       (UHF) : -169.8367322131

