	*********************************************** 
	***** Beginning CEBE Calculation with MOM ***** 
	*****       Calculation Details:          ***** 
	      Geometry:	 /home/am3939/core/calculations/mols/exp/c/c-cl2h2.xyz
	      Core Basis:	 pcX-4
	      Full Basis:	 pc-4
	      DIIS (start, space):	 0 50
	      Level shift:	 0
	      Do localization?:	 False
	      Do SFX2C1E?:	 True
	      Freeze orbitals?:	 True
	      Use Cheng orbitals?:	 False
	      Do Special Basis?:	 True
	      Do Special Basis?:	 pcX-4
	*********************************************** 
	*********************************************** 

  >>> Running RHF <<<

init D/C      : minao
init ov       : zeros
no            : 21
nv            : 446
ov_size       : 9366
max_cycle     : 1000
conv          : 6
econv         : 9
method        : gdm
scale_stop    : 0
scale_factor  : 1.000000
init E        : -957.995068304255
init |[F,P]|  : 6.83e-03
init |dE|     : 1.11e-02
check file    : None

iter      total energy   |[F,P]|      |dE|         ∆E   comment
   1    -958.043658798  5.00e-03  8.62e-03  -4.86e-02  BFGS
   2    -958.080673033  4.25e-04  7.50e-04  -3.70e-02  BFGS
   3    -958.081379627  1.37e-04  2.57e-04  -7.07e-04  BFGS
   4    -958.081507412  4.07e-05  7.50e-05  -1.28e-04  BFGS
   5    -958.081511576  1.57e-05  2.77e-05  -4.16e-06  BFGS
   6    -958.081512189  1.74e-06  3.71e-06  -6.13e-07  BFGS
   7    -958.081512204  6.07e-07  1.20e-06  -1.48e-08  BFGS
   8    -958.081512206  1.69e-07  3.21e-07  -1.84e-09  BFGS
   9    -958.081512206  5.41e-08  1.09e-07  -1.18e-10  BFGS
                                                                      gdm is converged!

SCF converged : True
final |[F,P]| : 5.41e-08
final |dE|    : 1.09e-07
final Escf    : -1092.81223204786
final Etot    : -958.081512206023

  pxp & ewc             :::        0.319 (  0.18%)
  apply B               :::        0.002 (  0.00%)
  linsrch               :::      178.007 ( 99.80%)
  grad                  :::        0.038 (  0.02%)
  Total                 :::      178.366 (100.00%)

Alpha occupied
  -104.800 -104.800 -11.363 -10.564 -10.564  -8.031  -8.031  -8.029 
   -8.029  -8.029  -8.029  -1.193  -1.096  -0.895  -0.678  -0.617 
   -0.586  -0.474  -0.471  -0.447  -0.446 

Alpha virtual
    0.052   0.082   0.087   0.093   0.124   0.124   0.134   0.155 
    0.168   0.183   0.197   0.207   0.228   0.246   0.251   0.268 
    0.287   0.315   0.317   0.350   0.361   0.379   0.386   0.387 
    0.432   0.461   0.477   0.482   0.489   0.500   0.509   0.518 
    0.526   0.565   0.568   0.592   0.599   0.607   0.609   0.660 
    0.664   0.665   0.667   0.673   0.736   0.759   0.798   0.817 
    0.869   0.888   0.908   0.920   0.930   0.943   0.975   0.984 
    0.988   1.016   1.024   1.035   1.041   1.080   1.088   1.106 
    1.109   1.178   1.179   1.227   1.248   1.307   1.321   1.325 
    1.357   1.365   1.369   1.378   1.432   1.444   1.468   1.482 
    1.488   1.514   1.521   1.553   1.572   1.620   1.623   1.659 
    1.780   1.828   1.863   1.894   1.898   1.916   1.918   1.924 
    1.933   1.946   1.998   2.003   2.024   2.035   2.064   2.065 
    2.129   2.149   2.172   2.182   2.187   2.254   2.259   2.313 
    2.320   2.333   2.359   2.414   2.449   2.473   2.488   2.521 
    2.550   2.587   2.617   2.625   2.636   2.687   2.749   2.756 
    2.857   2.877   2.908   3.042   3.088   3.105   3.131   3.144 
    3.179   3.195   3.196   3.209   3.235   3.242   3.258   3.273 
    3.330   3.376   3.405   3.407   3.430   3.585   3.607   3.652 
    3.689   3.713   3.721   3.777   3.799   3.819   3.897   3.928 
    3.942   3.949   3.959   3.991   4.024   4.033   4.044   4.116 
    4.117   4.171   4.177   4.185   4.189   4.216   4.217   4.266 
    4.318   4.319   4.372   4.418   4.438   4.458   4.502   4.538 
    4.571   4.651   4.676   4.775   4.775   4.787   4.818   4.842 
    4.857   4.876   4.990   5.039   5.161   5.177   5.196   5.222 
    5.234   5.267   5.295   5.307   5.328   5.425   5.471   5.501 
    5.509   5.518   5.600   5.631   5.721   5.733   5.791   5.810 
    5.856   5.920   5.990   6.082   6.106   6.122   6.129   6.144 
    6.152   6.152   6.153   6.155   6.200   6.212   6.218   6.300 
    6.314   6.335   6.350   6.428   6.446   6.487   6.523   6.534 
    6.618   6.655   6.656   6.683   6.766   6.815   6.901   6.903 
    6.935   7.009   7.065   7.103   7.110   7.140   7.358   7.415 
    7.425   7.467   7.500   7.503   7.795   7.943   8.042   8.049 
    8.761   9.112   9.120   9.219   9.226   9.230   9.357   9.374 
    9.502   9.672   9.675   9.683   9.690   9.701   9.729   9.750 
    9.804   9.804   9.827   9.871   9.873   9.979  10.074  10.106 
   10.116  10.148  10.355  10.467  10.513  10.537  10.550  10.550 
   11.153  11.178  11.375  11.405  11.426  11.452  11.526  11.543 
   11.549  11.646  11.666  11.747  11.780  11.870  12.021  12.040 
   12.231  12.282  12.361  12.574  12.593  12.601  12.777  12.810 
   12.854  12.966  12.976  13.086  13.132  13.157  13.231  13.238 
   13.253  13.318  13.351  13.603  13.631  13.649  13.654  13.655 
   13.675  13.701  13.740  13.743  13.788  13.887  13.910  13.934 
   14.002  14.007  14.082  14.141  14.181  14.220  14.333  14.802 
   14.871  14.994  15.040  15.237  15.492  15.612  15.798  15.861 
   16.014  16.368  17.181  17.184  17.202  17.215  17.466  17.643 
   17.647  17.750  17.883  18.547  18.565  18.579  18.591  18.733 
   18.746  18.841  18.842  18.863  19.005  19.007  19.174  19.440 
   19.456  19.474  20.260  20.672  20.782  20.801  20.814  21.484 
   23.868  24.152  24.266  24.504  25.890  26.152  29.571  33.199 
   33.260  33.469  34.095  34.321  35.976  36.763  37.304  40.329 
   40.433  41.686  41.944  62.345  67.751  67.762  67.772  67.779 
   67.861  67.887  67.945  67.986  68.246  68.261  91.678  91.862 
   91.967  92.098  93.139  93.181  94.541  94.862  95.164 136.532 
  288.746 288.989 289.223 310.858 739.266 1137.799 1137.976 1138.140 
  1851.108 4946.562 14407.919 47393.327 188468.108 1077044.178 


  >>> Running RHF-MP2 <<<


RMP2-TIMING
  rmp2                  :::      136.330 (100.00%)
  Total                 :::      136.330 (100.00%)

MP2 correlation energy (RHF) : -1.1067330632
MP2 total energy       (RHF) : -959.1882452693


  >>> Running UHF <<<

init D/C      : input mo_coeff
init ov       : zeros
no            : 20 21
nv            : 447 446
ov_size       : 18306
max_cycle     : 1000
conv          : 6
econv         : 9
method        : diis
mom_start     : 0
guess mix     : 0.000000
orb_swap      : [[[2, 20]], []]
init E        : -946.718345285352
init S2       : 0.750000000000163
init |[F,P]|  : 1.80e-02
init |dE|     : 3.09e-02
check file    : None

iter      total energy   |[F,P]|      |dE|         ∆E   S^2   comment
   1    -946.936162462  1.25e-02  2.09e-02  -2.18e-01  0.76  DIIS mom: 19.6/20 20.6/21
   2    -947.274065289  1.67e-03  3.16e-03  -3.38e-01  0.76  DIIS mom: 19.9/20 20.9/21
   3    -947.283553918  4.31e-04  7.81e-04  -9.49e-03  0.77  DIIS mom: 20.0/20 21.0/21
   4    -947.284873596  2.64e-04  4.32e-04  -1.32e-03  0.78  DIIS mom: 20.0/20 21.0/21
   5    -947.286026330  1.55e-04  2.64e-04  -1.15e-03  0.79  DIIS mom: 20.0/20 21.0/21
   6    -947.286684429  6.72e-05  1.26e-04  -6.58e-04  0.82  DIIS mom: 20.0/20 21.0/21
   7    -947.286829061  3.23e-05  6.22e-05  -1.45e-04  0.84  DIIS mom: 20.0/20 21.0/21
   8    -947.286855176  1.41e-05  2.62e-05  -2.61e-05  0.84  DIIS mom: 20.0/20 21.0/21
   9    -947.286860557  6.27e-06  1.07e-05  -5.38e-06  0.84  DIIS mom: 20.0/20 21.0/21
  10    -947.286861327  1.92e-06  4.01e-06  -7.70e-07  0.84  DIIS mom: 20.0/20 21.0/21
  11    -947.286861413  9.68e-07  2.12e-06  -8.56e-08  0.85  DIIS mom: 20.0/20 21.0/21
  12    -947.286861446  6.33e-07  1.38e-06  -3.31e-08  0.85  DIIS mom: 20.0/20 21.0/21
  13    -947.286861469  2.87e-07  6.08e-07  -2.29e-08  0.85  DIIS mom: 20.0/20 21.0/21
  14    -947.286861474  5.10e-08  1.07e-07  -5.02e-09  0.85  DIIS mom: 20.0/20 21.0/21
  15    -947.286861474  1.96e-08  4.12e-08  -6.96e-11  0.85  DIIS mom: 20.0/20 21.0/21
                                                                      diis is converged!

SCF converged : True
final |[F,P]| : 1.96e-08
final |dE|    : 4.12e-08
final Escf    : -1082.0175813155
final Etot    : -947.286861473669
final S2      : 0.845209607112658

  diis prep             :::        0.188 (  0.06%)
  diis extrap           :::        0.378 (  0.12%)
  roothaan              :::        1.169 (  0.37%)
  fock build            :::      316.758 ( 99.46%)
  Total                 :::      318.493 (100.00%)

Alpha occupied
  -105.081 -105.081 -10.840 -10.840  -8.311  -8.311  -8.303  -8.303 
   -8.303  -8.303  -1.487  -1.363  -1.209  -1.016  -0.921  -0.882 
   -0.728  -0.723  -0.708  -0.697 

Alpha virtual
  -10.186  -0.137  -0.105  -0.103  -0.081  -0.057  -0.045  -0.021 
   -0.015   0.002   0.019   0.020   0.037   0.047   0.059   0.078 
    0.081   0.088   0.120   0.126   0.144   0.164   0.172   0.179 
    0.181   0.258   0.259   0.267   0.290   0.300   0.303   0.309 
    0.315   0.328   0.368   0.368   0.386   0.397   0.399   0.408 
    0.449   0.456   0.465   0.469   0.474   0.529   0.566   0.593 
    0.605   0.653   0.668   0.676   0.689   0.714   0.726   0.755 
    0.761   0.768   0.785   0.799   0.810   0.818   0.846   0.850 
    0.851   0.870   0.946   0.957   0.999   1.012   1.070   1.079 
    1.091   1.118   1.138   1.140   1.149   1.205   1.218   1.220 
    1.251   1.254   1.278   1.295   1.322   1.347   1.393   1.401 
    1.421   1.541   1.595   1.614   1.657   1.669   1.672   1.683 
    1.691   1.695   1.708   1.756   1.763   1.791   1.794   1.821 
    1.824   1.880   1.908   1.920   1.931   1.937   2.009   2.010 
    2.062   2.067   2.083   2.109   2.166   2.184   2.224   2.247 
    2.264   2.300   2.304   2.345   2.351   2.358   2.426   2.498 
    2.508   2.570   2.602   2.611   2.765   2.828   2.847   2.870 
    2.894   2.935   2.951   2.959   2.971   2.972   2.987   3.002 
    3.017   3.063   3.115   3.141   3.156   3.176   3.309   3.349 
    3.382   3.399   3.452   3.459   3.503   3.533   3.562   3.640 
    3.661   3.677   3.695   3.713   3.725   3.766   3.770   3.780 
    3.851   3.853   3.911   3.911   3.918   3.918   3.952   3.954 
    3.991   4.051   4.063   4.113   4.144   4.172   4.188   4.235 
    4.267   4.303   4.374   4.400   4.501   4.510   4.511   4.550 
    4.580   4.592   4.599   4.710   4.751   4.857   4.882   4.921 
    4.967   4.982   5.007   5.024   5.042   5.066   5.144   5.199 
    5.209   5.209   5.211   5.330   5.334   5.392   5.460   5.519 
    5.524   5.595   5.658   5.675   5.761   5.803   5.867   5.871 
    5.893   5.911   5.913   5.913   5.916   5.940   5.950   5.961 
    6.046   6.056   6.081   6.089   6.156   6.181   6.203   6.249 
    6.261   6.354   6.387   6.389   6.408   6.481   6.540   6.632 
    6.635   6.658   6.734   6.796   6.823   6.836   6.843   7.062 
    7.094   7.141   7.148   7.219   7.222   7.438   7.618   7.726 
    7.729   8.453   8.808   8.816   8.909   8.916   8.921   9.050 
    9.066   9.187   9.386   9.416   9.421   9.440   9.440   9.454 
    9.464   9.516   9.528   9.533   9.588   9.589   9.677   9.792 
    9.833   9.836   9.869  10.079  10.178  10.227  10.247  10.254 
   10.265  10.775  10.806  11.012  11.053  11.076  11.118  11.184 
   11.197  11.245  11.295  11.339  11.426  11.475  11.494  11.640 
   11.677  11.850  11.919  11.984  12.198  12.228  12.269  12.409 
   12.414  12.478  12.560  12.663  12.741  12.765  12.772  12.883 
   12.911  12.941  13.011  13.041  13.293  13.344  13.374  13.385 
   13.387  13.394  13.412  13.465  13.467  13.516  13.579  13.604 
   13.619  13.689  13.697  13.717  13.845  13.881  13.917  14.028 
   14.352  14.441  14.648  14.712  14.925  15.063  15.094  15.420 
   15.477  15.605  16.033  16.863  16.866  16.884  16.897  17.152 
   17.281  17.332  17.436  17.503  18.282  18.301  18.312  18.313 
   18.343  18.471  18.519  18.538  18.586  18.695  18.717  18.863 
   19.128  19.159  19.194  19.940  20.339  20.450  20.459  20.475 
   21.148  23.525  23.810  23.924  24.161  25.523  25.789  28.769 
   32.105  32.164  32.382  33.008  33.239  34.861  35.660  36.202 
   40.051  40.159  41.328  41.589  61.035  67.478  67.489  67.499 
   67.506  67.582  67.607  67.666  67.707  67.963  67.980  91.312 
   91.496  91.601  91.730  92.649  92.740  92.752  93.006  93.335 
  134.570 285.924 286.168 286.401 308.208 736.022 1134.178 1134.355 
  1134.518 1847.435 4942.626 14403.845 47389.190 188463.948 1077040.011 

Beta occupied
  -105.080 -105.080 -13.862 -10.838 -10.838  -8.303  -8.303  -8.303 
   -8.303  -8.301  -8.301  -1.547  -1.354  -1.245  -1.062  -0.968 
   -0.919  -0.729  -0.722  -0.709  -0.697 

Beta virtual
   -0.159  -0.129  -0.116  -0.087  -0.057  -0.049  -0.021  -0.013 
    0.005   0.018   0.019   0.037   0.037   0.058   0.073   0.077 
    0.092   0.118   0.126   0.139   0.166   0.174   0.181   0.181 
    0.258   0.260   0.269   0.293   0.303   0.305   0.313   0.314 
    0.331   0.365   0.371   0.380   0.398   0.399   0.406   0.440 
    0.454   0.463   0.465   0.475   0.527   0.564   0.590   0.602 
    0.651   0.665   0.669   0.684   0.713   0.728   0.757   0.764 
    0.770   0.780   0.800   0.817   0.817   0.843   0.853   0.856 
    0.866   0.948   0.957   1.000   1.005   1.072   1.075   1.095 
    1.109   1.138   1.142   1.151   1.204   1.207   1.218   1.252 
    1.254   1.281   1.295   1.319   1.348   1.391   1.401   1.423 
    1.542   1.596   1.608   1.658   1.672   1.672   1.679   1.691 
    1.698   1.708   1.755   1.767   1.791   1.792   1.813   1.821 
    1.874   1.906   1.912   1.930   1.930   2.005   2.014   2.060 
    2.062   2.082   2.107   2.166   2.167   2.222   2.247   2.255 
    2.273   2.293   2.332   2.346   2.356   2.423   2.496   2.510 
    2.532   2.606   2.608   2.752   2.831   2.850   2.870   2.896 
    2.931   2.952   2.959   2.971   2.972   2.990   3.000   3.019 
    3.066   3.118   3.142   3.156   3.177   3.306   3.351   3.375 
    3.390   3.454   3.462   3.496   3.535   3.562   3.640   3.661 
    3.673   3.695   3.712   3.724   3.765   3.771   3.780   3.850 
    3.856   3.912   3.916   3.918   3.919   3.954   3.957   3.987 
    4.051   4.066   4.114   4.143   4.173   4.185   4.235   4.268 
    4.301   4.368   4.393   4.495   4.497   4.508   4.549   4.575 
    4.590   4.593   4.704   4.727   4.840   4.866   4.914   4.968 
    4.983   4.997   5.020   5.038   5.067   5.138   5.183   5.195 
    5.199   5.200   5.313   5.334   5.365   5.458   5.505   5.517 
    5.593   5.646   5.656   5.729   5.784   5.868   5.871   5.894 
    5.911   5.912   5.912   5.915   5.939   5.950   5.963   6.046 
    6.055   6.081   6.090   6.154   6.183   6.199   6.247   6.261 
    6.355   6.388   6.390   6.407   6.472   6.528   6.631   6.635 
    6.654   6.731   6.794   6.811   6.821   6.843   7.042   7.071 
    7.134   7.136   7.214   7.218   7.405   7.576   7.712   7.712 
    8.458   8.813   8.820   8.913   8.917   8.924   9.052   9.068 
    9.189   9.388   9.415   9.420   9.439   9.440   9.453   9.467 
    9.518   9.530   9.535   9.589   9.589   9.677   9.794   9.836 
    9.839   9.872  10.082  10.180  10.228  10.249  10.255  10.266 
   10.737  10.788  10.993  11.035  11.059  11.093  11.175  11.182 
   11.237  11.281  11.327  11.419  11.463  11.464  11.624  11.659 
   11.820  11.901  11.961  12.180  12.213  12.255  12.366  12.389 
   12.450  12.535  12.666  12.717  12.723  12.774  12.868  12.896 
   12.934  13.001  13.031  13.284  13.340  13.374  13.384  13.387 
   13.393  13.409  13.463  13.465  13.516  13.576  13.600  13.602 
   13.668  13.683  13.692  13.841  13.877  13.913  14.026  14.260 
   14.353  14.635  14.691  14.920  15.007  15.014  15.352  15.473 
   15.572  16.025  16.866  16.869  16.887  16.899  17.154  17.262 
   17.334  17.438  17.489  18.282  18.284  18.301  18.313  18.333 
   18.473  18.518  18.538  18.589  18.696  18.719  18.864  19.125 
   19.161  19.197  19.939  20.335  20.434  20.457  20.473  21.145 
   23.529  23.814  23.928  24.165  25.511  25.787  28.517  31.966 
   32.028  32.242  32.852  33.073  34.580  35.406  35.960  40.050 
   40.160  41.331  41.593  60.722  67.478  67.489  67.499  67.506 
   67.585  67.610  67.669  67.710  67.967  67.984  91.314  91.498 
   91.603  91.731  92.288  92.568  92.657  92.822  93.074 134.257 
  285.603 285.847 286.080 307.944 735.834 1133.994 1134.171 1134.334 
  1847.321 4942.567 14403.818 47389.181 188463.945 1077040.010 


  >>> Running UHF-MP2 <<<

MP2 correlation energy (UHF) : -1.0934627931
MP2 total energy       (UHF) : -948.3803242667

