	*********************************************** 
	***** Beginning CEBE Calculation with MOM ***** 
	*****       Calculation Details:          ***** 
	      Geometry:	 /home/am3939/core/calculations/mols/exp/f/c2h5f.xyz
	      Core Basis:	 pcX-4
	      Full Basis:	 pc-4
	      DIIS (start, space):	 0 50
	      Level shift:	 0
	      Do localization?:	 False
	      Do SFX2C1E?:	 True
	      Freeze orbitals?:	 True
	      Use Cheng orbitals?:	 False
	      Do Special Basis?:	 True
	      Do Special Basis?:	 pcX-4
	*********************************************** 
	*********************************************** 

  >>> Running RHF <<<

init D/C      : minao
init ov       : zeros
no            : 13
nv            : 651
ov_size       : 8463
max_cycle     : 1000
conv          : 6
econv         : 9
method        : gdm
scale_stop    : 0
scale_factor  : 1.000000
init E        : -178.103976047585
init |[F,P]|  : 4.98e-03
init |dE|     : 1.15e-02
check file    : None

iter      total energy   |[F,P]|      |dE|         ∆E   comment
   1    -178.150098919  2.91e-03  7.27e-03  -4.61e-02  BFGS
   2    -178.166701522  3.55e-04  8.07e-04  -1.66e-02  BFGS
   3    -178.166990166  1.05e-04  2.47e-04  -2.89e-04  BFGS
   4    -178.167023058  2.44e-05  5.39e-05  -3.29e-05  BFGS
   5    -178.167024958  7.27e-06  1.54e-05  -1.90e-06  BFGS
   6    -178.167025211  1.35e-06  3.07e-06  -2.53e-07  BFGS
   7    -178.167025218  3.84e-07  8.01e-07  -6.61e-09  BFGS
   8    -178.167025219  6.71e-08  1.22e-07  -5.86e-10  BFGS
                                                                      gdm is converged!

SCF converged : True
final |[F,P]| : 6.71e-08
final |dE|    : 1.22e-07
final Escf    : -257.377288989045
final Etot    : -178.16702521859

  pxp & ewc             :::        0.623 (  0.13%)
  apply B               :::        0.002 (  0.00%)
  linsrch               :::      483.032 ( 99.87%)
  grad                  :::        0.023 (  0.00%)
  Total                 :::      483.680 (100.00%)

Alpha occupied
  -26.264 -11.307 -11.226  -1.575  -1.036  -0.862  -0.699  -0.688 
   -0.648  -0.580  -0.552  -0.512  -0.496 

Alpha virtual
    0.052   0.062   0.074   0.083   0.105   0.109   0.111   0.115 
    0.119   0.148   0.155   0.210   0.226   0.254   0.255   0.264 
    0.269   0.281   0.288   0.305   0.309   0.325   0.328   0.330 
    0.345   0.348   0.363   0.398   0.416   0.426   0.442   0.460 
    0.479   0.486   0.488   0.505   0.509   0.528   0.538   0.562 
    0.566   0.584   0.599   0.616   0.624   0.627   0.637   0.643 
    0.644   0.670   0.672   0.681   0.695   0.714   0.751   0.808 
    0.811   0.831   0.847   0.863   0.914   0.920   0.941   0.952 
    0.983   0.987   0.990   1.002   1.020   1.047   1.049   1.075 
    1.099   1.105   1.118   1.132   1.163   1.176   1.192   1.199 
    1.226   1.228   1.266   1.269   1.282   1.295   1.304   1.325 
    1.343   1.355   1.385   1.406   1.426   1.449   1.473   1.479 
    1.486   1.496   1.525   1.527   1.543   1.552   1.566   1.566 
    1.596   1.625   1.635   1.656   1.676   1.677   1.718   1.723 
    1.766   1.782   1.789   1.867   1.885   1.925   1.948   1.950 
    1.977   1.998   2.025   2.072   2.114   2.147   2.196   2.205 
    2.208   2.237   2.264   2.279   2.291   2.333   2.333   2.340 
    2.364   2.435   2.448   2.464   2.480   2.505   2.515   2.549 
    2.569   2.569   2.581   2.620   2.622   2.641   2.657   2.672 
    2.685   2.719   2.760   2.766   2.785   2.793   2.821   2.851 
    2.933   2.962   2.973   2.983   2.984   3.006   3.038   3.107 
    3.192   3.203   3.212   3.216   3.245   3.281   3.331   3.359 
    3.408   3.425   3.446   3.484   3.497   3.530   3.572   3.576 
    3.605   3.625   3.652   3.672   3.677   3.741   3.747   3.768 
    3.790   3.810   3.826   3.900   3.928   3.960   3.973   4.021 
    4.044   4.097   4.110   4.140   4.149   4.185   4.200   4.224 
    4.253   4.258   4.272   4.343   4.343   4.378   4.386   4.396 
    4.402   4.430   4.434   4.470   4.494   4.565   4.621   4.645 
    4.699   4.722   4.759   4.774   4.820   4.824   4.871   4.872 
    4.923   4.955   4.958   4.965   4.988   5.015   5.095   5.106 
    5.155   5.161   5.167   5.192   5.220   5.256   5.294   5.322 
    5.340   5.396   5.401   5.462   5.471   5.489   5.548   5.613 
    5.628   5.646   5.688   5.695   5.726   5.743   5.744   5.784 
    5.793   5.825   5.848   5.857   5.912   5.950   5.961   6.034 
    6.056   6.060   6.119   6.130   6.166   6.174   6.237   6.298 
    6.310   6.367   6.383   6.406   6.468   6.539   6.539   6.583 
    6.629   6.644   6.678   6.695   6.747   6.869   6.869   6.958 
    7.005   7.050   7.072   7.110   7.125   7.176   7.209   7.229 
    7.263   7.306   7.322   7.356   7.372   7.413   7.444   7.536 
    7.657   7.696   7.729   7.776   7.791   7.826   7.909   7.931 
    8.017   8.060   8.152   8.168   8.211   8.230   8.451   8.494 
    8.621   8.671   8.750   8.792   8.998   9.077   9.181   9.215 
    9.246   9.327   9.338   9.372   9.378   9.412   9.449   9.463 
    9.484   9.489   9.520   9.532   9.593   9.613   9.620   9.679 
    9.713   9.744   9.763   9.763   9.881   9.951  10.044  10.085 
   10.124  10.154  10.188  10.215  10.273  10.327  10.358  10.418 
   10.538  11.100  11.112  11.125  11.143  11.157  11.240  11.285 
   11.310  11.458  11.498  11.542  11.597  11.679  11.691  11.694 
   11.754  11.774  11.820  11.873  11.945  11.957  12.031  12.062 
   12.133  12.153  12.213  12.216  12.342  12.394  12.413  12.423 
   12.453  12.474  12.610  12.623  12.675  12.708  12.709  12.718 
   12.746  12.760  12.790  12.843  12.929  12.955  12.958  12.977 
   13.033  13.066  13.074  13.093  13.102  13.145  13.180  13.185 
   13.231  13.236  13.280  13.290  13.312  13.329  13.348  13.370 
   13.374  13.374  13.404  13.405  13.462  13.462  13.479  13.483 
   13.514  13.542  13.578  13.592  13.685  13.706  13.745  13.760 
   13.828  13.881  13.899  13.956  13.985  13.997  14.014  14.029 
   14.072  14.141  14.215  14.224  14.281  14.292  14.293  14.502 
   14.544  14.603  14.636  14.637  14.728  14.733  14.838  14.866 
   14.941  14.992  14.994  15.113  15.115  15.179  15.240  15.272 
   15.329  15.406  15.493  15.640  15.728  15.788  15.883  15.905 
   15.955  16.033  16.104  16.261  16.374  16.402  16.409  16.448 
   16.457  16.559  16.762  16.786  16.834  16.847  17.191  17.204 
   17.231  17.244  17.249  17.256  17.283  17.296  17.306  17.307 
   17.356  17.385  17.410  17.579  17.597  17.723  17.763  17.771 
   17.859  17.911  17.920  17.931  17.956  18.314  18.895  18.982 
   19.036  19.087  19.119  19.231  19.312  19.353  19.359  19.428 
   19.659  20.154  20.321  20.396  20.495  20.500  20.515  20.617 
   20.709  20.729  20.822  20.845  21.043  21.081  21.215  21.271 
   21.284  21.312  21.363  21.614  21.779  21.808  21.828  21.971 
   22.036  22.045  22.395  22.420  22.866  22.885  23.677  23.857 
   24.062  24.214  24.238  24.396  24.439  24.588  24.689  24.728 
   24.729  26.154  26.157  26.263  26.282  26.317  31.470  31.475 
   31.886  31.898  32.404  33.400  33.455  33.621  33.628  34.185 
   34.474  34.514  34.680  34.774  34.858  35.016  35.041  35.815 
   38.065  41.715  41.871  42.022  42.077  42.270  78.938  80.731 
   85.171  85.224  85.740  88.067  91.681  91.807  91.927  91.930 
   92.016  92.084  92.155  92.239  92.279  92.286  93.148  93.180 
   93.205  93.220  93.256  93.275  93.294  93.504  93.513  94.214 
  202.980 227.940 227.985 228.618 469.183 696.312 696.348 696.848 
  1100.589 2654.838 2738.620 2738.645 2739.006 6681.156 17849.241 51827.883 
  169672.857 670600.696 3802079.652 


  >>> Running RHF-MP2 <<<


RMP2-TIMING
  rmp2                  :::      391.780 (100.00%)
  Total                 :::      391.780 (100.00%)

MP2 correlation energy (RHF) : -0.8162213054
MP2 total energy       (RHF) : -178.9832465240


  >>> Running UHF <<<

init D/C      : input mo_coeff
init ov       : zeros
no            : 12 13
nv            : 652 651
ov_size       : 16287
max_cycle     : 1000
conv          : 6
econv         : 9
method        : diis
mom_start     : 0
guess mix     : 0.000000
orb_swap      : [[[0, 12]], []]
init E        : -151.902724180033
init S2       : 0.750000000000032
init |[F,P]|  : 1.81e-02
init |dE|     : 5.61e-02
check file    : None

iter      total energy   |[F,P]|      |dE|         ∆E   S^2   comment
   1    -152.566037465  7.87e-03  2.60e-02  -6.63e-01  0.75  DIIS mom: 11.7/12 12.7/13
   2    -152.789863712  7.22e-04  2.10e-03  -2.24e-01  0.75  DIIS mom: 12.0/12 13.0/13
   3    -152.792064175  1.50e-04  4.13e-04  -2.20e-03  0.76  DIIS mom: 12.0/12 13.0/13
   4    -152.792278582  6.94e-05  1.93e-04  -2.14e-04  0.76  DIIS mom: 12.0/12 13.0/13
   5    -152.792338366  2.19e-05  5.72e-05  -5.98e-05  0.76  DIIS mom: 12.0/12 13.0/13
   6    -152.792344973  6.64e-06  1.52e-05  -6.61e-06  0.76  DIIS mom: 12.0/12 13.0/13
   7    -152.792345527  1.99e-06  4.11e-06  -5.54e-07  0.76  DIIS mom: 12.0/12 13.0/13
   8    -152.792345568  6.36e-07  1.18e-06  -4.12e-08  0.76  DIIS mom: 12.0/12 13.0/13
   9    -152.792345571  2.78e-07  5.30e-07  -2.86e-09  0.76  DIIS mom: 12.0/12 13.0/13
  10    -152.792345572  1.02e-07  1.98e-07  -7.77e-10  0.76  DIIS mom: 12.0/12 13.0/13
                                                                      diis is converged!

SCF converged : True
final |[F,P]| : 1.02e-07
final |dE|    : 1.98e-07
final Escf    : -232.002609342475
final Etot    : -152.79234557202
final S2      : 0.761739457484341

  diis prep             :::        0.236 (  0.04%)
  diis extrap           :::        0.144 (  0.02%)
  roothaan              :::        1.632 (  0.25%)
  fock build            :::      649.922 ( 99.69%)
  Total                 :::      651.934 (100.00%)

Alpha occupied
  -11.608 -11.451  -2.137  -1.386  -1.271  -1.265  -1.214  -1.050 
   -0.888  -0.809  -0.779  -0.749 

Alpha virtual
  -24.494  -0.105  -0.082  -0.074  -0.071  -0.039  -0.034  -0.033 
   -0.025  -0.022   0.004   0.020   0.023   0.053   0.067   0.071 
    0.080   0.102   0.105   0.111   0.119   0.128   0.143   0.148 
    0.158   0.168   0.173   0.189   0.191   0.219   0.238   0.254 
    0.270   0.295   0.296   0.314   0.315   0.336   0.340   0.348 
    0.359   0.382   0.398   0.414   0.424   0.433   0.441   0.448 
    0.469   0.473   0.486   0.498   0.500   0.502   0.523   0.559 
    0.570   0.616   0.624   0.636   0.676   0.680   0.684   0.709 
    0.713   0.724   0.741   0.747   0.768   0.800   0.809   0.828 
    0.852   0.867   0.880   0.905   0.915   0.953   0.956   0.983 
    1.000   1.006   1.026   1.048   1.069   1.077   1.087   1.098 
    1.127   1.134   1.153   1.181   1.193   1.208   1.216   1.265 
    1.269   1.280   1.303   1.318   1.335   1.344   1.356   1.360 
    1.368   1.383   1.418   1.425   1.425   1.464   1.473   1.490 
    1.491   1.543   1.574   1.589   1.636   1.656   1.693   1.714 
    1.718   1.726   1.764   1.798   1.837   1.876   1.898   1.943 
    1.955   1.970   1.979   1.987   2.017   2.027   2.034   2.060 
    2.078   2.100   2.100   2.132   2.159   2.201   2.226   2.238 
    2.265   2.281   2.290   2.343   2.379   2.395   2.411   2.431 
    2.443   2.445   2.467   2.491   2.492   2.525   2.543   2.577 
    2.579   2.654   2.663   2.704   2.712   2.721   2.736   2.776 
    2.851   2.939   2.943   2.944   2.965   3.018   3.053   3.056 
    3.118   3.169   3.177   3.189   3.218   3.268   3.277   3.307 
    3.315   3.372   3.385   3.403   3.437   3.445   3.507   3.525 
    3.553   3.567   3.568   3.581   3.676   3.692   3.706   3.722 
    3.782   3.788   3.848   3.855   3.890   3.909   3.958   3.960 
    3.972   3.992   4.025   4.038   4.103   4.105   4.109   4.168 
    4.185   4.195   4.202   4.203   4.217   4.274   4.321   4.388 
    4.397   4.457   4.459   4.535   4.536   4.569   4.571   4.616 
    4.623   4.684   4.704   4.722   4.726   4.740   4.773   4.838 
    4.845   4.899   4.914   4.918   4.933   4.970   4.984   5.052 
    5.065   5.083   5.119   5.139   5.195   5.201   5.246   5.249 
    5.306   5.343   5.361   5.370   5.382   5.416   5.465   5.490 
    5.508   5.531   5.556   5.567   5.582   5.600   5.619   5.621 
    5.632   5.655   5.710   5.816   5.820   5.864   5.900   5.967 
    5.988   6.005   6.068   6.123   6.127   6.205   6.228   6.251 
    6.285   6.300   6.317   6.371   6.402   6.429   6.595   6.612 
    6.689   6.718   6.721   6.788   6.840   6.856   6.882   6.945 
    6.971   7.007   7.018   7.067   7.084   7.111   7.131   7.134 
    7.246   7.313   7.334   7.394   7.413   7.471   7.480   7.583 
    7.657   7.716   7.764   7.872   7.873   7.961   7.968   8.145 
    8.224   8.261   8.316   8.447   8.529   8.716   8.821   8.941 
    8.958   8.965   9.047   9.080   9.116   9.131   9.179   9.200 
    9.224   9.233   9.252   9.276   9.288   9.335   9.349   9.365 
    9.429   9.466   9.490   9.499   9.536   9.611   9.691   9.783 
    9.834   9.879   9.919   9.943   9.975   9.994  10.035  10.115 
   10.166  10.284  10.831  10.851  10.857  10.884  10.891  10.966 
   11.061  11.081  11.156  11.212  11.251  11.315  11.424  11.450 
   11.463  11.495  11.533  11.556  11.624  11.686  11.690  11.779 
   11.783  11.837  11.859  11.932  11.939  12.063  12.133  12.139 
   12.190  12.206  12.219  12.329  12.329  12.397  12.415  12.448 
   12.465  12.486  12.492  12.501  12.504  12.547  12.586  12.638 
   12.672  12.718  12.719  12.791  12.812  12.818  12.871  12.882 
   12.915  12.933  12.947  12.948  12.963  12.974  12.994  13.013 
   13.018  13.062  13.079  13.099  13.104  13.107  13.126  13.159 
   13.198  13.255  13.258  13.259  13.326  13.335  13.357  13.418 
   13.437  13.514  13.588  13.607  13.643  13.691  13.700  13.725 
   13.745  13.782  13.840  13.869  13.915  13.956  14.002  14.033 
   14.101  14.189  14.196  14.286  14.291  14.343  14.463  14.480 
   14.515  14.574  14.594  14.624  14.717  14.778  14.900  14.907 
   15.010  15.014  15.147  15.233  15.323  15.374  15.406  15.450 
   15.556  15.640  15.727  15.824  15.889  15.995  15.996  16.067 
   16.210  16.214  16.320  16.428  16.490  16.611  16.619  16.808 
   16.820  16.972  17.008  17.015  17.021  17.026  17.038  17.043 
   17.089  17.090  17.120  17.148  17.179  17.314  17.449  17.536 
   17.554  17.579  17.632  17.705  17.715  17.739  18.038  18.665 
   18.715  18.768  18.872  18.896  18.956  19.035  19.124  19.138 
   19.162  19.438  19.858  20.054  20.176  20.234  20.271  20.284 
   20.342  20.486  20.500  20.515  20.552  20.584  20.633  20.827 
   20.858  20.966  21.068  21.070  21.250  21.343  21.361  21.532 
   21.722  21.736  21.801  22.175  22.196  22.406  22.430  23.222 
   23.638  23.782  23.991  24.017  24.117  24.163  24.331  24.446 
   24.508  24.508  25.877  25.880  26.043  26.061  26.093  30.529 
   30.534  30.963  30.971  31.502  33.075  33.155  33.379  33.382 
   33.646  33.694  33.770  34.085  34.248  34.554  34.778  34.805 
   34.973  37.092  41.455  41.640  41.781  41.803  42.048  78.647 
   80.477  83.390  83.444  83.995  86.445  91.232  91.234  91.445 
   91.508  91.513  91.589  91.696  91.706  91.785  91.802  91.898 
   91.998  92.058  92.059  92.306  92.914  92.928  93.029  93.048 
   93.062 200.461 224.981 225.026 225.667 465.611 691.922 691.958 
  692.461 1096.019 2649.478 2732.993 2733.019 2733.380 6675.263 17843.038 
  51821.523 169666.428 670594.242 3802073.189 

Beta occupied
  -30.007 -11.608 -11.451  -2.272  -1.449  -1.358  -1.356  -1.239 
   -1.059  -0.891  -0.811  -0.779  -0.749 

Beta virtual
   -0.106  -0.087  -0.074  -0.071  -0.043  -0.034  -0.033  -0.025 
   -0.022  -0.002   0.020   0.022   0.053   0.066   0.070   0.081 
    0.101   0.105   0.110   0.117   0.127   0.143   0.149   0.158 
    0.168   0.173   0.189   0.190   0.215   0.238   0.254   0.269 
    0.295   0.296   0.314   0.315   0.336   0.340   0.348   0.357 
    0.382   0.398   0.414   0.422   0.433   0.441   0.448   0.469 
    0.473   0.487   0.498   0.501   0.502   0.524   0.551   0.567 
    0.616   0.620   0.636   0.676   0.677   0.683   0.709   0.714 
    0.725   0.739   0.749   0.765   0.801   0.809   0.828   0.850 
    0.868   0.880   0.906   0.915   0.953   0.956   0.982   1.000 
    1.006   1.027   1.049   1.068   1.077   1.087   1.098   1.127 
    1.134   1.153   1.181   1.192   1.207   1.217   1.265   1.269 
    1.279   1.303   1.316   1.335   1.343   1.356   1.360   1.368 
    1.384   1.418   1.425   1.425   1.464   1.472   1.489   1.492 
    1.542   1.572   1.589   1.636   1.654   1.694   1.709   1.717 
    1.726   1.765   1.798   1.835   1.877   1.897   1.945   1.956 
    1.969   1.976   1.984   2.014   2.021   2.034   2.056   2.074 
    2.083   2.095   2.130   2.141   2.201   2.226   2.237   2.264 
    2.281   2.290   2.342   2.378   2.395   2.410   2.430   2.443 
    2.443   2.467   2.490   2.492   2.524   2.538   2.578   2.580 
    2.654   2.654   2.705   2.713   2.721   2.736   2.775   2.851 
    2.940   2.941   2.945   2.965   3.018   3.054   3.056   3.119 
    3.171   3.177   3.189   3.218   3.269   3.277   3.307   3.315 
    3.371   3.385   3.403   3.437   3.444   3.506   3.525   3.553 
    3.567   3.568   3.581   3.677   3.693   3.706   3.722   3.781 
    3.787   3.847   3.853   3.890   3.909   3.955   3.959   3.973 
    3.993   4.025   4.038   4.103   4.105   4.107   4.168   4.185 
    4.195   4.202   4.203   4.217   4.274   4.320   4.388   4.397 
    4.457   4.459   4.535   4.536   4.569   4.571   4.616   4.623 
    4.684   4.702   4.722   4.725   4.740   4.773   4.838   4.845 
    4.897   4.912   4.918   4.932   4.970   4.983   5.051   5.064 
    5.083   5.115   5.136   5.194   5.199   5.233   5.244   5.298 
    5.336   5.348   5.364   5.374   5.404   5.449   5.476   5.489 
    5.524   5.536   5.554   5.571   5.584   5.608   5.612   5.629 
    5.652   5.694   5.811   5.819   5.860   5.900   5.960   5.978 
    5.995   6.065   6.122   6.125   6.203   6.221   6.242   6.286 
    6.301   6.313   6.370   6.399   6.428   6.595   6.610   6.689 
    6.718   6.720   6.788   6.841   6.856   6.881   6.946   6.971 
    7.006   7.018   7.067   7.083   7.111   7.131   7.134   7.247 
    7.314   7.328   7.396   7.413   7.469   7.479   7.583   7.657 
    7.718   7.763   7.873   7.874   7.961   7.968   8.144   8.224 
    8.262   8.307   8.439   8.530   8.717   8.821   8.942   8.958 
    8.965   9.047   9.079   9.116   9.132   9.179   9.200   9.225 
    9.233   9.252   9.276   9.288   9.335   9.349   9.365   9.429 
    9.466   9.490   9.498   9.536   9.611   9.691   9.783   9.834 
    9.879   9.919   9.942   9.975   9.992  10.035  10.115  10.166 
   10.284  10.831  10.851  10.857  10.884  10.891  10.966  11.061 
   11.081  11.157  11.212  11.252  11.315  11.424  11.450  11.463 
   11.495  11.533  11.556  11.622  11.686  11.689  11.779  11.782 
   11.837  11.858  11.932  11.939  12.062  12.131  12.138  12.190 
   12.205  12.219  12.322  12.325  12.395  12.403  12.447  12.453 
   12.485  12.490  12.498  12.504  12.543  12.583  12.632  12.669 
   12.713  12.718  12.786  12.812  12.818  12.867  12.882  12.910 
   12.933  12.949  12.950  12.963  12.972  12.992  13.007  13.017 
   13.046  13.079  13.094  13.101  13.102  13.127  13.152  13.194 
   13.255  13.256  13.259  13.322  13.329  13.335  13.375  13.433 
   13.509  13.565  13.604  13.635  13.690  13.694  13.716  13.736 
   13.778  13.819  13.843  13.890  13.912  14.002  14.022  14.060 
   14.137  14.195  14.236  14.286  14.343  14.448  14.474  14.481 
   14.558  14.591  14.614  14.697  14.727  14.900  14.906  15.009 
   15.010  15.144  15.233  15.320  15.364  15.397  15.448  15.554 
   15.639  15.723  15.814  15.886  15.966  15.990  16.059  16.209 
   16.214  16.318  16.421  16.490  16.611  16.619  16.800  16.813 
   16.972  17.007  17.014  17.020  17.026  17.038  17.043  17.088 
   17.090  17.119  17.148  17.165  17.313  17.449  17.535  17.554 
   17.578  17.631  17.705  17.715  17.738  18.033  18.665  18.714 
   18.767  18.872  18.896  18.957  19.030  19.124  19.138  19.162 
   19.438  19.853  20.054  20.176  20.231  20.271  20.283  20.342 
   20.486  20.499  20.515  20.549  20.581  20.630  20.822  20.853 
   20.964  21.068  21.070  21.246  21.338  21.355  21.532  21.721 
   21.736  21.800  22.175  22.195  22.400  22.425  23.209  23.638 
   23.782  23.991  24.017  24.117  24.164  24.331  24.446  24.508 
   24.508  25.877  25.880  26.043  26.061  26.093  30.455  30.460 
   30.886  30.894  31.411  33.041  33.140  33.348  33.358  33.433 
   33.448  33.670  34.046  34.247  34.554  34.747  34.805  34.831 
   36.783  41.455  41.640  41.781  41.803  42.048  78.642  80.473 
   82.954  83.008  83.563  85.979  90.984  90.987  91.290  91.297 
   91.466  91.533  91.689  91.704  91.757  91.802  91.887  91.997 
   92.056  92.058  92.076  92.914  92.928  93.029  93.048  93.062 
  199.962 224.450 224.495 225.138 465.170 691.460 691.496 691.999 
  1095.685 2649.260 2732.731 2732.757 2733.118 6675.139 17842.977 51821.497 
  169666.419 670594.239 3802073.189 


  >>> Running UHF-MP2 <<<

MP2 correlation energy (UHF) : -0.7501029912
MP2 total energy       (UHF) : -153.5424485632

