	*********************************************** 
	***** Beginning CEBE Calculation with MOM ***** 
	*****       Calculation Details:          ***** 
	      Geometry:	 /home/am3939/core/calculations/mols/exp/f/cf3cch.xyz
	      Core Basis:	 pcX-4
	      Full Basis:	 pc-4
	      DIIS (start, space):	 0 50
	      Level shift:	 0
	      Do localization?:	 False
	      Do SFX2C1E?:	 True
	      Freeze orbitals?:	 True
	      Use Cheng orbitals?:	 False
	      Do Special Basis?:	 True
	      Do Special Basis?:	 pcX-4
	*********************************************** 
	*********************************************** 

  >>> Running RHF <<<

init D/C      : minao
init ov       : zeros
no            : 23
nv            : 760
ov_size       : 17480
max_cycle     : 1000
conv          : 6
econv         : 9
method        : gdm
scale_stop    : 0
scale_factor  : 1.000000
init E        : -412.439575320471
init |[F,P]|  : 7.18e-03
init |dE|     : 1.49e-02
check file    : None

iter      total energy   |[F,P]|      |dE|         ∆E   comment
   1    -412.563887822  4.74e-03  9.79e-03  -1.24e-01  BFGS
   2    -412.626853546  6.60e-04  1.28e-03  -6.30e-02  BFGS
   3    -412.628371855  3.38e-04  6.59e-04  -1.52e-03  BFGS
   4    -412.628807373  6.48e-05  1.60e-04  -4.36e-04  BFGS
   5    -412.628824935  2.40e-05  5.33e-05  -1.76e-05  BFGS
   6    -412.628827546  4.99e-06  1.03e-05  -2.61e-06  BFGS
   7    -412.628827699  1.09e-06  2.18e-06  -1.54e-07  BFGS
   8    -412.628827706  3.33e-07  6.76e-07  -7.07e-09  BFGS
   9    -412.628827707  6.63e-08  1.34e-07  -6.01e-10  BFGS
                                                                      gdm is converged!

SCF converged : True
final |[F,P]| : 6.63e-08
final |dE|    : 1.34e-07
final Escf    : -643.329601569679
final Etot    : -412.628827706955

  pxp & ewc             :::        0.530 (  0.09%)
  apply B               :::        0.002 (  0.00%)
  linsrch               :::      610.703 ( 99.91%)
  grad                  :::        0.030 (  0.00%)
  Total                 :::      611.265 (100.00%)

Alpha occupied
  -26.347 -26.347 -26.347 -11.542 -11.286 -11.277  -1.746  -1.648 
   -1.648  -1.099  -0.997  -0.878  -0.839  -0.839  -0.756  -0.723 
   -0.723  -0.676  -0.676  -0.660  -0.640  -0.447  -0.447 

Alpha virtual
    0.045   0.073   0.079   0.079   0.089   0.098   0.098   0.144 
    0.147   0.147   0.171   0.171   0.203   0.203   0.204   0.220 
    0.253   0.257   0.276   0.276   0.288   0.314   0.314   0.314 
    0.323   0.323   0.343   0.362   0.362   0.386   0.386   0.401 
    0.418   0.431   0.432   0.432   0.446   0.446   0.471   0.471 
    0.488   0.498   0.522   0.522   0.553   0.566   0.566   0.605 
    0.605   0.617   0.639   0.696   0.696   0.718   0.724   0.724 
    0.730   0.785   0.785   0.805   0.835   0.859   0.859   0.890 
    0.908   0.908   0.913   0.913   0.927   0.957   0.977   0.977 
    0.977   0.986   0.986   1.020   1.040   1.052   1.052   1.078 
    1.078   1.080   1.088   1.088   1.130   1.130   1.168   1.168 
    1.191   1.197   1.209   1.209   1.262   1.262   1.289   1.289 
    1.314   1.351   1.372   1.398   1.410   1.410   1.454   1.454 
    1.477   1.486   1.491   1.491   1.524   1.524   1.548   1.574 
    1.602   1.602   1.647   1.706   1.712   1.713   1.804   1.893 
    1.941   1.958   1.994   1.994   1.994   2.065   2.065   2.099 
    2.099   2.136   2.136   2.151   2.162   2.162   2.199   2.199 
    2.229   2.250   2.250   2.261   2.320   2.320   2.352   2.352 
    2.353   2.358   2.371   2.371   2.425   2.425   2.439   2.460 
    2.482   2.492   2.502   2.502   2.537   2.545   2.545   2.556 
    2.556   2.590   2.603   2.603   2.619   2.619   2.624   2.673 
    2.679   2.679   2.748   2.748   2.772   2.814   2.814   2.865 
    2.865   2.890   2.908   2.915   2.915   2.988   3.012   3.012 
    3.100   3.206   3.206   3.240   3.240   3.263   3.263   3.274 
    3.295   3.341   3.399   3.399   3.474   3.491   3.491   3.512 
    3.587   3.587   3.707   3.707   3.715   3.771   3.789   3.791 
    3.796   3.796   3.920   3.943   3.943   3.963   4.070   4.070 
    4.093   4.116   4.116   4.124   4.204   4.204   4.214   4.223 
    4.273   4.273   4.335   4.340   4.340   4.422   4.422   4.426 
    4.434   4.533   4.640   4.640   4.651   4.668   4.668   4.688 
    4.716   4.716   4.723   4.807   4.823   4.823   4.937   4.937 
    4.968   5.024   5.024   5.116   5.116   5.132   5.153   5.153 
    5.168   5.202   5.202   5.347   5.347   5.368   5.491   5.496 
    5.503   5.503   5.615   5.619   5.619   5.638   5.638   5.657 
    5.753   5.753   5.764   5.776   5.776   5.843   5.844   5.844 
    5.893   5.943   5.946   5.946   5.979   5.989   6.034   6.034 
    6.065   6.067   6.067   6.100   6.121   6.121   6.173   6.217 
    6.217   6.350   6.350   6.474   6.474   6.482   6.561   6.580 
    6.580   6.580   6.607   6.608   6.613   6.640   6.640   6.754 
    6.784   6.784   6.811   6.823   6.823   6.934   6.934   6.946 
    6.979   6.994   7.099   7.099   7.120   7.127   7.127   7.234 
    7.234   7.308   7.330   7.330   7.449   7.449   7.548   7.561 
    7.561   7.584   7.652   7.652   7.674   7.698   7.698   7.710 
    7.791   7.795   7.795   7.864   7.864   7.991   8.169   8.205 
    8.205   8.305   8.305   8.313   8.404   8.417   8.443   8.443 
    8.505   8.687   8.687   8.869   8.939   8.939   8.987   9.051 
    9.111   9.111   9.141   9.141   9.358   9.358   9.389   9.389 
    9.445   9.581   9.636   9.636   9.920   9.920   9.993  10.088 
   10.293  10.293  10.338  10.338  10.538  10.575  10.599  10.654 
   10.654  10.760  10.760  10.778  10.837  10.837  10.861  10.906 
   11.019  11.019  11.183  11.183  11.240  11.297  11.297  11.323 
   11.323  11.399  11.399  11.467  11.467  11.577  11.600  11.733 
   11.733  11.790  11.790  11.805  11.978  11.978  12.004  12.004 
   12.042  12.061  12.061  12.093  12.093  12.172  12.172  12.189 
   12.195  12.195  12.252  12.291  12.344  12.344  12.385  12.385 
   12.443  12.443  12.457  12.457  12.485  12.555  12.599  12.637 
   12.643  12.797  12.818  12.818  12.847  12.863  12.863  12.885 
   12.931  12.939  12.939  12.996  13.014  13.014  13.028  13.028 
   13.062  13.085  13.166  13.187  13.187  13.202  13.219  13.231 
   13.231  13.275  13.294  13.294  13.299  13.307  13.312  13.312 
   13.316  13.316  13.373  13.404  13.429  13.436  13.436  13.498 
   13.498  13.538  13.538  13.645  13.662  13.684  13.684  13.694 
   13.694  13.744  13.744  13.753  13.865  13.865  13.920  14.031 
   14.031  14.089  14.089  14.145  14.145  14.171  14.234  14.234 
   14.281  14.351  14.351  14.413  14.495  14.495  14.701  14.701 
   14.714  14.728  14.728  14.729  14.767  14.864  14.865  14.942 
   15.015  15.015  15.151  15.151  15.163  15.184  15.277  15.405 
   15.405  15.449  15.581  15.581  15.728  15.728  15.759  15.767 
   15.807  15.807  15.864  15.864  15.915  15.992  15.992  16.234 
   16.295  16.340  16.340  16.457  16.466  16.466  16.545  16.617 
   16.617  16.786  16.786  17.148  17.148  17.318  17.573  17.573 
   17.593  17.629  17.639  17.682  17.828  17.828  17.995  17.995 
   18.162  18.335  18.335  18.451  18.639  19.116  19.116  19.465 
   19.465  19.490  20.427  20.427  20.616  20.954  20.975  20.975 
   20.987  20.987  21.021  21.044  21.227  21.227  21.286  21.321 
   21.322  21.533  21.701  21.704  21.714  21.714  21.860  21.860 
   21.863  22.023  22.023  22.086  22.086  22.926  22.926  22.985 
   23.035  23.035  23.047  23.091  23.399  23.830  23.830  24.507 
   24.508  25.461  26.716  31.352  31.352  31.391  31.464  31.464 
   31.523  31.835  31.852  31.852  31.887  31.928  31.928  32.281 
   32.281  32.757  32.808  32.808  32.914  32.914  33.345  33.345 
   33.546  33.546  34.240  34.323  34.323  34.465  34.465  34.701 
   34.701  34.715  34.765  34.824  34.824  35.015  35.977  36.167 
   36.167  36.690  38.078  38.601  38.601  41.996  78.304  79.074 
   79.923  85.122  85.122  85.134  85.166  85.215  85.215  85.717 
   85.717  85.823  87.984  88.278  88.278  92.041  92.041  93.073 
   93.073  93.094  93.150  93.150  93.185  93.290  93.450  93.466 
   93.466  93.467  93.552  93.552  94.254  94.254  94.711 202.876 
  203.109 203.109 227.887 227.887 227.897 227.923 227.968 227.968 
  228.675 228.709 228.709 469.078 469.310 469.310 696.254 696.254 
  696.262 696.283 696.319 696.319 696.880 696.901 696.901 1100.485 
  1100.706 1100.706 2654.737 2654.945 2654.945 2738.555 2738.555 2738.561 
  2738.576 2738.601 2738.601 2739.007 2739.022 2739.022 6681.055 6681.255 
  6681.255 17849.142 17849.330 17849.330 51827.785 51827.961 51827.961 169672.760 
  169672.923 169672.923 670600.601 670600.747 670600.747 3802079.559 3802079.681 3802079.681 


  >>> Running RHF-MP2 <<<


RMP2-TIMING
  rmp2                  :::      516.322 (100.00%)
  Total                 :::      516.322 (100.00%)

MP2 correlation energy (RHF) : -1.6477918214
MP2 total energy       (RHF) : -414.2766195284


  >>> Running UHF <<<

init D/C      : input mo_coeff
init ov       : zeros
no            : 22 23
nv            : 761 760
ov_size       : 34222
max_cycle     : 1000
conv          : 6
econv         : 9
method        : diis
mom_start     : 0
guess mix     : 0.000000
orb_swap      : [[[0, 22]], []]
init E        : -386.281696615529
init S2       : 0.749999999999954
init |[F,P]|  : 1.07e-02
init |dE|     : 2.74e-02
check file    : None

iter      total energy   |[F,P]|      |dE|         ∆E   S^2   comment
   1    -386.600580823  6.03e-03  1.39e-02  -3.19e-01  0.75  DIIS mom: 21.9/22 22.8/23
   2    -386.904765108  7.25e-03  1.87e-02  -3.04e-01  0.75  DIIS mom: 21.8/22 23.0/23
   3    -386.980866816  6.18e-03  1.59e-02  -7.61e-02  0.75  DIIS mom: 22.0/22 23.0/23
   4    -387.138308605  2.56e-03  6.58e-03  -1.57e-01  0.76  DIIS mom: 22.0/22 23.0/23
   5    -387.164089960  3.66e-04  9.07e-04  -2.58e-02  0.76  DIIS mom: 22.0/22 23.0/23
   6    -387.164685741  6.82e-05  1.58e-04  -5.96e-04  0.76  DIIS mom: 22.0/22 23.0/23
   7    -387.164743538  4.64e-05  1.08e-04  -5.78e-05  0.76  DIIS mom: 22.0/22 23.0/23
   8    -387.164764235  1.55e-05  2.92e-05  -2.07e-05  0.76  DIIS mom: 22.0/22 23.0/23
   9    -387.164769760  9.23e-06  1.70e-05  -5.52e-06  0.76  DIIS mom: 22.0/22 23.0/23
  10    -387.164772251  6.38e-06  1.02e-05  -2.49e-06  0.76  DIIS mom: 22.0/22 23.0/23
  11    -387.164774192  5.54e-06  8.95e-06  -1.94e-06  0.76  DIIS mom: 22.0/22 23.0/23
  12    -387.164775369  5.05e-06  7.66e-06  -1.18e-06  0.76  DIIS mom: 22.0/22 23.0/23
  13    -387.164777180  4.76e-06  7.27e-06  -1.81e-06  0.76  DIIS mom: 22.0/22 23.0/23
  14    -387.164779677  4.47e-06  6.89e-06  -2.50e-06  0.76  DIIS mom: 22.0/22 23.0/23
  15    -387.164783565  4.16e-06  6.58e-06  -3.89e-06  0.76  DIIS mom: 22.0/22 23.0/23
  16    -387.164786816  3.79e-06  5.75e-06  -3.25e-06  0.76  DIIS mom: 22.0/22 23.0/23
  17    -387.164792618  3.34e-06  5.66e-06  -5.80e-06  0.76  DIIS mom: 22.0/22 23.0/23
  18    -387.164800933  1.75e-06  3.79e-06  -8.32e-06  0.77  DIIS mom: 22.0/22 23.0/23
  19    -387.164801456  5.91e-07  1.26e-06  -5.23e-07  0.77  DIIS mom: 22.0/22 23.0/23
  20    -387.164801505  2.35e-07  5.30e-07  -4.85e-08  0.77  DIIS mom: 22.0/22 23.0/23
  21    -387.164801507  6.24e-08  1.24e-07  -2.30e-09  0.77  DIIS mom: 22.0/22 23.0/23
  22    -387.164801507  2.27e-08  4.46e-08  -1.00e-10  0.77  DIIS mom: 22.0/22 23.0/23
                                                                      diis is converged!

SCF converged : True
final |[F,P]| : 2.27e-08
final |dE|    : 4.46e-08
final Escf    : -617.865575369937
final Etot    : -387.164801507214
final S2      : 0.771073378989055

  diis prep             :::        0.496 (  0.03%)
  diis extrap           :::        0.577 (  0.04%)
  roothaan              :::        2.710 (  0.17%)
  fock build            :::     1568.191 ( 99.76%)
  Total                 :::     1571.975 (100.00%)

Alpha occupied
  -26.606 -26.606 -11.849 -11.507 -11.475  -2.246  -1.962  -1.899 
   -1.458  -1.362  -1.349  -1.286  -1.186  -1.087  -1.052  -0.979 
   -0.954  -0.946  -0.915  -0.899  -0.654  -0.649 

Alpha virtual
  -24.584  -0.104  -0.090  -0.083  -0.068  -0.053  -0.051  -0.040 
   -0.010  -0.007   0.013   0.024   0.029   0.034   0.042   0.068 
    0.069   0.087   0.091   0.111   0.113   0.115   0.132   0.133 
    0.149   0.153   0.154   0.170   0.185   0.191   0.210   0.220 
    0.224   0.225   0.237   0.244   0.249   0.268   0.268   0.275 
    0.287   0.297   0.329   0.343   0.344   0.373   0.382   0.397 
    0.420   0.434   0.454   0.464   0.514   0.516   0.539   0.551 
    0.563   0.565   0.579   0.588   0.619   0.623   0.652   0.657 
    0.662   0.669   0.669   0.689   0.693   0.726   0.732   0.764 
    0.774   0.782   0.783   0.804   0.811   0.817   0.835   0.852 
    0.874   0.875   0.889   0.889   0.893   0.953   0.959   0.975 
    0.981   0.990   0.999   0.999   1.014   1.047   1.049   1.095 
    1.105   1.110   1.135   1.166   1.193   1.200   1.213   1.222 
    1.238   1.281   1.289   1.298   1.301   1.311   1.331   1.356 
    1.369   1.380   1.386   1.464   1.500   1.506   1.544   1.596 
    1.680   1.693   1.711   1.781   1.791   1.795   1.822   1.833 
    1.855   1.870   1.901   1.927   1.931   1.931   1.945   1.948 
    1.953   1.993   2.001   2.009   2.040   2.045   2.054   2.064 
    2.074   2.113   2.118   2.142   2.154   2.159   2.161   2.203 
    2.211   2.219   2.248   2.252   2.278   2.283   2.286   2.307 
    2.308   2.311   2.349   2.376   2.378   2.391   2.392   2.403 
    2.412   2.435   2.447   2.499   2.520   2.541   2.582   2.583 
    2.588   2.611   2.644   2.653   2.684   2.687   2.738   2.762 
    2.782   2.866   2.948   2.963   2.988   2.996   3.025   3.030 
    3.065   3.077   3.128   3.147   3.169   3.204   3.248   3.261 
    3.267   3.338   3.357   3.439   3.448   3.492   3.523   3.580 
    3.584   3.599   3.610   3.677   3.713   3.737   3.738   3.806 
    3.811   3.873   3.891   3.893   3.898   3.941   3.956   3.986 
    4.004   4.053   4.055   4.111   4.138   4.139   4.214   4.221 
    4.227   4.228   4.322   4.433   4.435   4.449   4.453   4.458 
    4.473   4.510   4.518   4.521   4.537   4.591   4.592   4.693 
    4.712   4.730   4.736   4.762   4.885   4.896   4.900   4.926 
    4.937   4.939   4.968   4.979   5.088   5.097   5.142   5.188 
    5.215   5.234   5.249   5.316   5.318   5.335   5.339   5.372 
    5.394   5.436   5.462   5.490   5.495   5.506   5.517   5.518 
    5.539   5.605   5.633   5.650   5.669   5.697   5.710   5.749 
    5.762   5.765   5.808   5.813   5.833   5.860   5.867   5.919 
    5.940   5.947   6.038   6.088   6.188   6.193   6.207   6.215 
    6.253   6.273   6.323   6.323   6.353   6.355   6.374   6.398 
    6.475   6.496   6.519   6.531   6.556   6.573   6.633   6.660 
    6.690   6.691   6.771   6.801   6.827   6.869   6.872   6.880 
    6.954   6.980   7.020   7.042   7.060   7.126   7.154   7.266 
    7.274   7.298   7.325   7.349   7.386   7.418   7.435   7.457 
    7.473   7.501   7.536   7.563   7.589   7.599   7.712   7.862 
    7.919   7.962   8.015   8.029   8.058   8.137   8.160   8.198 
    8.206   8.285   8.363   8.405   8.578   8.638   8.666   8.704 
    8.795   8.897   8.901   8.925   8.927   9.064   9.099   9.190 
    9.194   9.196   9.279   9.322   9.376   9.608   9.655   9.703 
    9.886   9.954  10.029  10.147  10.149  10.328  10.365  10.383 
   10.445  10.446  10.496  10.558  10.560  10.629  10.630  10.644 
   10.692  10.807  10.809  10.978  10.978  10.983  11.029  11.041 
   11.118  11.118  11.144  11.151  11.208  11.218  11.278  11.387 
   11.470  11.494  11.563  11.570  11.574  11.699  11.733  11.745 
   11.766  11.766  11.835  11.837  11.879  11.880  11.915  11.920 
   11.936  11.969  11.969  12.041  12.053  12.113  12.127  12.159 
   12.164  12.182  12.194  12.226  12.244  12.251  12.290  12.327 
   12.388  12.403  12.404  12.487  12.537  12.550  12.562  12.608 
   12.637  12.637  12.662  12.663  12.673  12.705  12.717  12.734 
   12.756  12.790  12.808  12.854  12.868  12.888  12.891  12.906 
   12.917  12.929  12.961  12.983  12.987  13.020  13.033  13.038 
   13.057  13.062  13.062  13.082  13.103  13.114  13.136  13.165 
   13.190  13.199  13.231  13.253  13.299  13.339  13.388  13.403 
   13.449  13.458  13.479  13.483  13.501  13.581  13.606  13.646 
   13.712  13.739  13.784  13.810  13.826  13.835  13.871  13.921 
   13.976  13.990  14.063  14.088  14.092  14.117  14.192  14.247 
   14.285  14.349  14.398  14.452  14.461  14.477  14.520  14.585 
   14.636  14.647  14.752  14.787  14.824  14.845  14.899  15.011 
   15.084  15.119  15.160  15.253  15.296  15.326  15.364  15.422 
   15.478  15.480  15.535  15.558  15.621  15.647  15.682  15.748 
   15.866  15.904  16.047  16.077  16.110  16.161  16.169  16.216 
   16.306  16.358  16.558  16.576  16.968  16.968  17.111  17.183 
   17.204  17.327  17.367  17.449  17.450  17.519  17.546  17.765 
   17.774  17.835  17.999  18.037  18.234  18.390  18.907  18.909 
   19.278  19.280  19.280  20.221  20.224  20.342  20.493  20.521 
   20.640  20.722  20.729  20.732  20.777  20.858  20.898  20.997 
   21.048  21.082  21.258  21.297  21.334  21.390  21.440  21.473 
   21.586  21.601  21.734  21.794  21.837  21.844  22.516  22.518 
   22.701  22.733  22.746  22.789  22.864  23.052  23.459  23.564 
   24.324  24.324  25.253  26.526  30.468  30.485  30.936  30.960 
   31.120  31.165  31.185  31.251  31.457  31.611  31.615  31.641 
   31.671  32.011  32.378  32.592  32.592  32.712  32.712  33.094 
   33.102  33.246  33.249  33.629  33.659  33.794  34.043  34.096 
   34.188  34.232  34.426  34.455  34.529  34.564  34.802  35.255 
   35.795  35.903  36.475  37.371  38.095  38.340  41.812  78.059 
   78.844  79.660  83.345  83.406  83.995  84.869  84.873  84.930 
   84.953  85.458  85.530  86.535  87.836  88.018  91.167  91.180 
   91.535  91.555  91.855  91.857  92.453  92.826  92.858  92.869 
   92.915  93.103  93.196  93.205  93.261  93.268  93.994  94.324 
  200.500 202.701 202.851 224.930 224.982 225.739 227.632 227.636 
  227.684 227.706 228.426 228.449 465.649 468.900 469.051 691.864 
  691.906 692.499 695.999 696.001 696.039 696.057 696.628 696.642 
  1096.053 1100.303 1100.448 2649.506 2654.551 2654.688 2732.927 2732.956 
  2733.384 2738.300 2738.302 2738.329 2738.341 2738.755 2738.765 6675.286 
  6680.866 6680.998 17843.056 17848.949 17849.073 51821.534 51827.588 51827.705 
  169666.432 169672.559 169672.666 670594.236 670600.394 670600.491 3802073.171 3802079.344 
  3802079.425 

Beta occupied
  -30.097 -26.606 -26.606 -11.848 -11.504 -11.478  -2.376  -1.965 
   -1.898  -1.533  -1.446  -1.439  -1.299  -1.189  -1.089  -1.055 
   -0.982  -0.953  -0.944  -0.915  -0.901  -0.655  -0.650 

Beta virtual
   -0.109  -0.093  -0.082  -0.068  -0.054  -0.052  -0.040  -0.011 
   -0.005   0.013   0.020   0.029   0.034   0.041   0.062   0.067 
    0.085   0.091   0.109   0.113   0.115   0.128   0.129   0.147 
    0.153   0.154   0.170   0.185   0.192   0.210   0.218   0.225 
    0.227   0.237   0.243   0.250   0.268   0.268   0.276   0.285 
    0.295   0.327   0.342   0.344   0.372   0.381   0.397   0.419 
    0.433   0.453   0.464   0.513   0.517   0.536   0.551   0.565 
    0.566   0.576   0.587   0.613   0.623   0.647   0.659   0.661 
    0.669   0.671   0.690   0.693   0.727   0.731   0.764   0.774 
    0.781   0.783   0.805   0.812   0.817   0.833   0.853   0.872 
    0.875   0.887   0.889   0.893   0.955   0.961   0.973   0.980 
    0.990   0.997   0.999   1.014   1.048   1.049   1.095   1.105 
    1.111   1.135   1.165   1.193   1.200   1.213   1.223   1.238 
    1.283   1.287   1.297   1.301   1.311   1.330   1.357   1.366 
    1.381   1.386   1.464   1.498   1.506   1.544   1.596   1.679 
    1.694   1.711   1.781   1.793   1.794   1.822   1.833   1.857 
    1.871   1.898   1.923   1.930   1.932   1.943   1.947   1.954 
    1.987   1.998   2.007   2.026   2.042   2.052   2.065   2.065 
    2.107   2.117   2.142   2.149   2.152   2.160   2.199   2.212 
    2.219   2.247   2.252   2.275   2.281   2.286   2.303   2.307 
    2.311   2.348   2.376   2.378   2.391   2.392   2.400   2.411 
    2.436   2.446   2.498   2.520   2.540   2.582   2.584   2.584 
    2.611   2.644   2.653   2.684   2.687   2.739   2.761   2.782 
    2.866   2.949   2.961   2.986   2.997   3.025   3.029   3.063 
    3.077   3.127   3.147   3.169   3.205   3.248   3.261   3.267 
    3.338   3.354   3.439   3.448   3.492   3.523   3.579   3.584 
    3.599   3.611   3.677   3.713   3.736   3.738   3.804   3.810 
    3.870   3.892   3.893   3.898   3.941   3.956   3.988   4.004 
    4.054   4.057   4.111   4.139   4.140   4.213   4.220   4.228 
    4.229   4.320   4.432   4.435   4.450   4.452   4.459   4.474 
    4.510   4.520   4.523   4.538   4.592   4.592   4.690   4.711 
    4.731   4.736   4.762   4.883   4.894   4.896   4.925   4.938 
    4.938   4.967   4.979   5.088   5.097   5.138   5.183   5.201 
    5.230   5.249   5.299   5.302   5.330   5.337   5.371   5.378 
    5.421   5.428   5.440   5.487   5.503   5.512   5.514   5.539 
    5.604   5.631   5.641   5.668   5.691   5.706   5.740   5.759 
    5.759   5.808   5.809   5.832   5.860   5.867   5.913   5.938 
    5.945   6.022   6.088   6.171   6.192   6.208   6.213   6.254 
    6.270   6.322   6.323   6.353   6.355   6.372   6.399   6.472 
    6.496   6.519   6.527   6.555   6.572   6.634   6.660   6.690 
    6.691   6.771   6.798   6.828   6.870   6.872   6.880   6.953 
    6.980   7.020   7.042   7.060   7.123   7.156   7.267   7.275 
    7.299   7.326   7.349   7.387   7.418   7.435   7.456   7.472 
    7.501   7.536   7.564   7.587   7.599   7.712   7.860   7.919 
    7.962   8.015   8.027   8.058   8.138   8.158   8.198   8.206 
    8.286   8.349   8.405   8.575   8.638   8.666   8.703   8.794 
    8.897   8.902   8.925   8.926   9.064   9.098   9.190   9.193 
    9.196   9.279   9.322   9.375   9.608   9.655   9.704   9.885 
    9.952  10.029  10.148  10.149  10.328  10.367  10.385  10.445 
   10.447  10.494  10.557  10.560  10.629  10.630  10.641  10.691 
   10.807  10.809  10.978  10.978  10.983  11.030  11.042  11.118 
   11.118  11.144  11.152  11.208  11.218  11.279  11.387  11.471 
   11.495  11.563  11.571  11.574  11.699  11.733  11.745  11.767 
   11.768  11.834  11.836  11.878  11.880  11.913  11.919  11.936 
   11.970  11.970  12.042  12.053  12.112  12.127  12.157  12.163 
   12.181  12.193  12.220  12.243  12.250  12.285  12.326  12.368 
   12.400  12.401  12.479  12.533  12.549  12.559  12.606  12.635 
   12.636  12.660  12.662  12.671  12.703  12.714  12.726  12.754 
   12.789  12.806  12.852  12.870  12.888  12.891  12.902  12.915 
   12.928  12.960  12.983  12.987  13.020  13.024  13.030  13.056 
   13.062  13.062  13.077  13.099  13.107  13.135  13.159  13.181 
   13.197  13.223  13.248  13.284  13.327  13.385  13.402  13.440 
   13.456  13.473  13.483  13.499  13.573  13.604  13.622  13.687 
   13.709  13.766  13.783  13.810  13.834  13.861  13.906  13.973 
   13.985  14.030  14.036  14.071  14.118  14.175  14.219  14.272 
   14.314  14.394  14.451  14.459  14.477  14.511  14.584  14.636 
   14.636  14.752  14.767  14.812  14.820  14.899  15.004  15.080 
   15.111  15.159  15.245  15.290  15.322  15.348  15.404  15.475 
   15.477  15.535  15.558  15.621  15.646  15.670  15.748  15.855 
   15.897  16.046  16.074  16.097  16.153  16.168  16.216  16.304 
   16.358  16.557  16.576  16.968  16.968  17.111  17.174  17.197 
   17.327  17.364  17.449  17.450  17.516  17.546  17.765  17.774 
   17.824  17.991  18.036  18.235  18.388  18.907  18.909  19.278 
   19.280  19.280  20.220  20.224  20.340  20.488  20.517  20.637 
   20.722  20.729  20.732  20.777  20.854  20.897  20.996  21.048 
   21.082  21.257  21.282  21.331  21.388  21.440  21.471  21.585 
   21.601  21.733  21.794  21.837  21.844  22.510  22.512  22.701 
   22.733  22.745  22.789  22.863  23.044  23.453  23.564  24.323 
   24.324  25.253  26.526  30.394  30.412  30.861  30.884  31.119 
   31.165  31.184  31.250  31.386  31.609  31.615  31.628  31.672 
   32.011  32.364  32.593  32.593  32.711  32.711  33.070  33.092 
   33.214  33.220  33.410  33.437  33.668  34.023  34.094  34.182 
   34.231  34.419  34.456  34.528  34.564  34.799  35.072  35.786 
   35.903  36.475  37.124  38.068  38.340  41.812  78.056  78.843 
   79.656  82.909  82.970  83.561  84.869  84.873  84.929  84.953 
   85.458  85.529  86.078  87.832  88.018  90.918  90.932  91.287 
   91.306  91.855  91.856  92.206  92.826  92.858  92.869  92.914 
   93.102  93.196  93.205  93.261  93.268  93.994  94.321 200.003 
  202.700 202.851 224.399 224.452 225.210 227.632 227.636 227.684 
  227.706 228.426 228.449 465.209 468.900 469.051 691.402 691.444 
  692.038 695.999 696.001 696.039 696.057 696.628 696.642 1095.720 
  1100.303 1100.448 2649.289 2654.551 2654.688 2732.665 2732.695 2733.122 
  2738.300 2738.302 2738.329 2738.341 2738.755 2738.765 6675.163 6680.866 
  6680.998 17842.995 17848.949 17849.073 51821.508 51827.588 51827.705 169666.423 
  169672.559 169672.666 670594.234 670600.394 670600.491 3802073.170 3802079.344 3802079.425 


  >>> Running UHF-MP2 <<<

MP2 correlation energy (UHF) : -1.5936892130
MP2 total energy       (UHF) : -388.7584907202

