	*********************************************** 
	***** Beginning CEBE Calculation with MOM ***** 
	*****       Calculation Details:          ***** 
	      Geometry:	 /work/morgunov/core/calculations/mols/exp/o/ch3co-o-ch3.xyz
	      Core Basis:	 cc-pCV5Z
	      Full Basis:	 cc-pV5Z
	      DIIS (start, space):	 0 50
	      Level shift:	 0
	      Do localization?:	 False
	      Do SFX2C1E?:	 True
	      Freeze orbitals?:	 True
	      Use Cheng orbitals?:	 False
	      Do Special Basis?:	 False
	*********************************************** 
	*********************************************** 

  >>> Running RHF <<<

init D/C      : minao
init ov       : zeros
no            : 20
nv            : 873
ov_size       : 17460
max_cycle     : 1000
conv          : 6
econv         : 9
method        : gdm
scale_stop    : 0
scale_factor  : 1.000000
init E        : -266.809837103148
init |[F,P]|  : 4.65e-03
init |dE|     : 1.26e-02
check file    : None

iter      total energy   |[F,P]|      |dE|         ∆E   comment
   1    -266.891699690  3.51e-03  9.61e-03  -8.19e-02  BFGS
   2    -266.959319072  4.60e-04  1.16e-03  -6.76e-02  BFGS
   3    -266.960697995  2.38e-04  6.52e-04  -1.38e-03  BFGS
   4    -266.961086683  6.13e-05  1.64e-04  -3.89e-04  BFGS
   5    -266.961126976  2.62e-05  6.71e-05  -4.03e-05  BFGS
   6    -266.961136769  7.50e-06  1.97e-05  -9.79e-06  BFGS
   7    -266.961137316  1.79e-06  4.31e-06  -5.47e-07  BFGS
   8    -266.961137355  5.67e-07  1.39e-06  -3.96e-08  BFGS
   9    -266.961137358  1.50e-07  3.90e-07  -2.54e-09  BFGS
  10    -266.961137358  2.84e-08  7.44e-08  -1.91e-10  BFGS
                                                                      gdm is converged!

SCF converged : True
final |[F,P]| : 2.84e-08
final |dE|    : 7.44e-08
final Escf    : -449.254795954884
final Etot    : -266.96113735809

  pxp & ewc             :::        1.163 (  0.05%)
  apply B               :::        0.005 (  0.00%)
  linsrch               :::     2403.833 ( 99.95%)
  grad                  :::        0.045 (  0.00%)
  Total                 :::     2405.046 (100.00%)

Alpha occupied
  -20.601 -20.541 -11.378 -11.281 -11.238  -1.461  -1.358  -1.037 
   -0.948  -0.779  -0.696  -0.679  -0.678  -0.596  -0.592  -0.560 
   -0.531  -0.523  -0.464  -0.451 

Alpha virtual
    0.091   0.105   0.128   0.136   0.143   0.149   0.156   0.181 
    0.193   0.217   0.221   0.226   0.232   0.270   0.288   0.312 
    0.354   0.371   0.393   0.396   0.406   0.415   0.424   0.429 
    0.431   0.434   0.467   0.467   0.493   0.505   0.524   0.526 
    0.532   0.570   0.579   0.587   0.600   0.610   0.627   0.632 
    0.642   0.663   0.682   0.697   0.715   0.718   0.753   0.788 
    0.793   0.801   0.810   0.827   0.834   0.869   0.872   0.875 
    0.899   0.904   0.934   0.938   0.941   0.959   0.964   0.967 
    0.986   1.011   1.039   1.041   1.062   1.064   1.086   1.097 
    1.101   1.125   1.134   1.170   1.194   1.204   1.213   1.228 
    1.249   1.277   1.306   1.316   1.349   1.356   1.378   1.379 
    1.427   1.435   1.452   1.464   1.481   1.486   1.511   1.532 
    1.538   1.558   1.560   1.580   1.630   1.649   1.653   1.665 
    1.670   1.688   1.705   1.707   1.748   1.772   1.775   1.790 
    1.830   1.834   1.841   1.845   1.859   1.901   1.907   1.913 
    1.941   1.944   1.977   1.978   1.986   1.991   2.023   2.030 
    2.043   2.056   2.080   2.088   2.104   2.116   2.139   2.140 
    2.155   2.164   2.172   2.207   2.216   2.225   2.245   2.257 
    2.263   2.266   2.285   2.330   2.338   2.349   2.376   2.415 
    2.421   2.435   2.451   2.471   2.474   2.503   2.505   2.530 
    2.540   2.548   2.620   2.632   2.638   2.662   2.709   2.735 
    2.742   2.753   2.776   2.781   2.804   2.826   2.837   2.873 
    2.874   2.916   2.951   2.965   2.996   3.014   3.051   3.101 
    3.111   3.115   3.156   3.161   3.215   3.230   3.232   3.256 
    3.259   3.266   3.282   3.298   3.308   3.346   3.376   3.390 
    3.412   3.419   3.463   3.495   3.499   3.544   3.545   3.554 
    3.582   3.620   3.645   3.672   3.693   3.712   3.717   3.737 
    3.750   3.765   3.778   3.812   3.816   3.892   3.894   3.913 
    3.930   3.937   3.991   4.019   4.040   4.052   4.056   4.088 
    4.093   4.103   4.121   4.142   4.152   4.163   4.187   4.201 
    4.218   4.239   4.262   4.268   4.278   4.293   4.305   4.315 
    4.328   4.352   4.372   4.373   4.407   4.418   4.424   4.453 
    4.485   4.527   4.533   4.563   4.566   4.587   4.640   4.647 
    4.687   4.699   4.722   4.731   4.737   4.740   4.764   4.768 
    4.782   4.791   4.807   4.817   4.827   4.848   4.865   4.869 
    4.886   4.923   4.927   4.940   4.988   5.026   5.037   5.050 
    5.063   5.078   5.093   5.124   5.148   5.178   5.200   5.240 
    5.245   5.296   5.297   5.311   5.334   5.355   5.359   5.379 
    5.405   5.417   5.438   5.450   5.480   5.485   5.513   5.546 
    5.562   5.564   5.584   5.590   5.620   5.635   5.651   5.678 
    5.691   5.719   5.728   5.732   5.760   5.799   5.809   5.828 
    5.853   5.860   5.861   5.877   5.897   5.961   5.980   5.991 
    6.046   6.081   6.093   6.121   6.142   6.154   6.232   6.240 
    6.269   6.287   6.302   6.354   6.377   6.429   6.445   6.484 
    6.487   6.563   6.591   6.629   6.646   6.712   6.733   6.778 
    6.795   6.814   6.834   6.865   6.960   6.967   6.974   7.049 
    7.063   7.121   7.136   7.139   7.180   7.185   7.206   7.222 
    7.248   7.269   7.342   7.363   7.392   7.412   7.429   7.432 
    7.453   7.518   7.533   7.581   7.597   7.605   7.609   7.639 
    7.640   7.700   7.727   7.753   7.787   7.789   7.796   7.855 
    7.866   7.901   7.918   7.983   7.995   8.030   8.066   8.147 
    8.158   8.197   8.235   8.249   8.262   8.289   8.329   8.369 
    8.437   8.467   8.545   8.601   8.615   8.658   8.710   8.861 
    8.917   8.936   8.968   9.063   9.136   9.166   9.184   9.199 
    9.427   9.428   9.478   9.483   9.505   9.550   9.553   9.572 
    9.583   9.605   9.644   9.671   9.700   9.708   9.745   9.762 
    9.811   9.841   9.844   9.885   9.918   9.932   9.937   9.996 
   10.013  10.136  10.163  10.190  10.245  10.279  10.312  10.343 
   10.372  10.382  10.387  10.395  10.453  10.470  10.483  10.492 
   10.500  10.513  10.554  10.561  10.576  10.599  10.626  10.704 
   10.724  10.760  10.816  10.817  10.874  10.889  10.901  10.959 
   10.988  11.030  11.048  11.072  11.204  11.214  11.251  11.281 
   11.361  11.414  11.481  11.491  11.506  11.533  11.548  11.569 
   11.594  11.597  11.654  11.677  11.699  11.739  11.807  11.808 
   11.820  11.820  12.053  12.097  12.129  12.188  12.389  12.520 
   12.576  12.632  12.634  12.661  12.680  12.680  12.739  12.750 
   12.759  12.763  12.767  12.778  12.784  12.800  12.813  12.826 
   12.841  12.856  12.879  12.912  12.918  12.944  12.952  12.975 
   12.983  12.994  12.999  13.016  13.048  13.063  13.078  13.079 
   13.096  13.151  13.161  13.184  13.260  13.264  13.288  13.326 
   13.387  13.399  13.465  13.475  13.493  13.537  13.539  13.551 
   13.576  13.584  13.586  13.597  13.621  13.649  13.685  13.721 
   13.733  13.753  13.831  13.835  13.919  13.993  14.012  14.033 
   14.095  14.101  14.103  14.115  14.125  14.148  14.150  14.176 
   14.179  14.215  14.218  14.258  14.265  14.282  14.299  14.312 
   14.323  14.344  14.359  14.372  14.399  14.401  14.430  14.435 
   14.436  14.446  14.452  14.458  14.482  14.491  14.504  14.551 
   14.569  14.576  14.594  14.618  14.654  14.673  14.676  14.711 
   14.752  14.764  14.815  14.832  14.842  14.845  14.891  14.937 
   14.946  14.960  14.986  15.012  15.034  15.052  15.053  15.142 
   15.176  15.183  15.293  15.349  15.387  15.414  15.435  15.468 
   15.572  15.611  15.639  15.665  15.751  15.766  15.791  15.841 
   15.860  15.873  15.929  15.931  15.966  16.021  16.037  16.109 
   16.118  16.199  16.202  16.247  16.340  16.367  16.491  16.583 
   16.594  16.618  16.752  16.944  16.949  16.954  16.996  17.063 
   17.306  17.475  17.491  17.533  17.601  17.681  17.682  17.753 
   17.867  17.924  17.997  18.008  18.051  18.069  18.375  18.395 
   18.419  18.490  18.506  18.527  18.572  18.584  18.593  18.628 
   18.633  18.668  18.684  18.786  18.902  18.929  18.972  18.995 
   19.021  19.036  19.063  19.074  19.165  19.174  19.182  19.275 
   19.374  19.431  19.478  19.500  19.522  19.535  19.595  19.625 
   19.676  19.762  19.809  19.856  19.889  19.931  20.054  20.186 
   20.321  20.570  20.687  20.899  20.915  20.948  20.965  20.969 
   20.972  21.026  21.096  21.172  21.442  21.887  21.947  22.078 
   22.427  22.545  23.017  23.093  23.467  23.669  23.847  24.022 
   30.341  30.445  38.483  38.513  38.946  39.398  39.958  40.414 
   41.771  42.835  42.926  61.149  61.232  61.386  61.440  61.698 
   61.763  61.976  62.169  62.309  62.458  71.809  71.838  71.902 
   71.919  72.026  72.060  72.081  72.171  72.179  72.458  72.459 
   72.555  72.677  72.731  82.796  82.870 107.652 107.666 108.053 
  108.682 109.152 109.342 181.273 181.330 181.421 181.460 181.654 
  181.717 181.875 181.995 182.071 182.184 220.439 220.527 245.716 
  245.716 245.719 245.721 245.721 245.723 245.724 245.724 245.725 
  245.767 245.769 245.771 245.771 245.774 245.776 245.779 245.787 
  245.788 291.480 291.492 291.496 291.500 291.551 291.575 291.579 
  291.587 291.594 291.709 291.737 291.743 291.813 291.839 298.772 
  298.798 299.126 299.654 300.074 300.233 556.569 556.608 556.651 
  556.678 556.817 556.880 556.987 557.065 557.103 557.182 583.917 
  583.994 837.417 837.449 837.721 838.156 838.516 838.649 2073.415 
  2073.896 


  >>> Running RHF-MP2 <<<


RMP2-TIMING
  rmp2                  :::     1909.428 (100.00%)
  Total                 :::     1909.428 (100.00%)

MP2 correlation energy (RHF) : -1.2915362918
MP2 total energy       (RHF) : -268.2526736499


  >>> Running UHF <<<

init D/C      : input mo_coeff
init ov       : zeros
no            : 19 20
nv            : 874 873
ov_size       : 34066
max_cycle     : 1000
conv          : 6
econv         : 9
method        : diis
mom_start     : 0
guess mix     : 0.000000
orb_swap      : [[[0, 19]], []]
init E        : -246.360474861469
init S2       : 0.750000000000089
init |[F,P]|  : 1.09e-02
init |dE|     : 3.36e-02
check file    : None

iter      total energy   |[F,P]|      |dE|         ∆E   S^2   comment
   1    -246.835850395  6.29e-03  1.89e-02  -4.75e-01  0.75  DIIS mom: 18.7/19 19.6/20
   2    -247.170462718  7.73e-04  2.24e-03  -3.35e-01  0.76  DIIS mom: 18.9/19 19.9/20
   3    -247.175862095  3.92e-04  1.13e-03  -5.40e-03  0.76  DIIS mom: 19.0/19 20.0/20
   4    -247.177708867  9.12e-05  2.58e-04  -1.85e-03  0.76  DIIS mom: 19.0/19 20.0/20
   5    -247.177992761  4.40e-05  1.21e-04  -2.84e-04  0.77  DIIS mom: 19.0/19 20.0/20
   6    -247.178075084  1.69e-05  4.42e-05  -8.23e-05  0.77  DIIS mom: 19.0/19 20.0/20
   7    -247.178089993  8.07e-06  2.01e-05  -1.49e-05  0.77  DIIS mom: 19.0/19 20.0/20
   8    -247.178094662  6.70e-06  1.64e-05  -4.67e-06  0.77  DIIS mom: 19.0/19 20.0/20
   9    -247.178099990  5.93e-06  1.45e-05  -5.33e-06  0.77  DIIS mom: 19.0/19 20.0/20
  10    -247.178108609  4.71e-06  1.16e-05  -8.62e-06  0.77  DIIS mom: 19.0/19 20.0/20
  11    -247.178119461  2.44e-06  6.08e-06  -1.09e-05  0.77  DIIS mom: 19.0/19 20.0/20
  12    -247.178121855  8.62e-07  2.12e-06  -2.39e-06  0.77  DIIS mom: 19.0/19 20.0/20
  13    -247.178121998  2.98e-07  7.28e-07  -1.43e-07  0.77  DIIS mom: 19.0/19 20.0/20
  14    -247.178122006  1.02e-07  2.39e-07  -7.37e-09  0.77  DIIS mom: 19.0/19 20.0/20
  15    -247.178122006  3.94e-08  8.64e-08  -3.75e-10  0.77  DIIS mom: 19.0/19 20.0/20
                                                                      diis is converged!

SCF converged : True
final |[F,P]| : 3.94e-08
final |dE|    : 8.64e-08
final Escf    : -429.47178060271
final Etot    : -247.178122005916
final S2      : 0.774393295726256

  diis prep             :::        0.854 (  0.02%)
  diis extrap           :::        0.701 (  0.02%)
  roothaan              :::        3.598 (  0.09%)
  fock build            :::     3828.359 ( 99.87%)
  Total                 :::     3833.513 (100.00%)

Alpha occupied
  -20.815 -11.660 -11.558 -11.441  -1.860  -1.644  -1.331  -1.202 
   -1.146  -1.083  -1.030  -0.943  -0.852  -0.824  -0.822  -0.804 
   -0.779  -0.739  -0.714 

Alpha virtual
  -18.954  -0.078  -0.075  -0.052  -0.026  -0.025  -0.013   0.007 
    0.010   0.030   0.039   0.053   0.061   0.066   0.098   0.113 
    0.119   0.128   0.179   0.200   0.205   0.216   0.226   0.226 
    0.245   0.255   0.259   0.263   0.270   0.284   0.285   0.316 
    0.335   0.358   0.373   0.379   0.395   0.402   0.420   0.427 
    0.446   0.458   0.475   0.495   0.499   0.510   0.519   0.547 
    0.574   0.601   0.604   0.613   0.637   0.645   0.671   0.674 
    0.679   0.715   0.716   0.721   0.735   0.745   0.750   0.761 
    0.782   0.787   0.817   0.828   0.829   0.861   0.867   0.888 
    0.902   0.909   0.918   0.924   0.963   0.999   1.002   1.011 
    1.032   1.041   1.057   1.107   1.110   1.115   1.136   1.151 
    1.160   1.207   1.211   1.227   1.240   1.271   1.287   1.305 
    1.307   1.327   1.342   1.355   1.368   1.406   1.427   1.433 
    1.447   1.449   1.471   1.496   1.498   1.532   1.547   1.548 
    1.584   1.615   1.622   1.625   1.628   1.657   1.672   1.693 
    1.697   1.704   1.727   1.732   1.751   1.773   1.782   1.804 
    1.821   1.822   1.839   1.866   1.876   1.881   1.897   1.920 
    1.928   1.933   1.955   1.958   1.993   2.004   2.022   2.026 
    2.050   2.051   2.057   2.068   2.095   2.126   2.127   2.166 
    2.195   2.214   2.221   2.242   2.249   2.265   2.297   2.300 
    2.315   2.317   2.327   2.393   2.400   2.406   2.434   2.491 
    2.516   2.521   2.530   2.548   2.558   2.579   2.599   2.614 
    2.638   2.641   2.680   2.718   2.734   2.762   2.785   2.821 
    2.853   2.862   2.865   2.914   2.923   2.978   2.995   2.999 
    3.010   3.032   3.050   3.051   3.056   3.069   3.099   3.150 
    3.156   3.174   3.184   3.225   3.229   3.239   3.284   3.291 
    3.337   3.342   3.382   3.397   3.425   3.461   3.480   3.484 
    3.514   3.516   3.526   3.552   3.567   3.589   3.651   3.659 
    3.679   3.687   3.713   3.773   3.774   3.795   3.807   3.811 
    3.850   3.863   3.880   3.888   3.910   3.938   3.940   3.945 
    3.980   3.983   4.000   4.022   4.037   4.047   4.055   4.077 
    4.088   4.095   4.124   4.140   4.144   4.176   4.186   4.192 
    4.200   4.243   4.266   4.271   4.316   4.341   4.363   4.383 
    4.407   4.457   4.471   4.490   4.492   4.504   4.521   4.547 
    4.549   4.561   4.575   4.579   4.590   4.613   4.614   4.618 
    4.629   4.659   4.686   4.691   4.704   4.776   4.786   4.812 
    4.817   4.829   4.865   4.878   4.883   4.923   4.952   4.962 
    4.964   5.007   5.054   5.060   5.081   5.106   5.114   5.118 
    5.147   5.174   5.189   5.200   5.224   5.249   5.269   5.282 
    5.323   5.331   5.337   5.353   5.359   5.381   5.413   5.437 
    5.445   5.463   5.477   5.498   5.516   5.518   5.561   5.577 
    5.600   5.606   5.624   5.632   5.655   5.663   5.748   5.753 
    5.783   5.805   5.845   5.864   5.889   5.901   5.922   5.984 
    5.996   6.032   6.066   6.082   6.123   6.143   6.191   6.201 
    6.225   6.231   6.303   6.363   6.383   6.416   6.447   6.482 
    6.523   6.542   6.546   6.550   6.595   6.676   6.693   6.709 
    6.797   6.839   6.888   6.891   6.899   6.931   6.944   6.952 
    6.981   7.024   7.042   7.093   7.110   7.132   7.169   7.183 
    7.185   7.200   7.266   7.285   7.320   7.344   7.359   7.372 
    7.380   7.412   7.452   7.470   7.500   7.528   7.537   7.555 
    7.602   7.620   7.643   7.648   7.719   7.734   7.764   7.811 
    7.885   7.886   7.933   7.999   8.023   8.031   8.032   8.048 
    8.096   8.149   8.205   8.268   8.356   8.372   8.406   8.447 
    8.585   8.590   8.633   8.693   8.785   8.823   8.840   8.909 
    8.926   9.128   9.166   9.222   9.226   9.246   9.282   9.307 
    9.316   9.346   9.355   9.393   9.396   9.416   9.438   9.487 
    9.499   9.574   9.589   9.593   9.624   9.653   9.695   9.706 
    9.713   9.781   9.879   9.903   9.947   9.988  10.019  10.043 
   10.064  10.109  10.111  10.149  10.170  10.186  10.226  10.232 
   10.262  10.263  10.275  10.287  10.295  10.344  10.348  10.383 
   10.471  10.478  10.487  10.552  10.568  10.604  10.628  10.660 
   10.695  10.742  10.767  10.780  10.826  10.940  10.965  11.000 
   11.033  11.082  11.164  11.216  11.228  11.247  11.321  11.323 
   11.332  11.371  11.377  11.379  11.408  11.440  11.500  11.543 
   11.548  11.558  11.622  11.782  11.785  11.874  11.898  12.107 
   12.256  12.316  12.375  12.431  12.441  12.467  12.470  12.505 
   12.508  12.512  12.521  12.548  12.554  12.557  12.559  12.582 
   12.586  12.640  12.645  12.654  12.685  12.695  12.710  12.714 
   12.742  12.748  12.773  12.775  12.796  12.811  12.827  12.839 
   12.862  12.883  12.896  12.936  12.939  12.989  13.033  13.067 
   13.103  13.139  13.158  13.219  13.246  13.261  13.294  13.298 
   13.310  13.336  13.345  13.364  13.379  13.396  13.439  13.451 
   13.492  13.512  13.514  13.529  13.570  13.625  13.640  13.787 
   13.801  13.853  13.873  13.886  13.899  13.905  13.909  13.914 
   13.929  13.955  13.986  14.002  14.017  14.018  14.039  14.041 
   14.055  14.058  14.091  14.121  14.127  14.152  14.171  14.173 
   14.189  14.192  14.207  14.219  14.225  14.240  14.252  14.293 
   14.305  14.306  14.355  14.390  14.399  14.420  14.449  14.465 
   14.470  14.504  14.534  14.564  14.587  14.591  14.615  14.647 
   14.714  14.723  14.735  14.757  14.781  14.794  14.808  14.838 
   14.859  14.907  14.919  15.033  15.094  15.118  15.134  15.190 
   15.212  15.280  15.343  15.417  15.425  15.459  15.512  15.525 
   15.588  15.599  15.622  15.679  15.684  15.694  15.718  15.806 
   15.867  15.872  15.970  15.986  16.016  16.046  16.102  16.265 
   16.277  16.337  16.366  16.444  16.638  16.693  16.751  16.752 
   16.835  17.008  17.155  17.245  17.338  17.354  17.427  17.487 
   17.559  17.617  17.730  17.752  17.801  17.814  17.876  18.133 
   18.158  18.179  18.265  18.288  18.314  18.322  18.342  18.346 
   18.373  18.401  18.434  18.458  18.567  18.599  18.615  18.657 
   18.675  18.767  18.788  18.851  18.866  18.894  18.906  18.984 
   18.997  19.011  19.091  19.097  19.125  19.170  19.226  19.274 
   19.311  19.312  19.482  19.494  19.521  19.587  19.609  19.653 
   19.710  19.912  20.118  20.318  20.519  20.582  20.656  20.706 
   20.709  20.748  20.781  20.818  20.861  21.177  21.610  21.677 
   21.756  21.798  21.899  22.351  22.827  23.076  23.205  23.348 
   23.517  29.520  30.090  37.331  38.214  38.380  38.668  39.040 
   39.915  41.363  42.533  42.722  60.023  60.076  60.355  60.878 
   60.925  60.959  61.113  61.471  61.718  61.902  70.603  70.620 
   70.778  70.869  70.882  71.165  71.279  71.540  71.566  71.758 
   71.789  72.185  72.393  72.438  81.186  82.525 105.645 106.670 
  107.307 107.386 107.788 108.905 179.002 179.040 179.241 179.642 
  179.761 181.001 181.063 181.437 181.610 181.725 217.825 220.168 
  243.458 243.459 243.461 243.462 243.463 243.466 243.467 243.469 
  243.469 245.492 245.493 245.497 245.498 245.500 245.504 245.506 
  245.516 245.517 288.705 288.711 288.770 288.798 288.807 288.926 
  288.963 291.215 291.225 291.302 291.313 291.464 291.538 291.563 
  295.701 296.579 297.135 298.524 298.859 299.829 552.985 553.010 
  553.154 553.430 553.514 556.299 556.341 556.606 556.721 556.796 
  580.212 583.647 833.276 834.012 834.483 837.178 837.453 838.269 
  2069.140 2073.147 

Beta occupied
  -23.854 -20.811 -11.661 -11.557 -11.440  -1.970  -1.643  -1.364 
   -1.210  -1.206  -1.161  -1.068  -0.943  -0.854  -0.824  -0.824 
   -0.813  -0.783  -0.728  -0.713 

Beta virtual
   -0.079  -0.077  -0.058  -0.027  -0.026  -0.015   0.006   0.009 
    0.030   0.039   0.051   0.060   0.065   0.097   0.104   0.110 
    0.122   0.175   0.194   0.205   0.213   0.226   0.227   0.245 
    0.255   0.255   0.261   0.271   0.280   0.285   0.316   0.336 
    0.357   0.370   0.379   0.395   0.403   0.420   0.426   0.446 
    0.458   0.475   0.495   0.496   0.510   0.518   0.549   0.572 
    0.601   0.603   0.612   0.637   0.643   0.671   0.675   0.678 
    0.712   0.716   0.719   0.733   0.744   0.750   0.760   0.782 
    0.788   0.817   0.827   0.829   0.862   0.867   0.889   0.903 
    0.910   0.920   0.924   0.965   0.999   1.003   1.010   1.034 
    1.041   1.058   1.105   1.109   1.115   1.137   1.152   1.159 
    1.207   1.211   1.229   1.241   1.270   1.287   1.304   1.307 
    1.325   1.341   1.354   1.368   1.400   1.426   1.433   1.443 
    1.450   1.471   1.496   1.498   1.532   1.545   1.547   1.583 
    1.616   1.620   1.624   1.628   1.657   1.672   1.689   1.694 
    1.703   1.728   1.731   1.744   1.770   1.783   1.794   1.820 
    1.822   1.839   1.864   1.876   1.880   1.898   1.918   1.929 
    1.932   1.954   1.957   1.992   2.002   2.017   2.026   2.050 
    2.052   2.054   2.068   2.093   2.126   2.127   2.165   2.195 
    2.212   2.220   2.243   2.249   2.265   2.297   2.299   2.314 
    2.316   2.327   2.391   2.400   2.406   2.432   2.491   2.514 
    2.521   2.529   2.548   2.557   2.579   2.599   2.614   2.637 
    2.638   2.680   2.718   2.733   2.763   2.786   2.821   2.852 
    2.860   2.863   2.913   2.922   2.974   2.990   3.000   3.010 
    3.032   3.050   3.051   3.057   3.067   3.098   3.150   3.157 
    3.172   3.185   3.220   3.228   3.239   3.283   3.291   3.337 
    3.341   3.382   3.397   3.426   3.459   3.481   3.484   3.515 
    3.516   3.527   3.550   3.566   3.589   3.649   3.657   3.678 
    3.687   3.713   3.771   3.772   3.787   3.800   3.807   3.848 
    3.863   3.879   3.888   3.910   3.936   3.938   3.941   3.979 
    3.983   3.997   4.022   4.037   4.044   4.050   4.071   4.084 
    4.093   4.124   4.137   4.143   4.175   4.177   4.185   4.198 
    4.241   4.260   4.265   4.312   4.336   4.362   4.378   4.406 
    4.455   4.468   4.489   4.490   4.505   4.519   4.547   4.550 
    4.559   4.574   4.579   4.589   4.611   4.612   4.617   4.629 
    4.659   4.686   4.690   4.704   4.769   4.783   4.811   4.815 
    4.829   4.864   4.877   4.880   4.923   4.950   4.952   4.961 
    5.007   5.051   5.059   5.079   5.104   5.110   5.116   5.146 
    5.171   5.187   5.199   5.222   5.247   5.269   5.282   5.322 
    5.331   5.337   5.353   5.357   5.381   5.411   5.436   5.444 
    5.462   5.475   5.493   5.515   5.516   5.559   5.575   5.596 
    5.606   5.623   5.631   5.654   5.661   5.749   5.753   5.782 
    5.803   5.843   5.864   5.889   5.902   5.922   5.984   5.995 
    6.031   6.066   6.081   6.122   6.143   6.191   6.201   6.226 
    6.228   6.299   6.363   6.380   6.415   6.446   6.479   6.521 
    6.540   6.546   6.550   6.590   6.669   6.684   6.708   6.794 
    6.839   6.887   6.890   6.899   6.931   6.943   6.952   6.981 
    7.024   7.041   7.095   7.110   7.131   7.169   7.184   7.184 
    7.200   7.266   7.284   7.319   7.343   7.359   7.370   7.380 
    7.412   7.450   7.469   7.500   7.526   7.537   7.555   7.602 
    7.620   7.644   7.645   7.717   7.734   7.762   7.810   7.882 
    7.884   7.930   7.998   8.021   8.029   8.032   8.043   8.096 
    8.143   8.201   8.263   8.357   8.371   8.405   8.442   8.574 
    8.579   8.626   8.688   8.774   8.817   8.832   8.903   8.925 
    9.115   9.164   9.221   9.224   9.247   9.280   9.304   9.315 
    9.346   9.355   9.386   9.396   9.417   9.437   9.483   9.500 
    9.573   9.588   9.593   9.624   9.651   9.685   9.704   9.713 
    9.780   9.877   9.901   9.947   9.988  10.013  10.043  10.060 
   10.093  10.110  10.149  10.170  10.186  10.219  10.231  10.262 
   10.262  10.273  10.275  10.295  10.343  10.346  10.383  10.464 
   10.478  10.481  10.549  10.567  10.585  10.628  10.660  10.690 
   10.737  10.759  10.780  10.825  10.934  10.957  10.998  11.034 
   11.076  11.163  11.212  11.227  11.247  11.321  11.322  11.331 
   11.368  11.374  11.378  11.396  11.439  11.498  11.540  11.548 
   11.558  11.622  11.771  11.783  11.869  11.890  12.093  12.256 
   12.317  12.375  12.431  12.441  12.466  12.470  12.503  12.507 
   12.507  12.522  12.538  12.554  12.557  12.557  12.581  12.586 
   12.638  12.645  12.652  12.684  12.695  12.706  12.714  12.738 
   12.746  12.772  12.773  12.795  12.810  12.824  12.839  12.862 
   12.877  12.896  12.934  12.940  12.982  13.033  13.066  13.103 
   13.136  13.157  13.214  13.244  13.250  13.288  13.291  13.307 
   13.332  13.342  13.363  13.376  13.377  13.396  13.438  13.490 
   13.493  13.510  13.523  13.564  13.610  13.640  13.787  13.801 
   13.853  13.873  13.885  13.898  13.905  13.909  13.913  13.929 
   13.956  13.985  14.003  14.017  14.017  14.037  14.042  14.056 
   14.057  14.091  14.120  14.127  14.150  14.167  14.172  14.188 
   14.190  14.207  14.219  14.224  14.240  14.251  14.293  14.303 
   14.305  14.355  14.390  14.396  14.419  14.448  14.463  14.465 
   14.503  14.530  14.564  14.585  14.588  14.615  14.645  14.714 
   14.723  14.731  14.757  14.781  14.793  14.807  14.837  14.840 
   14.906  14.916  15.030  15.080  15.118  15.133  15.189  15.209 
   15.275  15.340  15.397  15.424  15.456  15.499  15.521  15.587 
   15.599  15.620  15.672  15.679  15.685  15.717  15.804  15.867 
   15.870  15.962  15.986  16.008  16.044  16.101  16.249  16.277 
   16.337  16.367  16.429  16.625  16.693  16.750  16.752  16.833 
   17.005  17.147  17.245  17.338  17.354  17.426  17.487  17.559 
   17.617  17.730  17.752  17.801  17.814  17.876  18.132  18.158 
   18.178  18.265  18.288  18.313  18.322  18.343  18.348  18.375 
   18.401  18.434  18.458  18.567  18.589  18.604  18.657  18.676 
   18.767  18.787  18.849  18.866  18.894  18.906  18.983  18.986 
   19.012  19.083  19.083  19.115  19.160  19.223  19.271  19.305 
   19.312  19.470  19.494  19.520  19.576  19.601  19.653  19.689 
   19.893  20.091  20.308  20.498  20.559  20.658  20.701  20.709 
   20.748  20.781  20.817  20.858  21.177  21.607  21.673  21.705 
   21.790  21.855  22.296  22.830  23.019  23.206  23.294  23.514 
   29.144  30.091  36.978  38.063  38.217  38.629  38.784  39.883 
   41.333  42.527  42.722  59.860  59.912  60.193  60.770  60.880 
   60.904  61.000  61.473  61.718  61.903  70.519  70.536  70.693 
   70.784  70.797  71.081  71.195  71.542  71.568  71.759  71.791 
   72.186  72.394  72.439  80.670  82.526 105.182 106.212 106.854 
  107.388 107.788 108.905 178.716 178.754 178.956 179.358 179.477 
  181.001 181.063 181.438 181.610 181.725 217.328 220.168 243.342 
  243.343 243.345 243.346 243.347 243.350 243.351 243.353 243.353 
  245.493 245.494 245.497 245.499 245.501 245.504 245.507 245.516 
  245.517 288.493 288.498 288.558 288.585 288.595 288.714 288.750 
  291.216 291.226 291.302 291.313 291.465 291.539 291.563 295.264 
  296.144 296.700 298.524 298.859 299.829 552.679 552.704 552.847 
  553.124 553.207 556.299 556.341 556.606 556.721 556.796 579.813 
  583.647 832.941 833.678 834.149 837.178 837.453 838.269 2068.894 
  2073.147 


  >>> Running UHF-MP2 <<<

MP2 correlation energy (UHF) : -1.2431420520
MP2 total energy       (UHF) : -248.4212640579

