	*********************************************** 
	***** Beginning CEBE Calculation with MOM ***** 
	*****       Calculation Details:          ***** 
	      Geometry:	 /home/am3939/core/calculations/mols/exp/n/pyridine.xyz
	      Core Basis:	 pcX-4
	      Full Basis:	 pc-4
	      DIIS (start, space):	 0 50
	      Level shift:	 0
	      Do localization?:	 False
	      Do SFX2C1E?:	 True
	      Freeze orbitals?:	 True
	      Use Cheng orbitals?:	 False
	      Do Special Basis?:	 True
	      Do Special Basis?:	 pcX-4
	*********************************************** 
	*********************************************** 

  >>> Running RHF <<<

init D/C      : minao
init ov       : zeros
no            : 21
nv            : 970
ov_size       : 20370
max_cycle     : 1000
conv          : 6
econv         : 9
method        : gdm
scale_stop    : 0
scale_factor  : 1.000000
init E        : -246.722300014766
init |[F,P]|  : 3.44e-03
init |dE|     : 6.57e-03
check file    : None

iter      total energy   |[F,P]|      |dE|         ∆E   comment
   1    -246.788465411  1.28e-03  2.53e-03  -6.62e-02  BFGS
   2    -246.796350883  4.98e-04  9.78e-04  -7.89e-03  BFGS
   3    -246.797306225  1.17e-04  2.36e-04  -9.55e-04  BFGS
   4    -246.797372013  4.57e-05  8.76e-05  -6.58e-05  BFGS
   5    -246.797383463  1.13e-05  2.20e-05  -1.15e-05  BFGS
   6    -246.797385172  4.86e-06  9.06e-06  -1.71e-06  BFGS
   7    -246.797385461  2.37e-06  4.45e-06  -2.89e-07  BFGS
   8    -246.797385525  9.85e-07  1.78e-06  -6.40e-08  BFGS
   9    -246.797385540  3.86e-07  7.18e-07  -1.50e-08  BFGS
  10    -246.797385541  1.17e-07  2.32e-07  -1.47e-09  BFGS
  11    -246.797385541  3.76e-08  7.42e-08  -1.35e-10  BFGS
                                                                      gdm is converged!

SCF converged : True
final |[F,P]| : 3.76e-08
final |dE|    : 7.42e-08
final Escf    : -453.899909280851
final Etot    : -246.797385541207

  pxp & ewc             :::        1.903 (  0.05%)
  apply B               :::        0.005 (  0.00%)
  linsrch               :::     3680.353 ( 99.95%)
  grad                  :::        0.083 (  0.00%)
  Total                 :::     3682.344 (100.00%)

Alpha occupied
  -15.562 -11.272 -11.272 -11.257 -11.239 -11.239  -1.261  -1.092 
   -1.036  -0.860  -0.858  -0.725  -0.664  -0.656  -0.600  -0.578 
   -0.544  -0.522  -0.418  -0.386  -0.349 

Alpha virtual
    0.049   0.060   0.064   0.081   0.084   0.085   0.095   0.104 
    0.117   0.117   0.120   0.121   0.122   0.136   0.145   0.157 
    0.164   0.171   0.177   0.182   0.197   0.221   0.222   0.229 
    0.239   0.244   0.244   0.248   0.255   0.269   0.285   0.297 
    0.298   0.317   0.322   0.323   0.338   0.342   0.364   0.364 
    0.369   0.376   0.383   0.385   0.396   0.406   0.439   0.449 
    0.454   0.460   0.466   0.471   0.483   0.483   0.494   0.496 
    0.503   0.507   0.513   0.519   0.525   0.533   0.545   0.551 
    0.563   0.565   0.568   0.574   0.579   0.581   0.591   0.601 
    0.612   0.620   0.621   0.632   0.649   0.660   0.672   0.681 
    0.687   0.708   0.718   0.721   0.723   0.738   0.751   0.754 
    0.760   0.761   0.777   0.780   0.786   0.792   0.795   0.798 
    0.811   0.811   0.855   0.861   0.868   0.871   0.887   0.906 
    0.913   0.916   0.926   0.935   0.959   0.964   0.973   0.986 
    0.994   0.998   1.009   1.044   1.047   1.059   1.084   1.091 
    1.111   1.118   1.121   1.124   1.165   1.168   1.170   1.191 
    1.211   1.229   1.229   1.236   1.244   1.283   1.286   1.293 
    1.297   1.305   1.310   1.331   1.339   1.348   1.349   1.357 
    1.364   1.413   1.415   1.424   1.427   1.436   1.446   1.467 
    1.468   1.470   1.479   1.493   1.494   1.495   1.502   1.519 
    1.523   1.562   1.569   1.570   1.583   1.585   1.588   1.598 
    1.624   1.624   1.630   1.631   1.635   1.659   1.676   1.726 
    1.731   1.754   1.760   1.780   1.793   1.813   1.824   1.827 
    1.828   1.833   1.841   1.879   1.886   1.902   1.921   1.938 
    1.950   1.984   1.988   2.018   2.022   2.022   2.080   2.080 
    2.088   2.105   2.131   2.137   2.158   2.182   2.185   2.185 
    2.203   2.221   2.241   2.250   2.269   2.281   2.281   2.299 
    2.309   2.314   2.326   2.336   2.402   2.407   2.410   2.414 
    2.421   2.432   2.468   2.475   2.519   2.537   2.550   2.567 
    2.571   2.576   2.584   2.600   2.602   2.623   2.625   2.635 
    2.655   2.660   2.676   2.677   2.697   2.701   2.702   2.742 
    2.747   2.754   2.788   2.796   2.804   2.828   2.836   2.840 
    2.840   2.889   2.922   2.924   2.927   2.933   2.998   3.008 
    3.089   3.114   3.117   3.135   3.137   3.155   3.161   3.162 
    3.165   3.237   3.251   3.262   3.266   3.303   3.332   3.336 
    3.339   3.390   3.407   3.496   3.511   3.528   3.531   3.544 
    3.554   3.563   3.566   3.584   3.603   3.635   3.682   3.687 
    3.688   3.695   3.697   3.707   3.739   3.747   3.772   3.781 
    3.790   3.793   3.827   3.857   3.872   3.881   3.912   3.913 
    3.914   3.934   3.940   3.958   4.000   4.011   4.013   4.054 
    4.095   4.139   4.140   4.143   4.170   4.174   4.185   4.216 
    4.233   4.245   4.288   4.303   4.304   4.337   4.357   4.386 
    4.396   4.414   4.428   4.439   4.454   4.473   4.480   4.493 
    4.512   4.527   4.530   4.536   4.548   4.564   4.578   4.602 
    4.603   4.637   4.638   4.655   4.666   4.688   4.715   4.723 
    4.724   4.738   4.760   4.788   4.806   4.836   4.849   4.851 
    4.858   4.869   4.872   4.907   4.910   4.951   4.958   4.960 
    5.001   5.007   5.013   5.036   5.037   5.041   5.053   5.067 
    5.070   5.091   5.092   5.114   5.141   5.145   5.149   5.176 
    5.195   5.201   5.203   5.215   5.216   5.233   5.244   5.251 
    5.276   5.276   5.303   5.322   5.332   5.341   5.353   5.430 
    5.434   5.435   5.486   5.489   5.551   5.558   5.591   5.599 
    5.631   5.661   5.662   5.676   5.707   5.711   5.726   5.736 
    5.753   5.772   5.774   5.804   5.812   5.857   5.893   5.921 
    5.940   5.941   5.954   5.965   5.979   5.994   6.056   6.060 
    6.114   6.146   6.184   6.193   6.216   6.236   6.238   6.352 
    6.361   6.373   6.435   6.437   6.464   6.492   6.524   6.531 
    6.583   6.611   6.617   6.626   6.682   6.707   6.707   6.728 
    6.750   6.760   6.773   6.776   6.801   6.809   6.945   6.968 
    6.972   6.973   6.983   7.027   7.039   7.056   7.078   7.138 
    7.169   7.173   7.176   7.201   7.259   7.285   7.311   7.322 
    7.332   7.351   7.391   7.414   7.424   7.436   7.486   7.561 
    7.591   7.623   7.638   7.642   7.735   7.823   7.852   7.894 
    7.976   8.008   8.023   8.051   8.094   8.111   8.181   8.185 
    8.261   8.302   8.403   8.428   8.442   8.483   8.503   8.521 
    8.598   8.611   8.665   8.685   8.785   8.824   8.882   8.975 
    9.016   9.069   9.089   9.154   9.241   9.271   9.272   9.317 
    9.363   9.387   9.402   9.411   9.462   9.472   9.508   9.522 
    9.530   9.541   9.561   9.602   9.627   9.662   9.682   9.729 
    9.791   9.863   9.902   9.915  10.010  10.014  10.033  10.057 
   10.083  10.113  10.211  10.283  10.425  10.433  10.501  10.577 
   10.620  10.652  10.685  10.699  10.720  10.756  10.790  10.885 
   10.888  10.901  10.916  10.967  11.001  11.030  11.031  11.101 
   11.142  11.218  11.222  11.232  11.274  11.331  11.356  11.386 
   11.395  11.418  11.436  11.443  11.482  11.493  11.506  11.507 
   11.515  11.529  11.548  11.565  11.603  11.607  11.618  11.637 
   11.657  11.659  11.660  11.676  11.727  11.740  11.745  11.784 
   11.800  11.846  11.914  11.992  12.005  12.039  12.066  12.079 
   12.088  12.113  12.133  12.153  12.171  12.178  12.189  12.191 
   12.205  12.211  12.227  12.232  12.247  12.255  12.270  12.272 
   12.281  12.308  12.312  12.329  12.340  12.350  12.384  12.404 
   12.409  12.448  12.456  12.463  12.469  12.501  12.518  12.557 
   12.561  12.576  12.601  12.682  12.707  12.724  12.727  12.730 
   12.802  12.815  12.828  12.850  12.860  12.881  12.887  12.911 
   12.917  12.926  12.943  12.998  13.002  13.007  13.025  13.060 
   13.079  13.093  13.123  13.140  13.160  13.183  13.202  13.234 
   13.248  13.291  13.326  13.330  13.348  13.349  13.369  13.388 
   13.430  13.431  13.440  13.450  13.469  13.495  13.523  13.579 
   13.608  13.616  13.624  13.671  13.680  13.712  13.712  13.715 
   13.727  13.764  13.781  13.789  13.819  13.839  13.860  13.893 
   13.926  13.941  13.955  13.958  13.963  13.993  14.009  14.102 
   14.128  14.188  14.193  14.226  14.257  14.266  14.302  14.313 
   14.322  14.323  14.345  14.388  14.402  14.453  14.538  14.607 
   14.643  14.680  14.748  14.772  14.791  14.888  14.905  14.920 
   14.945  14.986  15.146  15.268  15.272  15.300  15.367  15.417 
   15.420  15.427  15.488  15.507  15.529  15.597  15.621  15.660 
   15.700  15.731  15.768  15.889  15.951  15.971  15.999  16.026 
   16.090  16.098  16.135  16.160  16.169  16.182  16.197  16.266 
   16.370  16.383  16.436  16.564  16.613  16.666  16.737  16.755 
   16.819  16.940  16.950  17.029  17.066  17.184  17.217  17.228 
   17.230  17.232  17.237  17.257  17.261  17.263  17.281  17.342 
   17.398  17.495  17.512  17.586  17.637  17.668  17.678  17.691 
   17.735  17.773  17.801  17.845  17.859  17.947  18.006  18.047 
   18.262  18.371  18.377  18.467  18.842  18.867  18.973  19.023 
   19.064  19.080  19.103  19.153  19.216  19.246  19.257  19.301 
   19.351  19.499  19.506  19.513  19.667  19.677  19.929  20.044 
   20.121  20.345  20.671  20.699  20.778  20.782  20.885  20.889 
   20.943  20.950  20.997  21.036  21.080  21.276  21.507  21.550 
   21.599  21.697  21.813  21.854  21.953  22.733  22.837  22.896 
   23.011  23.105  23.463  23.884  23.968  24.043  24.076  24.210 
   24.271  24.324  24.381  24.607  24.728  24.842  24.951  26.096 
   26.263  26.362  26.579  26.691  32.941  33.074  33.139  33.149 
   33.336  33.376  33.438  33.448  33.495  33.601  33.616  33.639 
   33.803  33.824  34.771  34.825  34.891  34.963  35.084  35.337 
   35.378  35.508  35.567  35.704  35.709  41.617  42.052  42.064 
   42.134  42.278  44.715  49.120  49.315  49.340  50.177  50.255 
   52.540  53.502  54.161  76.933  77.881  78.552  79.546  80.355 
   91.758  91.809  91.830  91.920  91.993  92.039  92.178  92.263 
   92.343  92.407  93.170  93.299  93.374  93.528  93.587 100.322 
  140.321 141.056 141.446 227.998 429.702 430.290 430.611 529.428 
  1271.137 1691.193 1691.611 1691.843 3195.059 8539.922 24825.196 81391.258 
  322259.808 1830823.722 


  >>> Running RHF-MP2 <<<


RMP2-TIMING
  rmp2                  :::     2105.730 (100.00%)
  Total                 :::     2105.730 (100.00%)

MP2 correlation energy (RHF) : -1.3360924336
MP2 total energy       (RHF) : -248.1334779748


  >>> Running UHF <<<

init D/C      : input mo_coeff
init ov       : zeros
no            : 20 21
nv            : 971 970
ov_size       : 39790
max_cycle     : 1000
conv          : 6
econv         : 9
method        : diis
mom_start     : 0
guess mix     : 0.000000
orb_swap      : [[[0, 20]], []]
init E        : -231.235053033622
init S2       : 0.750000000000149
init |[F,P]|  : 1.05e-02
init |dE|     : 2.60e-02
check file    : None

iter      total energy   |[F,P]|      |dE|         ∆E   S^2   comment
   1    -231.544000076  7.16e-03  1.67e-02  -3.09e-01  0.75  DIIS mom: 19.6/20 20.5/21
   2    -231.945422511  8.10e-04  1.70e-03  -4.01e-01  0.76  DIIS mom: 19.9/20 20.9/21
   3    -231.952328002  3.08e-04  5.90e-04  -6.91e-03  0.76  DIIS mom: 20.0/20 21.0/21
   4    -231.953702838  1.49e-04  3.03e-04  -1.37e-03  0.77  DIIS mom: 20.0/20 21.0/21
   5    -231.954534493  8.56e-05  1.63e-04  -8.32e-04  0.78  DIIS mom: 20.0/20 21.0/21
   6    -231.954884918  5.97e-05  1.04e-04  -3.50e-04  0.79  DIIS mom: 20.0/20 21.0/21
   7    -231.955087616  5.05e-05  8.49e-05  -2.03e-04  0.79  DIIS mom: 20.0/20 21.0/21
   8    -231.955352367  4.22e-05  6.96e-05  -2.65e-04  0.81  DIIS mom: 20.0/20 21.0/21
   9    -231.955744808  2.78e-05  4.59e-05  -3.92e-04  0.84  DIIS mom: 20.0/20 21.0/21
  10    -231.955933368  1.45e-05  2.39e-05  -1.89e-04  0.88  DIIS mom: 20.0/20 21.0/21
  11    -231.955965397  8.79e-06  1.44e-05  -3.20e-05  0.89  DIIS mom: 20.0/20 21.0/21
  12    -231.955972031  5.10e-06  8.13e-06  -6.63e-06  0.90  DIIS mom: 20.0/20 21.0/21
  13    -231.955974521  1.80e-06  3.06e-06  -2.49e-06  0.90  DIIS mom: 20.0/20 21.0/21
  14    -231.955974745  6.46e-07  1.17e-06  -2.24e-07  0.90  DIIS mom: 20.0/20 21.0/21
  15    -231.955974762  2.53e-07  4.87e-07  -1.63e-08  0.90  DIIS mom: 20.0/20 21.0/21
  16    -231.955974764  6.26e-08  1.24e-07  -2.23e-09  0.90  DIIS mom: 20.0/20 21.0/21
  17    -231.955974764  2.39e-08  4.63e-08  -2.38e-10  0.90  DIIS mom: 20.0/20 21.0/21
                                                                      diis is converged!

SCF converged : True
final |[F,P]| : 2.39e-08
final |dE|    : 4.63e-08
final Escf    : -439.05849850364
final Etot    : -231.955974763997
final S2      : 0.901636985141941

  diis prep             :::        0.950 (  0.02%)
  diis extrap           :::        0.855 (  0.01%)
  roothaan              :::        5.767 (  0.09%)
  fock build            :::     6114.073 ( 99.88%)
  Total                 :::     6121.645 (100.00%)

Alpha occupied
  -11.558 -11.558 -11.494 -11.455 -11.455  -1.587  -1.334  -1.293 
   -1.123  -1.104  -0.978  -0.930  -0.875  -0.856  -0.847  -0.836 
   -0.755  -0.725  -0.641  -0.579 

Alpha virtual
  -14.105  -0.168  -0.094  -0.082  -0.062  -0.060  -0.046  -0.037 
   -0.036  -0.029  -0.013  -0.012   0.003   0.003   0.021   0.030 
    0.031   0.038   0.048   0.061   0.066   0.073   0.078   0.088 
    0.090   0.097   0.102   0.105   0.108   0.114   0.121   0.127 
    0.128   0.141   0.148   0.171   0.180   0.185   0.191   0.205 
    0.209   0.210   0.211   0.218   0.229   0.230   0.231   0.272 
    0.278   0.288   0.292   0.298   0.310   0.315   0.318   0.319 
    0.335   0.339   0.341   0.343   0.358   0.358   0.368   0.389 
    0.393   0.393   0.396   0.401   0.405   0.416   0.416   0.425 
    0.434   0.446   0.448   0.451   0.472   0.488   0.502   0.503 
    0.506   0.526   0.532   0.546   0.562   0.563   0.567   0.575 
    0.576   0.579   0.586   0.596   0.604   0.613   0.614   0.617 
    0.620   0.637   0.647   0.679   0.688   0.695   0.699   0.708 
    0.712   0.725   0.729   0.730   0.773   0.773   0.775   0.778 
    0.799   0.803   0.807   0.820   0.842   0.853   0.886   0.893 
    0.904   0.919   0.921   0.923   0.927   0.972   0.977   0.980 
    0.993   1.021   1.037   1.040   1.048   1.051   1.088   1.091 
    1.104   1.113   1.113   1.126   1.147   1.150   1.153   1.154 
    1.160   1.177   1.221   1.227   1.239   1.242   1.244   1.265 
    1.282   1.283   1.290   1.291   1.293   1.301   1.313   1.325 
    1.334   1.340   1.375   1.377   1.381   1.387   1.400   1.403 
    1.417   1.424   1.426   1.439   1.443   1.450   1.472   1.489 
    1.523   1.537   1.545   1.561   1.585   1.587   1.609   1.619 
    1.622   1.625   1.638   1.654   1.671   1.688   1.696   1.710 
    1.723   1.734   1.773   1.774   1.797   1.810   1.811   1.869 
    1.874   1.882   1.894   1.908   1.928   1.940   1.969   1.982 
    1.983   2.002   2.013   2.018   2.037   2.059   2.071   2.076 
    2.084   2.089   2.107   2.118   2.131   2.177   2.186   2.186 
    2.217   2.217   2.221   2.252   2.266   2.303   2.322   2.339 
    2.357   2.361   2.368   2.381   2.384   2.402   2.414   2.418 
    2.425   2.439   2.451   2.459   2.467   2.483   2.483   2.489 
    2.528   2.536   2.539   2.576   2.584   2.597   2.610   2.619 
    2.626   2.632   2.677   2.688   2.702   2.704   2.718   2.785 
    2.795   2.867   2.893   2.898   2.918   2.919   2.934   2.944 
    2.945   2.946   3.014   3.036   3.055   3.057   3.081   3.117 
    3.119   3.120   3.157   3.185   3.239   3.290   3.310   3.317 
    3.331   3.332   3.337   3.361   3.372   3.384   3.415   3.442 
    3.470   3.475   3.492   3.492   3.497   3.518   3.525   3.553 
    3.570   3.572   3.582   3.623   3.637   3.639   3.650   3.698 
    3.699   3.707   3.710   3.716   3.734   3.782   3.801   3.809 
    3.833   3.871   3.875   3.912   3.925   3.931   3.950   3.958 
    3.993   4.023   4.033   4.059   4.065   4.088   4.116   4.151 
    4.169   4.183   4.199   4.206   4.219   4.226   4.249   4.262 
    4.281   4.299   4.306   4.308   4.315   4.328   4.345   4.366 
    4.390   4.396   4.402   4.414   4.430   4.441   4.457   4.491 
    4.492   4.495   4.501   4.520   4.564   4.564   4.600   4.610 
    4.628   4.639   4.642   4.644   4.678   4.690   4.730   4.733 
    4.746   4.775   4.782   4.786   4.812   4.820   4.824   4.833 
    4.839   4.850   4.869   4.879   4.890   4.913   4.920   4.923 
    4.945   4.970   4.976   4.983   4.983   4.985   5.007   5.026 
    5.031   5.054   5.061   5.080   5.095   5.110   5.111   5.126 
    5.206   5.207   5.211   5.253   5.260   5.308   5.322   5.362 
    5.375   5.395   5.424   5.436   5.452   5.477   5.484   5.487 
    5.515   5.538   5.540   5.545   5.567   5.583   5.636   5.663 
    5.686   5.699   5.723   5.728   5.734   5.744   5.768   5.822 
    5.836   5.882   5.908   5.960   5.965   5.993   6.008   6.013 
    6.129   6.137   6.141   6.205   6.210   6.223   6.257   6.291 
    6.297   6.348   6.383   6.389   6.394   6.447   6.470   6.479 
    6.488   6.511   6.528   6.531   6.532   6.566   6.580   6.707 
    6.737   6.739   6.747   6.748   6.791   6.803   6.825   6.856 
    6.899   6.908   6.938   6.946   6.967   7.012   7.018   7.078 
    7.079   7.089   7.118   7.161   7.177   7.194   7.206   7.254 
    7.310   7.316   7.388   7.392   7.407   7.497   7.573   7.603 
    7.667   7.691   7.765   7.787   7.812   7.831   7.882   7.937 
    7.948   8.032   8.075   8.101   8.190   8.194   8.257   8.268 
    8.296   8.365   8.371   8.395   8.423   8.571   8.589   8.633 
    8.758   8.761   8.788   8.842   8.946   8.997   9.001   9.025 
    9.101   9.144   9.148   9.173   9.174   9.227   9.232   9.236 
    9.258   9.298   9.315   9.315   9.363   9.381   9.448   9.455 
    9.488   9.571   9.611   9.693   9.697   9.790   9.798   9.803 
    9.814   9.839   9.896   9.940  10.049  10.184  10.188  10.257 
   10.330  10.373  10.397  10.457  10.469  10.476  10.523  10.545 
   10.619  10.624  10.641  10.682  10.701  10.769  10.787  10.794 
   10.864  10.871  10.973  10.979  10.988  11.047  11.089  11.128 
   11.143  11.159  11.175  11.205  11.209  11.220  11.261  11.265 
   11.266  11.271  11.291  11.321  11.325  11.371  11.374  11.387 
   11.392  11.407  11.424  11.425  11.441  11.481  11.510  11.516 
   11.549  11.573  11.605  11.676  11.749  11.761  11.765  11.791 
   11.806  11.822  11.874  11.891  11.893  11.928  11.933  11.954 
   11.957  11.960  11.975  11.987  11.991  11.996  12.010  12.018 
   12.038  12.050  12.054  12.070  12.085  12.094  12.105  12.151 
   12.158  12.168  12.215  12.217  12.223  12.235  12.248  12.263 
   12.281  12.289  12.330  12.365  12.435  12.455  12.488  12.490 
   12.491  12.550  12.572  12.611  12.625  12.629  12.643  12.656 
   12.672  12.687  12.692  12.723  12.756  12.773  12.778  12.778 
   12.820  12.839  12.863  12.895  12.903  12.944  12.951  12.987 
   12.996  13.003  13.056  13.068  13.093  13.103  13.109  13.124 
   13.131  13.187  13.194  13.197  13.218  13.237  13.248  13.276 
   13.339  13.373  13.377  13.378  13.433  13.450  13.459  13.469 
   13.471  13.487  13.537  13.541  13.545  13.575  13.603  13.630 
   13.661  13.693  13.709  13.727  13.731  13.734  13.758  13.765 
   13.854  13.880  13.953  13.956  13.990  14.028  14.033  14.053 
   14.069  14.078  14.091  14.103  14.120  14.172  14.226  14.308 
   14.367  14.403  14.417  14.501  14.548  14.561  14.655  14.661 
   14.664  14.697  14.735  14.914  15.035  15.045  15.064  15.131 
   15.179  15.180  15.195  15.254  15.279  15.280  15.353  15.364 
   15.415  15.480  15.500  15.524  15.648  15.708  15.715  15.745 
   15.763  15.859  15.867  15.871  15.891  15.907  15.938  15.954 
   16.017  16.084  16.093  16.185  16.326  16.361  16.390  16.400 
   16.464  16.536  16.612  16.714  16.768  16.775  16.910  17.000 
   17.005  17.014  17.015  17.017  17.038  17.047  17.050  17.073 
   17.080  17.145  17.183  17.253  17.378  17.421  17.431  17.441 
   17.445  17.483  17.552  17.556  17.579  17.626  17.650  17.657 
   17.763  17.894  18.013  18.134  18.213  18.433  18.611  18.730 
   18.813  18.830  18.861  18.888  18.930  18.957  19.007  19.027 
   19.042  19.143  19.147  19.231  19.255  19.419  19.449  19.456 
   19.587  19.803  20.095  20.431  20.485  20.555  20.558  20.657 
   20.668  20.738  20.738  20.759  20.823  20.852  20.965  21.043 
   21.288  21.317  21.373  21.568  21.621  21.724  22.291  22.556 
   22.596  22.623  22.843  22.999  23.550  23.752  23.805  23.824 
   23.854  23.991  24.116  24.165  24.386  24.504  24.622  24.733 
   25.882  26.042  26.135  26.357  26.480  32.705  32.823  32.897 
   32.919  33.063  33.106  33.195  33.213  33.244  33.364  33.371 
   33.396  33.573  33.580  34.533  34.547  34.627  34.742  34.851 
   35.057  35.124  35.270  35.305  35.460  35.470  41.397  41.827 
   41.843  41.916  42.067  43.710  47.841  48.033  48.062  48.886 
   48.969  51.248  52.199  52.857  76.699  77.638  78.289  79.290 
   80.116  91.538  91.584  91.604  91.695  91.781  91.819  91.952 
   92.036  92.119  92.194  92.953  93.074  93.145  93.304  93.375 
   98.663 138.105 138.832 139.219 225.546 426.394 426.978 427.297 
  526.185 1267.241 1686.958 1687.375 1687.607 3190.708 8535.300 24820.434 
  81386.434 322254.961 1830818.868 

Beta occupied
  -18.395 -11.551 -11.551 -11.490 -11.461 -11.461  -1.674  -1.345 
   -1.295  -1.148  -1.106  -1.001  -0.946  -0.942  -0.888  -0.872 
   -0.834  -0.760  -0.744  -0.670  -0.582 

Beta virtual
   -0.155  -0.085  -0.082  -0.062  -0.060  -0.047  -0.037  -0.037 
   -0.028  -0.013  -0.009   0.002   0.003   0.021   0.027   0.032 
    0.038   0.048   0.061   0.066   0.072   0.076   0.088   0.090 
    0.095   0.102   0.103   0.104   0.114   0.123   0.125   0.128 
    0.139   0.142   0.171   0.178   0.186   0.190   0.205   0.209 
    0.210   0.211   0.217   0.227   0.231   0.237   0.265   0.279 
    0.290   0.295   0.296   0.308   0.314   0.318   0.318   0.335 
    0.337   0.339   0.341   0.357   0.357   0.366   0.390   0.392 
    0.393   0.394   0.402   0.402   0.416   0.417   0.425   0.436 
    0.443   0.449   0.450   0.472   0.488   0.502   0.503   0.505 
    0.524   0.526   0.541   0.562   0.564   0.566   0.569   0.576 
    0.578   0.583   0.597   0.608   0.612   0.615   0.619   0.621 
    0.637   0.646   0.676   0.688   0.696   0.697   0.708   0.713 
    0.722   0.725   0.729   0.771   0.772   0.777   0.777   0.799 
    0.806   0.806   0.818   0.844   0.855   0.886   0.896   0.905 
    0.922   0.925   0.927   0.928   0.968   0.977   0.979   0.989 
    1.022   1.039   1.039   1.048   1.049   1.085   1.094   1.103 
    1.113   1.113   1.125   1.147   1.148   1.154   1.156   1.160 
    1.175   1.218   1.227   1.239   1.241   1.246   1.265   1.283 
    1.283   1.285   1.290   1.294   1.302   1.311   1.326   1.334 
    1.341   1.374   1.375   1.378   1.383   1.400   1.401   1.415 
    1.420   1.424   1.437   1.443   1.450   1.472   1.489   1.510 
    1.535   1.545   1.562   1.579   1.583   1.607   1.619   1.623 
    1.626   1.638   1.653   1.670   1.686   1.696   1.702   1.721 
    1.734   1.768   1.773   1.801   1.809   1.809   1.870   1.875 
    1.883   1.893   1.909   1.928   1.943   1.968   1.982   1.983 
    2.001   2.015   2.021   2.038   2.060   2.072   2.075   2.085 
    2.089   2.107   2.119   2.130   2.183   2.187   2.190   2.217 
    2.218   2.223   2.254   2.264   2.304   2.324   2.334   2.355 
    2.361   2.368   2.381   2.384   2.403   2.412   2.416   2.425 
    2.440   2.453   2.459   2.464   2.480   2.484   2.486   2.528 
    2.536   2.539   2.577   2.583   2.596   2.610   2.621   2.625 
    2.632   2.666   2.684   2.703   2.705   2.717   2.787   2.795 
    2.867   2.895   2.900   2.919   2.919   2.935   2.940   2.944 
    2.946   3.015   3.037   3.054   3.056   3.080   3.113   3.118 
    3.121   3.150   3.177   3.227   3.290   3.308   3.316   3.328 
    3.329   3.339   3.361   3.369   3.384   3.411   3.431   3.458 
    3.475   3.492   3.493   3.497   3.518   3.520   3.552   3.562 
    3.570   3.581   3.620   3.623   3.636   3.646   3.694   3.699 
    3.707   3.707   3.708   3.734   3.781   3.802   3.809   3.830 
    3.851   3.870   3.889   3.924   3.930   3.951   3.959   3.991 
    4.022   4.031   4.053   4.058   4.084   4.110   4.152   4.170 
    4.182   4.200   4.206   4.219   4.225   4.245   4.262   4.281 
    4.298   4.306   4.308   4.316   4.328   4.341   4.366   4.389 
    4.396   4.404   4.412   4.431   4.440   4.456   4.492   4.493 
    4.495   4.502   4.513   4.554   4.564   4.597   4.611   4.629 
    4.639   4.639   4.644   4.678   4.690   4.730   4.735   4.744 
    4.777   4.784   4.786   4.814   4.820   4.825   4.832   4.838 
    4.851   4.869   4.877   4.891   4.911   4.920   4.920   4.946 
    4.970   4.976   4.984   4.985   4.985   5.006   5.025   5.031 
    5.053   5.060   5.080   5.095   5.106   5.109   5.128   5.205 
    5.208   5.210   5.256   5.259   5.301   5.324   5.363   5.374 
    5.394   5.426   5.436   5.451   5.476   5.484   5.487   5.514 
    5.538   5.540   5.545   5.568   5.583   5.637   5.663   5.683 
    5.697   5.721   5.728   5.733   5.741   5.769   5.819   5.833 
    5.882   5.909   5.960   5.964   5.991   6.008   6.012   6.128 
    6.137   6.142   6.205   6.211   6.224   6.257   6.290   6.298 
    6.350   6.381   6.390   6.394   6.448   6.470   6.478   6.489 
    6.513   6.527   6.527   6.531   6.563   6.580   6.708   6.734 
    6.738   6.744   6.747   6.794   6.803   6.825   6.855   6.885 
    6.907   6.938   6.945   6.967   6.998   7.014   7.076   7.076 
    7.084   7.117   7.159   7.171   7.193   7.206   7.252   7.294 
    7.314   7.388   7.388   7.406   7.491   7.565   7.587   7.666 
    7.674   7.759   7.786   7.807   7.829   7.882   7.936   7.947 
    8.031   8.067   8.073   8.184   8.192   8.256   8.267   8.291 
    8.364   8.364   8.383   8.416   8.570   8.588   8.593   8.719 
    8.761   8.776   8.831   8.934   8.946   8.983   9.025   9.100 
    9.129   9.148   9.149   9.166   9.217   9.217   9.229   9.253 
    9.298   9.312   9.315   9.353   9.382   9.439   9.455   9.485 
    9.571   9.595   9.692   9.697   9.785   9.789   9.803   9.808 
    9.833   9.895   9.927  10.049  10.185  10.188  10.254  10.320 
   10.364  10.397  10.458  10.469  10.477  10.523  10.543  10.610 
   10.627  10.643  10.682  10.693  10.768  10.789  10.795  10.863 
   10.871  10.973  10.981  10.990  11.047  11.089  11.127  11.143 
   11.159  11.176  11.204  11.208  11.210  11.262  11.265  11.266 
   11.271  11.291  11.322  11.323  11.371  11.371  11.387  11.393 
   11.406  11.423  11.425  11.440  11.482  11.510  11.514  11.549 
   11.573  11.606  11.677  11.744  11.751  11.764  11.791  11.793 
   11.823  11.873  11.889  11.890  11.927  11.934  11.956  11.958 
   11.961  11.975  11.987  11.990  11.998  12.011  12.016  12.036 
   12.049  12.053  12.069  12.084  12.096  12.105  12.150  12.152 
   12.168  12.213  12.217  12.223  12.234  12.234  12.263  12.277 
   12.288  12.329  12.365  12.430  12.453  12.488  12.489  12.490 
   12.552  12.572  12.611  12.625  12.629  12.643  12.653  12.671 
   12.687  12.693  12.722  12.754  12.773  12.777  12.777  12.820 
   12.839  12.864  12.894  12.905  12.944  12.951  12.985  12.994 
   13.003  13.056  13.063  13.093  13.102  13.110  13.123  13.130 
   13.188  13.194  13.195  13.219  13.238  13.250  13.276  13.339 
   13.373  13.378  13.378  13.432  13.450  13.461  13.470  13.472 
   13.488  13.540  13.540  13.546  13.577  13.602  13.629  13.661 
   13.693  13.709  13.726  13.731  13.732  13.759  13.766  13.853 
   13.881  13.952  13.955  13.990  14.028  14.033  14.051  14.068 
   14.078  14.091  14.103  14.118  14.172  14.225  14.307  14.366 
   14.404  14.415  14.500  14.547  14.560  14.654  14.659  14.663 
   14.697  14.735  14.912  15.035  15.044  15.062  15.131  15.177 
   15.180  15.195  15.252  15.274  15.280  15.347  15.362  15.414 
   15.481  15.500  15.521  15.646  15.707  15.708  15.734  15.763 
   15.854  15.858  15.866  15.890  15.900  15.934  15.954  16.014 
   16.074  16.085  16.183  16.322  16.356  16.372  16.394  16.442 
   16.534  16.582  16.713  16.762  16.767  16.904  16.999  17.005 
   17.013  17.014  17.017  17.035  17.047  17.050  17.072  17.073 
   17.142  17.174  17.249  17.377  17.421  17.428  17.430  17.438 
   17.482  17.526  17.556  17.576  17.625  17.642  17.647  17.760 
   17.856  18.010  18.132  18.206  18.383  18.610  18.729  18.813 
   18.826  18.861  18.872  18.914  18.930  18.958  19.027  19.042 
   19.120  19.143  19.231  19.239  19.396  19.419  19.454  19.541 
   19.784  20.091  20.424  20.484  20.554  20.558  20.658  20.668 
   20.737  20.738  20.739  20.755  20.823  20.852  21.037  21.287 
   21.318  21.372  21.562  21.614  21.724  22.131  22.542  22.587 
   22.599  22.841  22.911  23.524  23.752  23.759  23.824  23.854 
   23.991  24.116  24.165  24.386  24.503  24.622  24.732  25.882 
   26.042  26.135  26.357  26.480  32.705  32.824  32.897  32.919 
   33.066  33.109  33.195  33.213  33.245  33.364  33.371  33.396 
   33.572  33.581  34.534  34.549  34.627  34.741  34.850  35.055 
   35.124  35.270  35.306  35.460  35.470  41.397  41.827  41.842 
   41.916  42.067  43.368  47.666  47.859  47.884  48.701  48.798 
   50.900  51.865  52.537  76.699  77.638  78.290  79.290  80.116 
   91.538  91.584  91.604  91.695  91.781  91.819  91.952  92.036 
   92.119  92.195  92.953  93.075  93.145  93.304  93.375  98.276 
  137.686 138.417 138.805 225.186 426.033 426.619 426.938 525.900 
  1267.047 1686.756 1687.173 1687.405 3190.595 8535.243 24820.409 81386.425 
  322254.958 1830818.868 


  >>> Running UHF-MP2 <<<

MP2 correlation energy (UHF) : -1.2882973119
MP2 total energy       (UHF) : -233.2442720759

