	*********************************************** 
	***** Beginning CEBE Calculation with MOM ***** 
	*****       Calculation Details:          ***** 
	      Geometry:	 /work/morgunov/core/calculations/mols/exp/c/c-cl4.xyz
	      Core Basis:	 cc-pCV5Z
	      Full Basis:	 cc-pV5Z
	      Do SFX2C1E?:	 True
	      Freeze orbitals?:	 True
	      Use Cheng orbitals?:	 False
	      Do Special Basis?:	 False
	*********************************************** 
	*********************************************** 

  >>> Running RHF <<<

init D/C      : minao
init ov       : zeros
no            : 37
nv            : 488
ov_size       : 18056
max_cycle     : 1000
conv          : 6
econv         : 9
method        : gdm
scale_stop    : 0
scale_factor  : 1.000000
init E        : -1875.69602795022
init |[F,P]|  : 7.92e-03
init |dE|     : 1.39e-02
check file    : None

iter      total energy   |[F,P]|      |dE|         ∆E   comment
   1   -1875.920675426  1.40e-03  3.00e-03  -2.25e-01  LnSr (2,0.49)
   2   -1875.936371982  4.55e-04  9.94e-04  -1.57e-02  BFGS
   3   -1875.938362717  8.10e-05  1.86e-04  -1.99e-03  BFGS
   4   -1875.938405776  2.35e-05  4.93e-05  -4.31e-05  BFGS
   5   -1875.938409792  3.34e-06  1.25e-05  -4.02e-06  BFGS
   6   -1875.938409875  7.93e-07  2.70e-06  -8.29e-08  BFGS
   7   -1875.938409880  1.31e-07  3.32e-07  -5.41e-09  BFGS
   8   -1875.938409880  3.84e-08  8.58e-08  -1.80e-10  BFGS
                                                                      gdm is converged!

SCF converged : True
final |[F,P]| : 3.84e-08
final |dE|    : 8.58e-08
final Escf    : -2316.11741748762
final Etot    : -1875.9384098802

  pxp & ewc             :::        0.271 (  0.03%)
  apply B               :::        0.003 (  0.00%)
  linsrch               :::     1017.526 ( 99.97%)
  grad                  :::        0.017 (  0.00%)
  Total                 :::     1017.818 (100.00%)

Alpha occupied
  -104.876 -104.876 -104.876 -104.876 -11.495 -10.601 -10.601 -10.601 
  -10.601  -8.068  -8.068  -8.068  -8.068  -8.066  -8.066  -8.066 
   -8.066  -8.066  -8.066  -8.066  -8.066  -1.282  -1.127  -1.127 
   -1.127  -0.834  -0.659  -0.659  -0.659  -0.532  -0.532  -0.489 
   -0.489  -0.489  -0.460  -0.460  -0.460 

Alpha virtual
    0.084   0.132   0.132   0.132   0.206   0.206   0.206   0.218 
    0.272   0.272   0.300   0.300   0.300   0.321   0.321   0.321 
    0.335   0.335   0.335   0.338   0.393   0.393   0.393   0.406 
    0.406   0.537   0.537   0.537   0.589   0.589   0.590   0.590 
    0.590   0.639   0.644   0.644   0.644   0.723   0.723   0.723 
    0.794   0.794   0.794   0.847   0.925   0.925   0.925   0.968 
    1.049   1.049   1.063   1.063   1.063   1.072   1.072   1.072 
    1.075   1.075   1.173   1.173   1.173   1.248   1.248   1.248 
    1.284   1.289   1.289   1.289   1.305   1.305   1.311   1.311 
    1.311   1.314   1.343   1.343   1.343   1.397   1.397   1.397 
    1.447   1.447   1.447   1.463   1.463   1.463   1.475   1.495 
    1.495   1.532   1.532   1.532   1.575   1.611   1.611   1.611 
    1.675   1.686   1.686   1.686   1.691   1.691   1.796   1.796 
    1.796   1.920   1.920   1.920   1.938   1.938   2.057   2.057 
    2.057   2.118   2.118   2.118   2.197   2.197   2.197   2.198 
    2.369   2.369   2.387   2.387   2.387   2.594   2.594   2.594 
    2.610   2.610   2.610   2.644   2.644   2.726   2.726   2.726 
    2.755   2.755   2.755   2.777   2.777   2.777   2.789   2.815 
    2.815   2.822   2.822   2.822   2.897   2.902   2.902   2.902 
    2.918   2.918   2.918   2.964   3.034   3.034   3.034   3.052 
    3.095   3.095   3.095   3.102   3.106   3.106   3.150   3.215 
    3.215   3.231   3.231   3.231   3.261   3.261   3.261   3.308 
    3.308   3.308   3.405   3.405   3.405   3.475   3.528   3.528 
    3.528   3.557   3.557   3.557   3.596   3.596   3.712   3.712 
    3.712   3.761   3.761   3.761   4.034   4.061   4.061   4.089 
    4.089   4.089   4.158   4.158   4.158   4.187   4.187   4.187 
    4.214   4.214   4.243   4.243   4.243   4.374   4.411   4.411 
    4.411   4.435   4.435   4.435   4.458   4.458   4.458   4.474 
    4.528   4.528   4.802   4.802   4.802   4.879   4.879   4.879 
    5.021   5.021   5.021   5.196   5.196   5.196   5.212   5.212 
    5.441   5.441   5.441   5.452   5.452   6.032   6.066   6.066 
    6.066   6.092   6.092   6.092   6.132   6.132   6.132   6.174 
    6.189   6.189   6.189   6.191   6.191   6.198   6.198   6.198 
    6.201   6.201   6.201   6.221   6.221   6.221   6.245   6.245 
    6.269   6.269   6.299   6.299   6.299   6.310   6.327   6.327 
    6.327   6.338   6.338   6.338   6.358   6.358   6.358   6.362 
    6.377   6.386   6.386   6.386   6.387   6.387   6.387   6.401 
    6.401   6.477   6.477   6.477   6.526   6.630   6.630   6.630 
    6.683   6.683   6.683   6.704   6.704   6.705   6.968   6.968 
    6.968   6.985   6.985   6.985   6.999   6.999   7.028   7.028 
    7.028   7.136   7.136   7.136   7.139   7.178   7.178   7.178 
    7.186   7.195   7.195   7.239   7.239   7.239   7.409   7.429 
    7.429   7.429   7.474   7.474   7.524   7.524   7.524   7.537 
    7.537   7.537   7.722   7.722   7.722   7.834   7.834   7.834 
    7.897   7.897   7.958   7.958   7.958   8.024   8.024   8.024 
    8.048   8.321   8.377   8.377   8.377   8.840   8.840   8.840 
    9.292   9.292   9.292   9.612   9.612   9.866   9.866   9.866 
   10.507  10.573  10.573  10.617  10.617  10.617  10.715  10.715 
   10.715  10.794  10.794  10.794  10.832  10.832  10.832  10.887 
   10.887  10.887  11.006  11.006  11.169  11.169  11.169  11.279 
   11.279  11.573  11.613  11.613  11.613  11.902  11.902  11.902 
   12.440  12.496  12.496  12.496  12.783  12.783  13.108  13.108 
   13.108  18.711  21.978  21.978  21.978  35.545  35.545  35.827 
   35.827  35.827  38.123  38.123  38.123  38.204  38.204  38.204 
   38.574  38.574  39.147  39.499  39.499  39.499  46.913  46.913 
   46.913  46.937  46.937  46.937  47.214  49.597  59.931  59.931 
   59.931  80.463  82.746  82.746  82.746 107.573 107.573 107.785 
  107.785 107.785 129.372 165.712 165.712 165.712 167.303 167.303 
  167.303 167.304 167.304 167.304 167.305 167.305 167.305 188.116 
  188.116 188.116 188.123 188.123 188.123 188.221 329.342 329.342 
  329.486 329.486 329.486 336.919 465.534 465.534 465.534 1172.589 


  >>> Running RHF-MP2 <<<


RMP2-TIMING
  rmp2                  :::      753.263 (100.00%)
  Total                 :::      753.263 (100.00%)

MP2 correlation energy (RHF) : -1.7983054034
MP2 total energy       (RHF) : -1877.7367152836


  >>> Running UHF <<<

init D/C      : input mo_coeff
init ov       : zeros
no            : 36 37
nv            : 489 488
ov_size       : 35660
max_cycle     : 1000
conv          : 6
econv         : 9
method        : diis
mom_start     : 0
guess mix     : 0.000000
orb_swap      : [[[4, 36]], []]
init E        : -1864.44361684041
init S2       : 0.750000000000099
init |[F,P]|  : 1.17e-02
init |dE|     : 2.25e-02
check file    : None

iter      total energy   |[F,P]|      |dE|         ∆E   S^2   comment
   1   -1864.374148397  1.10e-02  2.09e-02   6.95e-02  0.76  DIIS mom: 35.5/36 36.4/37
   2   -1865.024107478  1.56e-03  3.17e-03  -6.50e-01  0.76  DIIS mom: 35.8/36 36.8/37
   3   -1865.042437057  3.78e-04  7.66e-04  -1.83e-02  0.77  DIIS mom: 36.0/36 37.0/37
   4   -1865.044735685  2.13e-04  4.04e-04  -2.30e-03  0.78  DIIS mom: 36.0/36 37.0/37
   5   -1865.046645629  1.59e-04  2.98e-04  -1.91e-03  0.81  DIIS mom: 36.0/36 37.0/37
   6   -1865.048958850  7.54e-05  1.52e-04  -2.31e-03  0.88  DIIS mom: 36.0/36 37.0/37
   7   -1865.049527792  1.77e-05  5.06e-05  -5.69e-04  0.95  DIIS mom: 36.0/36 37.0/37
   8   -1865.049539301  4.31e-06  1.04e-05  -1.15e-05  0.96  DIIS mom: 36.0/36 37.0/37
   9   -1865.049539995  1.11e-06  2.42e-06  -6.94e-07  0.96  DIIS mom: 36.0/36 37.0/37
  10   -1865.049540047  4.86e-07  1.01e-06  -5.26e-08  0.96  DIIS mom: 36.0/36 37.0/37
  11   -1865.049540056  1.45e-07  2.82e-07  -8.49e-09  0.96  DIIS mom: 36.0/36 37.0/37
  12   -1865.049540057  3.44e-08  6.91e-08  -7.32e-10  0.96  DIIS mom: 36.0/36 37.0/37
                                                                      diis is converged!

SCF converged : True
final |[F,P]| : 3.44e-08
final |dE|    : 6.91e-08
final Escf    : -2305.22854766408
final Etot    : -1865.04954005666
final S2      : 0.957913757824016

  diis prep             :::        0.237 (  0.02%)
  diis extrap           :::        0.142 (  0.01%)
  roothaan              :::        0.737 (  0.05%)
  fock build            :::     1416.952 ( 99.92%)
  Total                 :::     1418.067 (100.00%)

Alpha occupied
  -105.126 -105.126 -105.126 -105.126 -10.847 -10.847 -10.847 -10.847 
   -8.319  -8.319  -8.319  -8.319  -8.310  -8.310  -8.310  -8.310 
   -8.310  -8.310  -8.310  -8.310  -1.534  -1.366  -1.366  -1.366 
   -1.085  -0.913  -0.913  -0.913  -0.753  -0.753  -0.715  -0.715 
   -0.715  -0.683  -0.683  -0.683 

Alpha virtual
  -10.233  -0.146  -0.105  -0.105  -0.105   0.037   0.037   0.037 
    0.045   0.104   0.104   0.114   0.114   0.114   0.139   0.139 
    0.139   0.154   0.170   0.170   0.170   0.197   0.197   0.197 
    0.197   0.197   0.334   0.334   0.334   0.384   0.384   0.409 
    0.409   0.409   0.437   0.437   0.437   0.455   0.513   0.513 
    0.513   0.563   0.563   0.563   0.623   0.723   0.723   0.723 
    0.766   0.849   0.849   0.858   0.858   0.858   0.871   0.871 
    0.874   0.874   0.874   0.972   0.972   0.972   1.049   1.049 
    1.049   1.074   1.085   1.085   1.085   1.102   1.102   1.102 
    1.104   1.104   1.121   1.131   1.131   1.131   1.183   1.183 
    1.183   1.241   1.241   1.241   1.253   1.253   1.253   1.258 
    1.278   1.278   1.327   1.327   1.327   1.366   1.403   1.403 
    1.403   1.469   1.469   1.469   1.470   1.472   1.472   1.581 
    1.581   1.581   1.704   1.704   1.704   1.723   1.723   1.839 
    1.839   1.839   1.902   1.902   1.902   1.979   1.988   1.988 
    1.988   2.161   2.161   2.161   2.162   2.162   2.372   2.372 
    2.372   2.395   2.395   2.395   2.427   2.427   2.514   2.514 
    2.514   2.532   2.532   2.532   2.557   2.557   2.557   2.558 
    2.558   2.558   2.576   2.606   2.606   2.675   2.689   2.689 
    2.689   2.707   2.707   2.707   2.741   2.811   2.811   2.811 
    2.832   2.860   2.879   2.879   2.879   2.879   2.879   2.940 
    2.997   2.997   3.010   3.010   3.010   3.036   3.036   3.036 
    3.079   3.079   3.079   3.184   3.184   3.184   3.252   3.313 
    3.313   3.313   3.342   3.342   3.342   3.366   3.366   3.491 
    3.491   3.491   3.518   3.518   3.518   3.811   3.841   3.841 
    3.866   3.866   3.866   3.935   3.935   3.935   3.960   3.960 
    3.960   3.978   3.978   4.021   4.021   4.021   4.146   4.181 
    4.181   4.181   4.218   4.218   4.218   4.228   4.228   4.228 
    4.240   4.304   4.304   4.567   4.567   4.567   4.658   4.658 
    4.658   4.791   4.791   4.791   4.933   4.933   4.933   4.986 
    4.986   5.194   5.194   5.212   5.212   5.212   5.742   5.832 
    5.832   5.832   5.838   5.838   5.838   5.897   5.897   5.897 
    5.946   5.966   5.966   5.966   5.972   5.972   5.979   5.979 
    5.979   5.987   5.987   5.987   5.999   5.999   5.999   6.022 
    6.022   6.035   6.035   6.043   6.043   6.043   6.074   6.088 
    6.088   6.088   6.116   6.116   6.116   6.129   6.129   6.129 
    6.131   6.148   6.148   6.148   6.155   6.155   6.155   6.156 
    6.166   6.166   6.232   6.232   6.232   6.294   6.401   6.401 
    6.401   6.447   6.447   6.447   6.460   6.469   6.469   6.743 
    6.743   6.743   6.758   6.758   6.758   6.777   6.777   6.810 
    6.810   6.810   6.903   6.907   6.907   6.907   6.939   6.939 
    6.939   6.958   6.965   6.965   7.007   7.007   7.007   7.175 
    7.188   7.188   7.188   7.245   7.245   7.266   7.266   7.266 
    7.301   7.301   7.301   7.472   7.472   7.472   7.598   7.598 
    7.598   7.663   7.663   7.723   7.723   7.723   7.792   7.792 
    7.792   7.806   8.020   8.051   8.051   8.051   8.624   8.624 
    8.624   9.053   9.053   9.053   9.374   9.374   9.598   9.598 
    9.598  10.260  10.338  10.338  10.369  10.369  10.369  10.461 
   10.461  10.461  10.555  10.555  10.555  10.589  10.589  10.589 
   10.628  10.628  10.628  10.764  10.764  10.874  10.874  10.874 
   10.980  10.980  11.295  11.341  11.341  11.341  11.638  11.638 
   11.638  12.156  12.223  12.223  12.223  12.372  12.372  12.661 
   12.661  12.661  18.042  21.153  21.153  21.153  34.507  34.507 
   34.795  34.795  34.795  37.878  37.878  37.878  37.959  37.959 
   37.959  38.330  38.330  38.889  39.239  39.239  39.239  45.832 
   45.832  45.832  45.858  45.858  45.858  46.139  48.335  58.466 
   58.466  58.466  80.225  82.507  82.507  82.507 105.736 105.736 
  105.950 105.950 105.950 127.366 163.462 163.462 163.462 165.462 
  165.462 165.462 165.463 165.463 165.463 165.464 165.464 165.464 
  185.952 185.952 185.952 185.959 185.959 185.959 186.057 326.615 
  326.615 326.760 326.760 326.760 334.141 462.507 462.507 462.507 
  1169.131 

Beta occupied
  -105.124 -105.124 -105.124 -105.124 -13.927 -10.846 -10.846 -10.846 
  -10.845  -8.310  -8.310  -8.310  -8.310  -8.310  -8.310  -8.310 
   -8.310  -8.308  -8.308  -8.308  -8.308  -1.602  -1.358  -1.358 
   -1.358  -1.140  -0.961  -0.961  -0.961  -0.753  -0.753  -0.715 
   -0.715  -0.715  -0.683  -0.683  -0.683 

Beta virtual
   -0.167  -0.141  -0.141  -0.141   0.039   0.039   0.039   0.048 
    0.106   0.106   0.119   0.119   0.119   0.134   0.134   0.134 
    0.153   0.172   0.172   0.172   0.195   0.195   0.195   0.203 
    0.203   0.335   0.335   0.335   0.387   0.387   0.413   0.413 
    0.413   0.426   0.426   0.426   0.460   0.525   0.525   0.525 
    0.556   0.556   0.556   0.608   0.724   0.724   0.724   0.769 
    0.850   0.850   0.863   0.863   0.863   0.870   0.870   0.876 
    0.876   0.876   0.970   0.970   0.970   1.052   1.052   1.052 
    1.082   1.087   1.087   1.087   1.097   1.097   1.097   1.106 
    1.106   1.120   1.126   1.126   1.126   1.188   1.188   1.188 
    1.241   1.245   1.245   1.245   1.250   1.250   1.250   1.280 
    1.280   1.331   1.331   1.331   1.362   1.404   1.404   1.404 
    1.463   1.463   1.463   1.471   1.473   1.473   1.581   1.581 
    1.581   1.700   1.700   1.700   1.708   1.708   1.834   1.834 
    1.834   1.904   1.904   1.904   1.976   1.990   1.990   1.990 
    2.158   2.158   2.158   2.162   2.162   2.362   2.362   2.362 
    2.398   2.398   2.398   2.431   2.431   2.510   2.510   2.510 
    2.516   2.516   2.516   2.551   2.551   2.551   2.563   2.563 
    2.563   2.577   2.608   2.608   2.675   2.690   2.690   2.690 
    2.706   2.706   2.706   2.708   2.814   2.814   2.814   2.817 
    2.851   2.881   2.881   2.881   2.885   2.885   2.940   3.000 
    3.000   3.014   3.014   3.014   3.035   3.035   3.035   3.076 
    3.076   3.076   3.187   3.187   3.187   3.243   3.314   3.314 
    3.314   3.344   3.344   3.344   3.352   3.352   3.479   3.479 
    3.479   3.512   3.512   3.512   3.805   3.839   3.839   3.865 
    3.865   3.865   3.936   3.936   3.936   3.957   3.957   3.957 
    3.976   3.976   4.022   4.022   4.022   4.142   4.179   4.179 
    4.179   4.208   4.208   4.208   4.225   4.225   4.225   4.247 
    4.299   4.299   4.563   4.563   4.563   4.657   4.657   4.657 
    4.784   4.784   4.784   4.913   4.913   4.913   4.986   4.986 
    5.171   5.171   5.213   5.213   5.213   5.667   5.809   5.809 
    5.809   5.841   5.841   5.841   5.901   5.901   5.901   5.949 
    5.968   5.968   5.968   5.972   5.972   5.980   5.980   5.980 
    5.986   5.986   5.986   5.999   5.999   5.999   6.024   6.024 
    6.033   6.033   6.033   6.038   6.038   6.074   6.094   6.094 
    6.094   6.116   6.116   6.116   6.128   6.128   6.128   6.132 
    6.152   6.152   6.152   6.155   6.158   6.158   6.158   6.171 
    6.171   6.232   6.232   6.232   6.295   6.402   6.402   6.402 
    6.445   6.449   6.449   6.449   6.473   6.473   6.743   6.743 
    6.743   6.758   6.758   6.758   6.777   6.777   6.809   6.809 
    6.809   6.894   6.910   6.910   6.910   6.939   6.939   6.939 
    6.960   6.967   6.967   7.008   7.008   7.008   7.177   7.187 
    7.187   7.187   7.246   7.246   7.254   7.254   7.254   7.305 
    7.305   7.305   7.465   7.465   7.465   7.597   7.597   7.597 
    7.666   7.666   7.725   7.725   7.725   7.792   7.792   7.792 
    7.803   7.951   7.996   7.996   7.996   8.618   8.618   8.618 
    9.040   9.040   9.040   9.367   9.367   9.577   9.577   9.577 
   10.241  10.332  10.332  10.360  10.360  10.360  10.451  10.451 
   10.451  10.550  10.550  10.550  10.584  10.584  10.584  10.608 
   10.608  10.608  10.754  10.754  10.853  10.853  10.853  10.959 
   10.959  11.276  11.318  11.318  11.318  11.627  11.627  11.627 
   12.141  12.213  12.213  12.213  12.328  12.328  12.607  12.607 
   12.607  17.741  20.892  20.892  20.892  34.369  34.369  34.658 
   34.658  34.658  37.878  37.878  37.878  37.960  37.960  37.960 
   38.330  38.330  38.896  39.244  39.244  39.244  45.748  45.748 
   45.748  45.774  45.774  45.774  46.056  47.939  58.113  58.113 
   58.113  80.226  82.508  82.508  82.508 105.513 105.513 105.727 
  105.727 105.727 126.994 163.126 163.126 163.126 165.363 165.363 
  165.363 165.364 165.364 165.364 165.365 165.365 165.365 185.786 
  185.786 185.786 185.793 185.793 185.793 185.891 326.384 326.384 
  326.530 326.530 326.530 333.844 462.250 462.250 462.250 1168.946 


  >>> Running UHF-MP2 <<<

MP2 correlation energy (UHF) : -1.7733029535
MP2 total energy       (UHF) : -1866.8228430102

