	*********************************************** 
	***** Beginning CEBE Calculation with MOM ***** 
	*****       Calculation Details:          ***** 
	      Geometry:	 /home/am3939/core/calculations/mols/exp/n/n2h4.xyz
	      Core Basis:	 pcX-4
	      Full Basis:	 pc-4
	      DIIS (start, space):	 0 50
	      Level shift:	 0
	      Do localization?:	 True
	      Atoms that were localized?:	 ['N']
	      Do SFX2C1E?:	 True
	      Freeze orbitals?:	 True
	      Use Cheng orbitals?:	 False
	      Do Special Basis?:	 True
	      Do Special Basis?:	 pcX-4
	*********************************************** 
	*********************************************** 

  >>> Running RHF <<<

init D/C      : minao
init ov       : zeros
no            : 9
nv            : 505
ov_size       : 4545
max_cycle     : 1000
conv          : 6
econv         : 9
method        : gdm
scale_stop    : 0
scale_factor  : 1.000000
init E        : -111.202831390532
init |[F,P]|  : 4.63e-03
init |dE|     : 9.94e-03
check file    : None

iter      total energy   |[F,P]|      |dE|         ∆E   comment
   1    -111.227302221  1.09e-03  2.31e-03  -2.45e-02  BFGS
   2    -111.228729097  2.01e-04  4.25e-04  -1.43e-03  BFGS
   3    -111.228837244  6.61e-05  1.39e-04  -1.08e-04  BFGS
   4    -111.228848799  3.23e-05  6.89e-05  -1.16e-05  BFGS
   5    -111.228850458  7.72e-06  1.68e-05  -1.66e-06  BFGS
   6    -111.228850571  1.58e-06  3.46e-06  -1.13e-07  BFGS
   7    -111.228850578  3.86e-07  8.41e-07  -6.82e-09  BFGS
   8    -111.228850578  1.25e-07  2.60e-07  -4.63e-10  BFGS
                                                                      gdm is converged!

SCF converged : True
final |[F,P]| : 1.25e-07
final |dE|    : 2.60e-07
final Escf    : -152.792494271423
final Etot    : -111.22885057806

  pxp & ewc             :::        0.206 (  0.23%)
  apply B               :::        0.001 (  0.00%)
  linsrch               :::       89.457 ( 99.76%)
  grad                  :::        0.008 (  0.01%)
  Total                 :::       89.671 (100.00%)

Alpha occupied
  -15.574 -15.573  -1.264  -1.013  -0.689  -0.655  -0.591  -0.458 
   -0.394 

Alpha virtual
    0.049   0.065   0.073   0.087   0.132   0.146   0.157   0.179 
    0.182   0.213   0.247   0.248   0.256   0.279   0.333   0.337 
    0.370   0.374   0.398   0.407   0.431   0.432   0.448   0.482 
    0.484   0.501   0.566   0.566   0.573   0.576   0.604   0.617 
    0.640   0.649   0.661   0.670   0.693   0.699   0.727   0.751 
    0.757   0.779   0.787   0.852   0.855   0.863   0.880   0.893 
    0.923   1.105   1.112   1.120   1.122   1.171   1.183   1.196 
    1.216   1.234   1.239   1.258   1.269   1.305   1.316   1.317 
    1.328   1.341   1.358   1.359   1.402   1.408   1.424   1.429 
    1.460   1.471   1.530   1.539   1.579   1.587   1.653   1.656 
    1.691   1.693   1.723   1.767   1.778   1.843   1.875   1.883 
    1.939   1.943   1.971   2.048   2.054   2.169   2.214   2.334 
    2.341   2.351   2.356   2.418   2.424   2.439   2.468   2.492 
    2.544   2.576   2.608   2.638   2.670   2.755   2.806   2.812 
    2.843   2.879   2.922   2.932   2.976   3.082   3.147   3.167 
    3.178   3.189   3.216   3.246   3.284   3.362   3.364   3.372 
    3.395   3.429   3.464   3.495   3.500   3.519   3.566   3.566 
    3.625   3.633   3.668   3.740   3.766   3.771   3.790   3.823 
    3.835   3.870   3.885   3.887   3.928   3.967   3.994   3.997 
    4.025   4.103   4.115   4.178   4.199   4.256   4.304   4.306 
    4.349   4.437   4.460   4.468   4.495   4.551   4.561   4.619 
    4.621   4.661   4.716   4.770   4.808   4.841   4.937   4.951 
    4.953   5.013   5.071   5.126   5.152   5.156   5.255   5.278 
    5.308   5.327   5.507   5.522   5.549   5.608   5.630   5.761 
    5.798   5.947   6.003   6.008   6.054   6.092   6.094   6.213 
    6.250   6.352   6.379   6.423   6.427   6.482   6.565   6.599 
    6.610   6.623   6.716   6.724   6.765   6.801   6.833   6.859 
    6.918   7.026   7.145   7.147   7.384   7.406   7.451   7.464 
    7.629   7.640   7.702   7.741   7.865   7.922   8.014   8.035 
    8.067   8.160   8.190   8.219   8.331   8.458   8.512   8.539 
    8.819   8.850   8.960   8.967   9.010   9.032   9.110   9.149 
    9.217   9.224   9.349   9.349   9.387   9.441   9.456   9.597 
    9.612   9.676   9.699   9.911   9.965   9.999  10.038  10.129 
   10.132  10.286  10.312  10.356  10.437  10.453  10.458  10.518 
   10.569  10.585  10.836  10.897  11.364  11.631  11.666  11.701 
   11.843  11.894  11.956  11.963  12.006  12.045  12.084  12.098 
   12.162  12.169  12.239  12.268  12.272  12.357  12.360  12.404 
   12.468  12.497  12.554  12.719  12.827  12.909  12.932  12.971 
   13.013  13.027  13.121  13.138  13.168  13.206  13.299  13.310 
   13.350  13.364  13.437  13.455  13.518  13.545  13.616  13.619 
   13.677  13.729  14.059  14.109  14.169  14.176  14.342  14.496 
   14.504  14.622  14.701  14.703  14.864  14.865  15.183  15.233 
   15.760  15.830  15.880  15.896  15.920  15.959  15.991  16.077 
   16.088  16.126  16.190  16.382  16.454  16.479  16.501  16.520 
   16.521  16.567  16.646  16.678  16.808  16.896  16.982  17.128 
   17.176  17.212  17.253  17.256  17.287  17.302  17.303  17.349 
   17.392  17.484  17.486  17.559  17.643  17.659  17.769  17.791 
   17.863  17.914  17.949  18.128  18.156  18.194  18.274  18.286 
   18.365  18.399  18.440  18.584  18.759  18.984  19.171  19.205 
   19.480  19.489  19.579  19.770  19.936  20.073  20.147  20.187 
   20.206  20.271  20.985  21.342  21.463  21.488  21.513  21.549 
   21.651  21.678  22.072  22.590  22.625  22.640  22.679  23.065 
   23.191  23.195  23.453  23.512  23.606  24.111  24.162  24.266 
   24.283  24.328  24.330  24.392  24.680  27.475  27.496  27.500 
   27.524  41.895  41.951  42.103  42.193  45.234  45.677  49.324 
   49.352  49.509  49.523  49.586  49.610  49.965  50.297  50.354 
   50.362  53.243  53.310  53.645  53.838  53.890  54.050  91.783 
   91.827  91.851  91.878  91.898  91.908  91.971  92.028  93.725 
   93.749  93.844  93.886 100.833 101.199 140.878 140.933 141.031 
  141.128 141.164 141.311 228.480 228.818 430.140 430.183 430.263 
  430.341 430.369 430.498 529.886 530.200 1271.572 1271.866 1691.498 
  1691.528 1691.587 1691.643 1691.663 1691.759 3195.470 3195.748 8540.309 
  8540.570 24825.557 24825.800 81391.589 81391.813 322260.103 322260.304 1830823.967 
  1830824.135 


  >>> Running RHF-MP2 <<<


RMP2-TIMING
  rmp2                  :::       73.015 (100.00%)
  Total                 :::       73.015 (100.00%)

MP2 correlation energy (RHF) : -0.5916567873
MP2 total energy       (RHF) : -111.8205073654


  >>> Running UHF <<<

init D/C      : input mo_coeff
init ov       : zeros
no            : 8 9
nv            : 506 505
ov_size       : 8593
max_cycle     : 1000
conv          : 6
econv         : 9
method        : diis
mom_start     : 0
guess mix     : 0.000000
orb_swap      : [[[0, 8]], []]
init E        : -95.729778383682
init S2       : 0.75000000000014
init |[F,P]|  : 2.88e-02
init |dE|     : 6.44e-02
check file    : None

iter      total energy   |[F,P]|      |dE|         ∆E   S^2   comment
   1     -96.040373250  1.30e-02  3.17e-02  -3.11e-01  0.75  DIIS mom: 7.7/8 8.6/9
   2     -96.309711821  3.11e-03  7.12e-03  -2.69e-01  0.76  DIIS mom: 7.9/8 8.9/9
   3     -96.326889773  4.16e-04  9.63e-04  -1.72e-02  0.76  DIIS mom: 8.0/8 9.0/9
   4     -96.327681215  2.57e-04  5.57e-04  -7.91e-04  0.77  DIIS mom: 8.0/8 9.0/9
   5     -96.328104492  1.60e-04  3.42e-04  -4.23e-04  0.77  DIIS mom: 8.0/8 9.0/9
   6     -96.328417606  5.36e-05  1.17e-04  -3.13e-04  0.78  DIIS mom: 8.0/8 9.0/9
   7     -96.328455959  2.25e-05  4.98e-05  -3.84e-05  0.79  DIIS mom: 8.0/8 9.0/9
   8     -96.328462661  1.26e-05  2.75e-05  -6.70e-06  0.79  DIIS mom: 8.0/8 9.0/9
   9     -96.328465431  5.18e-06  1.15e-05  -2.77e-06  0.79  DIIS mom: 8.0/8 9.0/9
  10     -96.328465907  1.86e-06  4.23e-06  -4.76e-07  0.79  DIIS mom: 8.0/8 9.0/9
  11     -96.328465965  7.70e-07  1.67e-06  -5.82e-08  0.79  DIIS mom: 8.0/8 9.0/9
  12     -96.328465973  2.90e-07  6.34e-07  -8.07e-09  0.79  DIIS mom: 8.0/8 9.0/9
  13     -96.328465974  7.91e-08  1.76e-07  -1.04e-09  0.79  DIIS mom: 8.0/8 9.0/9
  14     -96.328465974  2.31e-08  4.98e-08  -6.31e-11  0.79  DIIS mom: 8.0/8 9.0/9
                                                                      diis is converged!

SCF converged : True
final |[F,P]| : 2.31e-08
final |dE|    : 4.98e-08
final Escf    : -137.892109667251
final Etot    : -96.3284659738886
final S2      : 0.789171021803087

  diis prep             :::        0.098 (  0.05%)
  diis extrap           :::        0.098 (  0.05%)
  roothaan              :::        0.772 (  0.43%)
  fock build            :::      177.574 ( 99.46%)
  Total                 :::      178.542 (100.00%)

Alpha occupied
  -15.897  -1.651  -1.375  -1.091  -1.027  -0.955  -0.860  -0.733 

Alpha virtual
  -14.205  -0.148  -0.103  -0.094  -0.072  -0.026  -0.021  -0.011 
   -0.003   0.005   0.022   0.036   0.040   0.068   0.086   0.105 
    0.132   0.142   0.163   0.182   0.188   0.211   0.222   0.240 
    0.269   0.278   0.279   0.334   0.354   0.361   0.372   0.377 
    0.404   0.412   0.417   0.439   0.448   0.456   0.471   0.506 
    0.520   0.524   0.558   0.564   0.610   0.628   0.637   0.657 
    0.668   0.697   0.856   0.864   0.867   0.875   0.915   0.937 
    0.948   0.969   0.986   1.002   1.018   1.021   1.046   1.061 
    1.068   1.081   1.093   1.104   1.117   1.136   1.153   1.174 
    1.181   1.213   1.219   1.265   1.293   1.319   1.329   1.391 
    1.399   1.431   1.433   1.472   1.500   1.517   1.564   1.591 
    1.621   1.671   1.678   1.702   1.775   1.781   1.888   1.930 
    2.034   2.050   2.070   2.084   2.131   2.144   2.160   2.196 
    2.213   2.271   2.292   2.328   2.350   2.381   2.457   2.510 
    2.514   2.555   2.588   2.629   2.643   2.680   2.784   2.843 
    2.865   2.885   2.890   2.917   2.954   2.985   3.054   3.059 
    3.074   3.102   3.127   3.171   3.191   3.211   3.225   3.262 
    3.276   3.332   3.338   3.376   3.441   3.455   3.479   3.502 
    3.521   3.536   3.563   3.573   3.589   3.622   3.674   3.686 
    3.701   3.730   3.782   3.810   3.850   3.879   3.925   3.990 
    4.001   4.039   4.129   4.154   4.165   4.198   4.247   4.261 
    4.314   4.328   4.369   4.413   4.469   4.505   4.532   4.630 
    4.646   4.657   4.707   4.773   4.815   4.844   4.851   4.951 
    4.972   5.000   5.006   5.195   5.212   5.242   5.297   5.326 
    5.447   5.496   5.627   5.657   5.702   5.738   5.768   5.787 
    5.897   5.932   6.036   6.065   6.099   6.112   6.168   6.245 
    6.276   6.300   6.321   6.387   6.419   6.447   6.476   6.522 
    6.553   6.601   6.706   6.819   6.829   7.043   7.097   7.127 
    7.134   7.304   7.322   7.361   7.430   7.513   7.576   7.680 
    7.707   7.722   7.819   7.837   7.875   7.981   8.102   8.155 
    8.215   8.394   8.528   8.599   8.620   8.695   8.723   8.774 
    8.808   8.877   8.887   8.999   9.017   9.028   9.099   9.131 
    9.238   9.278   9.333   9.372   9.519   9.619   9.674   9.709 
    9.748   9.778   9.898   9.933  10.010  10.079  10.105  10.141 
   10.163  10.238  10.253  10.506  10.560  10.999  11.295  11.331 
   11.369  11.505  11.554  11.589  11.649  11.661  11.707  11.749 
   11.755  11.810  11.832  11.895  11.921  11.948  11.982  12.037 
   12.048  12.130  12.159  12.211  12.376  12.492  12.564  12.583 
   12.628  12.669  12.709  12.769  12.811  12.839  12.880  12.927 
   12.960  13.020  13.038  13.081  13.099  13.195  13.199  13.259 
   13.286  13.322  13.398  13.719  13.767  13.811  13.861  14.005 
   14.146  14.172  14.279  14.307  14.404  14.513  14.534  14.821 
   14.882  15.398  15.461  15.509  15.529  15.591  15.622  15.637 
   15.735  15.739  15.767  15.853  16.030  16.072  16.109  16.166 
   16.180  16.190  16.230  16.284  16.327  16.464  16.541  16.619 
   16.771  16.842  16.851  16.882  16.914  16.929  16.967  16.972 
   17.028  17.040  17.100  17.135  17.179  17.269  17.298  17.336 
   17.445  17.486  17.518  17.544  17.703  17.824  17.840  17.885 
   17.951  17.997  18.029  18.105  18.137  18.342  18.555  18.694 
   18.809  19.103  19.161  19.210  19.430  19.567  19.722  19.793 
   19.817  19.869  19.953  20.566  20.928  21.070  21.121  21.136 
   21.203  21.303  21.334  21.652  22.011  22.021  22.312  22.352 
   22.548  22.636  22.844  22.943  23.110  23.235  23.721  23.820 
   23.880  23.907  23.980  24.019  24.036  24.316  27.040  27.051 
   27.194  27.214  41.483  41.632  41.699  41.867  44.303  45.194 
   48.055  48.104  48.165  48.732  48.968  49.130  49.190  49.232 
   49.824  50.039  51.896  52.402  52.510  52.972  53.501  53.598 
   91.366  91.418  91.447  91.527  91.548  91.578  91.599  91.706 
   93.296  93.410  93.452  93.570  99.249 100.718 138.606 138.798 
  138.885 140.595 140.793 140.882 226.098 228.342 426.771 426.928 
  427.002 429.850 430.010 430.085 526.707 529.732 1267.732 1271.408 
  1687.197 1687.313 1687.367 1691.201 1691.318 1691.373 3191.169 3195.298 
  8535.729 8540.128 24820.830 24825.367 81386.791 81391.389 322255.270 322259.891 
  1830819.111 1830823.738 

Beta occupied
  -18.491 -15.894  -1.735  -1.396  -1.144  -1.078  -1.002  -0.892 
   -0.736 

Beta virtual
   -0.155  -0.107  -0.097  -0.073  -0.029  -0.024  -0.015  -0.002 
    0.005   0.018   0.027   0.031   0.068   0.086   0.095   0.133 
    0.144   0.164   0.178   0.186   0.213   0.224   0.240   0.269 
    0.278   0.279   0.327   0.348   0.361   0.367   0.375   0.403 
    0.407   0.417   0.440   0.448   0.456   0.472   0.506   0.521 
    0.524   0.559   0.565   0.601   0.627   0.638   0.659   0.669 
    0.697   0.857   0.866   0.870   0.876   0.915   0.938   0.946 
    0.968   0.986   1.002   1.018   1.021   1.039   1.058   1.066 
    1.079   1.092   1.102   1.116   1.135   1.152   1.172   1.177 
    1.209   1.220   1.262   1.292   1.317   1.329   1.387   1.397 
    1.427   1.431   1.473   1.501   1.517   1.561   1.590   1.622 
    1.672   1.678   1.701   1.775   1.782   1.887   1.929   2.026 
    2.044   2.063   2.083   2.129   2.144   2.157   2.195   2.214 
    2.271   2.290   2.326   2.348   2.380   2.455   2.506   2.509 
    2.554   2.583   2.628   2.643   2.677   2.776   2.844   2.866 
    2.879   2.889   2.917   2.955   2.983   3.051   3.056   3.075 
    3.102   3.126   3.171   3.190   3.206   3.224   3.259   3.275 
    3.333   3.336   3.376   3.439   3.454   3.473   3.502   3.518 
    3.533   3.553   3.568   3.583   3.620   3.668   3.682   3.697 
    3.730   3.774   3.805   3.828   3.864   3.916   3.985   3.998 
    4.035   4.126   4.149   4.166   4.198   4.248   4.261   4.312 
    4.329   4.368   4.412   4.467   4.506   4.529   4.630   4.647 
    4.657   4.708   4.772   4.814   4.845   4.850   4.950   4.971 
    4.996   5.000   5.192   5.210   5.241   5.296   5.325   5.444 
    5.495   5.619   5.647   5.686   5.735   5.762   5.786   5.895 
    5.927   6.032   6.062   6.090   6.107   6.164   6.241   6.273 
    6.296   6.319   6.381   6.418   6.446   6.472   6.520   6.553 
    6.600   6.702   6.815   6.827   7.035   7.097   7.122   7.130 
    7.300   7.321   7.349   7.427   7.503   7.566   7.675   7.704 
    7.714   7.804   7.833   7.857   7.970   8.090   8.146   8.214 
    8.312   8.527   8.594   8.621   8.690   8.723   8.775   8.808 
    8.862   8.887   8.983   9.011   9.029   9.097   9.126   9.223 
    9.269   9.331   9.364   9.488   9.609   9.671   9.704   9.725 
    9.758   9.874   9.910  10.010  10.071  10.099  10.141  10.158 
   10.237  10.249  10.507  10.556  10.984  11.293  11.330  11.368 
   11.503  11.550  11.583  11.649  11.658  11.703  11.745  11.754 
   11.809  11.831  11.893  11.918  11.946  11.976  12.030  12.049 
   12.130  12.157  12.206  12.368  12.491  12.563  12.581  12.627 
   12.668  12.709  12.764  12.811  12.839  12.879  12.917  12.958 
   13.016  13.037  13.074  13.097  13.193  13.196  13.255  13.283 
   13.319  13.398  13.719  13.766  13.811  13.859  14.004  14.144 
   14.170  14.275  14.302  14.405  14.508  14.533  14.815  14.878 
   15.390  15.443  15.488  15.524  15.590  15.620  15.632  15.731 
   15.737  15.762  15.852  16.025  16.060  16.103  16.164  16.178 
   16.189  16.229  16.277  16.324  16.462  16.535  16.613  16.769 
   16.834  16.851  16.883  16.916  16.926  16.964  16.967  17.027 
   17.036  17.085  17.123  17.173  17.260  17.290  17.321  17.439 
   17.480  17.510  17.537  17.666  17.821  17.836  17.872  17.951 
   17.989  18.021  18.097  18.113  18.326  18.535  18.659  18.800 
   19.088  19.139  19.204  19.428  19.544  19.721  19.767  19.817 
   19.869  19.953  20.522  20.878  21.057  21.103  21.117  21.201 
   21.293  21.331  21.622  21.898  21.916  22.312  22.352  22.482 
   22.549  22.836  22.860  23.099  23.233  23.725  23.822  23.880 
   23.906  23.980  24.017  24.036  24.310  27.026  27.041  27.194 
   27.215  41.484  41.632  41.699  41.867  43.982  45.178  47.885 
   47.934  47.994  48.555  48.791  49.128  49.184  49.229  49.820 
   50.040  51.559  52.089  52.197  52.970  53.497  53.596  91.368 
   91.420  91.449  91.528  91.549  91.578  91.599  91.706  93.298 
   93.411  93.452  93.570  98.871 100.714 138.190 138.383 138.471 
  140.595 140.793 140.882 225.742 228.340 426.411 426.569 426.643 
  429.850 430.010 430.085 526.423 529.732 1267.539 1271.407 1686.995 
  1687.111 1687.165 1691.201 1691.318 1691.373 3191.056 3195.298 8535.672 
  8540.128 24820.805 24825.367 81386.782 81391.389 322255.267 322259.891 1830819.111 
  1830823.738 

  SA 0  : 1 (0.48) 2 (0.52)    SB 0  : 0 (1.00)
  SA 1  : 1 (0.21) 2 (0.17) 3 (0.18) 5 (0.19)    SB 1  : 1 (0.48) 2 (0.52)
  SA 2  : 3 (0.18) 4 (0.25) 5 (0.15) 6 (0.23)    SB 2  : 1 (0.19) 2 (0.16) 3 (0.22) 5 (0.22) 7 (0.11)
  SA 3  : 3 (0.40) 5 (0.47)    SB 3  : 3 (0.13) 4 (0.27) 5 (0.10) 6 (0.25) 8 (0.11)
  SA 4  : 1 (0.14) 2 (0.14) 3 (0.11) 5 (0.11) 6 (0.32) 7 (0.17)    SB 4  : 3 (0.40) 5 (0.48)
  SA 5  : 1 (0.12) 2 (0.13) 4 (0.38) 7 (0.23)    SB 5  : 1 (0.10) 2 (0.11) 3 (0.15) 5 (0.11) 6 (0.24) 7 (0.24)
  SA 6  : 4 (0.20) 6 (0.25) 7 (0.40)    SB 6  : 1 (0.13) 2 (0.14) 4 (0.24) 7 (0.39)
  SA 7  : 8 (0.78)    SB 7  : 4 (0.37) 6 (0.40) 7 (0.15)
  SB 8  : 8 (0.81)

The transition for spin alpha is from 7 (0.01) to 1 (1.00).



  >>> Running UHF-MP2 <<<

MP2 correlation energy (UHF) : -0.5623034305
MP2 total energy       (UHF) : -96.8907694044

