	*********************************************** 
	***** Beginning CEBE Calculation with MOM ***** 
	*****       Calculation Details:          ***** 
	      Geometry:	 /home/am3939/core/calculations/mols/exp/n/c2h5c-n.xyz
	      Core Basis:	 pcX-4
	      Full Basis:	 pc-4
	      DIIS (start, space):	 0 50
	      Level shift:	 0
	      Do localization?:	 False
	      Do SFX2C1E?:	 True
	      Freeze orbitals?:	 True
	      Use Cheng orbitals?:	 False
	      Do Special Basis?:	 True
	      Do Special Basis?:	 pcX-4
	*********************************************** 
	*********************************************** 

  >>> Running RHF <<<

init D/C      : minao
init ov       : zeros
no            : 15
nv            : 758
ov_size       : 11370
max_cycle     : 1000
conv          : 6
econv         : 9
method        : gdm
scale_stop    : 0
scale_factor  : 1.000000
init E        : -170.945851401509
init |[F,P]|  : 4.88e-03
init |dE|     : 1.01e-02
check file    : None

iter      total energy   |[F,P]|      |dE|         ∆E   comment
   1    -170.985191783  4.09e-03  9.15e-03  -3.93e-02  BFGS
   2    -171.034865032  4.81e-04  1.00e-03  -4.97e-02  BFGS
   3    -171.035796485  1.57e-04  3.40e-04  -9.31e-04  BFGS
   4    -171.035907079  3.83e-05  8.95e-05  -1.11e-04  BFGS
   5    -171.035913418  1.12e-05  2.44e-05  -6.34e-06  BFGS
   6    -171.035914051  2.34e-06  5.34e-06  -6.33e-07  BFGS
   7    -171.035914072  6.54e-07  1.41e-06  -2.13e-08  BFGS
   8    -171.035914075  2.52e-07  5.46e-07  -2.79e-09  BFGS
   9    -171.035914075  1.43e-07  3.05e-07  -7.20e-10  BFGS
                                                                      gdm is converged!

SCF converged : True
final |[F,P]| : 1.43e-07
final |dE|    : 3.05e-07
final Escf    : -274.222703493515
final Etot    : -171.035914075386

  pxp & ewc             :::        0.503 (  0.07%)
  apply B               :::        0.002 (  0.00%)
  linsrch               :::      739.092 ( 99.93%)
  grad                  :::        0.022 (  0.00%)
  Total                 :::      739.619 (100.00%)

Alpha occupied
  -15.565 -11.284 -11.271 -11.246  -1.218  -1.085  -0.913  -0.703 
   -0.662  -0.592  -0.564  -0.545  -0.540  -0.458  -0.458 

Alpha virtual
    0.040   0.056   0.065   0.068   0.096   0.097   0.102   0.109 
    0.110   0.137   0.139   0.143   0.148   0.161   0.183   0.186 
    0.189   0.203   0.221   0.225   0.242   0.255   0.258   0.267 
    0.284   0.288   0.296   0.315   0.317   0.330   0.340   0.347 
    0.361   0.377   0.379   0.394   0.394   0.413   0.415   0.421 
    0.434   0.467   0.478   0.484   0.488   0.513   0.516   0.521 
    0.530   0.530   0.554   0.570   0.572   0.604   0.609   0.611 
    0.626   0.645   0.649   0.651   0.651   0.664   0.671   0.681 
    0.689   0.690   0.698   0.711   0.722   0.736   0.749   0.763 
    0.793   0.798   0.820   0.820   0.836   0.845   0.864   0.877 
    0.888   0.895   0.924   0.936   0.953   0.978   0.993   1.002 
    1.035   1.041   1.051   1.056   1.112   1.120   1.130   1.138 
    1.178   1.182   1.206   1.219   1.235   1.237   1.250   1.268 
    1.282   1.286   1.313   1.320   1.332   1.339   1.345   1.350 
    1.371   1.405   1.408   1.443   1.454   1.455   1.469   1.489 
    1.499   1.512   1.517   1.523   1.531   1.542   1.547   1.578 
    1.582   1.591   1.618   1.630   1.646   1.658   1.658   1.683 
    1.689   1.726   1.738   1.757   1.774   1.787   1.806   1.808 
    1.822   1.858   1.867   1.911   1.918   1.935   1.960   1.988 
    2.000   2.015   2.031   2.032   2.071   2.094   2.096   2.142 
    2.143   2.180   2.182   2.200   2.217   2.229   2.242   2.261 
    2.306   2.318   2.339   2.379   2.411   2.431   2.436   2.437 
    2.453   2.477   2.487   2.507   2.567   2.572   2.574   2.587 
    2.621   2.642   2.645   2.664   2.665   2.682   2.692   2.740 
    2.741   2.752   2.781   2.826   2.839   2.854   2.870   2.895 
    2.940   2.976   2.991   3.030   3.071   3.111   3.152   3.162 
    3.218   3.226   3.272   3.284   3.303   3.318   3.365   3.373 
    3.399   3.402   3.423   3.482   3.492   3.503   3.518   3.571 
    3.574   3.608   3.610   3.661   3.661   3.695   3.717   3.736 
    3.743   3.753   3.780   3.812   3.818   3.849   3.869   3.890 
    3.903   3.945   3.974   3.996   4.001   4.049   4.076   4.092 
    4.105   4.109   4.167   4.189   4.194   4.222   4.261   4.277 
    4.317   4.325   4.331   4.359   4.369   4.370   4.375   4.404 
    4.412   4.423   4.454   4.460   4.474   4.508   4.534   4.554 
    4.555   4.598   4.611   4.631   4.672   4.674   4.707   4.722 
    4.754   4.761   4.783   4.791   4.805   4.835   4.858   4.864 
    4.880   4.895   4.931   4.946   4.970   4.979   4.990   5.023 
    5.042   5.085   5.099   5.109   5.151   5.160   5.203   5.213 
    5.233   5.242   5.256   5.259   5.308   5.335   5.337   5.375 
    5.400   5.420   5.437   5.458   5.489   5.492   5.511   5.512 
    5.552   5.567   5.607   5.654   5.663   5.725   5.760   5.767 
    5.794   5.794   5.828   5.838   5.869   5.891   5.903   5.914 
    5.978   5.979   6.044   6.056   6.096   6.155   6.196   6.248 
    6.281   6.328   6.365   6.392   6.440   6.447   6.512   6.582 
    6.584   6.600   6.640   6.664   6.689   6.711   6.780   6.810 
    6.826   6.912   6.917   7.034   7.056   7.073   7.118   7.153 
    7.156   7.171   7.193   7.236   7.287   7.312   7.330   7.374 
    7.385   7.394   7.420   7.462   7.467   7.510   7.627   7.650 
    7.691   7.745   7.899   7.978   8.011   8.024   8.097   8.109 
    8.199   8.212   8.309   8.354   8.417   8.436   8.471   8.663 
    8.764   8.775   9.027   9.143   9.143   9.217   9.231   9.257 
    9.258   9.328   9.373   9.382   9.398   9.453   9.463   9.491 
    9.499   9.509   9.534   9.535   9.555   9.614   9.684   9.707 
    9.712   9.731   9.756   9.762   9.807   9.896   9.974  10.006 
   10.071  10.120  10.156  10.181  10.213  10.287  10.346  10.348 
   10.440  10.603  10.771  10.795  10.945  10.967  10.987  10.990 
   11.011  11.029  11.053  11.107  11.113  11.179  11.195  11.242 
   11.243  11.252  11.280  11.313  11.324  11.353  11.366  11.482 
   11.497  11.531  11.589  11.613  11.637  11.675  11.687  11.749 
   11.761  11.763  11.764  11.806  11.880  11.882  11.884  11.930 
   11.985  11.990  11.990  12.028  12.036  12.049  12.051  12.068 
   12.155  12.196  12.260  12.279  12.322  12.328  12.387  12.390 
   12.395  12.396  12.475  12.480  12.506  12.550  12.558  12.589 
   12.661  12.680  12.684  12.708  12.721  12.728  12.785  12.789 
   12.827  12.845  12.868  12.920  12.959  12.963  12.984  13.036 
   13.069  13.102  13.115  13.133  13.155  13.157  13.214  13.236 
   13.257  13.267  13.280  13.325  13.352  13.352  13.376  13.376 
   13.414  13.422  13.460  13.522  13.564  13.566  13.629  13.664 
   13.664  13.687  13.736  13.762  13.808  13.828  13.832  13.891 
   13.928  13.972  14.000  14.016  14.023  14.119  14.153  14.184 
   14.239  14.255  14.274  14.337  14.434  14.521  14.532  14.580 
   14.705  14.763  14.779  14.813  14.910  14.925  14.925  15.104 
   15.168  15.231  15.233  15.252  15.289  15.345  15.376  15.472 
   15.486  15.638  15.788  15.809  15.846  15.924  15.944  15.947 
   16.036  16.061  16.171  16.320  16.397  16.427  16.436  16.451 
   16.588  16.674  16.810  16.845  16.849  16.869  16.910  17.003 
   17.213  17.225  17.229  17.236  17.246  17.253  17.281  17.296 
   17.299  17.329  17.352  17.531  17.581  17.586  17.698  17.726 
   17.756  17.791  17.854  17.879  17.931  17.940  17.950  17.998 
   17.999  18.199  18.507  18.903  18.931  18.936  19.017  19.070 
   19.114  19.154  19.256  19.295  19.366  19.366  19.393  19.666 
   20.126  20.302  20.376  20.438  20.457  20.497  20.513  20.609 
   20.644  20.690  20.750  20.752  20.825  20.942  21.284  21.287 
   21.336  21.511  21.868  21.919  21.923  22.031  22.110  22.135 
   22.185  22.434  22.437  23.162  23.860  24.086  24.219  24.257 
   24.458  24.506  24.650  24.737  24.743  24.752  25.332  26.219 
   26.239  26.302  26.343  26.345  32.878  32.889  33.483  33.542 
   33.622  33.649  34.166  34.185  34.291  34.389  34.654  34.930 
   35.034  35.082  36.166  41.768  41.894  42.054  42.155  42.287 
   45.097  48.902  48.911  49.383  49.387  50.093  52.681  52.714 
   54.002  78.452  79.632  80.983  91.680  91.812  91.929  91.947 
   92.055  92.123  92.201  92.266  92.290  92.299  93.220  93.239 
   93.281  93.309  93.309 100.688 140.414 140.439 141.258 228.354 
  429.778 429.799 430.456 529.772 1271.470 1691.252 1691.267 1691.737 
  3195.379 8540.226 24825.482 81391.523 322260.047 1830823.925 


  >>> Running RHF-MP2 <<<


RMP2-TIMING
  rmp2                  :::      525.732 (100.00%)
  Total                 :::      525.732 (100.00%)

MP2 correlation energy (RHF) : -0.9300170228
MP2 total energy       (RHF) : -171.9659310982


  >>> Running UHF <<<

init D/C      : input mo_coeff
init ov       : zeros
no            : 14 15
nv            : 759 758
ov_size       : 21996
max_cycle     : 1000
conv          : 6
econv         : 9
method        : diis
mom_start     : 0
guess mix     : 0.000000
orb_swap      : [[[0, 14]], []]
init E        : -155.471076002007
init S2       : 0.750000000000121
init |[F,P]|  : 1.22e-02
init |dE|     : 3.44e-02
check file    : None

iter      total energy   |[F,P]|      |dE|         ∆E   S^2   comment
   1    -155.752329976  8.52e-03  2.29e-02  -2.81e-01  0.75  DIIS mom: 13.6/14 14.5/15
   2    -156.150767416  1.32e-03  3.19e-03  -3.98e-01  0.76  DIIS mom: 13.9/14 14.9/15
   3    -156.162044778  3.47e-04  8.24e-04  -1.13e-02  0.77  DIIS mom: 14.0/14 15.0/15
   4    -156.163659630  2.15e-04  4.90e-04  -1.61e-03  0.78  DIIS mom: 14.0/14 15.0/15
   5    -156.165495606  1.71e-04  3.78e-04  -1.84e-03  0.80  DIIS mom: 14.0/14 15.0/15
   6    -156.167567012  1.14e-04  2.53e-04  -2.07e-03  0.85  DIIS mom: 14.0/14 15.0/15
   7    -156.168614889  4.43e-05  1.06e-04  -1.05e-03  0.93  DIIS mom: 14.0/14 15.0/15
   8    -156.168652507  1.24e-05  2.73e-05  -3.76e-05  0.94  DIIS mom: 14.0/14 15.0/15
   9    -156.168656354  4.43e-06  8.95e-06  -3.85e-06  0.94  DIIS mom: 14.0/14 15.0/15
  10    -156.168656701  1.67e-06  3.24e-06  -3.47e-07  0.94  DIIS mom: 14.0/14 15.0/15
  11    -156.168656748  6.44e-07  1.30e-06  -4.70e-08  0.94  DIIS mom: 14.0/14 15.0/15
  12    -156.168656754  3.00e-07  5.54e-07  -6.16e-09  0.94  DIIS mom: 14.0/14 15.0/15
  13    -156.168656756  1.19e-07  2.25e-07  -1.56e-09  0.94  DIIS mom: 14.0/14 15.0/15
  14    -156.168656756  3.78e-08  8.03e-08  -2.87e-10  0.94  DIIS mom: 14.0/14 15.0/15
                                                                      diis is converged!

SCF converged : True
final |[F,P]| : 3.78e-08
final |dE|    : 8.03e-08
final Escf    : -259.355446174326
final Etot    : -156.168656756196
final S2      : 0.941331862091662

  diis prep             :::        0.291 (  0.02%)
  diis extrap           :::        0.246 (  0.02%)
  roothaan              :::        1.593 (  0.13%)
  fock build            :::     1236.072 ( 99.83%)
  Total                 :::     1238.201 (100.00%)

Alpha occupied
  -11.711 -11.528 -11.442  -1.643  -1.341  -1.142  -0.988  -0.938 
   -0.922  -0.885  -0.831  -0.772  -0.753  -0.735 

Alpha virtual
  -14.153  -0.138  -0.136  -0.107  -0.070  -0.070  -0.062  -0.037 
   -0.030  -0.028  -0.022  -0.021   0.002   0.016   0.019   0.027 
    0.032   0.033   0.060   0.073   0.081   0.083   0.091   0.096 
    0.104   0.119   0.124   0.138   0.144   0.148   0.163   0.175 
    0.183   0.187   0.191   0.211   0.214   0.227   0.230   0.247 
    0.256   0.266   0.304   0.313   0.316   0.327   0.335   0.346 
    0.348   0.349   0.356   0.388   0.393   0.393   0.421   0.432 
    0.440   0.453   0.461   0.464   0.479   0.486   0.502   0.502 
    0.507   0.508   0.510   0.520   0.530   0.545   0.560   0.568 
    0.573   0.597   0.615   0.620   0.638   0.648   0.654   0.660 
    0.685   0.692   0.700   0.701   0.728   0.750   0.786   0.788 
    0.811   0.833   0.843   0.861   0.866   0.885   0.917   0.919 
    0.950   0.960   0.992   1.001   1.020   1.021   1.040   1.048 
    1.053   1.072   1.074   1.111   1.124   1.133   1.150   1.152 
    1.163   1.179   1.197   1.209   1.220   1.246   1.250   1.274 
    1.288   1.315   1.322   1.330   1.342   1.346   1.355   1.359 
    1.379   1.386   1.398   1.418   1.428   1.433   1.441   1.446 
    1.477   1.492   1.501   1.504   1.526   1.533   1.558   1.586 
    1.608   1.614   1.643   1.657   1.682   1.700   1.717   1.728 
    1.742   1.757   1.786   1.809   1.815   1.826   1.834   1.874 
    1.889   1.914   1.945   1.946   1.967   1.994   2.006   2.020 
    2.039   2.084   2.085   2.112   2.145   2.175   2.208   2.210 
    2.218   2.219   2.243   2.268   2.289   2.311   2.347   2.366 
    2.374   2.402   2.430   2.430   2.435   2.463   2.473   2.481 
    2.506   2.518   2.531   2.560   2.597   2.601   2.645   2.658 
    2.660   2.729   2.730   2.782   2.818   2.843   2.860   2.903 
    2.931   2.977   3.007   3.041   3.043   3.055   3.078   3.146 
    3.147   3.161   3.189   3.243   3.252   3.272   3.279   3.305 
    3.338   3.346   3.390   3.393   3.411   3.422   3.441   3.470 
    3.472   3.497   3.520   3.568   3.584   3.597   3.614   3.641 
    3.678   3.680   3.699   3.722   3.757   3.794   3.818   3.840 
    3.855   3.894   3.901   3.936   3.953   3.959   3.968   4.000 
    4.033   4.054   4.057   4.089   4.110   4.112   4.132   4.168 
    4.171   4.197   4.201   4.220   4.237   4.247   4.270   4.287 
    4.298   4.325   4.345   4.356   4.371   4.397   4.407   4.414 
    4.445   4.486   4.512   4.548   4.553   4.556   4.587   4.605 
    4.633   4.639   4.657   4.671   4.689   4.730   4.737   4.772 
    4.780   4.800   4.835   4.852   4.855   4.866   4.909   4.979 
    4.986   4.999   5.009   5.018   5.030   5.039   5.079   5.120 
    5.130   5.156   5.182   5.196   5.214   5.219   5.221   5.280 
    5.283   5.318   5.335   5.383   5.419   5.445   5.491   5.546 
    5.549   5.550   5.555   5.593   5.628   5.651   5.662   5.663 
    5.685   5.725   5.745   5.784   5.796   5.873   5.910   5.962 
    6.013   6.034   6.103   6.110   6.147   6.206   6.218   6.295 
    6.338   6.340   6.360   6.390   6.405   6.418   6.491   6.557 
    6.560   6.571   6.674   6.702   6.750   6.774   6.823   6.849 
    6.860   6.902   6.915   6.972   6.992   7.024   7.093   7.097 
    7.116   7.118   7.158   7.182   7.185   7.209   7.263   7.306 
    7.368   7.396   7.491   7.651   7.702   7.727   7.751   7.870 
    7.876   7.925   7.997   8.040   8.048   8.088   8.199   8.216 
    8.349   8.417   8.576   8.797   8.803   8.889   8.914   8.933 
    8.998   9.027   9.108   9.163   9.173   9.186   9.201   9.234 
    9.244   9.255   9.290   9.298   9.323   9.334   9.337   9.351 
    9.409   9.469   9.502   9.560   9.562   9.573   9.681   9.736 
    9.793   9.853   9.913   9.958   9.969   9.992  10.075  10.138 
   10.145  10.156  10.239  10.369  10.394  10.594  10.631  10.655 
   10.668  10.682  10.704  10.734  10.811  10.836  10.847  10.848 
   10.882  10.888  10.970  11.024  11.063  11.085  11.115  11.125 
   11.211  11.223  11.247  11.320  11.333  11.395  11.399  11.405 
   11.462  11.482  11.492  11.500  11.557  11.577  11.604  11.635 
   11.637  11.670  11.690  11.711  11.711  11.729  11.776  11.776 
   11.816  11.882  11.922  11.948  11.977  12.024  12.052  12.074 
   12.078  12.165  12.180  12.228  12.231  12.258  12.267  12.288 
   12.304  12.390  12.395  12.422  12.435  12.510  12.517  12.527 
   12.549  12.557  12.584  12.613  12.657  12.693  12.716  12.759 
   12.799  12.827  12.853  12.892  12.895  12.901  12.925  12.978 
   12.988  13.030  13.033  13.059  13.066  13.079  13.096  13.133 
   13.141  13.178  13.185  13.216  13.288  13.317  13.324  13.364 
   13.388  13.399  13.412  13.449  13.498  13.519  13.570  13.612 
   13.655  13.692  13.731  13.735  13.787  13.794  13.873  13.879 
   13.943  14.006  14.008  14.051  14.109  14.221  14.263  14.274 
   14.390  14.443  14.507  14.544  14.587  14.602  14.602  14.658 
   14.845  14.897  14.901  14.981  15.007  15.066  15.101  15.153 
   15.239  15.274  15.409  15.530  15.533  15.586  15.608  15.612 
   15.625  15.775  15.818  15.967  16.043  16.089  16.113  16.234 
   16.247  16.381  16.404  16.436  16.478  16.562  16.609  16.673 
   16.676  16.948  16.961  16.989  17.001  17.020  17.035  17.040 
   17.055  17.066  17.108  17.110  17.128  17.159  17.317  17.322 
   17.426  17.485  17.566  17.577  17.615  17.635  17.695  17.748 
   17.752  17.769  17.837  18.221  18.404  18.419  18.708  18.785 
   18.840  18.928  18.959  19.004  19.063  19.148  19.176  19.183 
   19.478  19.628  20.034  20.125  20.161  20.194  20.233  20.266 
   20.321  20.338  20.455  20.534  20.563  20.599  20.686  21.077 
   21.093  21.094  21.183  21.212  21.357  21.577  21.667  21.709 
   21.900  21.916  22.240  22.246  22.549  23.672  23.847  24.026 
   24.069  24.223  24.272  24.435  24.524  24.553  24.557  24.832 
   25.988  26.005  26.113  26.146  26.148  32.444  32.455  33.245 
   33.318  33.413  33.429  33.769  33.771  34.024  34.187  34.407 
   34.707  34.838  34.867  35.739  41.550  41.700  41.840  41.919 
   42.096  44.040  47.575  47.584  48.045  48.049  48.753  51.333 
   51.366  52.649  78.081  79.365  80.754  91.489  91.568  91.734 
   91.755  91.816  91.883  91.974  92.058  92.096  92.099  92.992 
   93.006  93.091  93.101  93.104  98.977 138.141 138.167 138.978 
  225.848 426.413 426.434 427.089 526.475 1267.520 1686.963 1686.977 
  1687.447 3190.974 8535.550 24820.667 81386.646 322255.146 1830819.017 

Beta occupied
  -18.459 -11.695 -11.529 -11.442  -1.741  -1.341  -1.141  -1.077 
   -0.993  -0.991  -0.942  -0.871  -0.786  -0.752  -0.737 

Beta virtual
   -0.147  -0.145  -0.107  -0.070  -0.069  -0.061  -0.037  -0.029 
   -0.026  -0.022  -0.021   0.002   0.015   0.018   0.026   0.033 
    0.033   0.060   0.074   0.081   0.084   0.088   0.095   0.104 
    0.121   0.125   0.139   0.146   0.152   0.162   0.177   0.182 
    0.193   0.193   0.211   0.214   0.229   0.231   0.245   0.255 
    0.267   0.302   0.313   0.316   0.330   0.336   0.345   0.346 
    0.350   0.356   0.388   0.391   0.394   0.421   0.432   0.440 
    0.450   0.459   0.463   0.478   0.487   0.503   0.503   0.507 
    0.508   0.511   0.524   0.530   0.545   0.560   0.567   0.579 
    0.591   0.615   0.620   0.635   0.645   0.654   0.658   0.686 
    0.691   0.699   0.711   0.728   0.752   0.788   0.791   0.812 
    0.833   0.843   0.862   0.867   0.875   0.917   0.917   0.947 
    0.961   0.989   1.001   1.019   1.022   1.040   1.051   1.055 
    1.070   1.073   1.107   1.125   1.134   1.149   1.152   1.164 
    1.177   1.198   1.207   1.217   1.246   1.248   1.271   1.290 
    1.313   1.323   1.331   1.342   1.346   1.356   1.359   1.376 
    1.387   1.398   1.416   1.418   1.431   1.433   1.444   1.470 
    1.474   1.494   1.504   1.516   1.530   1.558   1.585   1.606 
    1.614   1.644   1.659   1.676   1.701   1.718   1.731   1.744 
    1.768   1.787   1.811   1.819   1.835   1.836   1.873   1.898 
    1.917   1.949   1.950   1.970   1.994   2.007   2.021   2.039 
    2.080   2.084   2.111   2.148   2.168   2.198   2.207   2.216 
    2.219   2.245   2.269   2.289   2.316   2.349   2.367   2.373 
    2.403   2.430   2.431   2.436   2.463   2.473   2.482   2.507 
    2.518   2.532   2.561   2.592   2.603   2.644   2.656   2.658 
    2.728   2.729   2.783   2.818   2.844   2.856   2.895   2.929 
    2.973   2.990   3.032   3.043   3.045   3.076   3.144   3.146 
    3.160   3.188   3.243   3.253   3.266   3.277   3.302   3.337 
    3.346   3.372   3.378   3.386   3.410   3.437   3.447   3.472 
    3.496   3.521   3.568   3.581   3.595   3.612   3.639   3.674 
    3.679   3.699   3.714   3.756   3.796   3.819   3.835   3.851 
    3.896   3.901   3.938   3.938   3.962   3.968   4.001   4.032 
    4.044   4.048   4.089   4.112   4.115   4.129   4.163   4.168 
    4.194   4.202   4.221   4.233   4.247   4.265   4.283   4.291 
    4.326   4.347   4.357   4.367   4.393   4.407   4.409   4.443 
    4.495   4.516   4.549   4.554   4.557   4.585   4.607   4.634 
    4.635   4.658   4.671   4.688   4.729   4.738   4.773   4.779 
    4.801   4.835   4.845   4.857   4.866   4.908   4.978   4.986 
    5.000   5.008   5.019   5.030   5.040   5.082   5.119   5.128 
    5.156   5.182   5.194   5.209   5.217   5.220   5.281   5.283 
    5.318   5.335   5.383   5.420   5.444   5.487   5.542   5.547 
    5.549   5.555   5.592   5.628   5.651   5.661   5.663   5.685 
    5.726   5.746   5.782   5.795   5.873   5.910   5.962   6.014 
    6.033   6.104   6.110   6.147   6.206   6.219   6.296   6.338 
    6.341   6.360   6.390   6.406   6.419   6.492   6.557   6.562 
    6.570   6.673   6.700   6.739   6.767   6.799   6.828   6.855 
    6.897   6.914   6.972   6.986   7.007   7.088   7.091   7.112 
    7.116   7.148   7.176   7.177   7.204   7.259   7.289   7.363 
    7.385   7.488   7.645   7.695   7.725   7.748   7.864   7.865 
    7.916   7.982   8.016   8.045   8.052   8.196   8.216   8.291 
    8.398   8.575   8.773   8.798   8.863   8.900   8.933   8.998 
    9.025   9.108   9.113   9.131   9.176   9.177   9.201   9.245 
    9.253   9.288   9.297   9.315   9.327   9.331   9.349   9.409 
    9.470   9.503   9.560   9.562   9.573   9.681   9.735   9.792 
    9.854   9.914   9.958   9.970   9.992  10.076  10.104  10.141 
   10.146  10.236  10.385  10.409  10.600  10.635  10.659  10.672 
   10.688  10.703  10.729  10.814  10.838  10.857  10.859  10.882 
   10.890  10.963  11.025  11.059  11.086  11.115  11.126  11.210 
   11.224  11.248  11.319  11.329  11.355  11.360  11.405  11.461 
   11.480  11.490  11.498  11.556  11.572  11.599  11.643  11.644 
   11.672  11.695  11.698  11.698  11.727  11.775  11.776  11.819 
   11.886  11.931  11.948  11.979  12.025  12.049  12.069  12.074 
   12.163  12.180  12.226  12.230  12.258  12.268  12.285  12.304 
   12.387  12.394  12.420  12.434  12.509  12.517  12.529  12.549 
   12.557  12.582  12.614  12.655  12.690  12.714  12.759  12.799 
   12.827  12.851  12.892  12.896  12.900  12.926  12.980  12.988 
   13.031  13.033  13.059  13.069  13.081  13.095  13.133  13.142 
   13.178  13.186  13.215  13.288  13.318  13.325  13.364  13.387 
   13.401  13.411  13.448  13.499  13.518  13.569  13.613  13.655 
   13.690  13.732  13.735  13.787  13.793  13.870  13.878  13.942 
   14.005  14.008  14.051  14.109  14.220  14.261  14.274  14.390 
   14.436  14.505  14.544  14.575  14.575  14.586  14.655  14.844 
   14.875  14.880  14.981  15.006  15.065  15.100  15.153  15.239 
   15.274  15.408  15.529  15.531  15.574  15.590  15.604  15.618 
   15.773  15.817  15.967  16.041  16.087  16.111  16.233  16.247 
   16.378  16.388  16.411  16.470  16.518  16.608  16.673  16.676 
   16.875  16.886  16.989  16.999  17.018  17.035  17.039  17.055 
   17.065  17.108  17.110  17.127  17.159  17.260  17.317  17.422 
   17.472  17.566  17.574  17.603  17.634  17.692  17.748  17.751 
   17.768  17.801  18.216  18.367  18.384  18.708  18.784  18.840 
   18.928  18.958  19.002  19.063  19.149  19.176  19.183  19.478 
   19.558  20.026  20.111  20.139  20.182  20.228  20.263  20.321 
   20.334  20.456  20.531  20.562  20.598  20.675  20.986  21.022 
   21.093  21.103  21.138  21.286  21.452  21.658  21.708  21.899 
   21.913  22.240  22.246  22.431  23.672  23.848  24.026  24.069 
   24.224  24.272  24.435  24.524  24.553  24.557  24.797  25.989 
   26.005  26.113  26.146  26.148  32.452  32.463  33.244  33.318 
   33.413  33.429  33.774  33.776  34.024  34.187  34.407  34.707 
   34.838  34.867  35.740  41.550  41.700  41.840  41.920  42.096 
   43.694  47.391  47.400  47.866  47.870  48.560  50.983  51.017 
   52.329  78.084  79.366  80.754  91.489  91.568  91.734  91.755 
   91.817  91.883  91.974  92.058  92.096  92.099  92.992  93.006 
   93.091  93.101  93.104  98.589 137.719 137.746 138.562 225.488 
  426.052 426.073 426.729 526.190 1267.326 1686.760 1686.775 1687.245 
  3190.860 8535.493 24820.642 81386.637 322255.144 1830819.017 


  >>> Running UHF-MP2 <<<

MP2 correlation energy (UHF) : -0.8864929812
MP2 total energy       (UHF) : -157.0551497374

