	*********************************************** 
	***** Beginning CEBE Calculation with MOM ***** 
	*****       Calculation Details:          ***** 
	      Geometry:	 /work/morgunov/rev2calcs/mols/exp/o/c4h4o.xyz
	      Core Basis:	 ccX-5Z
	      Full Basis:	 cc-pV5Z
	      DIIS (start, space):	 0 50
	      Level shift:	 0
	      Do localization?:	 False
	      Do SFX2C1E?:	 True
	      Freeze orbitals?:	 True
	      Use Cheng orbitals?:	 False
	      Do Special Basis?:	 True
	      Do Special Basis?:	 ccX-5Z
	*********************************************** 
	*********************************************** 

  >>> Running RHF <<<

init D/C      : minao
init ov       : zeros
no            : 18
nv            : 758
ov_size       : 13644
max_cycle     : 1000
conv          : 6
econv         : 9
method        : gdm
scale_stop    : 0
scale_factor  : 1.000000
init E        : -228.657382145351
init |[F,P]|  : 3.65e-03
init |dE|     : 8.34e-03
check file    : None

iter      total energy   |[F,P]|      |dE|         ∆E   comment
   1    -228.715942215  1.69e-03  3.64e-03  -5.86e-02  BFGS
   2    -228.725275792  4.63e-04  1.02e-03  -9.33e-03  BFGS
   3    -228.725795474  1.26e-04  2.84e-04  -5.20e-04  BFGS
   4    -228.725859573  4.49e-05  1.02e-04  -6.41e-05  BFGS
   5    -228.725869192  1.25e-05  2.71e-05  -9.62e-06  BFGS
   6    -228.725870824  5.88e-06  1.28e-05  -1.63e-06  BFGS
   7    -228.725871061  1.77e-06  4.13e-06  -2.37e-07  BFGS
   8    -228.725871081  3.92e-07  8.41e-07  -1.94e-08  BFGS
   9    -228.725871082  1.11e-07  2.39e-07  -1.62e-09  BFGS
  10    -228.725871082  2.71e-08  5.84e-08  -1.04e-10  BFGS
                                                                      gdm is converged!

SCF converged : True
final |[F,P]| : 2.71e-08
final |dE|    : 5.84e-08
final Escf    : -389.620008421492
final Etot    : -228.725871082454

  pxp & ewc             :::        0.910 (  0.04%)
  apply B               :::        0.004 (  0.00%)
  linsrch               :::     2424.549 ( 99.96%)
  grad                  :::        0.037 (  0.00%)
  Total                 :::     2425.500 (100.00%)

Alpha occupied
  -20.622 -11.288 -11.288 -11.231 -11.230  -1.458  -1.084  -1.003 
   -0.806  -0.783  -0.740  -0.634  -0.610  -0.578  -0.566  -0.539 
   -0.399  -0.320 

Alpha virtual
    0.095   0.104   0.110   0.129   0.129   0.153   0.179   0.191 
    0.205   0.206   0.218   0.237   0.244   0.250   0.266   0.315 
    0.334   0.354   0.356   0.361   0.373   0.377   0.388   0.403 
    0.414   0.427   0.438   0.439   0.487   0.487   0.524   0.530 
    0.588   0.589   0.594   0.616   0.617   0.621   0.635   0.641 
    0.654   0.675   0.683   0.696   0.715   0.736   0.740   0.776 
    0.782   0.794   0.817   0.821   0.853   0.858   0.867   0.895 
    0.899   0.905   0.928   0.937   0.945   0.979   0.986   0.986 
    1.006   1.031   1.045   1.051   1.090   1.119   1.123   1.125 
    1.135   1.167   1.178   1.238   1.251   1.272   1.274   1.277 
    1.301   1.303   1.372   1.392   1.433   1.438   1.446   1.453 
    1.457   1.510   1.530   1.534   1.553   1.553   1.557   1.585 
    1.591   1.599   1.602   1.627   1.637   1.647   1.652   1.653 
    1.656   1.661   1.695   1.709   1.747   1.749   1.758   1.814 
    1.833   1.838   1.859   1.881   1.895   1.906   1.924   2.002 
    2.003   2.013   2.027   2.048   2.068   2.093   2.094   2.097 
    2.118   2.137   2.141   2.178   2.178   2.206   2.213   2.218 
    2.219   2.233   2.265   2.290   2.300   2.302   2.331   2.341 
    2.350   2.370   2.392   2.424   2.430   2.460   2.465   2.549 
    2.596   2.629   2.660   2.690   2.717   2.746   2.777   2.796 
    2.849   2.869   2.902   2.908   2.920   2.946   2.968   3.014 
    3.060   3.061   3.094   3.095   3.112   3.121   3.167   3.187 
    3.235   3.250   3.252   3.261   3.270   3.284   3.333   3.338 
    3.340   3.352   3.387   3.411   3.423   3.454   3.478   3.486 
    3.490   3.500   3.554   3.608   3.623   3.647   3.663   3.663 
    3.695   3.750   3.751   3.787   3.795   3.808   3.811   3.831 
    3.854   3.861   3.863   3.908   3.915   3.922   3.939   3.939 
    3.950   3.951   3.984   4.014   4.039   4.057   4.071   4.075 
    4.126   4.130   4.165   4.181   4.185   4.198   4.215   4.220 
    4.233   4.254   4.271   4.333   4.343   4.378   4.407   4.408 
    4.425   4.476   4.494   4.510   4.518   4.541   4.550   4.552 
    4.564   4.630   4.649   4.662   4.668   4.746   4.754   4.785 
    4.798   4.800   4.805   4.868   4.879   4.891   4.895   4.934 
    4.960   4.986   5.042   5.045   5.046   5.051   5.084   5.098 
    5.170   5.171   5.204   5.204   5.206   5.228   5.245   5.248 
    5.283   5.286   5.330   5.331   5.337   5.347   5.399   5.400 
    5.429   5.471   5.512   5.518   5.528   5.567   5.595   5.597 
    5.633   5.664   5.676   5.702   5.743   5.813   5.818   5.836 
    5.859   5.876   5.900   6.010   6.041   6.051   6.175   6.263 
    6.296   6.349   6.350   6.361   6.372   6.409   6.456   6.472 
    6.497   6.567   6.607   6.632   6.662   6.665   6.669   6.745 
    6.805   6.847   6.855   6.889   6.894   6.929   6.966   6.989 
    7.065   7.106   7.130   7.148   7.228   7.232   7.247   7.260 
    7.290   7.297   7.310   7.472   7.502   7.566   7.583   7.637 
    7.699   7.710   7.748   7.813   7.817   7.831   7.960   7.989 
    8.034   8.037   8.058   8.095   8.140   8.152   8.261   8.300 
    8.309   8.314   8.324   8.331   8.339   8.356   8.450   8.458 
    8.460   8.566   8.602   8.622   8.641   8.647   8.665   8.722 
    8.807   8.814   8.858   8.875   8.915   8.921   8.955   8.973 
    8.974   9.003   9.027   9.101   9.121   9.155   9.174   9.235 
    9.298   9.327   9.335   9.354   9.398   9.474   9.475   9.516 
    9.567   9.574   9.627   9.630   9.722   9.745   9.770   9.903 
    9.918   9.966   9.972   9.998  10.041  10.057  10.093  10.101 
   10.163  10.186  10.239  10.244  10.258  10.289  10.334  10.334 
   10.349  10.372  10.396  10.439  10.487  10.488  10.494  10.503 
   10.515  10.569  10.571  10.575  10.641  10.647  10.681  10.684 
   10.712  10.728  10.783  10.833  10.836  10.887  10.934  10.962 
   10.981  11.030  11.049  11.091  11.104  11.125  11.217  11.247 
   11.263  11.269  11.300  11.302  11.371  11.450  11.469  11.490 
   11.528  11.542  11.571  11.628  11.635  11.660  11.672  11.801 
   11.822  11.892  11.942  12.119  12.170  12.208  12.212  12.213 
   12.238  12.287  12.327  12.488  12.495  12.510  12.544  12.563 
   12.667  12.684  12.720  12.730  12.741  12.754  12.755  12.776 
   12.783  12.802  12.824  12.831  12.854  12.875  12.883  12.920 
   12.947  12.989  12.993  13.030  13.069  13.090  13.179  13.209 
   13.211  13.237  13.312  13.427  13.432  13.542  13.558  13.578 
   13.583  13.642  13.669  13.703  13.728  13.758  13.811  13.821 
   13.857  13.863  13.869  13.880  13.967  13.989  14.001  14.024 
   14.064  14.113  14.175  14.180  14.204  14.216  14.277  14.291 
   14.327  14.338  14.354  14.368  14.403  14.411  14.440  14.468 
   14.475  14.521  14.538  14.577  14.601  14.618  14.672  14.711 
   14.729  14.781  14.866  14.896  14.921  15.001  15.017  15.025 
   15.030  15.156  15.188  15.249  15.259  15.266  15.284  15.318 
   15.331  15.439  15.487  15.508  15.539  15.575  15.602  15.681 
   15.725  15.831  15.873  15.897  15.971  16.025  16.136  16.159 
   16.226  16.244  16.273  16.324  16.469  16.477  16.611  16.658 
   16.709  16.829  16.965  17.199  17.301  17.376  17.584  17.606 
   17.657  17.793  17.810  17.899  17.946  18.040  18.143  18.197 
   18.377  18.715  18.742  18.934  18.952  19.043  19.059  19.284 
   19.284  19.502  19.543  19.603  19.611  19.653  19.664  19.740 
   19.904  19.977  20.022  20.050  20.076  20.127  20.423  20.717 
   20.887  20.947  20.964  21.183  21.458  21.677  21.794  22.761 
   23.062  23.553  24.065  24.483  30.803  31.313  31.839  39.857 
   40.743  41.688  42.708  43.586  66.088  66.339  66.510  66.520 
   66.829  66.841  67.231  67.631  70.625  70.786  70.818  70.901 
   71.095  71.359  71.476  94.177 118.594 118.596 118.598 118.609 
  118.631 118.641 118.649 118.725 118.746 147.392 147.791 148.183 
  184.165 184.307 184.539 184.844 185.091 203.654 225.531 225.609 
  225.629 225.672 225.752 225.910 225.969 347.061 347.414 347.765 
  385.952 385.953 385.954 385.955 385.955 385.958 385.958 385.962 
  385.962 385.968 385.968 449.156 449.965 449.965 449.967 449.972 
  449.977 449.981 449.982 450.006 450.014 473.170 473.284 473.464 
  473.706 473.898 685.433 685.478 685.490 685.515 685.561 685.653 
  685.686 892.593 892.898 893.203 1087.606 1213.340 1213.430 1213.568 
  1213.759 1213.909 2891.984 2892.260 2892.539 4237.063 


  >>> Running RHF-MP2 <<<


RMP2-TIMING
  rmp2                  :::     2133.537 (100.00%)
  Total                 :::     2133.537 (100.00%)

MP2 correlation energy (RHF) : -1.1461283813
MP2 total energy       (RHF) : -229.8719994638


  >>> Running UHF <<<

init D/C      : input mo_coeff
init ov       : zeros
no            : 17 18
nv            : 759 758
ov_size       : 26547
max_cycle     : 1000
conv          : 6
econv         : 9
method        : diis
mom_start     : 0
guess mix     : 0.000000
orb_swap      : [[[0, 17]], []]
init E        : -208.104115283505
init S2       : 0.750000000000068
init |[F,P]|  : 1.56e-02
init |dE|     : 3.80e-02
check file    : None

iter      total energy   |[F,P]|      |dE|         ∆E   S^2   comment
   1    -208.574083141  8.93e-03  2.15e-02  -4.70e-01  0.75  DIIS mom: 16.6/17 17.6/18
   2    -208.923598281  9.07e-04  2.09e-03  -3.50e-01  0.76  DIIS mom: 16.9/17 17.9/18
   3    -208.928913161  3.29e-04  7.52e-04  -5.31e-03  0.76  DIIS mom: 17.0/17 18.0/18
   4    -208.929874750  1.23e-04  2.78e-04  -9.62e-04  0.76  DIIS mom: 17.0/17 18.0/18
   5    -208.930175375  5.08e-05  1.13e-04  -3.01e-04  0.77  DIIS mom: 17.0/17 18.0/18
   6    -208.930233145  2.09e-05  4.41e-05  -5.78e-05  0.77  DIIS mom: 17.0/17 18.0/18
   7    -208.930244333  1.16e-05  2.28e-05  -1.12e-05  0.77  DIIS mom: 17.0/17 18.0/18
   8    -208.930250225  9.18e-06  1.76e-05  -5.89e-06  0.77  DIIS mom: 17.0/17 18.0/18
   9    -208.930256633  7.58e-06  1.46e-05  -6.41e-06  0.77  DIIS mom: 17.0/17 18.0/18
  10    -208.930266106  4.53e-06  8.86e-06  -9.47e-06  0.77  DIIS mom: 17.0/17 18.0/18
  11    -208.930270543  9.59e-07  1.99e-06  -4.44e-06  0.77  DIIS mom: 17.0/17 18.0/18
  12    -208.930270627  2.17e-07  4.83e-07  -8.35e-08  0.77  DIIS mom: 17.0/17 18.0/18
  13    -208.930270628  7.33e-08  1.61e-07  -1.10e-09  0.77  DIIS mom: 17.0/17 18.0/18
  14    -208.930270628  2.08e-08  4.41e-08  -1.31e-10  0.77  DIIS mom: 17.0/17 18.0/18
                                                                      diis is converged!

SCF converged : True
final |[F,P]| : 2.08e-08
final |dE|    : 4.41e-08
final Escf    : -369.824407966939
final Etot    : -208.930270627902
final S2      : 0.774033336809893

  diis prep             :::        0.711 (  0.02%)
  diis extrap           :::        0.448 (  0.01%)
  roothaan              :::        2.735 (  0.07%)
  fock build            :::     3677.793 ( 99.89%)
  Total                 :::     3681.687 (100.00%)

Alpha occupied
  -11.561 -11.561 -11.490 -11.489  -1.863  -1.363  -1.317  -1.113 
   -1.106  -1.070  -1.020  -0.896  -0.895  -0.823  -0.793  -0.684 
   -0.575 

Alpha virtual
  -18.962  -0.123  -0.063  -0.041  -0.040  -0.020  -0.018  -0.013 
    0.003   0.017   0.037   0.061   0.065   0.072   0.079   0.091 
    0.130   0.149   0.165   0.176   0.181   0.181   0.198   0.216 
    0.218   0.224   0.239   0.251   0.255   0.272   0.300   0.321 
    0.341   0.362   0.382   0.404   0.408   0.416   0.417   0.420 
    0.445   0.448   0.458   0.481   0.486   0.507   0.533   0.545 
    0.566   0.588   0.600   0.614   0.627   0.653   0.659   0.663 
    0.688   0.690   0.707   0.723   0.731   0.748   0.767   0.784 
    0.788   0.807   0.829   0.842   0.843   0.869   0.909   0.916 
    0.924   0.934   0.963   0.978   1.020   1.024   1.025   1.069 
    1.074   1.099   1.109   1.155   1.161   1.171   1.203   1.205 
    1.210   1.220   1.269   1.298   1.320   1.333   1.338   1.339 
    1.354   1.376   1.379   1.384   1.400   1.412   1.425   1.430 
    1.438   1.443   1.445   1.471   1.485   1.530   1.532   1.534 
    1.591   1.613   1.624   1.639   1.658   1.670   1.689   1.711 
    1.776   1.778   1.797   1.816   1.818   1.852   1.864   1.872 
    1.881   1.900   1.919   1.922   1.949   1.952   1.984   1.987 
    2.000   2.002   2.014   2.037   2.074   2.084   2.094   2.100 
    2.118   2.121   2.142   2.164   2.201   2.202   2.231   2.237 
    2.320   2.374   2.397   2.435   2.439   2.469   2.511   2.549 
    2.563   2.615   2.645   2.672   2.679   2.692   2.710   2.716 
    2.769   2.813   2.819   2.830   2.850   2.851   2.860   2.908 
    2.914   2.951   2.981   2.985   2.996   3.014   3.029   3.068 
    3.097   3.101   3.111   3.137   3.149   3.185   3.218   3.225 
    3.226   3.246   3.253   3.299   3.321   3.366   3.411   3.417 
    3.424   3.428   3.503   3.506   3.538   3.561   3.563   3.568 
    3.572   3.614   3.627   3.630   3.671   3.673   3.682   3.693 
    3.705   3.706   3.708   3.748   3.777   3.800   3.812   3.831 
    3.837   3.893   3.902   3.930   3.937   3.948   3.952   3.974 
    3.980   3.992   4.013   4.022   4.090   4.099   4.124   4.145 
    4.166   4.176   4.231   4.261   4.261   4.277   4.304   4.309 
    4.314   4.321   4.389   4.406   4.412   4.428   4.506   4.520 
    4.544   4.557   4.563   4.566   4.631   4.646   4.653   4.653 
    4.715   4.724   4.749   4.785   4.797   4.815   4.822   4.858 
    4.861   4.932   4.943   4.969   4.971   4.976   4.990   5.003 
    5.011   5.051   5.059   5.081   5.091   5.106   5.116   5.174 
    5.174   5.182   5.234   5.258   5.280   5.284   5.328   5.347 
    5.351   5.401   5.414   5.416   5.457   5.487   5.562   5.579 
    5.590   5.616   5.616   5.635   5.760   5.787   5.801   5.918 
    6.027   6.048   6.068   6.103   6.112   6.135   6.159   6.194 
    6.229   6.243   6.322   6.328   6.335   6.395   6.409   6.415 
    6.473   6.519   6.553   6.575   6.623   6.641   6.679   6.708 
    6.730   6.760   6.821   6.857   6.883   6.928   6.972   6.981 
    7.013   7.019   7.049   7.057   7.184   7.211   7.298   7.319 
    7.402   7.408   7.435   7.490   7.508   7.551   7.555   7.699 
    7.731   7.773   7.773   7.795   7.853   7.881   7.883   8.002 
    8.021   8.043   8.047   8.069   8.079   8.083   8.096   8.155 
    8.173   8.199   8.266   8.351   8.363   8.364   8.382   8.387 
    8.464   8.530   8.549   8.580   8.620   8.649   8.650   8.655 
    8.692   8.709   8.733   8.767   8.843   8.872   8.877   8.908 
    8.965   8.973   9.059   9.066   9.072   9.137   9.202   9.214 
    9.243   9.283   9.321   9.325   9.365   9.454   9.481   9.507 
    9.645   9.665   9.715   9.716   9.739   9.768   9.807   9.826 
    9.845   9.908   9.932   9.959   9.978  10.001  10.034  10.064 
   10.076  10.078  10.118  10.126  10.167  10.222  10.223  10.243 
   10.248  10.248  10.306  10.311  10.316  10.375  10.389  10.423 
   10.427  10.456  10.457  10.515  10.561  10.582  10.640  10.669 
   10.704  10.722  10.756  10.790  10.830  10.844  10.870  10.959 
   10.992  11.003  11.010  11.030  11.031  11.114  11.196  11.209 
   11.233  11.264  11.284  11.314  11.357  11.371  11.404  11.412 
   11.541  11.557  11.630  11.682  11.854  11.879  11.922  11.937 
   11.951  11.970  12.026  12.065  12.230  12.235  12.254  12.276 
   12.303  12.414  12.448  12.477  12.482  12.482  12.508  12.519 
   12.529  12.555  12.569  12.588  12.599  12.626  12.635  12.650 
   12.676  12.716  12.754  12.758  12.780  12.825  12.851  12.933 
   12.943  12.969  12.991  13.067  13.172  13.180  13.283  13.302 
   13.339  13.348  13.349  13.423  13.467  13.485  13.520  13.525 
   13.536  13.617  13.623  13.628  13.651  13.740  13.751  13.766 
   13.786  13.825  13.867  13.935  13.945  13.963  13.976  14.029 
   14.049  14.058  14.094  14.104  14.121  14.126  14.165  14.182 
   14.197  14.221  14.238  14.291  14.299  14.322  14.349  14.369 
   14.425  14.448  14.533  14.587  14.627  14.649  14.754  14.766 
   14.766  14.785  14.890  14.900  14.926  14.975  14.976  14.981 
   15.035  15.085  15.180  15.226  15.234  15.294  15.329  15.334 
   15.385  15.451  15.566  15.599  15.627  15.702  15.778  15.868 
   15.900  15.955  16.005  16.028  16.079  16.223  16.231  16.339 
   16.342  16.457  16.580  16.713  16.905  17.026  17.145  17.352 
   17.375  17.428  17.543  17.555  17.668  17.711  17.783  17.906 
   17.958  18.139  18.477  18.487  18.652  18.683  18.685  18.712 
   18.918  18.943  19.115  19.139  19.195  19.236  19.264  19.356 
   19.378  19.573  19.599  19.606  19.671  19.738  19.879  20.018 
   20.353  20.460  20.691  20.717  20.907  21.045  21.333  21.437 
   22.096  22.396  22.888  23.396  23.810  29.974  30.482  31.018 
   39.586  40.474  41.390  42.442  42.677  64.787  64.917  65.099 
   65.203  65.422  65.507  65.813  66.232  69.395  69.557  69.590 
   69.670  69.866  70.124  70.242  92.653 117.192 117.192 117.195 
  117.209 117.228 117.235 117.244 117.314 117.335 145.327 145.720 
  146.113 181.853 181.995 182.227 182.531 182.776 201.337 223.199 
  223.279 223.298 223.340 223.421 223.574 223.635 344.008 344.357 
  344.708 383.579 383.579 383.584 383.585 383.587 383.589 383.590 
  383.595 383.595 383.602 383.602 445.903 447.104 447.104 447.107 
  447.112 447.116 447.119 447.120 447.141 447.148 469.891 470.005 
  470.186 470.426 470.617 681.850 681.896 681.908 681.931 681.978 
  682.068 682.101 888.513 888.816 889.121 1083.379 1209.109 1209.199 
  1209.337 1209.527 1209.676 2887.049 2887.325 2887.603 4232.058 

Beta occupied
  -23.862 -11.561 -11.560 -11.489 -11.488  -1.974  -1.377  -1.354 
   -1.165  -1.155  -1.131  -1.024  -0.909  -0.906  -0.822  -0.792 
   -0.687  -0.580 

Beta virtual
   -0.131  -0.064  -0.042  -0.041  -0.027  -0.013  -0.012   0.002 
    0.017   0.030   0.061   0.067   0.070   0.072   0.091   0.121 
    0.146   0.158   0.179   0.180   0.181   0.197   0.213   0.220 
    0.225   0.237   0.252   0.255   0.272   0.298   0.321   0.342 
    0.356   0.376   0.400   0.402   0.416   0.417   0.421   0.446 
    0.448   0.460   0.482   0.486   0.505   0.532   0.546   0.568 
    0.589   0.600   0.614   0.627   0.653   0.659   0.664   0.689 
    0.692   0.707   0.721   0.732   0.750   0.764   0.786   0.788 
    0.808   0.827   0.843   0.844   0.871   0.910   0.916   0.925 
    0.934   0.962   0.979   1.021   1.022   1.022   1.067   1.068 
    1.097   1.110   1.146   1.147   1.171   1.203   1.205   1.210 
    1.222   1.265   1.296   1.319   1.334   1.339   1.339   1.356 
    1.374   1.380   1.385   1.401   1.412   1.425   1.431   1.438 
    1.444   1.445   1.468   1.485   1.530   1.531   1.534   1.592 
    1.613   1.624   1.639   1.658   1.669   1.690   1.712   1.775 
    1.779   1.798   1.818   1.819   1.853   1.860   1.873   1.881 
    1.901   1.920   1.923   1.950   1.952   1.985   1.988   1.999 
    2.003   2.015   2.034   2.074   2.083   2.094   2.101   2.118 
    2.121   2.142   2.164   2.199   2.199   2.232   2.237   2.321 
    2.374   2.398   2.435   2.438   2.468   2.512   2.550   2.563 
    2.615   2.644   2.673   2.680   2.689   2.707   2.708   2.767 
    2.813   2.817   2.825   2.844   2.850   2.856   2.896   2.897 
    2.931   2.979   2.979   2.989   3.013   3.025   3.066   3.094 
    3.101   3.111   3.133   3.142   3.181   3.219   3.221   3.227 
    3.246   3.248   3.300   3.306   3.362   3.413   3.418   3.423 
    3.425   3.503   3.507   3.538   3.557   3.564   3.564   3.572 
    3.614   3.627   3.630   3.672   3.673   3.681   3.691   3.706 
    3.706   3.709   3.749   3.777   3.800   3.811   3.832   3.838 
    3.893   3.902   3.930   3.938   3.949   3.952   3.973   3.980 
    3.992   4.014   4.022   4.091   4.099   4.125   4.142   4.166 
    4.177   4.229   4.259   4.261   4.278   4.300   4.310   4.314 
    4.321   4.390   4.404   4.412   4.429   4.507   4.519   4.545 
    4.557   4.563   4.566   4.630   4.646   4.654   4.654   4.715 
    4.725   4.748   4.780   4.798   4.816   4.822   4.858   4.860 
    4.931   4.943   4.970   4.970   4.977   4.990   5.004   5.011 
    5.050   5.058   5.076   5.089   5.106   5.116   5.174   5.175 
    5.183   5.232   5.256   5.280   5.283   5.328   5.348   5.351 
    5.402   5.409   5.416   5.457   5.485   5.557   5.577   5.590 
    5.611   5.616   5.634   5.758   5.785   5.801   5.917   6.028 
    6.047   6.060   6.103   6.113   6.136   6.159   6.193   6.228 
    6.243   6.299   6.322   6.330   6.392   6.408   6.415   6.466 
    6.496   6.542   6.575   6.622   6.639   6.678   6.701   6.730 
    6.741   6.821   6.854   6.856   6.913   6.966   6.979   7.014 
    7.018   7.049   7.057   7.164   7.208   7.296   7.316   7.402 
    7.404   7.425   7.490   7.494   7.549   7.550   7.700   7.731 
    7.769   7.772   7.785   7.854   7.880   7.880   8.002   8.003 
    8.037   8.047   8.069   8.079   8.082   8.090   8.119   8.169 
    8.199   8.250   8.351   8.359   8.364   8.378   8.386   8.465 
    8.525   8.549   8.572   8.620   8.645   8.647   8.649   8.690 
    8.709   8.733   8.767   8.842   8.872   8.877   8.908   8.962 
    8.963   9.058   9.062   9.070   9.138   9.201   9.213   9.235 
    9.274   9.321   9.322   9.364   9.452   9.481   9.507   9.645 
    9.664   9.715   9.717   9.737   9.763   9.808   9.825   9.846 
    9.909   9.933   9.954   9.975  10.001  10.034  10.063  10.072 
   10.078  10.119  10.127  10.163  10.223  10.223  10.243  10.248 
   10.249  10.306  10.311  10.314  10.374  10.389  10.423  10.428 
   10.456  10.458  10.514  10.560  10.583  10.640  10.668  10.705 
   10.721  10.754  10.790  10.830  10.844  10.871  10.959  10.993 
   11.001  11.009  11.027  11.029  11.114  11.196  11.209  11.234 
   11.264  11.284  11.314  11.356  11.372  11.404  11.412  11.541 
   11.558  11.631  11.681  11.853  11.873  11.919  11.937  11.951 
   11.969  12.026  12.065  12.229  12.234  12.254  12.273  12.303 
   12.415  12.448  12.477  12.481  12.482  12.508  12.519  12.529 
   12.555  12.569  12.588  12.599  12.626  12.635  12.650  12.676 
   12.716  12.753  12.758  12.780  12.824  12.852  12.933  12.940 
   12.970  12.990  13.067  13.172  13.178  13.268  13.291  13.339 
   13.340  13.347  13.422  13.466  13.485  13.506  13.523  13.525 
   13.616  13.623  13.627  13.651  13.740  13.751  13.764  13.782 
   13.826  13.867  13.934  13.944  13.963  13.972  13.978  14.026 
   14.053  14.070  14.103  14.119  14.126  14.148  14.166  14.196 
   14.220  14.238  14.287  14.288  14.306  14.349  14.365  14.425 
   14.440  14.533  14.558  14.627  14.647  14.751  14.765  14.765 
   14.782  14.876  14.890  14.920  14.964  14.974  14.980  15.033 
   15.084  15.180  15.221  15.233  15.294  15.326  15.334  15.383 
   15.442  15.564  15.588  15.627  15.699  15.777  15.849  15.900 
   15.954  16.004  16.027  16.079  16.218  16.230  16.321  16.333 
   16.456  16.579  16.711  16.900  17.022  17.145  17.352  17.376 
   17.428  17.542  17.555  17.667  17.710  17.781  17.906  17.958 
   18.139  18.477  18.484  18.637  18.670  18.684  18.710  18.851 
   18.906  19.048  19.099  19.190  19.223  19.250  19.355  19.369 
   19.549  19.577  19.582  19.669  19.738  19.877  20.002  20.342 
   20.441  20.690  20.716  20.890  21.032  21.289  21.437  22.038 
   22.338  22.829  23.338  23.750  29.740  30.253  30.795  39.580 
   40.473  41.358  42.369  42.442  64.463  64.741  64.883  64.924 
   65.208  65.247  65.639  66.041  69.318  69.479  69.512  69.592 
   69.786  70.045  70.163  92.248 117.132 117.132 117.135 117.148 
  117.168 117.175 117.183 117.254 117.275 144.943 145.337 145.731 
  181.594 181.736 181.968 182.272 182.518 200.929 223.032 223.111 
  223.131 223.172 223.254 223.407 223.467 343.629 343.979 344.331 
  383.495 383.495 383.500 383.500 383.503 383.505 383.506 383.511 
  383.511 383.518 383.518 445.538 446.964 446.964 446.967 446.972 
  446.976 446.979 446.980 447.001 447.008 469.626 469.740 469.921 
  470.161 470.353 681.644 681.689 681.701 681.725 681.772 681.861 
  681.894 888.210 888.513 888.818 1083.088 1208.888 1208.979 1209.117 
  1209.307 1209.456 2886.867 2887.143 2887.422 4231.899 


  >>> Running UHF-MP2 <<<

MP2 correlation energy (UHF) : -1.0839117952
MP2 total energy       (UHF) : -210.0141824231

