	*********************************************** 
	***** Beginning CEBE Calculation with MOM ***** 
	*****       Calculation Details:          ***** 
	      Geometry:	 /home/am3939/core/calculations/mols/exp/n/n-cch2cn.xyz
	      Core Basis:	 pcX-4
	      Full Basis:	 pc-4
	      DIIS (start, space):	 0 50
	      Level shift:	 0
	      Do localization?:	 True
	      Atoms that were localized?:	 ['N']
	      Do SFX2C1E?:	 True
	      Freeze orbitals?:	 True
	      Use Cheng orbitals?:	 False
	      Do Special Basis?:	 True
	      Do Special Basis?:	 pcX-4
	*********************************************** 
	*********************************************** 

  >>> Running RHF <<<

init D/C      : minao
init ov       : zeros
no            : 17
nv            : 698
ov_size       : 11866
max_cycle     : 1000
conv          : 6
econv         : 9
method        : gdm
scale_stop    : 0
scale_factor  : 1.000000
init E        : -223.54521948248
init |[F,P]|  : 7.57e-03
init |dE|     : 1.45e-02
check file    : None

iter      total energy   |[F,P]|      |dE|         ∆E   comment
   1    -223.562868725  8.01e-03  1.63e-02  -1.76e-02  BFGS
   2    -223.727991844  8.02e-04  1.63e-03  -1.65e-01  BFGS
   3    -223.730762046  2.53e-04  5.45e-04  -2.77e-03  BFGS
   4    -223.731083758  6.52e-05  1.49e-04  -3.22e-04  BFGS
   5    -223.731100135  1.78e-05  3.81e-05  -1.64e-05  BFGS
   6    -223.731101587  3.37e-06  7.24e-06  -1.45e-06  BFGS
   7    -223.731101631  8.61e-07  1.79e-06  -4.42e-08  BFGS
   8    -223.731101635  2.95e-07  5.82e-07  -3.96e-09  BFGS
   9    -223.731101636  1.69e-07  3.34e-07  -8.98e-10  BFGS
                                                                      gdm is converged!

SCF converged : True
final |[F,P]| : 1.69e-07
final |dE|    : 3.34e-07
final Escf    : -348.467233330922
final Etot    : -223.731101636042

  pxp & ewc             :::        0.632 (  0.13%)
  apply B               :::        0.002 (  0.00%)
  linsrch               :::      487.507 ( 99.86%)
  grad                  :::        0.070 (  0.01%)
  Total                 :::      488.211 (100.00%)

Alpha occupied
  -15.608 -15.608 -11.362 -11.313 -11.313  -1.259  -1.244  -1.114 
   -0.797  -0.733  -0.695  -0.594  -0.588  -0.508  -0.505  -0.493 
   -0.482 

Alpha virtual
    0.029   0.056   0.062   0.065   0.099   0.099   0.106   0.111 
    0.111   0.133   0.133   0.136   0.153   0.163   0.170   0.171 
    0.177   0.200   0.209   0.216   0.235   0.237   0.239   0.257 
    0.263   0.273   0.282   0.303   0.333   0.334   0.335   0.345 
    0.347   0.369   0.373   0.395   0.402   0.404   0.406   0.424 
    0.457   0.464   0.470   0.483   0.507   0.513   0.516   0.524 
    0.559   0.565   0.575   0.597   0.604   0.609   0.619   0.628 
    0.639   0.653   0.660   0.662   0.682   0.683   0.705   0.707 
    0.710   0.724   0.731   0.755   0.781   0.784   0.799   0.800 
    0.829   0.835   0.862   0.879   0.883   0.886   0.891   0.892 
    0.917   0.927   0.928   0.978   1.008   1.038   1.049   1.062 
    1.073   1.107   1.131   1.150   1.155   1.199   1.204   1.207 
    1.249   1.261   1.267   1.270   1.297   1.302   1.333   1.350 
    1.353   1.361   1.384   1.396   1.443   1.449   1.449   1.460 
    1.480   1.487   1.503   1.546   1.551   1.576   1.581   1.586 
    1.607   1.637   1.673   1.673   1.688   1.694   1.709   1.748 
    1.751   1.759   1.764   1.774   1.831   1.831   1.902   1.917 
    1.926   1.928   1.946   1.962   1.969   1.974   1.987   2.025 
    2.034   2.039   2.088   2.104   2.107   2.117   2.128   2.138 
    2.148   2.152   2.235   2.244   2.264   2.296   2.308   2.353 
    2.366   2.400   2.402   2.405   2.417   2.445   2.449   2.486 
    2.497   2.509   2.529   2.554   2.578   2.592   2.606   2.630 
    2.647   2.695   2.717   2.724   2.759   2.822   2.842   2.857 
    2.867   3.000   3.007   3.025   3.070   3.152   3.162   3.169 
    3.216   3.235   3.250   3.259   3.279   3.289   3.312   3.337 
    3.359   3.444   3.463   3.471   3.521   3.523   3.564   3.602 
    3.632   3.654   3.656   3.688   3.712   3.735   3.737   3.772 
    3.784   3.789   3.846   3.863   3.923   3.956   4.010   4.049 
    4.062   4.115   4.118   4.166   4.197   4.229   4.253   4.255 
    4.256   4.290   4.295   4.304   4.339   4.360   4.372   4.382 
    4.412   4.418   4.462   4.475   4.477   4.501   4.512   4.530 
    4.555   4.574   4.620   4.640   4.647   4.652   4.678   4.692 
    4.693   4.726   4.742   4.779   4.813   4.839   4.855   4.878 
    4.893   4.894   4.904   4.936   4.956   4.982   4.991   4.999 
    5.044   5.068   5.115   5.119   5.157   5.180   5.223   5.224 
    5.265   5.287   5.303   5.358   5.408   5.419   5.420   5.430 
    5.446   5.455   5.462   5.470   5.475   5.514   5.522   5.629 
    5.663   5.669   5.726   5.757   5.820   5.837   5.852   5.924 
    5.937   5.966   5.974   6.012   6.105   6.107   6.109   6.189 
    6.287   6.356   6.382   6.434   6.438   6.451   6.507   6.514 
    6.568   6.601   6.611   6.641   6.798   6.803   6.904   6.952 
    6.959   7.033   7.044   7.047   7.071   7.109   7.124   7.222 
    7.234   7.238   7.270   7.295   7.296   7.330   7.333   7.347 
    7.474   7.567   7.583   7.583   7.660   7.823   7.838   7.857 
    7.987   8.048   8.077   8.084   8.150   8.241   8.254   8.277 
    8.277   8.415   8.434   8.646   8.720   8.734   8.957   9.086 
    9.144   9.178   9.181   9.241   9.304   9.313   9.315   9.371 
    9.402   9.435   9.447   9.497   9.587   9.645   9.646   9.673 
    9.685   9.794   9.976   9.986   9.998  10.141  10.497  10.505 
   10.643  10.683  10.735  10.783  10.822  10.850  10.865  10.942 
   10.969  10.970  10.981  10.996  11.008  11.026  11.032  11.036 
   11.062  11.101  11.116  11.126  11.201  11.204  11.206  11.210 
   11.241  11.262  11.269  11.299  11.303  11.342  11.414  11.437 
   11.489  11.516  11.517  11.614  11.642  11.672  11.714  11.717 
   11.720  11.724  11.838  11.854  11.854  11.862  11.912  11.952 
   11.952  11.952  11.952  11.959  11.969  11.975  12.020  12.042 
   12.064  12.096  12.099  12.223  12.240  12.258  12.266  12.273 
   12.297  12.334  12.335  12.335  12.337  12.441  12.454  12.511 
   12.518  12.559  12.575  12.584  12.646  12.654  12.700  12.733 
   12.766  12.780  12.805  12.870  12.872  12.883  12.955  12.980 
   12.997  13.043  13.060  13.181  13.189  13.202  13.215  13.217 
   13.247  13.247  13.248  13.432  13.437  13.456  13.475  13.527 
   13.587  13.607  13.661  13.699  13.762  13.772  13.797  13.803 
   13.837  13.844  13.929  13.951  13.954  14.041  14.121  14.125 
   14.253  14.350  14.378  14.382  14.408  14.676  14.796  14.885 
   14.885  14.886  14.886  14.889  14.946  15.038  15.182  15.182 
   15.191  15.191  15.197  15.599  15.634  15.675  15.761  15.839 
   15.855  15.874  15.897  15.898  15.901  15.929  15.937  16.034 
   16.193  16.237  16.384  16.403  16.441  16.634  16.740  16.796 
   16.799  16.805  16.964  16.988  17.159  17.167  17.216  17.224 
   17.411  17.511  17.528  17.539  17.552  17.568  17.579  17.706 
   17.755  17.869  17.884  17.927  17.937  17.965  18.239  18.433 
   18.779  18.797  18.809  18.853  18.884  18.898  19.072  19.124 
   19.316  20.057  20.097  20.197  20.330  20.390  20.462  20.561 
   20.577  20.578  20.680  20.762  21.126  21.340  21.670  21.786 
   21.894  21.960  21.968  22.078  22.092  22.177  23.036  23.106 
   23.947  24.366  24.401  24.574  25.241  25.270  25.961  25.978 
   32.809  32.833  32.839  32.844  33.456  33.514  34.071  34.084 
   34.117  34.121  34.352  34.567  34.818  36.052  36.192  41.696 
   41.954  44.970  45.040  48.851  48.862  48.863  48.864  49.312 
   49.322  49.334  49.337  50.009  50.048  52.607  52.619  52.651 
   52.656  53.910  53.955  78.236  78.850  80.556  91.695  91.961 
   92.037  92.122  93.050  93.082 100.562 100.627 140.347 140.354 
  140.383 140.385 141.169 141.226 228.229 228.294 429.716 429.722 
  429.745 429.747 430.377 430.422 529.652 529.712 1271.354 1271.411 
  1691.196 1691.200 1691.217 1691.218 1691.670 1691.701 3195.266 3195.321 
  8540.118 8540.170 24825.379 24825.427 81391.424 81391.469 322259.954 322259.994 
  1830823.841 1830823.874 


  >>> Running RHF-MP2 <<<


RMP2-TIMING
  rmp2                  :::      391.037 (100.00%)
  Total                 :::      391.037 (100.00%)

MP2 correlation energy (RHF) : -1.1500132719
MP2 total energy       (RHF) : -224.8811149080


  >>> Running UHF <<<

init D/C      : input mo_coeff
init ov       : zeros
no            : 16 17
nv            : 699 698
ov_size       : 23050
max_cycle     : 1000
conv          : 6
econv         : 9
method        : diis
mom_start     : 0
guess mix     : 0.000000
orb_swap      : [[[0, 16]], []]
init E        : -208.198427928353
init S2       : 0.750000000000128
init |[F,P]|  : 1.73e-02
init |dE|     : 3.93e-02
check file    : None

iter      total energy   |[F,P]|      |dE|         ∆E   S^2   comment
   1    -208.376968596  9.42e-03  2.30e-02  -1.79e-01  0.75  DIIS mom: 15.6/16 16.5/17
   2    -208.756823139  3.39e-03  7.49e-03  -3.80e-01  0.76  DIIS mom: 15.8/16 16.8/17
   3    -208.813602923  5.13e-04  1.11e-03  -5.68e-02  0.77  DIIS mom: 16.0/16 17.0/17
   4    -208.815892671  3.05e-04  6.44e-04  -2.29e-03  0.78  DIIS mom: 16.0/16 17.0/17
   5    -208.817216741  2.38e-04  4.85e-04  -1.32e-03  0.79  DIIS mom: 16.0/16 17.0/17
   6    -208.818789634  2.01e-04  4.03e-04  -1.57e-03  0.81  DIIS mom: 16.0/16 17.0/17
   7    -208.822107632  1.26e-04  2.61e-04  -3.32e-03  0.90  DIIS mom: 16.0/16 17.0/17
   8    -208.823061149  3.02e-05  6.61e-05  -9.54e-04  0.99  DIIS mom: 16.0/16 17.0/17
   9    -208.823075588  1.54e-05  3.06e-05  -1.44e-05  1.00  DIIS mom: 16.0/16 17.0/17
  10    -208.823081038  7.58e-06  1.44e-05  -5.45e-06  1.00  DIIS mom: 16.0/16 17.0/17
  11    -208.823082645  5.71e-06  1.10e-05  -1.61e-06  1.00  DIIS mom: 16.0/16 17.0/17
  12    -208.823083867  4.78e-06  8.91e-06  -1.22e-06  1.00  DIIS mom: 16.0/16 17.0/17
  13    -208.823084989  4.49e-06  8.37e-06  -1.12e-06  1.00  DIIS mom: 16.0/16 17.0/17
  14    -208.823086938  4.20e-06  7.82e-06  -1.95e-06  1.00  DIIS mom: 16.0/16 17.0/17
  15    -208.823090146  3.81e-06  7.11e-06  -3.21e-06  1.00  DIIS mom: 16.0/16 17.0/17
  16    -208.823094244  3.26e-06  6.18e-06  -4.10e-06  1.00  DIIS mom: 16.0/16 17.0/17
  17    -208.823098818  2.41e-06  4.63e-06  -4.57e-06  1.00  DIIS mom: 16.0/16 17.0/17
  18    -208.823100994  1.67e-06  3.35e-06  -2.18e-06  1.01  DIIS mom: 16.0/16 17.0/17
  19    -208.823101677  8.55e-07  1.82e-06  -6.82e-07  1.01  DIIS mom: 16.0/16 17.0/17
  20    -208.823101728  2.77e-07  5.73e-07  -5.16e-08  1.01  DIIS mom: 16.0/16 17.0/17
  21    -208.823101732  9.38e-08  1.84e-07  -3.50e-09  1.01  DIIS mom: 16.0/16 17.0/17
  22    -208.823101732  5.32e-08  1.05e-07  -2.66e-10  1.01  DIIS mom: 16.0/16 17.0/17
                                                                      diis is converged!

SCF converged : True
final |[F,P]| : 5.32e-08
final |dE|    : 1.05e-07
final Escf    : -333.559233426927
final Etot    : -208.823101732046
final S2      : 1.00738853951171

  diis prep             :::        0.525 (  0.04%)
  diis extrap           :::        0.735 (  0.06%)
  roothaan              :::        5.707 (  0.44%)
  fock build            :::     1284.216 ( 99.46%)
  Total                 :::     1291.184 (100.00%)

Alpha occupied
  -15.800 -11.757 -11.604 -11.498  -1.675  -1.442  -1.371  -1.075 
   -0.995  -0.976  -0.962  -0.878  -0.859  -0.764  -0.682  -0.675 

Alpha virtual
  -14.195  -0.181  -0.178  -0.129  -0.083  -0.077  -0.071  -0.053 
   -0.051  -0.035  -0.026  -0.022  -0.015  -0.010  -0.001   0.029 
    0.032   0.034   0.054   0.068   0.069   0.076   0.089   0.096 
    0.096   0.104   0.120   0.122   0.123   0.142   0.160   0.168 
    0.172   0.184   0.199   0.199   0.225   0.226   0.246   0.251 
    0.253   0.283   0.286   0.296   0.298   0.332   0.339   0.344 
    0.355   0.361   0.390   0.397   0.410   0.422   0.432   0.444 
    0.445   0.461   0.467   0.483   0.496   0.500   0.515   0.522 
    0.533   0.536   0.548   0.558   0.570   0.595   0.609   0.612 
    0.622   0.634   0.648   0.654   0.660   0.669   0.688   0.709 
    0.712   0.728   0.731   0.759   0.792   0.803   0.818   0.828 
    0.855   0.856   0.884   0.919   0.942   0.949   0.965   0.989 
    1.001   1.041   1.049   1.057   1.080   1.084   1.103   1.121 
    1.131   1.138   1.155   1.183   1.208   1.223   1.246   1.253 
    1.264   1.269   1.282   1.305   1.327   1.345   1.362   1.368 
    1.375   1.398   1.426   1.432   1.452   1.478   1.484   1.498 
    1.511   1.513   1.541   1.569   1.576   1.613   1.620   1.661 
    1.679   1.695   1.703   1.706   1.725   1.736   1.739   1.760 
    1.797   1.814   1.827   1.851   1.879   1.882   1.901   1.906 
    1.924   1.929   1.930   1.994   2.009   2.036   2.068   2.080 
    2.110   2.137   2.176   2.177   2.178   2.213   2.216   2.232 
    2.237   2.290   2.292   2.305   2.328   2.350   2.352   2.375 
    2.413   2.423   2.462   2.491   2.498   2.540   2.599   2.613 
    2.617   2.645   2.726   2.779   2.799   2.839   2.910   2.924 
    2.927   2.967   2.989   3.016   3.028   3.044   3.068   3.103 
    3.115   3.142   3.201   3.225   3.249   3.284   3.308   3.324 
    3.337   3.381   3.395   3.405   3.440   3.457   3.490   3.511 
    3.535   3.574   3.578   3.608   3.622   3.673   3.725   3.760 
    3.809   3.833   3.857   3.877   3.895   3.947   3.962   3.964 
    3.981   4.013   4.015   4.040   4.071   4.099   4.101   4.126 
    4.130   4.156   4.188   4.215   4.223   4.242   4.256   4.261 
    4.277   4.302   4.323   4.356   4.362   4.393   4.404   4.438 
    4.449   4.453   4.494   4.496   4.524   4.534   4.581   4.611 
    4.628   4.635   4.648   4.651   4.689   4.716   4.725   4.742 
    4.750   4.814   4.822   4.863   4.867   4.918   4.949   4.953 
    4.990   5.033   5.042   5.065   5.121   5.155   5.161   5.169 
    5.172   5.201   5.207   5.231   5.246   5.267   5.286   5.290 
    5.381   5.419   5.423   5.489   5.520   5.569   5.605   5.621 
    5.650   5.689   5.723   5.748   5.775   5.857   5.861   5.864 
    5.941   6.038   6.104   6.133   6.182   6.194   6.210   6.266 
    6.271   6.323   6.343   6.372   6.402   6.554   6.558   6.655 
    6.675   6.695   6.768   6.787   6.792   6.807   6.847   6.868 
    6.943   6.961   7.002   7.019   7.030   7.037   7.084   7.095 
    7.119   7.190   7.234   7.334   7.373   7.394   7.547   7.567 
    7.625   7.735   7.797   7.811   7.818   7.881   7.953   7.974 
    8.010   8.058   8.152   8.170   8.299   8.430   8.512   8.704 
    8.763   8.840   8.856   8.932   9.023   9.062   9.062   9.075 
    9.134   9.140   9.163   9.204   9.223   9.240   9.285   9.358 
    9.459   9.486   9.553   9.738   9.750   9.762   9.904  10.066 
   10.251  10.286  10.373  10.455  10.481  10.517  10.576  10.596 
   10.615  10.667  10.668  10.683  10.697  10.736  10.749  10.766 
   10.796  10.801  10.803  10.827  10.838  10.876  10.907  10.995 
   10.996  11.001  11.021  11.022  11.047  11.050  11.078  11.148 
   11.183  11.228  11.258  11.265  11.327  11.354  11.357  11.400 
   11.406  11.502  11.504  11.530  11.537  11.575  11.576  11.645 
   11.651  11.672  11.672  11.710  11.710  11.751  11.768  11.769 
   11.779  11.803  11.836  11.850  11.859  11.893  12.002  12.016 
   12.019  12.033  12.064  12.065  12.147  12.149  12.188  12.189 
   12.221  12.235  12.269  12.278  12.307  12.338  12.416  12.453 
   12.485  12.500  12.518  12.543  12.613  12.625  12.628  12.672 
   12.724  12.750  12.795  12.806  12.899  12.925  12.932  12.945 
   12.945  12.981  12.998  13.020  13.168  13.177  13.188  13.228 
   13.238  13.306  13.336  13.401  13.423  13.473  13.511  13.522 
   13.572  13.574  13.592  13.680  13.688  13.714  13.798  13.837 
   13.896  14.000  14.088  14.126  14.137  14.146  14.391  14.539 
   14.562  14.563  14.634  14.694  14.699  14.699  14.770  14.851 
   14.859  14.942  15.001  15.009  15.335  15.379  15.427  15.493 
   15.525  15.558  15.563  15.643  15.643  15.690  15.709  15.728 
   15.797  15.905  15.938  16.143  16.147  16.205  16.345  16.361 
   16.433  16.492  16.608  16.617  16.765  16.902  16.915  16.928 
   16.946  16.984  16.991  17.183  17.228  17.304  17.344  17.346 
   17.405  17.508  17.509  17.583  17.617  17.711  17.732  17.901 
   18.154  18.276  18.326  18.561  18.632  18.655  18.668  18.840 
   18.891  19.051  19.539  19.877  19.958  20.072  20.096  20.148 
   20.161  20.313  20.383  20.442  20.517  20.869  21.030  21.114 
   21.235  21.458  21.543  21.641  21.767  21.899  21.926  22.439 
   22.879  23.709  24.127  24.164  24.337  24.758  25.064  25.723 
   25.739  32.388  32.399  32.645  32.654  33.207  33.269  33.673 
   33.684  33.908  33.913  34.105  34.321  34.575  35.675  35.953 
   41.455  41.714  43.945  44.815  47.530  47.535  47.978  47.996 
   48.664  48.668  48.688  49.126  49.142  49.837  51.263  51.304 
   52.421  52.460  52.577  53.742  77.925  78.559  80.299  91.450 
   91.717  91.792  91.878  92.806  92.837  98.881 100.402 138.076 
  138.109 138.915 140.157 140.189 141.006 225.753 228.069 426.352 
  426.379 427.030 429.526 429.553 430.208 526.383 529.490 1267.430 
  1271.191 1686.906 1686.925 1687.392 1691.007 1691.026 1691.494 3190.886 
  3195.103 8535.465 8539.953 24820.584 24825.212 81386.566 81391.256 322255.070 
  322259.784 1830818.946 1830823.667 

Beta occupied
  -18.506 -15.803 -11.737 -11.606 -11.495  -1.779  -1.444  -1.373 
   -1.126  -1.045  -1.035  -1.030  -0.949  -0.907  -0.769  -0.685 
   -0.679 

Beta virtual
   -0.188  -0.184  -0.129  -0.084  -0.077  -0.070  -0.051  -0.048 
   -0.035  -0.026  -0.021  -0.014  -0.008  -0.001   0.028   0.032 
    0.035   0.053   0.064   0.068   0.077   0.090   0.096   0.099 
    0.104   0.121   0.123   0.127   0.146   0.167   0.167   0.173 
    0.181   0.199   0.201   0.225   0.227   0.246   0.249   0.253 
    0.284   0.290   0.297   0.299   0.333   0.339   0.345   0.355 
    0.356   0.391   0.397   0.411   0.422   0.430   0.444   0.445 
    0.461   0.468   0.484   0.495   0.504   0.515   0.524   0.529 
    0.539   0.549   0.558   0.567   0.589   0.606   0.609   0.621 
    0.630   0.649   0.660   0.670   0.675   0.687   0.714   0.715 
    0.731   0.732   0.759   0.794   0.805   0.820   0.822   0.850 
    0.858   0.886   0.911   0.942   0.949   0.964   0.994   1.003 
    1.041   1.048   1.058   1.072   1.084   1.104   1.120   1.130 
    1.139   1.155   1.179   1.207   1.223   1.249   1.256   1.266 
    1.269   1.277   1.302   1.321   1.346   1.357   1.369   1.371 
    1.392   1.417   1.425   1.427   1.460   1.484   1.494   1.508 
    1.509   1.541   1.567   1.576   1.618   1.618   1.660   1.678 
    1.695   1.704   1.713   1.726   1.745   1.749   1.762   1.803 
    1.820   1.827   1.859   1.883   1.884   1.904   1.907   1.929 
    1.932   1.932   1.996   2.002   2.038   2.070   2.080   2.106 
    2.134   2.169   2.175   2.178   2.211   2.214   2.232   2.242 
    2.290   2.294   2.307   2.330   2.352   2.352   2.375   2.414 
    2.424   2.466   2.488   2.500   2.541   2.598   2.614   2.616 
    2.647   2.722   2.778   2.799   2.836   2.900   2.918   2.924 
    2.948   2.992   3.001   3.017   3.043   3.068   3.100   3.112 
    3.138   3.202   3.225   3.247   3.276   3.299   3.305   3.338 
    3.356   3.357   3.406   3.434   3.450   3.486   3.504   3.531 
    3.572   3.577   3.609   3.614   3.670   3.724   3.761   3.803 
    3.831   3.864   3.874   3.904   3.910   3.965   3.971   3.988 
    4.013   4.020   4.034   4.074   4.090   4.097   4.119   4.132 
    4.155   4.191   4.212   4.222   4.242   4.256   4.262   4.273 
    4.299   4.320   4.351   4.364   4.393   4.406   4.435   4.448 
    4.455   4.493   4.494   4.530   4.534   4.589   4.612   4.630 
    4.632   4.652   4.654   4.691   4.712   4.722   4.744   4.750 
    4.815   4.823   4.863   4.865   4.917   4.949   4.950   4.990 
    5.033   5.044   5.064   5.120   5.149   5.160   5.161   5.170 
    5.203   5.206   5.231   5.245   5.266   5.286   5.288   5.378 
    5.420   5.421   5.488   5.518   5.566   5.604   5.621   5.645 
    5.689   5.723   5.748   5.775   5.857   5.862   5.866   5.940 
    6.036   6.104   6.133   6.182   6.195   6.211   6.266   6.272 
    6.324   6.345   6.372   6.403   6.550   6.558   6.658   6.673 
    6.692   6.734   6.764   6.781   6.805   6.836   6.863   6.934 
    6.951   6.991   7.009   7.026   7.027   7.080   7.094   7.116 
    7.178   7.208   7.332   7.365   7.388   7.537   7.560   7.623 
    7.733   7.777   7.796   7.808   7.878   7.933   7.948   8.009 
    8.057   8.150   8.163   8.227   8.419   8.506   8.684   8.749 
    8.822   8.845   8.923   9.006   9.027   9.039   9.076   9.100 
    9.118   9.140   9.199   9.205   9.231   9.277   9.358   9.456 
    9.483   9.554   9.739   9.751   9.764   9.905  10.012  10.271 
   10.290  10.387  10.461  10.488  10.523  10.579  10.603  10.622 
   10.660  10.670  10.687  10.700  10.740  10.747  10.766  10.799 
   10.813  10.817  10.827  10.840  10.875  10.908  10.989  10.997 
   11.001  11.023  11.024  11.048  11.049  11.077  11.145  11.185 
   11.228  11.259  11.263  11.300  11.313  11.336  11.398  11.407 
   11.492  11.496  11.525  11.533  11.588  11.589  11.644  11.651 
   11.657  11.657  11.712  11.712  11.751  11.766  11.766  11.775 
   11.806  11.842  11.855  11.871  11.896  11.997  12.010  12.014 
   12.034  12.065  12.066  12.147  12.148  12.184  12.191  12.223 
   12.235  12.270  12.272  12.303  12.339  12.416  12.452  12.485 
   12.500  12.516  12.543  12.612  12.624  12.628  12.670  12.724 
   12.749  12.796  12.805  12.903  12.926  12.935  12.944  12.945 
   12.982  12.998  13.021  13.170  13.175  13.188  13.228  13.241 
   13.305  13.338  13.402  13.424  13.475  13.511  13.520  13.572 
   13.573  13.592  13.681  13.688  13.714  13.797  13.833  13.896 
   13.999  14.084  14.125  14.132  14.146  14.386  14.530  14.531 
   14.538  14.633  14.693  14.696  14.696  14.768  14.826  14.835 
   14.942  14.999  15.006  15.332  15.377  15.425  15.491  15.519 
   15.539  15.543  15.641  15.641  15.688  15.707  15.727  15.796 
   15.904  15.937  16.142  16.146  16.204  16.324  16.336  16.427 
   16.453  16.607  16.610  16.762  16.827  16.838  16.928  16.940 
   16.981  16.988  17.181  17.183  17.302  17.340  17.343  17.396 
   17.497  17.508  17.578  17.580  17.710  17.730  17.872  18.145 
   18.236  18.292  18.560  18.631  18.655  18.667  18.840  18.891 
   19.049  19.469  19.876  19.958  20.065  20.076  20.124  20.159 
   20.310  20.384  20.441  20.510  20.853  20.924  20.925  21.149 
   21.402  21.458  21.638  21.764  21.898  21.923  22.315  22.878 
   23.710  24.128  24.165  24.338  24.724  25.064  25.723  25.739 
   32.397  32.408  32.646  32.655  33.207  33.268  33.679  33.690 
   33.909  33.914  34.105  34.321  34.575  35.676  35.954  41.456 
   41.715  43.597  44.814  47.343  47.348  47.796  47.814  48.492 
   48.663  48.668  49.125  49.141  49.836  50.912  50.953  52.256 
   52.420  52.459  53.742  77.928  78.561  80.300  91.451  91.717 
   91.793  91.878  92.806  92.838  98.492 100.401 137.654 137.687 
  138.498 140.157 140.189 141.005 225.392 228.068 425.991 426.018 
  426.670 429.526 429.553 430.208 526.097 529.489 1267.235 1271.191 
  1686.704 1686.723 1687.190 1691.007 1691.026 1691.494 3190.772 3195.103 
  8535.408 8539.953 24820.559 24825.212 81386.557 81391.256 322255.067 322259.784 
  1830818.946 1830823.667 

  SA 0  : 1 (0.99)    SB 0  : 0 (1.00)
  SA 1  : 4 (1.00)    SB 1  : 1 (0.99)
  SA 2  : 2 (1.00)    SB 2  : 4 (1.00)
  SA 3  : 3 (1.00)    SB 3  : 2 (1.00)
  SA 4  : 13 (0.31) 14 (0.30) 15 (0.31)    SB 4  : 3 (1.00)
  SA 5  : 5 (0.22) 6 (0.22) 7 (0.22) 16 (0.22)    SB 5  : 12 (0.12) 13 (0.29) 14 (0.28) 15 (0.29)
  SA 6  : 7 (0.44) 9 (0.23)    SB 6  : 5 (0.23) 6 (0.23) 7 (0.19) 16 (0.23)
  SA 7  : 8 (0.73) 12 (0.14)    SB 7  : 7 (0.47) 9 (0.24)
  SA 8  : 8 (0.14) 9 (0.20) 12 (0.38)    SB 8  : 12 (0.75)
  SA 9  : 7 (0.14) 9 (0.26) 12 (0.41) 14 (0.14)    SB 9  : 8 (0.49) 14 (0.20)
  SA 10 : 10 (0.51) 13 (0.23) 15 (0.23)    SB 10 : 13 (0.42) 15 (0.42)
  SA 11 : 9 (0.13) 13 (0.12) 14 (0.48) 15 (0.12)    SB 11 : 8 (0.32) 14 (0.34)
  SA 12 : 10 (0.43) 13 (0.26) 15 (0.26)    SB 12 : 7 (0.29) 9 (0.55)
  SA 13 : 11 (0.86)    SB 13 : 10 (0.91)
  SA 14 : 5 (0.16) 6 (0.65) 16 (0.16)    SB 14 : 11 (0.87)
  SA 15 : 5 (0.47) 16 (0.47)    SB 15 : 5 (0.16) 6 (0.65) 16 (0.16)
  SB 16 : 5 (0.47) 16 (0.47)

The transition for spin alpha is from 15 (0.01) to 1 (1.00).



  >>> Running UHF-MP2 <<<

MP2 correlation energy (UHF) : -1.1036340703
MP2 total energy       (UHF) : -209.9267358024

