	*********************************************** 
	***** Beginning CEBE Calculation with MOM ***** 
	*****       Calculation Details:          ***** 
	      Geometry:	 /home/am3939/core/calculations/mols/exp/n/h2n-conh2.xyz
	      Core Basis:	 ccX-5Z
	      Full Basis:	 cc-pV5Z
	      DIIS (start, space):	 0 50
	      Level shift:	 0
	      Do localization?:	 True
	      Atoms that were localized?:	 ['N']
	      Do SFX2C1E?:	 True
	      Freeze orbitals?:	 True
	      Use Cheng orbitals?:	 False
	      Do Special Basis?:	 True
	      Do Special Basis?:	 ccX-5Z
	*********************************************** 
	*********************************************** 

  >>> Running RHF <<<

init D/C      : minao
init ov       : zeros
no            : 16
nv            : 770
ov_size       : 12320
max_cycle     : 1000
conv          : 6
econv         : 9
method        : gdm
scale_stop    : 0
scale_factor  : 1.000000
init E        : -223.965502658639
init |[F,P]|  : 4.88e-03
init |dE|     : 1.41e-02
check file    : None

iter      total energy   |[F,P]|      |dE|         ∆E   comment
   1    -224.024720290  3.88e-03  1.18e-02  -5.92e-02  BFGS
   2    -224.099285082  3.87e-04  9.85e-04  -7.46e-02  BFGS
   3    -224.100359543  1.12e-04  2.72e-04  -1.07e-03  BFGS
   4    -224.100517469  5.74e-05  1.50e-04  -1.58e-04  BFGS
   5    -224.100537964  2.47e-05  5.96e-05  -2.05e-05  BFGS
   6    -224.100541625  4.92e-06  1.18e-05  -3.66e-06  BFGS
   7    -224.100541832  1.28e-06  3.13e-06  -2.07e-07  BFGS
   8    -224.100541847  5.34e-07  1.18e-06  -1.52e-08  BFGS
   9    -224.100541849  1.51e-07  3.67e-07  -1.79e-09  BFGS
  10    -224.100541849  3.68e-08  9.67e-08  -1.35e-10  BFGS
                                                                      gdm is converged!

SCF converged : True
final |[F,P]| : 3.68e-08
final |dE|    : 9.67e-08
final Escf    : -347.942306836618
final Etot    : -224.100541849328

  pxp & ewc             :::        0.602 (  0.13%)
  apply B               :::        0.002 (  0.00%)
  linsrch               :::      461.371 ( 99.86%)
  grad                  :::        0.024 (  0.01%)
  Total                 :::      461.999 (100.00%)

Alpha occupied
  -20.508 -15.583 -15.583 -11.377  -1.389  -1.233  -1.179  -0.823 
   -0.745  -0.732  -0.638  -0.608  -0.601  -0.444  -0.436  -0.419 

Alpha virtual
    0.069   0.093   0.121   0.123   0.149   0.156   0.167   0.183 
    0.215   0.220   0.235   0.253   0.280   0.294   0.315   0.345 
    0.373   0.405   0.418   0.421   0.437   0.441   0.448   0.458 
    0.490   0.491   0.502   0.527   0.534   0.565   0.587   0.604 
    0.637   0.668   0.668   0.700   0.727   0.732   0.740   0.743 
    0.780   0.791   0.792   0.835   0.897   0.920   0.935   0.950 
    0.965   0.981   0.991   1.010   1.018   1.032   1.053   1.071 
    1.071   1.082   1.122   1.127   1.158   1.161   1.199   1.215 
    1.223   1.263   1.282   1.330   1.349   1.360   1.377   1.394 
    1.447   1.467   1.474   1.499   1.521   1.532   1.542   1.595 
    1.629   1.666   1.681   1.695   1.724   1.737   1.779   1.792 
    1.840   1.863   1.873   1.877   1.918   1.940   1.943   1.971 
    1.981   1.997   2.036   2.037   2.072   2.100   2.100   2.118 
    2.136   2.155   2.158   2.191   2.197   2.208   2.242   2.248 
    2.257   2.299   2.306   2.316   2.340   2.381   2.405   2.417 
    2.449   2.486   2.497   2.547   2.548   2.581   2.623   2.643 
    2.653   2.682   2.708   2.721   2.809   2.817   2.825   2.859 
    2.885   2.905   2.908   2.927   2.939   2.974   2.978   3.059 
    3.064   3.127   3.133   3.162   3.218   3.255   3.284   3.291 
    3.312   3.328   3.370   3.378   3.401   3.439   3.467   3.507 
    3.530   3.534   3.567   3.587   3.633   3.703   3.757   3.764 
    3.779   3.869   3.879   3.905   3.933   3.950   3.954   3.972 
    3.997   4.041   4.050   4.102   4.119   4.129   4.150   4.160 
    4.165   4.212   4.265   4.288   4.306   4.333   4.351   4.371 
    4.377   4.449   4.464   4.527   4.565   4.572   4.617   4.639 
    4.686   4.695   4.710   4.742   4.788   4.800   4.826   4.867 
    4.869   4.911   4.913   4.982   5.001   5.008   5.012   5.029 
    5.049   5.082   5.087   5.127   5.162   5.191   5.202   5.206 
    5.226   5.274   5.278   5.308   5.327   5.371   5.444   5.466 
    5.536   5.595   5.602   5.641   5.645   5.701   5.723   5.726 
    5.752   5.788   5.811   5.820   5.844   5.844   5.878   5.910 
    5.915   5.946   5.956   5.979   6.017   6.056   6.078   6.134 
    6.146   6.194   6.201   6.216   6.277   6.279   6.307   6.357 
    6.403   6.404   6.433   6.437   6.520   6.543   6.583   6.673 
    6.676   6.679   6.696   6.760   6.814   6.816   6.908   6.968 
    6.999   7.031   7.064   7.099   7.136   7.148   7.236   7.265 
    7.267   7.331   7.336   7.378   7.428   7.477   7.509   7.572 
    7.572   7.594   7.681   7.693   7.772   7.811   7.814   7.885 
    7.902   8.009   8.047   8.064   8.066   8.140   8.251   8.306 
    8.356   8.401   8.425   8.430   8.480   8.507   8.613   8.631 
    8.729   8.791   8.794   8.827   8.866   8.937   8.965   8.991 
    9.039   9.045   9.097   9.168   9.215   9.275   9.282   9.309 
    9.346   9.406   9.434   9.549   9.615   9.768   9.783  10.051 
   10.054  10.083  10.098  10.236  10.298  10.330  10.427  10.504 
   10.614  10.685  10.846  10.856  10.909  10.928  11.267  11.377 
   11.451  11.476  11.491  11.509  11.600  11.608  11.632  11.658 
   11.686  11.741  11.751  11.756  11.808  11.832  11.861  11.912 
   11.924  11.954  12.148  12.194  12.216  12.356  12.466  12.535 
   12.543  12.569  12.607  12.610  12.670  12.686  12.697  12.710 
   12.730  12.744  12.757  12.803  12.806  12.834  12.839  12.867 
   12.876  12.896  12.936  12.949  13.001  13.004  13.005  13.078 
   13.143  13.182  13.205  13.226  13.269  13.325  13.395  13.398 
   13.469  13.489  13.563  13.607  13.635  13.639  13.687  13.691 
   13.730  13.736  13.753  13.766  13.797  13.826  13.891  13.927 
   13.950  13.956  13.991  14.006  14.030  14.047  14.052  14.112 
   14.130  14.182  14.194  14.227  14.250  14.270  14.281  14.310 
   14.312  14.329  14.338  14.346  14.351  14.376  14.384  14.435 
   14.458  14.491  14.515  14.557  14.587  14.594  14.639  14.749 
   14.770  14.790  14.810  14.869  14.888  14.921  14.930  14.994 
   15.033  15.081  15.143  15.251  15.280  15.317  15.403  15.459 
   15.517  15.594  15.647  15.781  15.820  15.832  15.929  16.007 
   16.008  16.097  16.118  16.173  16.196  16.280  16.331  16.335 
   16.510  16.511  16.547  16.549  16.590  16.611  16.637  16.674 
   16.684  16.717  16.796  16.845  16.853  16.884  16.928  17.013 
   17.036  17.073  17.076  17.134  17.153  17.163  17.450  17.513 
   17.576  17.577  17.597  17.756  17.783  17.871  17.900  18.059 
   18.148  18.175  18.198  18.262  18.344  18.377  18.432  18.557 
   18.563  18.588  18.629  18.650  18.686  18.731  18.919  18.981 
   19.104  19.222  19.298  19.502  19.582  19.607  19.730  19.754 
   19.861  19.874  19.885  20.126  20.369  20.371  20.679  20.726 
   21.001  21.155  21.156  21.423  21.529  21.683  21.759  21.760 
   22.164  22.270  22.333  22.397  22.557  23.498  23.532  23.575 
   23.875  23.977  24.007  24.207  26.626  26.633  27.655  27.972 
   28.241  28.371  33.439  33.629  41.702  54.196  54.200  54.359 
   54.418  54.452  54.499  54.517  54.557  54.639  54.641  54.695 
   54.737  54.742  54.754  54.938  54.984  55.060  55.080  55.535 
   55.591  55.947  55.994  56.024  56.069  56.668  56.689  57.641 
   57.869  58.044  58.114  64.134  72.005  72.169 100.480 100.483 
  100.491 100.497 100.520 100.521 100.544 100.546 100.557 100.560 
  100.574 100.581 100.645 100.645 100.718 100.724 100.729 100.731 
  125.545 125.547 126.238 126.424 126.435 126.557 150.728 150.753 
  150.864 150.887 151.211 151.236 151.712 151.784 151.939 151.941 
  155.284 155.437 173.634 173.638 173.710 173.730 173.735 173.748 
  173.764 173.769 173.908 173.939 173.987 173.988 174.405 174.408 
  294.402 294.405 295.025 295.188 295.210 295.315 320.668 320.668 
  320.668 320.668 320.673 320.673 320.673 320.673 320.676 320.676 
  320.676 320.676 320.679 320.679 320.679 320.679 320.680 320.680 
  320.681 320.681 320.681 320.681 341.974 342.125 373.480 373.481 
  373.483 373.485 373.492 373.493 373.500 373.500 373.503 373.505 
  373.509 373.512 373.532 373.532 373.554 373.557 373.558 373.560 
  384.381 384.401 384.487 384.505 384.761 384.783 385.162 385.217 
  385.341 385.344 529.914 529.916 529.954 529.967 529.975 529.980 
  529.992 529.994 530.069 530.082 530.116 530.120 530.342 530.344 
  754.808 754.810 755.350 755.488 755.513 755.602 825.459 825.616 
  976.569 976.585 976.651 976.665 976.865 976.883 977.181 977.225 
  977.322 977.325 2440.579 2440.582 2441.075 2441.199 2441.224 2441.305 
  3195.396 3195.693 


  >>> Running RHF-MP2 <<<


RMP2-TIMING
  rmp2                  :::      442.682 (100.00%)
  Total                 :::      442.682 (100.00%)

MP2 correlation energy (RHF) : -1.0793018205
MP2 total energy       (RHF) : -225.1798436699


  >>> Running UHF <<<

init D/C      : input mo_coeff
init ov       : zeros
no            : 15 16
nv            : 771 770
ov_size       : 23885
max_cycle     : 1000
conv          : 6
econv         : 9
method        : diis
mom_start     : 0
guess mix     : 0.000000
orb_swap      : [[[1, 15]], []]
init E        : -208.597645628022
init S2       : 0.750000000000149
init |[F,P]|  : 1.92e-02
init |dE|     : 3.92e-02
check file    : None

iter      total energy   |[F,P]|      |dE|         ∆E   S^2   comment
   1    -208.930343152  8.04e-03  1.82e-02  -3.33e-01  0.75  DIIS mom: 14.7/15 15.6/16
   2    -209.174300834  1.92e-03  4.41e-03  -2.44e-01  0.76  DIIS mom: 14.9/15 15.9/16
   3    -209.191659535  3.32e-04  9.67e-04  -1.74e-02  0.76  DIIS mom: 15.0/15 16.0/16
   4    -209.192664723  1.77e-04  4.77e-04  -1.01e-03  0.76  DIIS mom: 15.0/15 16.0/16
   5    -209.193060983  8.38e-05  1.79e-04  -3.96e-04  0.77  DIIS mom: 15.0/15 16.0/16
   6    -209.193197471  3.28e-05  6.95e-05  -1.36e-04  0.77  DIIS mom: 15.0/15 16.0/16
   7    -209.193214712  9.94e-06  2.17e-05  -1.72e-05  0.77  DIIS mom: 15.0/15 16.0/16
   8    -209.193216841  3.71e-06  9.57e-06  -2.13e-06  0.77  DIIS mom: 15.0/15 16.0/16
   9    -209.193217269  2.42e-06  6.49e-06  -4.28e-07  0.77  DIIS mom: 15.0/15 16.0/16
  10    -209.193217630  1.93e-06  5.21e-06  -3.61e-07  0.77  DIIS mom: 15.0/15 16.0/16
  11    -209.193218065  1.45e-06  3.91e-06  -4.36e-07  0.77  DIIS mom: 15.0/15 16.0/16
  12    -209.193218526  7.00e-07  1.84e-06  -4.60e-07  0.77  DIIS mom: 15.0/15 16.0/16
  13    -209.193218619  2.81e-07  7.26e-07  -9.39e-08  0.77  DIIS mom: 15.0/15 16.0/16
  14    -209.193218628  1.22e-07  3.09e-07  -8.72e-09  0.77  DIIS mom: 15.0/15 16.0/16
  15    -209.193218629  4.70e-08  1.21e-07  -1.00e-09  0.77  DIIS mom: 15.0/15 16.0/16
  16    -209.193218629  1.78e-08  4.64e-08  -1.28e-10  0.77  DIIS mom: 15.0/15 16.0/16
                                                                      diis is converged!

SCF converged : True
final |[F,P]| : 1.78e-08
final |dE|    : 4.64e-08
final Escf    : -333.034983616624
final Etot    : -209.193218629334
final S2      : 0.774111032198931

  diis prep             :::        0.328 (  0.04%)
  diis extrap           :::        0.288 (  0.04%)
  roothaan              :::        1.955 (  0.25%)
  fock build            :::      791.436 ( 99.68%)
  Total                 :::      794.007 (100.00%)

Alpha occupied
  -20.769 -15.810 -11.666  -1.686  -1.581  -1.438  -1.180  -1.137 
   -0.989  -0.962  -0.908  -0.859  -0.775  -0.701  -0.645 

Alpha virtual
  -14.216  -0.133  -0.083  -0.065  -0.051  -0.036  -0.018  -0.008 
    0.009   0.020   0.029   0.061   0.071   0.110   0.119   0.124 
    0.138   0.154   0.189   0.192   0.224   0.236   0.241   0.248 
    0.257   0.272   0.285   0.298   0.330   0.335   0.357   0.376 
    0.386   0.424   0.442   0.454   0.487   0.488   0.514   0.522 
    0.538   0.570   0.576   0.583   0.626   0.684   0.696   0.708 
    0.737   0.743   0.761   0.766   0.776   0.799   0.811   0.822 
    0.827   0.842   0.878   0.879   0.905   0.913   0.951   0.963 
    0.979   0.995   1.009   1.066   1.092   1.101   1.138   1.154 
    1.172   1.216   1.237   1.252   1.266   1.283   1.309   1.314 
    1.365   1.397   1.417   1.450   1.465   1.480   1.512   1.540 
    1.558   1.601   1.619   1.627   1.636   1.685   1.697   1.715 
    1.734   1.749   1.758   1.785   1.807   1.837   1.847   1.865 
    1.874   1.892   1.910   1.925   1.947   1.965   1.969   1.996 
    2.007   2.013   2.047   2.054   2.084   2.092   2.147   2.160 
    2.173   2.205   2.230   2.239   2.296   2.303   2.326   2.357 
    2.391   2.404   2.415   2.459   2.468   2.524   2.550   2.576 
    2.589   2.613   2.633   2.652   2.676   2.702   2.713   2.723 
    2.805   2.817   2.867   2.872   2.892   2.954   3.008   3.033 
    3.041   3.065   3.088   3.111   3.135   3.147   3.180   3.216 
    3.252   3.276   3.283   3.310   3.351   3.372   3.439   3.493 
    3.516   3.523   3.603   3.614   3.639   3.661   3.688   3.695 
    3.720   3.747   3.787   3.794   3.833   3.853   3.870   3.903 
    3.911   3.916   3.952   3.987   4.028   4.045   4.076   4.093 
    4.109   4.136   4.170   4.220   4.272   4.284   4.338   4.343 
    4.381   4.417   4.435   4.471   4.495   4.530   4.538   4.579 
    4.603   4.624   4.625   4.660   4.706   4.718   4.736   4.758 
    4.771   4.783   4.824   4.853   4.863   4.905   4.920   4.938 
    4.950   4.962   4.998   5.010   5.035   5.065   5.111   5.185 
    5.194   5.277   5.301   5.328   5.363   5.374   5.413   5.436 
    5.461   5.493   5.495   5.532   5.548   5.560   5.576   5.605 
    5.629   5.634   5.675   5.694   5.716   5.752   5.778   5.788 
    5.835   5.857   5.902   5.906   5.946   5.983   6.014   6.030 
    6.081   6.104   6.111   6.156   6.201   6.214   6.256   6.318 
    6.380   6.396   6.413   6.438   6.494   6.534   6.545   6.629 
    6.694   6.714   6.766   6.800   6.833   6.848   6.887   6.941 
    6.994   7.016   7.047   7.077   7.129   7.173   7.211   7.235 
    7.284   7.312   7.341   7.422   7.445   7.519   7.527   7.544 
    7.612   7.630   7.732   7.750   7.786   7.809   7.872   7.936 
    8.024   8.080   8.117   8.126   8.168   8.212   8.239   8.331 
    8.360   8.429   8.508   8.529   8.549   8.595   8.646   8.666 
    8.716   8.747   8.794   8.816   8.879   8.939   8.966   9.008 
    9.028   9.081   9.126   9.160   9.270   9.339   9.503   9.510 
    9.778   9.782   9.812   9.827   9.953  10.025  10.051  10.159 
   10.227  10.344  10.409  10.571  10.579  10.641  10.648  10.986 
   11.085  11.146  11.204  11.216  11.222  11.285  11.328  11.336 
   11.381  11.407  11.442  11.449  11.479  11.517  11.540  11.600 
   11.628  11.652  11.667  11.812  11.875  11.964  12.050  12.111 
   12.156  12.210  12.268  12.310  12.333  12.345  12.375  12.391 
   12.396  12.422  12.455  12.487  12.504  12.528  12.545  12.563 
   12.575  12.598  12.626  12.637  12.654  12.696  12.711  12.784 
   12.795  12.827  12.879  12.936  12.960  12.979  13.029  13.088 
   13.108  13.183  13.219  13.246  13.298  13.324  13.361  13.382 
   13.394  13.425  13.435  13.468  13.476  13.533  13.561  13.585 
   13.628  13.632  13.658  13.696  13.720  13.738  13.762  13.785 
   13.817  13.835  13.850  13.883  13.912  13.936  13.958  13.979 
   13.990  14.034  14.068  14.077  14.081  14.091  14.115  14.132 
   14.146  14.170  14.202  14.227  14.253  14.279  14.340  14.366 
   14.435  14.449  14.460  14.506  14.541  14.618  14.626  14.645 
   14.680  14.789  14.792  14.844  14.929  14.988  15.036  15.111 
   15.157  15.233  15.297  15.373  15.449  15.500  15.566  15.661 
   15.691  15.746  15.764  15.852  15.893  15.919  15.953  16.008 
   16.085  16.126  16.139  16.188  16.239  16.294  16.319  16.356 
   16.376  16.429  16.453  16.462  16.487  16.592  16.621  16.658 
   16.674  16.691  16.788  16.795  16.828  16.880  16.908  17.111 
   17.169  17.250  17.255  17.292  17.407  17.507  17.547  17.594 
   17.636  17.762  17.830  17.909  17.975  18.000  18.061  18.104 
   18.120  18.241  18.288  18.319  18.360  18.393  18.468  18.613 
   18.722  18.834  18.968  19.041  19.211  19.255  19.332  19.373 
   19.509  19.596  19.613  19.631  19.853  19.985  20.150  20.258 
   20.487  20.699  20.742  20.936  21.059  21.229  21.295  21.448 
   21.531  21.810  21.909  22.077  22.142  22.297  23.068  23.262 
   23.334  23.467  23.642  23.772  23.952  25.797  26.402  26.962 
   27.487  27.644  28.088  32.628  33.321  41.411  52.895  53.156 
   53.204  53.335  53.452  53.525  53.527  53.684  53.829  53.968 
   54.161  54.247  54.273  54.313  54.410  54.497  54.519  54.616 
   54.774  54.795  54.819  55.341  55.408  55.749  55.811  56.427 
   56.496  56.799  57.545  57.849  63.874  70.676  71.866  99.081 
   99.092  99.116  99.141  99.156  99.174  99.239  99.311  99.318 
  100.253 100.264 100.294 100.317 100.332 100.350 100.418 100.495 
  100.503 123.575 124.363 124.498 125.320 126.126 126.256 148.581 
  148.716 149.066 149.585 149.778 150.514 150.649 150.996 151.521 
  151.712 153.260 155.136 171.511 171.598 171.613 171.636 171.798 
  171.854 172.276 173.409 173.496 173.513 173.537 173.698 173.757 
  174.179 291.576 292.285 292.412 294.177 294.897 295.021 318.420 
  318.420 318.428 318.428 318.434 318.434 318.439 318.439 318.441 
  318.442 318.442 320.441 320.441 320.445 320.445 320.448 320.448 
  320.450 320.451 320.452 320.454 320.454 339.141 341.824 370.825 
  370.829 370.835 370.843 370.848 370.854 370.874 370.895 370.898 
  373.252 373.255 373.265 373.272 373.277 373.283 373.305 373.328 
  373.331 381.409 381.513 381.790 382.204 382.357 384.164 384.269 
  384.544 384.962 385.115 526.706 526.752 526.767 526.782 526.867 
  526.904 527.131 529.687 529.734 529.750 529.764 529.849 529.889 
  530.115 751.119 751.737 751.850 754.582 755.206 755.317 821.795 
  825.311 972.793 972.875 973.091 973.417 973.538 976.349 976.431 
  976.646 976.975 977.095 2436.189 2436.754 2436.858 2440.354 2440.922 
  2441.025 3191.131 3195.322 

Beta occupied
  -20.767 -18.497 -15.810 -11.665  -1.757  -1.604  -1.440  -1.221 
   -1.186  -1.035  -0.989  -0.912  -0.859  -0.785  -0.701  -0.642 

Beta virtual
   -0.142  -0.090  -0.064  -0.051  -0.039  -0.017  -0.010   0.010 
    0.020   0.030   0.062   0.070   0.104   0.118   0.119   0.136 
    0.148   0.177   0.191   0.225   0.235   0.239   0.247   0.251 
    0.273   0.285   0.298   0.325   0.330   0.357   0.375   0.386 
    0.425   0.442   0.456   0.486   0.489   0.516   0.524   0.538 
    0.570   0.578   0.584   0.627   0.681   0.685   0.705   0.732 
    0.743   0.756   0.765   0.775   0.797   0.810   0.821   0.826 
    0.844   0.875   0.878   0.902   0.912   0.943   0.955   0.980 
    0.994   1.005   1.066   1.091   1.101   1.139   1.154   1.173 
    1.216   1.238   1.253   1.267   1.285   1.308   1.315   1.365 
    1.397   1.419   1.451   1.466   1.481   1.513   1.542   1.559 
    1.602   1.619   1.628   1.636   1.683   1.697   1.716   1.734 
    1.750   1.756   1.781   1.807   1.837   1.844   1.866   1.873 
    1.891   1.908   1.925   1.945   1.963   1.967   1.996   2.005 
    2.013   2.044   2.054   2.084   2.090   2.145   2.159   2.170 
    2.206   2.227   2.237   2.294   2.299   2.318   2.345   2.390 
    2.394   2.414   2.455   2.462   2.519   2.540   2.565   2.588 
    2.605   2.631   2.646   2.674   2.699   2.710   2.723   2.805 
    2.816   2.866   2.869   2.890   2.953   3.009   3.030   3.042 
    3.066   3.088   3.109   3.136   3.144   3.177   3.216   3.252 
    3.275   3.282   3.310   3.351   3.371   3.439   3.493   3.516 
    3.523   3.601   3.613   3.637   3.659   3.688   3.696   3.720 
    3.748   3.786   3.794   3.834   3.852   3.871   3.903   3.911 
    3.916   3.952   3.984   4.027   4.044   4.077   4.092   4.108 
    4.136   4.171   4.220   4.273   4.284   4.338   4.343   4.381 
    4.416   4.430   4.471   4.495   4.530   4.537   4.579   4.602 
    4.622   4.625   4.656   4.704   4.717   4.736   4.758   4.769 
    4.783   4.825   4.853   4.863   4.905   4.916   4.938   4.946 
    4.961   4.995   5.008   5.032   5.065   5.108   5.184   5.194 
    5.276   5.290   5.322   5.357   5.366   5.404   5.428   5.459 
    5.486   5.493   5.526   5.546   5.559   5.573   5.601   5.616 
    5.628   5.673   5.690   5.711   5.726   5.772   5.781   5.823 
    5.843   5.878   5.902   5.943   5.980   6.005   6.029   6.078 
    6.100   6.106   6.155   6.190   6.208   6.251   6.314   6.376 
    6.393   6.411   6.438   6.493   6.532   6.542   6.629   6.694 
    6.712   6.765   6.798   6.831   6.846   6.884   6.937   6.992 
    7.015   7.045   7.075   7.129   7.173   7.209   7.233   7.282 
    7.310   7.340   7.421   7.444   7.514   7.522   7.541   7.607 
    7.629   7.726   7.748   7.784   7.809   7.870   7.925   8.020 
    8.076   8.110   8.124   8.165   8.210   8.238   8.328   8.359 
    8.424   8.506   8.527   8.546   8.593   8.640   8.663   8.713 
    8.744   8.793   8.813   8.876   8.937   8.959   9.008   9.027 
    9.081   9.125   9.160   9.266   9.338   9.502   9.511   9.778 
    9.783   9.812   9.825   9.952  10.025  10.050  10.159  10.227 
   10.342  10.409  10.571  10.577  10.640  10.647  10.985  11.080 
   11.145  11.202  11.214  11.220  11.273  11.326  11.331  11.376 
   11.402  11.433  11.445  11.474  11.511  11.535  11.600  11.625 
   11.640  11.666  11.792  11.865  11.954  12.039  12.045  12.146 
   12.201  12.239  12.306  12.332  12.343  12.374  12.390  12.395 
   12.422  12.451  12.485  12.505  12.527  12.543  12.560  12.574 
   12.596  12.625  12.635  12.653  12.693  12.707  12.783  12.791 
   12.827  12.877  12.931  12.959  12.977  13.027  13.082  13.106 
   13.180  13.216  13.242  13.297  13.324  13.354  13.382  13.394 
   13.424  13.434  13.465  13.474  13.532  13.559  13.580  13.623 
   13.625  13.657  13.695  13.718  13.731  13.745  13.780  13.813 
   13.828  13.848  13.873  13.909  13.934  13.949  13.976  13.987 
   14.033  14.063  14.076  14.081  14.091  14.113  14.131  14.143 
   14.160  14.181  14.224  14.250  14.278  14.337  14.360  14.395 
   14.444  14.457  14.505  14.527  14.613  14.625  14.640  14.679 
   14.785  14.789  14.837  14.925  14.978  15.036  15.108  15.155 
   15.230  15.294  15.372  15.447  15.496  15.564  15.659  15.689 
   15.744  15.761  15.852  15.887  15.919  15.949  16.007  16.080 
   16.121  16.131  16.176  16.226  16.291  16.319  16.354  16.375 
   16.428  16.450  16.458  16.481  16.591  16.620  16.648  16.673 
   16.686  16.783  16.795  16.824  16.878  16.907  17.104  17.156 
   17.243  17.246  17.289  17.402  17.501  17.544  17.586  17.612 
   17.752  17.818  17.905  17.962  17.996  18.057  18.078  18.111 
   18.237  18.280  18.318  18.360  18.393  18.468  18.610  18.723 
   18.832  18.970  19.041  19.182  19.255  19.332  19.373  19.509 
   19.597  19.613  19.632  19.853  19.980  20.150  20.246  20.487 
   20.685  20.743  20.936  21.046  21.220  21.279  21.446  21.531 
   21.779  21.909  22.076  22.143  22.298  23.054  23.263  23.334 
   23.439  23.641  23.772  23.952  25.586  26.401  26.778  27.318 
   27.628  28.086  32.335  33.317  41.410  52.754  53.010  53.104 
   53.254  53.369  53.441  53.446  53.547  53.758  53.967  54.126 
   54.163  54.258  54.305  54.403  54.469  54.503  54.519  54.637 
   54.792  54.805  55.148  55.341  55.748  55.810  56.214  56.452 
   56.555  57.542  57.849  63.875  70.323  71.865  99.023  99.034 
   99.058  99.083  99.098  99.116  99.181  99.253  99.260 100.253 
  100.264 100.294 100.318 100.332 100.350 100.418 100.496 100.503 
  123.239 124.031 124.165 125.320 126.125 126.256 148.351 148.486 
  148.837 149.356 149.550 150.514 150.649 150.996 151.521 151.712 
  152.903 155.135 171.364 171.450 171.466 171.489 171.651 171.707 
  172.129 173.409 173.496 173.513 173.537 173.698 173.757 174.179 
  291.253 291.963 292.090 294.177 294.896 295.021 318.343 318.343 
  318.351 318.351 318.357 318.357 318.362 318.362 318.364 318.365 
  318.365 320.441 320.441 320.445 320.445 320.448 320.448 320.450 
  320.451 320.452 320.454 320.454 338.822 341.823 370.701 370.704 
  370.711 370.719 370.724 370.729 370.750 370.771 370.773 373.252 
  373.255 373.265 373.272 373.277 373.283 373.305 373.329 373.331 
  381.179 381.284 381.561 381.975 382.128 384.164 384.269 384.544 
  384.962 385.115 526.525 526.571 526.586 526.600 526.685 526.723 
  526.950 529.687 529.734 529.750 529.764 529.849 529.889 530.115 
  750.865 751.483 751.596 754.582 755.206 755.317 821.539 825.311 
  972.605 972.686 972.902 973.229 973.350 976.349 976.431 976.646 
  976.975 977.095 2436.040 2436.605 2436.709 2440.354 2440.922 2441.025 
  3190.991 3195.322 

  SA 0  : 0 (0.99)    SB 0  : 0 (0.99)
  SA 1  : 2 (0.99)    SB 1  : 1 (1.00)
  SA 2  : 3 (1.00)    SB 2  : 2 (0.99)
  SA 3  : 4 (0.13) 5 (0.29) 6 (0.13) 10 (0.12) 15 (0.13)    SB 3  : 3 (1.00)
  SA 4  : 4 (0.21) 6 (0.11) 10 (0.15) 15 (0.21)    SB 4  : 5 (0.35) 6 (0.21) 10 (0.22)
  SA 5  : 7 (0.37) 8 (0.23) 9 (0.19)    SB 5  : 4 (0.30) 11 (0.11) 13 (0.10) 15 (0.30)
  SA 6  : 5 (0.44) 10 (0.30)    SB 6  : 7 (0.37) 8 (0.23) 9 (0.18)
  SA 7  : 6 (0.53) 10 (0.37)    SB 7  : 5 (0.46) 10 (0.33)
  SA 8  : 7 (0.25) 8 (0.43) 13 (0.15)    SB 8  : 6 (0.56) 10 (0.32)
  SA 9  : 12 (0.70)    SB 9  : 12 (0.79)
  SA 10 : 7 (0.12) 8 (0.13) 9 (0.65)    SB 10 : 7 (0.31) 8 (0.43) 13 (0.16)
  SA 11 : 4 (0.16) 11 (0.35) 13 (0.21)    SB 11 : 7 (0.10) 8 (0.16) 9 (0.67)
  SA 12 : 4 (0.24) 14 (0.29) 15 (0.30)    SB 12 : 4 (0.16) 11 (0.38) 13 (0.20)
  SA 13 : 11 (0.40) 13 (0.45)    SB 13 : 4 (0.25) 14 (0.32) 15 (0.31)
  SA 14 : 4 (0.18) 14 (0.56) 15 (0.16)    SB 14 : 11 (0.40) 13 (0.46)
  SB 15 : 4 (0.19) 14 (0.54) 15 (0.17)

The transition for spin alpha is from 13 (0.01) to 1 (1.00).



  >>> Running UHF-MP2 <<<

MP2 correlation energy (UHF) : -1.0569705068
MP2 total energy       (UHF) : -210.2501891361

