	*********************************************** 
	***** Beginning CEBE Calculation with MOM ***** 
	*****       Calculation Details:          ***** 
	      Geometry:	 /home/am3939/core/calculations/mols/exp/n/o-n-h2pyridine.xyz
	      Core Basis:	 ccX-5Z
	      Full Basis:	 cc-pV5Z
	      DIIS (start, space):	 0 50
	      Level shift:	 0
	      Do localization?:	 False
	      Do SFX2C1E?:	 True
	      Freeze orbitals?:	 True
	      Use Cheng orbitals?:	 False
	      Do Special Basis?:	 True
	      Do Special Basis?:	 ccX-5Z
	*********************************************** 
	*********************************************** 

  >>> Running RHF <<<

init D/C      : minao
init ov       : zeros
no            : 25
nv            : 1144
ov_size       : 28600
max_cycle     : 1000
conv          : 6
econv         : 9
method        : gdm
scale_stop    : 0
scale_factor  : 1.000000
init E        : -301.776346600149
init |[F,P]|  : 2.77e-03
init |dE|     : 6.29e-03
check file    : None

iter      total energy   |[F,P]|      |dE|         ∆E   comment
   1    -301.855518195  1.12e-03  2.45e-03  -7.92e-02  BFGS
   2    -301.865875131  3.90e-04  8.29e-04  -1.04e-02  BFGS
   3    -301.866868844  9.07e-05  2.12e-04  -9.94e-04  BFGS
   4    -301.866943715  3.58e-05  7.60e-05  -7.49e-05  BFGS
   5    -301.866957428  9.26e-06  2.04e-05  -1.37e-05  BFGS
   6    -301.866959256  4.02e-06  9.22e-06  -1.83e-06  BFGS
   7    -301.866959487  1.66e-06  3.57e-06  -2.31e-07  BFGS
   8    -301.866959538  7.05e-07  1.51e-06  -5.05e-08  BFGS
   9    -301.866959550  3.69e-07  8.13e-07  -1.22e-08  BFGS
  10    -301.866959552  1.16e-07  2.57e-07  -1.82e-09  BFGS
  11    -301.866959552  3.41e-08  7.55e-08  -2.32e-10  BFGS
                                                                      gdm is converged!

SCF converged : True
final |[F,P]| : 3.41e-08
final |dE|    : 7.55e-08
final Escf    : -578.085952351497
final Etot    : -301.866959552098

  pxp & ewc             :::        2.365 (  0.10%)
  apply B               :::        0.005 (  0.00%)
  linsrch               :::     2449.096 ( 99.90%)
  grad                  :::        0.085 (  0.00%)
  Total                 :::     2451.551 (100.00%)

Alpha occupied
  -15.565 -15.548 -11.312 -11.271 -11.255 -11.228 -11.222  -1.282 
   -1.187  -1.084  -1.007  -0.863  -0.840  -0.721  -0.704  -0.662 
   -0.625  -0.606  -0.568  -0.565  -0.527  -0.461  -0.417  -0.381 
   -0.311 

Alpha virtual
    0.080   0.095   0.104   0.105   0.123   0.125   0.130   0.153 
    0.157   0.171   0.181   0.186   0.209   0.215   0.234   0.239 
    0.251   0.257   0.271   0.290   0.298   0.311   0.330   0.335 
    0.343   0.350   0.355   0.369   0.374   0.380   0.389   0.411 
    0.421   0.430   0.437   0.445   0.463   0.471   0.472   0.480 
    0.485   0.499   0.503   0.519   0.531   0.539   0.552   0.579 
    0.585   0.598   0.601   0.609   0.617   0.627   0.640   0.650 
    0.660   0.672   0.700   0.717   0.719   0.721   0.738   0.750 
    0.762   0.765   0.776   0.783   0.793   0.816   0.821   0.831 
    0.833   0.850   0.862   0.876   0.881   0.892   0.915   0.930 
    0.951   0.956   0.971   0.978   0.985   0.994   0.998   1.005 
    1.023   1.028   1.033   1.044   1.047   1.062   1.064   1.074 
    1.084   1.088   1.098   1.114   1.119   1.130   1.138   1.176 
    1.188   1.194   1.203   1.212   1.226   1.243   1.250   1.277 
    1.288   1.295   1.304   1.311   1.337   1.342   1.345   1.390 
    1.409   1.421   1.429   1.438   1.444   1.453   1.464   1.476 
    1.505   1.525   1.541   1.559   1.565   1.577   1.589   1.599 
    1.606   1.619   1.623   1.629   1.640   1.658   1.667   1.673 
    1.679   1.695   1.702   1.710   1.722   1.729   1.746   1.773 
    1.784   1.793   1.800   1.809   1.827   1.844   1.859   1.869 
    1.874   1.913   1.914   1.932   1.944   1.956   1.961   1.965 
    1.974   1.986   2.005   2.014   2.027   2.037   2.045   2.051 
    2.065   2.072   2.089   2.097   2.117   2.140   2.149   2.153 
    2.164   2.169   2.178   2.194   2.213   2.214   2.225   2.239 
    2.242   2.254   2.278   2.281   2.288   2.302   2.315   2.325 
    2.343   2.357   2.368   2.379   2.397   2.418   2.424   2.450 
    2.463   2.480   2.488   2.510   2.516   2.536   2.552   2.577 
    2.582   2.594   2.606   2.611   2.626   2.636   2.657   2.688 
    2.692   2.707   2.737   2.755   2.773   2.795   2.802   2.823 
    2.834   2.854   2.876   2.914   2.922   2.929   2.936   2.951 
    2.959   2.962   2.980   3.006   3.035   3.054   3.072   3.081 
    3.098   3.106   3.148   3.156   3.171   3.200   3.208   3.220 
    3.230   3.234   3.246   3.263   3.271   3.287   3.295   3.333 
    3.338   3.354   3.374   3.388   3.401   3.410   3.429   3.450 
    3.459   3.492   3.509   3.519   3.530   3.542   3.548   3.581 
    3.597   3.615   3.624   3.639   3.647   3.660   3.664   3.677 
    3.700   3.722   3.745   3.765   3.786   3.794   3.813   3.822 
    3.833   3.872   3.882   3.893   3.907   3.918   3.934   3.945 
    3.951   3.987   3.997   4.002   4.033   4.034   4.055   4.064 
    4.069   4.094   4.105   4.112   4.121   4.136   4.144   4.157 
    4.167   4.188   4.202   4.208   4.233   4.240   4.250   4.263 
    4.288   4.293   4.310   4.314   4.324   4.333   4.351   4.366 
    4.387   4.391   4.410   4.433   4.453   4.461   4.473   4.480 
    4.508   4.519   4.537   4.555   4.572   4.612   4.630   4.637 
    4.642   4.675   4.682   4.700   4.702   4.727   4.729   4.737 
    4.745   4.757   4.773   4.784   4.799   4.828   4.832   4.835 
    4.869   4.877   4.888   4.897   4.918   4.932   4.966   4.976 
    4.979   5.015   5.022   5.033   5.050   5.054   5.070   5.080 
    5.106   5.112   5.127   5.137   5.149   5.160   5.171   5.175 
    5.194   5.201   5.207   5.227   5.243   5.255   5.261   5.291 
    5.295   5.305   5.316   5.322   5.357   5.368   5.410   5.419 
    5.425   5.442   5.456   5.491   5.510   5.542   5.549   5.556 
    5.571   5.576   5.589   5.603   5.625   5.650   5.655   5.670 
    5.712   5.716   5.752   5.767   5.789   5.793   5.821   5.833 
    5.848   5.859   5.883   5.889   5.898   5.911   5.927   5.949 
    5.980   5.996   6.020   6.031   6.038   6.054   6.064   6.103 
    6.115   6.164   6.199   6.201   6.215   6.218   6.245   6.263 
    6.285   6.303   6.333   6.353   6.362   6.380   6.412   6.437 
    6.473   6.502   6.518   6.538   6.541   6.567   6.590   6.612 
    6.647   6.686   6.699   6.724   6.743   6.763   6.782   6.785 
    6.808   6.819   6.834   6.856   6.886   6.898   6.924   6.966 
    6.983   7.015   7.062   7.066   7.085   7.107   7.122   7.156 
    7.179   7.211   7.216   7.265   7.294   7.337   7.366   7.402 
    7.418   7.435   7.454   7.519   7.539   7.565   7.570   7.610 
    7.644   7.697   7.736   7.780   7.844   7.868   7.911   7.923 
    7.946   7.964   7.977   8.037   8.062   8.080   8.103   8.126 
    8.149   8.178   8.220   8.244   8.286   8.300   8.311   8.351 
    8.354   8.383   8.406   8.414   8.424   8.448   8.466   8.486 
    8.498   8.573   8.583   8.603   8.652   8.681   8.689   8.765 
    8.773   8.779   8.808   8.816   8.822   8.839   8.897   8.918 
    8.921   8.949   8.961   8.974   9.000   9.014   9.038   9.094 
    9.098   9.110   9.130   9.163   9.173   9.186   9.205   9.238 
    9.282   9.329   9.344   9.364   9.385   9.426   9.440   9.455 
    9.483   9.540   9.564   9.571   9.621   9.640   9.643   9.681 
    9.709   9.741   9.789   9.834   9.888   9.915   9.954   9.975 
    9.995  10.023  10.056  10.075  10.100  10.117  10.150  10.188 
   10.209  10.224  10.227  10.253  10.257  10.270  10.279  10.301 
   10.310  10.341  10.393  10.414  10.429  10.444  10.479  10.494 
   10.516  10.529  10.550  10.568  10.590  10.637  10.676  10.689 
   10.702  10.740  10.755  10.781  10.806  10.848  10.867  10.890 
   10.944  10.963  10.974  10.981  11.031  11.054  11.064  11.089 
   11.106  11.146  11.157  11.178  11.189  11.204  11.214  11.232 
   11.260  11.279  11.312  11.314  11.361  11.371  11.406  11.413 
   11.430  11.466  11.485  11.512  11.518  11.540  11.580  11.588 
   11.606  11.617  11.637  11.666  11.691  11.702  11.750  11.762 
   11.791  11.817  11.833  11.873  11.900  11.956  11.981  12.023 
   12.037  12.061  12.114  12.146  12.156  12.223  12.226  12.245 
   12.276  12.339  12.367  12.393  12.399  12.424  12.429  12.490 
   12.519  12.543  12.583  12.602  12.627  12.657  12.684  12.691 
   12.710  12.732  12.756  12.758  12.768  12.783  12.806  12.809 
   12.813  12.821  12.824  12.853  12.859  12.862  12.887  12.907 
   12.911  12.929  12.947  12.956  12.967  12.978  12.996  13.005 
   13.022  13.044  13.053  13.095  13.129  13.147  13.187  13.195 
   13.198  13.217  13.259  13.265  13.296  13.322  13.341  13.391 
   13.450  13.467  13.488  13.493  13.524  13.545  13.566  13.573 
   13.586  13.616  13.639  13.646  13.661  13.673  13.697  13.725 
   13.736  13.762  13.784  13.804  13.823  13.837  13.877  13.892 
   13.916  13.922  13.936  13.949  13.974  14.002  14.011  14.014 
   14.019  14.033  14.045  14.078  14.124  14.140  14.142  14.180 
   14.199  14.217  14.233  14.235  14.246  14.260  14.273  14.288 
   14.314  14.324  14.330  14.354  14.365  14.373  14.393  14.403 
   14.410  14.430  14.445  14.471  14.490  14.511  14.526  14.545 
   14.552  14.560  14.603  14.628  14.653  14.669  14.713  14.738 
   14.781  14.790  14.822  14.829  14.851  14.857  14.905  14.922 
   14.953  14.991  14.992  15.031  15.054  15.075  15.090  15.100 
   15.130  15.152  15.180  15.208  15.261  15.322  15.343  15.376 
   15.384  15.417  15.454  15.465  15.504  15.543  15.572  15.586 
   15.613  15.619  15.668  15.700  15.771  15.784  15.793  15.819 
   15.844  15.897  15.928  15.975  15.996  16.080  16.127  16.209 
   16.253  16.274  16.290  16.323  16.337  16.397  16.420  16.502 
   16.534  16.568  16.639  16.657  16.677  16.717  16.760  16.776 
   16.791  16.800  16.852  16.906  17.026  17.061  17.091  17.162 
   17.254  17.344  17.351  17.368  17.527  17.532  17.629  17.700 
   17.726  17.764  17.806  17.907  17.938  17.981  18.015  18.035 
   18.083  18.112  18.162  18.181  18.217  18.296  18.326  18.363 
   18.409  18.512  18.582  18.630  18.695  18.869  18.904  18.915 
   18.935  18.982  19.188  19.270  19.378  19.604  19.760  19.805 
   20.047  20.378  20.526  20.592  20.861  20.993  21.058  21.099 
   21.237  21.469  21.563  21.755  22.291  23.745  23.970  26.559 
   26.770  27.201  27.933  28.055  28.304  33.444  33.702  39.981 
   41.171  41.643  42.249  42.911  53.923  54.084  54.160  54.192 
   54.285  54.449  54.477  54.529  54.645  54.675  54.686  54.741 
   54.766  54.821  54.858  54.941  55.009  55.100  55.144  55.594 
   55.621  55.681  56.008  56.104  56.581  56.835  57.193  57.872 
   57.968  58.072  72.044  72.240 100.480 100.489 100.496 100.506 
  100.513 100.523 100.528 100.533 100.538 100.539 100.581 100.584 
  100.612 100.629 100.636 100.674 100.736 100.739 125.529 125.650 
  126.011 126.476 126.511 126.640 150.571 150.808 150.857 150.950 
  150.993 151.200 151.536 151.582 151.730 152.011 155.333 155.515 
  173.455 173.535 173.636 173.699 173.720 173.758 173.779 173.815 
  173.825 173.963 173.978 174.055 174.064 174.452 294.399 294.499 
  294.822 295.241 295.276 295.385 320.686 320.686 320.690 320.690 
  320.694 320.694 320.696 320.696 320.698 320.698 320.699 320.701 
  320.701 320.705 320.705 320.709 320.709 320.711 320.712 320.713 
  320.714 320.714 342.012 342.189 373.500 373.504 373.504 373.507 
  373.507 373.510 373.513 373.519 373.521 373.522 373.525 373.525 
  373.534 373.553 373.554 373.557 373.572 373.574 384.268 384.453 
  384.492 384.569 384.594 384.757 385.036 385.064 385.180 385.403 
  529.828 529.873 529.924 529.968 529.981 529.994 530.011 530.027 
  530.034 530.105 530.123 530.167 530.180 530.376 754.817 754.894 
  755.177 755.539 755.571 755.666 825.496 825.680 976.492 976.633 
  976.665 976.725 976.742 976.867 977.094 977.115 977.200 977.375 
  2440.597 2440.661 2440.922 2441.249 2441.279 2441.367 3195.429 3195.792 


  >>> Running RHF-MP2 <<<


RMP2-TIMING
  rmp2                  :::     2731.044 (100.00%)
  Total                 :::     2731.044 (100.00%)

MP2 correlation energy (RHF) : -1.5848657576
MP2 total energy       (RHF) : -303.4518253097


  >>> Running UHF <<<

init D/C      : input mo_coeff
init ov       : zeros
no            : 24 25
nv            : 1145 1144
ov_size       : 56080
max_cycle     : 1000
conv          : 6
econv         : 9
method        : diis
mom_start     : 0
guess mix     : 0.000000
orb_swap      : [[[0, 24]], []]
init E        : -286.30226153686
init S2       : 0.75000000000011
init |[F,P]|  : 9.46e-03
init |dE|     : 2.19e-02
check file    : None

iter      total energy   |[F,P]|      |dE|         ∆E   S^2   comment
   1    -286.726279852  5.49e-03  1.18e-02  -4.24e-01  0.75  DIIS mom: 23.7/24 24.6/25
   2    -286.988320046  4.60e-04  1.05e-03  -2.62e-01  0.76  DIIS mom: 23.9/24 24.9/25
   3    -286.991478236  2.00e-04  4.32e-04  -3.16e-03  0.76  DIIS mom: 24.0/24 25.0/25
   4    -286.992209573  9.47e-05  1.93e-04  -7.31e-04  0.76  DIIS mom: 24.0/24 25.0/25
   5    -286.992582804  4.36e-05  8.86e-05  -3.73e-04  0.77  DIIS mom: 24.0/24 25.0/25
   6    -286.992663489  1.75e-05  3.59e-05  -8.07e-05  0.77  DIIS mom: 24.0/24 25.0/25
   7    -286.992676973  6.91e-06  1.40e-05  -1.35e-05  0.77  DIIS mom: 24.0/24 25.0/25
   8    -286.992680194  5.28e-06  1.04e-05  -3.22e-06  0.77  DIIS mom: 24.0/24 25.0/25
   9    -286.992682025  5.19e-06  1.02e-05  -1.83e-06  0.77  DIIS mom: 24.0/24 25.0/25
  10    -286.992682917  5.25e-06  1.03e-05  -8.92e-07  0.77  DIIS mom: 24.0/24 25.0/25
  11    -286.992675461  4.58e-06  9.04e-06   7.46e-06  0.77  DIIS mom: 24.0/24 25.0/25
  12    -286.992660686  2.34e-06  4.70e-06   1.48e-05  0.77  DIIS mom: 24.0/24 25.0/25
  13    -286.992657742  8.43e-07  1.71e-06   2.94e-06  0.77  DIIS mom: 24.0/24 25.0/25
  14    -286.992657670  4.14e-07  8.53e-07   7.18e-08  0.77  DIIS mom: 24.0/24 25.0/25
  15    -286.992657679  2.15e-07  4.41e-07  -8.86e-09  0.77  DIIS mom: 24.0/24 25.0/25
  16    -286.992657683  9.95e-08  2.06e-07  -4.06e-09  0.77  DIIS mom: 24.0/24 25.0/25
  17    -286.992657684  4.57e-08  9.45e-08  -8.12e-10  0.77  DIIS mom: 24.0/24 25.0/25
                                                                      diis is converged!

SCF converged : True
final |[F,P]| : 4.57e-08
final |dE|    : 9.45e-08
final Escf    : -563.211650483619
final Etot    : -286.992657684219
final S2      : 0.774653836866747

  diis prep             :::        1.558 (  0.04%)
  diis extrap           :::        1.554 (  0.04%)
  roothaan              :::        8.422 (  0.20%)
  fock build            :::     4147.735 ( 99.72%)
  Total                 :::     4159.269 (100.00%)

Alpha occupied
  -15.754 -11.546 -11.445 -11.428 -11.426 -11.402  -1.607  -1.438 
   -1.269  -1.224  -1.107  -1.094  -1.016  -0.967  -0.913  -0.861 
   -0.837  -0.795  -0.746  -0.718  -0.709  -0.612  -0.558  -0.522 

Alpha virtual
  -14.168  -0.105  -0.072  -0.058  -0.053  -0.032  -0.026  -0.006 
   -0.005   0.016   0.024   0.035   0.040   0.062   0.073   0.082 
    0.103   0.106   0.118   0.127   0.135   0.138   0.150   0.167 
    0.171   0.178   0.189   0.199   0.206   0.215   0.223   0.237 
    0.243   0.258   0.260   0.269   0.277   0.282   0.292   0.304 
    0.305   0.319   0.323   0.331   0.347   0.361   0.374   0.389 
    0.409   0.418   0.430   0.430   0.447   0.458   0.461   0.468 
    0.475   0.491   0.493   0.524   0.535   0.540   0.549   0.558 
    0.578   0.594   0.599   0.617   0.621   0.629   0.641   0.656 
    0.659   0.662   0.675   0.699   0.714   0.719   0.722   0.729 
    0.737   0.753   0.768   0.785   0.803   0.818   0.821   0.822 
    0.830   0.842   0.849   0.862   0.867   0.872   0.885   0.893 
    0.895   0.901   0.912   0.919   0.930   0.946   0.953   0.963 
    0.973   0.989   1.009   1.012   1.027   1.030   1.060   1.066 
    1.082   1.107   1.108   1.126   1.139   1.143   1.153   1.165 
    1.197   1.223   1.245   1.249   1.254   1.265   1.275   1.285 
    1.296   1.323   1.342   1.363   1.378   1.383   1.395   1.407 
    1.414   1.424   1.445   1.449   1.454   1.469   1.479   1.496 
    1.503   1.506   1.522   1.528   1.529   1.540   1.550   1.562 
    1.595   1.600   1.614   1.615   1.618   1.637   1.653   1.663 
    1.676   1.682   1.710   1.735   1.741   1.750   1.766   1.769 
    1.774   1.786   1.801   1.821   1.827   1.839   1.848   1.853 
    1.865   1.876   1.886   1.888   1.907   1.930   1.943   1.952 
    1.967   1.976   1.979   1.992   2.005   2.008   2.027   2.039 
    2.048   2.059   2.062   2.075   2.095   2.099   2.109   2.114 
    2.128   2.152   2.169   2.179   2.201   2.203   2.217   2.236 
    2.251   2.263   2.276   2.288   2.319   2.323   2.346   2.365 
    2.378   2.386   2.399   2.406   2.412   2.426   2.450   2.455 
    2.481   2.498   2.505   2.528   2.537   2.565   2.583   2.594 
    2.610   2.628   2.658   2.664   2.678   2.693   2.704   2.720 
    2.739   2.769   2.774   2.791   2.805   2.835   2.847   2.875 
    2.893   2.903   2.911   2.938   2.966   2.979   3.002   3.012 
    3.023   3.035   3.042   3.054   3.065   3.075   3.087   3.094 
    3.130   3.150   3.153   3.189   3.205   3.210   3.224   3.231 
    3.256   3.265   3.272   3.305   3.327   3.330   3.341   3.357 
    3.372   3.387   3.415   3.423   3.444   3.456   3.464   3.473 
    3.483   3.496   3.528   3.553   3.574   3.591   3.606   3.622 
    3.637   3.646   3.675   3.680   3.693   3.698   3.715   3.728 
    3.746   3.761   3.792   3.805   3.806   3.819   3.836   3.841 
    3.862   3.878   3.892   3.915   3.921   3.931   3.934   3.939 
    3.959   3.980   3.991   4.010   4.012   4.033   4.043   4.055 
    4.066   4.082   4.095   4.110   4.118   4.128   4.135   4.161 
    4.165   4.185   4.192   4.214   4.230   4.250   4.254   4.283 
    4.294   4.305   4.319   4.334   4.364   4.375   4.399   4.421 
    4.439   4.449   4.465   4.482   4.497   4.516   4.524   4.534 
    4.545   4.556   4.561   4.577   4.581   4.601   4.630   4.636 
    4.647   4.663   4.679   4.684   4.693   4.712   4.726   4.742 
    4.759   4.774   4.801   4.812   4.822   4.844   4.849   4.871 
    4.880   4.892   4.909   4.912   4.931   4.946   4.957   4.969 
    4.984   4.994   5.006   5.013   5.028   5.041   5.056   5.075 
    5.086   5.109   5.113   5.121   5.125   5.149   5.172   5.197 
    5.204   5.212   5.240   5.253   5.290   5.304   5.316   5.344 
    5.365   5.372   5.385   5.391   5.415   5.421   5.443   5.451 
    5.472   5.487   5.516   5.536   5.554   5.567   5.590   5.604 
    5.607   5.623   5.640   5.648   5.681   5.687   5.705   5.719 
    5.730   5.734   5.768   5.797   5.807   5.821   5.832   5.851 
    5.892   5.907   5.927   5.965   5.980   5.987   6.009   6.021 
    6.038   6.054   6.086   6.107   6.136   6.140   6.159   6.182 
    6.207   6.239   6.251   6.305   6.318   6.322   6.328   6.375 
    6.403   6.414   6.463   6.484   6.495   6.517   6.544   6.553 
    6.565   6.589   6.610   6.632   6.638   6.688   6.699   6.729 
    6.736   6.773   6.784   6.858   6.867   6.889   6.910   6.925 
    6.950   6.957   6.986   6.995   7.032   7.076   7.104   7.165 
    7.179   7.214   7.248   7.255   7.274   7.311   7.353   7.390 
    7.405   7.417   7.496   7.517   7.582   7.642   7.653   7.692 
    7.703   7.747   7.750   7.764   7.828   7.864   7.887   7.915 
    7.926   7.952   7.982   8.014   8.023   8.050   8.068   8.086 
    8.128   8.148   8.167   8.187   8.217   8.225   8.239   8.254 
    8.273   8.296   8.312   8.368   8.399   8.426   8.453   8.471 
    8.519   8.561   8.573   8.588   8.597   8.612   8.648   8.671 
    8.695   8.714   8.743   8.775   8.788   8.803   8.813   8.832 
    8.873   8.898   8.910   8.922   8.962   8.974   8.984   8.999 
    9.010   9.040   9.110   9.133   9.149   9.171   9.227   9.230 
    9.253   9.288   9.354   9.367   9.376   9.427   9.446   9.450 
    9.485   9.518   9.556   9.596   9.635   9.686   9.726   9.760 
    9.775   9.787   9.832   9.865   9.884   9.908   9.927   9.960 
    9.996  10.014  10.036  10.036  10.063  10.069  10.084  10.088 
   10.110  10.120  10.142  10.202  10.215  10.235  10.256  10.288 
   10.301  10.326  10.341  10.352  10.371  10.404  10.443  10.477 
   10.491  10.511  10.549  10.574  10.590  10.602  10.660  10.673 
   10.706  10.750  10.774  10.784  10.803  10.833  10.840  10.871 
   10.898  10.910  10.945  10.960  10.993  10.996  11.010  11.019 
   11.044  11.064  11.085  11.114  11.126  11.161  11.175  11.192 
   11.209  11.227  11.256  11.272  11.286  11.305  11.332  11.360 
   11.380  11.400  11.418  11.432  11.445  11.468  11.481  11.492 
   11.520  11.580  11.589  11.624  11.631  11.659  11.705  11.752 
   11.812  11.827  11.851  11.886  11.905  11.941  11.977  12.008 
   12.020  12.038  12.102  12.126  12.172  12.194  12.217  12.220 
   12.246  12.270  12.316  12.326  12.357  12.363  12.386  12.399 
   12.427  12.473  12.508  12.518  12.532  12.546  12.561  12.590 
   12.594  12.599  12.613  12.632  12.639  12.644  12.654  12.659 
   12.678  12.691  12.711  12.720  12.747  12.755  12.759  12.784 
   12.805  12.822  12.841  12.846  12.859  12.889  12.924  12.939 
   12.974  12.985  12.997  13.017  13.044  13.082  13.094  13.119 
   13.132  13.222  13.236  13.242  13.273  13.300  13.316  13.333 
   13.355  13.364  13.387  13.394  13.420  13.435  13.467  13.479 
   13.494  13.506  13.524  13.534  13.566  13.578  13.610  13.620 
   13.645  13.689  13.705  13.716  13.728  13.747  13.777  13.786 
   13.795  13.804  13.824  13.837  13.842  13.867  13.878  13.889 
   13.902  13.936  13.966  13.980  13.996  14.026  14.041  14.058 
   14.074  14.080  14.088  14.098  14.134  14.145  14.153  14.162 
   14.185  14.194  14.228  14.248  14.267  14.293  14.306  14.317 
   14.352  14.361  14.367  14.382  14.395  14.422  14.454  14.470 
   14.478  14.522  14.544  14.583  14.605  14.615  14.639  14.675 
   14.701  14.709  14.738  14.765  14.804  14.832  14.852  14.878 
   14.893  14.915  14.952  14.980  14.993  15.047  15.086  15.108 
   15.138  15.159  15.174  15.226  15.249  15.306  15.315  15.366 
   15.376  15.404  15.424  15.447  15.475  15.515  15.557  15.579 
   15.601  15.626  15.650  15.709  15.722  15.792  15.879  15.937 
   15.973  16.013  16.034  16.078  16.089  16.108  16.127  16.175 
   16.207  16.264  16.279  16.322  16.352  16.389  16.438  16.448 
   16.502  16.554  16.600  16.621  16.674  16.698  16.728  16.772 
   16.947  16.979  17.030  17.055  17.146  17.185  17.354  17.362 
   17.462  17.501  17.537  17.545  17.608  17.617  17.693  17.739 
   17.793  17.812  17.912  17.919  17.964  17.992  18.012  18.058 
   18.107  18.159  18.176  18.204  18.412  18.450  18.464  18.646 
   18.718  18.731  18.805  18.989  19.098  19.159  19.247  19.486 
   19.611  19.869  20.154  20.178  20.383  20.578  20.656  20.695 
   20.898  21.064  21.131  21.304  21.333  21.818  23.320  23.471 
   25.970  26.355  26.982  27.184  27.539  27.832  32.752  33.327 
   39.796  40.978  41.446  42.049  42.723  53.038  53.294  53.329 
   53.374  53.534  53.598  53.630  53.668  53.724  53.880  53.899 
   53.967  53.990  54.274  54.339  54.467  54.518  54.648  54.785 
   54.796  54.849  54.912  55.407  55.467  55.603  56.375  56.634 
   56.822  56.996  57.752  70.801  71.904  99.134  99.150  99.161 
   99.207  99.210  99.238  99.297  99.356  99.358 100.275 100.283 
  100.290 100.309 100.322 100.329 100.335 100.424 100.432 123.709 
  124.524 124.562 125.323 125.815 126.432 148.706 148.855 149.076 
  149.592 149.877 150.368 150.624 150.750 151.329 151.381 153.378 
  155.197 171.542 171.665 171.717 171.725 171.865 171.889 172.351 
  173.250 173.331 173.494 173.515 173.569 173.836 173.856 291.701 
  292.434 292.472 294.192 294.623 295.177 318.467 318.467 318.475 
  318.475 318.481 318.482 318.486 318.486 318.489 318.489 318.490 
  320.494 320.494 320.499 320.499 320.503 320.503 320.506 320.506 
  320.507 320.509 320.509 339.257 341.861 370.875 370.880 370.882 
  370.896 370.898 370.907 370.925 370.941 370.943 373.297 373.300 
  373.300 373.306 373.313 373.315 373.318 373.348 373.351 381.516 
  381.633 381.807 382.219 382.446 384.063 384.269 384.368 384.829 
  384.862 526.745 526.814 526.846 526.852 526.925 526.946 527.194 
  529.622 529.668 529.763 529.777 529.804 529.953 529.972 751.233 
  751.872 751.907 754.611 754.977 755.458 821.913 825.345 972.888 
  972.979 973.115 973.440 973.619 976.287 976.450 976.525 976.887 
  976.911 2436.298 2436.881 2436.914 2440.391 2440.721 2441.159 3191.312 
  3195.324 

Beta occupied
  -18.449 -15.754 -11.544 -11.444 -11.428 -11.426 -11.402  -1.698 
   -1.444  -1.269  -1.236  -1.146  -1.120  -1.025  -0.990  -0.970 
   -0.863  -0.838  -0.796  -0.746  -0.724  -0.710  -0.613  -0.559 
   -0.524 

Beta virtual
   -0.113  -0.072  -0.061  -0.053  -0.032  -0.029  -0.006  -0.004 
    0.015   0.025   0.035   0.040   0.061   0.072   0.083   0.103 
    0.106   0.118   0.127   0.129   0.136   0.147   0.164   0.165 
    0.178   0.189   0.196   0.206   0.216   0.223   0.236   0.241 
    0.257   0.259   0.267   0.270   0.276   0.293   0.303   0.306 
    0.319   0.322   0.330   0.347   0.360   0.374   0.389   0.409 
    0.418   0.427   0.430   0.447   0.458   0.460   0.467   0.476 
    0.491   0.493   0.526   0.535   0.540   0.549   0.559   0.578 
    0.593   0.600   0.618   0.621   0.629   0.642   0.656   0.660 
    0.662   0.675   0.699   0.714   0.717   0.720   0.728   0.731 
    0.753   0.761   0.786   0.801   0.816   0.818   0.822   0.831 
    0.841   0.849   0.862   0.867   0.868   0.884   0.893   0.896 
    0.900   0.910   0.918   0.930   0.945   0.948   0.961   0.972 
    0.988   1.006   1.011   1.023   1.029   1.060   1.065   1.081 
    1.105   1.109   1.124   1.139   1.144   1.153   1.164   1.196 
    1.224   1.245   1.249   1.254   1.265   1.275   1.285   1.296 
    1.324   1.342   1.363   1.379   1.383   1.395   1.407   1.414 
    1.424   1.446   1.448   1.454   1.468   1.479   1.496   1.504 
    1.506   1.522   1.528   1.530   1.540   1.550   1.563   1.595 
    1.600   1.614   1.615   1.618   1.636   1.654   1.664   1.676 
    1.682   1.711   1.734   1.741   1.750   1.766   1.770   1.774 
    1.785   1.801   1.820   1.827   1.837   1.848   1.853   1.865 
    1.875   1.885   1.888   1.905   1.930   1.940   1.950   1.966 
    1.975   1.979   1.991   2.003   2.008   2.026   2.039   2.046 
    2.059   2.062   2.074   2.095   2.099   2.109   2.113   2.128 
    2.151   2.168   2.179   2.201   2.203   2.217   2.235   2.249 
    2.262   2.276   2.288   2.319   2.323   2.345   2.362   2.370 
    2.386   2.397   2.404   2.408   2.422   2.444   2.455   2.478 
    2.494   2.504   2.523   2.536   2.562   2.574   2.591   2.608 
    2.627   2.650   2.661   2.669   2.693   2.701   2.720   2.737 
    2.768   2.774   2.791   2.805   2.834   2.846   2.874   2.893 
    2.900   2.910   2.935   2.965   2.978   3.002   3.012   3.023 
    3.035   3.041   3.054   3.064   3.072   3.087   3.094   3.127 
    3.150   3.153   3.189   3.205   3.208   3.222   3.231   3.255 
    3.264   3.271   3.305   3.326   3.330   3.339   3.356   3.371 
    3.386   3.414   3.422   3.445   3.455   3.463   3.473   3.482 
    3.494   3.528   3.553   3.574   3.589   3.606   3.622   3.637 
    3.645   3.675   3.679   3.692   3.697   3.713   3.728   3.746 
    3.761   3.791   3.804   3.806   3.819   3.836   3.842   3.861 
    3.878   3.892   3.916   3.921   3.930   3.934   3.939   3.958 
    3.979   3.991   4.010   4.011   4.032   4.043   4.055   4.066 
    4.082   4.095   4.109   4.118   4.128   4.135   4.161   4.164 
    4.184   4.192   4.214   4.229   4.250   4.255   4.282   4.294 
    4.305   4.320   4.334   4.364   4.375   4.398   4.422   4.440 
    4.449   4.464   4.483   4.497   4.516   4.524   4.534   4.544 
    4.556   4.561   4.577   4.581   4.601   4.630   4.636   4.647 
    4.662   4.679   4.685   4.693   4.711   4.725   4.741   4.758 
    4.774   4.801   4.813   4.821   4.844   4.848   4.870   4.879 
    4.891   4.908   4.911   4.929   4.945   4.957   4.967   4.983 
    4.993   5.006   5.013   5.028   5.040   5.056   5.075   5.086 
    5.109   5.113   5.121   5.124   5.149   5.170   5.194   5.203 
    5.209   5.240   5.252   5.289   5.303   5.315   5.342   5.363 
    5.373   5.384   5.391   5.413   5.420   5.440   5.444   5.468 
    5.482   5.509   5.534   5.553   5.561   5.582   5.596   5.603 
    5.618   5.632   5.640   5.680   5.683   5.704   5.717   5.728 
    5.729   5.763   5.791   5.804   5.820   5.831   5.850   5.873 
    5.901   5.918   5.953   5.971   5.979   6.005   6.018   6.036 
    6.052   6.083   6.104   6.135   6.138   6.157   6.180   6.201 
    6.233   6.243   6.305   6.316   6.319   6.326   6.374   6.402 
    6.408   6.458   6.483   6.493   6.510   6.542   6.553   6.564 
    6.586   6.606   6.631   6.637   6.688   6.698   6.728   6.736 
    6.772   6.783   6.857   6.867   6.888   6.910   6.924   6.948 
    6.956   6.984   6.994   7.028   7.072   7.103   7.164   7.176 
    7.212   7.246   7.255   7.271   7.308   7.352   7.389   7.401 
    7.416   7.495   7.513   7.581   7.639   7.652   7.691   7.700 
    7.746   7.747   7.761   7.826   7.863   7.886   7.915   7.924 
    7.950   7.981   8.011   8.022   8.043   8.066   8.080   8.126 
    8.145   8.166   8.186   8.215   8.225   8.238   8.252   8.272 
    8.296   8.308   8.367   8.398   8.422   8.449   8.470   8.515 
    8.558   8.571   8.587   8.595   8.611   8.647   8.668   8.694 
    8.714   8.742   8.774   8.788   8.802   8.813   8.831   8.872 
    8.897   8.908   8.921   8.962   8.972   8.982   8.998   9.009 
    9.037   9.108   9.131   9.148   9.172   9.226   9.230   9.253 
    9.287   9.354   9.367   9.376   9.426   9.446   9.450   9.485 
    9.518   9.556   9.596   9.635   9.685   9.726   9.760   9.775 
    9.787   9.832   9.865   9.884   9.908   9.927   9.960   9.996 
   10.014  10.035  10.036  10.063  10.069  10.084  10.089  10.111 
   10.120  10.143  10.202  10.215  10.235  10.257  10.288  10.301 
   10.326  10.341  10.353  10.371  10.404  10.444  10.477  10.491 
   10.511  10.548  10.574  10.589  10.601  10.660  10.673  10.706 
   10.750  10.773  10.784  10.803  10.832  10.838  10.871  10.897 
   10.910  10.945  10.958  10.993  10.996  11.010  11.019  11.044 
   11.063  11.084  11.114  11.124  11.161  11.175  11.191  11.208 
   11.227  11.254  11.270  11.284  11.304  11.332  11.360  11.379 
   11.395  11.417  11.426  11.444  11.467  11.475  11.487  11.512 
   11.566  11.585  11.623  11.630  11.656  11.702  11.747  11.803 
   11.822  11.850  11.879  11.894  11.939  11.971  12.006  12.020 
   12.037  12.086  12.125  12.161  12.182  12.213  12.219  12.243 
   12.269  12.295  12.319  12.354  12.363  12.379  12.392  12.426 
   12.466  12.506  12.517  12.531  12.546  12.560  12.588  12.593 
   12.595  12.606  12.632  12.639  12.644  12.654  12.657  12.677 
   12.689  12.711  12.720  12.743  12.752  12.757  12.783  12.805 
   12.822  12.841  12.844  12.856  12.889  12.922  12.939  12.973 
   12.982  12.996  13.017  13.041  13.082  13.093  13.119  13.130 
   13.208  13.235  13.240  13.267  13.299  13.315  13.332  13.347 
   13.363  13.385  13.394  13.419  13.435  13.466  13.478  13.493 
   13.505  13.522  13.533  13.566  13.576  13.608  13.619  13.645 
   13.688  13.703  13.715  13.727  13.745  13.776  13.783  13.790 
   13.803  13.810  13.837  13.839  13.867  13.874  13.885  13.892 
   13.933  13.960  13.977  13.993  14.021  14.037  14.057  14.071 
   14.079  14.087  14.096  14.131  14.142  14.151  14.159  14.182 
   14.191  14.227  14.245  14.265  14.289  14.305  14.316  14.350 
   14.360  14.366  14.379  14.383  14.413  14.448  14.466  14.473 
   14.515  14.520  14.579  14.604  14.609  14.638  14.674  14.695 
   14.703  14.737  14.761  14.802  14.831  14.848  14.877  14.892 
   14.914  14.952  14.976  14.993  15.039  15.082  15.106  15.134 
   15.156  15.170  15.225  15.248  15.305  15.314  15.365  15.375 
   15.403  15.423  15.446  15.474  15.514  15.555  15.576  15.600 
   15.623  15.647  15.708  15.722  15.792  15.878  15.936  15.963 
   16.011  16.027  16.077  16.088  16.107  16.126  16.166  16.205 
   16.257  16.269  16.318  16.348  16.382  16.438  16.446  16.501 
   16.553  16.599  16.618  16.670  16.691  16.723  16.768  16.941 
   16.972  17.026  17.053  17.134  17.184  17.344  17.361  17.462 
   17.487  17.529  17.540  17.596  17.615  17.686  17.738  17.788 
   17.807  17.909  17.918  17.948  17.989  18.012  18.041  18.095 
   18.155  18.161  18.200  18.412  18.432  18.463  18.643  18.718 
   18.731  18.804  18.987  19.098  19.143  19.231  19.483  19.611 
   19.869  20.150  20.176  20.383  20.566  20.642  20.694  20.898 
   21.064  21.115  21.303  21.310  21.784  23.308  23.436  25.760 
   26.355  26.919  27.052  27.361  27.831  32.464  33.319  39.796 
   40.978  41.446  42.049  42.724  52.902  53.185  53.203  53.275 
   53.446  53.517  53.530  53.558  53.722  53.826  53.882  53.964 
   53.989  54.201  54.275  54.466  54.491  54.639  54.656  54.672 
   54.831  54.911  55.347  55.408  55.468  56.369  56.384  56.572 
   56.993  57.752  70.449  71.902  99.076  99.092  99.103  99.149 
   99.152  99.180  99.239  99.298  99.301 100.274 100.283 100.290 
  100.309 100.322 100.329 100.335 100.424 100.432 123.373 124.191 
  124.229 125.323 125.815 126.432 148.476 148.626 148.846 149.364 
  149.649 150.367 150.624 150.750 151.328 151.381 153.023 155.196 
  171.395 171.518 171.570 171.578 171.718 171.742 172.204 173.250 
  173.331 173.494 173.515 173.569 173.836 173.856 291.377 292.112 
  292.150 294.192 294.623 295.177 318.390 318.390 318.398 318.398 
  318.404 318.405 318.409 318.409 318.412 318.412 318.413 320.494 
  320.494 320.499 320.499 320.503 320.503 320.505 320.506 320.507 
  320.509 320.509 338.938 341.860 370.750 370.755 370.758 370.772 
  370.773 370.782 370.800 370.817 370.819 373.297 373.300 373.300 
  373.306 373.313 373.315 373.318 373.348 373.351 381.287 381.404 
  381.578 381.991 382.218 384.063 384.269 384.368 384.829 384.862 
  526.563 526.633 526.665 526.671 526.744 526.765 527.012 529.622 
  529.668 529.763 529.776 529.804 529.953 529.972 750.979 751.618 
  751.653 754.611 754.977 755.458 821.657 825.345 972.700 972.791 
  972.926 973.252 973.430 976.287 976.450 976.525 976.887 976.911 
  2436.148 2436.732 2436.765 2440.391 2440.721 2441.159 3191.172 3195.324 


  >>> Running UHF-MP2 <<<

MP2 correlation energy (UHF) : -1.5556803610
MP2 total energy       (UHF) : -288.5483380452

