	*********************************************** 
	***** Beginning CEBE Calculation with MOM ***** 
	*****       Calculation Details:          ***** 
	      Geometry:	 /work/morgunov/core/calculations/mols/exp/f/cf3ocf3.xyz
	      Core Basis:	 cc-pCV5Z
	      Full Basis:	 cc-pV5Z
	      DIIS (start, space):	 0 50
	      Level shift:	 0
	      Do localization?:	 True
	      Atoms that were localized?:	 ['F']
	      Do SFX2C1E?:	 True
	      Freeze orbitals?:	 True
	      Use Cheng orbitals?:	 False
	      Do Special Basis?:	 False
	*********************************************** 
	*********************************************** 

  >>> Running RHF <<<

init D/C      : minao
init ov       : zeros
no            : 37
nv            : 1106
ov_size       : 40922
max_cycle     : 1000
conv          : 6
econv         : 9
method        : gdm
scale_stop    : 0
scale_factor  : 1.000000
init E        : -747.263256460763
init |[F,P]|  : 5.67e-03
init |dE|     : 1.41e-02
check file    : None

iter      total energy   |[F,P]|      |dE|         ∆E   comment
   1    -747.506363589  3.65e-03  9.05e-03  -2.43e-01  BFGS
   2    -747.624593785  3.30e-04  9.54e-04  -1.18e-01  BFGS
   3    -747.626569608  1.12e-04  3.03e-04  -1.98e-03  BFGS
   4    -747.626786910  3.51e-05  9.78e-05  -2.17e-04  BFGS
   5    -747.626802396  1.09e-05  2.81e-05  -1.55e-05  BFGS
   6    -747.626803775  2.49e-06  7.01e-06  -1.38e-06  BFGS
   7    -747.626803863  4.35e-07  1.09e-06  -8.80e-08  BFGS
   8    -747.626803866  1.51e-07  4.16e-07  -3.13e-09  BFGS
   9    -747.626803867  6.34e-08  1.66e-07  -3.13e-10  BFGS
                                                                      gdm is converged!

SCF converged : True
final |[F,P]| : 6.34e-08
final |dE|    : 1.66e-07
final Escf    : -1312.69114360237
final Etot    : -747.626803866742

  pxp & ewc             :::        1.796 (  0.02%)
  apply B               :::        0.008 (  0.00%)
  linsrch               :::     7481.523 ( 99.97%)
  grad                  :::        0.088 (  0.00%)
  Total                 :::     7483.415 (100.00%)

Alpha occupied
  -26.372 -26.372 -26.372 -26.372 -26.372 -26.372 -20.676 -11.599 
  -11.599  -1.793  -1.777  -1.682  -1.681  -1.678  -1.675  -1.508 
   -1.062  -0.978  -0.915  -0.895  -0.892  -0.867  -0.858  -0.801 
   -0.768  -0.755  -0.747  -0.737  -0.711  -0.709  -0.694  -0.693 
   -0.688  -0.682  -0.678  -0.642  -0.612 

Alpha virtual
    0.159   0.163   0.188   0.195   0.223   0.234   0.236   0.302 
    0.321   0.322   0.333   0.345   0.360   0.374   0.397   0.402 
    0.406   0.413   0.417   0.455   0.479   0.480   0.488   0.514 
    0.514   0.543   0.567   0.567   0.586   0.622   0.624   0.626 
    0.631   0.642   0.651   0.664   0.669   0.678   0.695   0.720 
    0.743   0.766   0.769   0.824   0.834   0.856   0.864   0.871 
    0.877   0.927   0.969   1.041   1.042   1.045   1.082   1.093 
    1.102   1.113   1.147   1.221   1.226   1.230   1.270   1.340 
    1.374   1.386   1.404   1.407   1.420   1.425   1.430   1.471 
    1.476   1.491   1.536   1.542   1.545   1.569   1.576   1.613 
    1.626   1.641   1.657   1.676   1.701   1.713   1.714   1.731 
    1.734   1.765   1.781   1.795   1.795   1.823   1.828   1.856 
    1.872   1.874   1.897   1.907   1.946   1.966   1.968   1.975 
    2.014   2.021   2.046   2.073   2.079   2.081   2.086   2.089 
    2.103   2.110   2.137   2.141   2.162   2.195   2.230   2.320 
    2.328   2.332   2.375   2.380   2.384   2.438   2.504   2.519 
    2.526   2.537   2.580   2.587   2.652   2.686   2.698   2.712 
    2.727   2.772   2.782   2.818   2.823   2.854   2.866   2.882 
    2.887   2.939   2.959   2.978   3.014   3.055   3.117   3.120 
    3.166   3.174   3.182   3.237   3.239   3.261   3.264   3.271 
    3.309   3.346   3.388   3.400   3.443   3.449   3.474   3.485 
    3.491   3.502   3.514   3.547   3.595   3.596   3.608   3.616 
    3.643   3.668   3.671   3.690   3.750   3.761   3.799   3.800 
    3.834   3.849   3.875   3.878   3.918   3.925   3.933   3.939 
    3.958   3.977   4.013   4.038   4.076   4.087   4.090   4.121 
    4.145   4.155   4.163   4.169   4.178   4.180   4.231   4.232 
    4.262   4.278   4.281   4.296   4.310   4.328   4.337   4.342 
    4.359   4.384   4.395   4.397   4.411   4.498   4.514   4.548 
    4.560   4.562   4.594   4.597   4.620   4.622   4.667   4.691 
    4.691   4.704   4.736   4.814   4.832   4.834   4.841   4.845 
    4.865   4.868   4.925   5.016   5.038   5.040   5.070   5.094 
    5.129   5.134   5.138   5.171   5.174   5.213   5.329   5.340 
    5.343   5.366   5.370   5.447   5.514   5.539   5.549   5.588 
    5.591   5.606   5.639   5.646   5.676   5.693   5.712   5.746 
    5.793   5.817   5.834   5.861   5.896   5.931   5.954   5.975 
    5.988   6.000   6.088   6.105   6.129   6.176   6.217   6.225 
    6.250   6.282   6.321   6.389   6.417   6.538   6.580   6.616 
    6.663   6.807   6.867   6.954   7.064   7.143   7.199   7.266 
    7.289   7.324   7.343   7.346   7.360   7.408   7.427   7.456 
    7.492   7.497   7.513   7.521   7.530   7.539   7.543   7.586 
    7.588   7.595   7.599   7.637   7.670   7.690   7.696   7.728 
    7.752   7.770   7.800   7.803   7.865   7.893   7.911   7.917 
    7.921   7.939   7.941   7.993   8.040   8.050   8.074   8.084 
    8.099   8.193   8.195   8.206   8.208   8.269   8.318   8.324 
    8.361   8.387   8.408   8.463   8.471   8.474   8.599   8.651 
    8.657   8.757   8.778   8.800   8.801   8.812   8.866   8.901 
    8.934   8.987   9.040   9.064   9.083   9.178   9.223   9.312 
    9.317   9.328   9.354   9.391   9.419   9.427   9.442   9.457 
    9.496   9.502   9.504   9.516   9.546   9.564   9.569   9.574 
    9.585   9.600   9.609   9.712   9.760   9.772   9.814   9.821 
    9.837   9.845   9.853   9.899   9.936   9.948   9.958   9.959 
   10.018  10.035  10.057  10.064  10.085  10.092  10.136  10.139 
   10.170  10.179  10.184  10.216  10.238  10.254  10.255  10.265 
   10.282  10.307  10.337  10.346  10.363  10.462  10.471  10.507 
   10.535  10.553  10.560  10.580  10.586  10.593  10.641  10.660 
   10.665  10.674  10.704  10.707  10.717  10.729  10.732  10.732 
   10.748  10.770  10.794  10.852  10.853  10.857  10.919  10.934 
   10.935  10.947  10.956  11.016  11.019  11.026  11.095  11.095 
   11.107  11.122  11.143  11.167  11.203  11.216  11.300  11.375 
   11.376  11.398  11.429  11.473  11.490  11.497  11.523  11.524 
   11.583  11.600  11.615  11.686  11.712  11.768  11.787  12.051 
   12.172  12.197  12.203  12.335  12.371  12.373  12.433  12.550 
   12.617  12.689  12.693  12.765  12.783  12.831  12.947  13.094 
   13.095  13.116  13.151  13.156  13.160  13.207  13.241  13.295 
   13.308  13.327  13.384  13.641  13.922  14.182  14.237  14.267 
   14.299  14.330  14.353  14.362  14.401  14.419  14.453  14.509 
   14.514  14.560  14.879  14.928  15.323  15.502  15.522  15.529 
   15.823  16.333  16.434  16.740  16.754  16.775  16.786  16.803 
   16.835  16.860  16.877  16.909  16.913  16.947  16.968  16.984 
   17.297  17.918  18.080  18.259  18.260  18.262  18.262  18.263 
   18.265  18.278  18.282  18.283  18.283  18.292  18.292  18.292 
   18.293  18.293  18.293  18.293  18.293  18.294  18.294  18.294 
   18.294  18.296  18.309  18.310  18.330  18.408  18.410  18.411 
   18.414  18.422  18.426  18.432  18.440  18.454  18.461  18.538 
   18.548  18.550  18.575  18.607  18.702  18.715  18.778  18.781 
   18.812  18.853  18.856  18.856  18.899  18.907  18.983  18.997 
   19.021  19.034  19.088  19.104  19.107  19.145  19.177  19.186 
   19.288  19.301  19.363  19.372  19.375  19.377  19.380  19.399 
   19.430  19.469  19.506  19.509  19.588  19.722  19.746  19.844 
   19.849  19.862  19.873  20.156  20.206  20.332  20.368  20.801 
   21.158  21.193  22.747  22.753  23.419  23.701  23.705  23.708 
   23.709  23.711  23.714  23.722  23.723  23.726  23.727  23.732 
   23.754  23.761  23.771  23.780  23.813  23.852  23.888  23.924 
   23.953  23.957  23.958  23.977  23.994  24.099  24.285  24.324 
   24.355  24.373  24.379  24.384  24.405  24.442  24.485  24.513 
   24.516  24.521  24.566  24.668  24.685  24.690  24.693  24.695 
   24.703  24.716  24.720  24.723  24.749  24.761  24.779  24.784 
   24.791  24.796  24.824  24.836  24.855  25.188  25.211  25.214 
   25.216  25.232  25.252  25.269  25.270  25.286  25.288  25.297 
   25.332  25.503  25.535  25.555  25.584  25.615  25.636  25.709 
   25.716  25.721  25.765  25.768  25.802  25.928  25.976  25.986 
   25.987  26.021  26.031  26.036  26.084  26.088  26.102  26.106 
   26.238  26.392  26.405  26.455  26.457  26.507  26.537  28.174 
   28.212  28.215  28.231  28.239  28.260  28.269  28.271  28.272 
   28.278  28.308  28.341  29.080  29.090  29.142  29.144  29.166 
   29.202  29.208  29.228  29.235  29.240  29.244  29.265  29.313 
   29.347  29.555  29.561  29.593  29.611  37.064  37.122  37.157 
   37.157  37.451  37.539  41.086  41.264  46.815  46.830  46.847 
   46.860  46.870  46.872  46.882  46.916  46.920  46.922  46.945 
   46.975  48.261  48.490  48.502  48.506  48.614  48.633  63.962 
   79.320  79.351  79.354  79.367  79.386  79.388  79.389  79.392 
   79.396  79.410  79.414  79.446  79.872  79.881  79.900  79.909 
   79.924  79.930  79.944  79.945  79.952  79.969  79.976  80.003 
   80.142  80.211  80.240  80.240  80.273  80.276  92.675  92.680 
   92.681  92.681  92.687  92.696  92.700  92.702  92.706  92.707 
   92.716  92.725  92.768  92.774  92.791  92.799  92.851  92.856 
   92.871  92.875  92.875  92.895  92.897  92.908  92.927  92.952 
   92.957  92.959  92.972  92.976  92.984  93.001  93.001  93.004 
   93.013  93.060  93.151  93.154  93.174  93.177  93.231  93.245 
  103.042 103.096 103.124 103.128 103.429 103.526 131.685 131.702 
  131.716 131.725 131.727 131.731 131.736 131.773 131.777 131.782 
  131.792 131.816 132.610 132.806 133.079 133.087 133.141 133.189 
  233.981 234.001 234.004 234.013 234.026 234.027 234.028 234.029 
  234.033 234.043 234.045 234.068 234.371 234.378 234.391 234.396 
  234.405 234.411 234.422 234.422 234.426 234.440 234.443 234.463 
  234.548 234.599 234.646 234.646 234.668 234.673 249.667 249.667 
  249.668 249.668 249.669 249.669 249.670 249.671 249.671 249.671 
  249.671 249.671 249.672 249.672 249.674 249.674 249.674 249.674 
  249.674 249.675 249.675 249.676 249.676 249.676 249.677 249.677 
  249.677 249.677 249.678 249.678 249.678 249.678 249.678 249.678 
  249.678 249.679 249.679 249.679 249.679 249.680 249.680 249.680 
  249.681 249.681 249.682 249.682 249.682 249.683 249.683 249.684 
  249.684 249.685 249.685 249.685 273.656 273.707 273.732 273.738 
  274.030 274.124 366.462 366.483 366.492 366.493 366.495 366.498 
  366.499 366.538 366.544 366.547 366.551 366.570 367.019 367.100 
  367.224 367.244 367.249 367.257 367.283 367.287 367.287 367.287 
  367.291 367.294 367.295 367.296 367.296 367.296 367.301 367.304 
  367.323 367.327 367.335 367.336 367.354 367.357 367.371 367.372 
  367.372 367.375 367.378 367.381 367.403 367.413 367.414 367.415 
  367.419 367.421 367.424 367.428 367.429 367.430 367.437 367.468 
  367.748 367.833 367.893 367.922 367.957 367.969 712.723 712.737 
  712.739 712.745 712.753 712.755 712.755 712.756 712.759 712.766 
  712.767 712.783 712.998 713.003 713.012 713.016 713.021 713.025 
  713.033 713.033 713.035 713.045 713.047 713.061 713.100 713.135 
  713.151 713.151 713.169 713.170 717.819 717.868 717.888 717.897 
  718.153 718.244 1028.822 1028.836 1028.846 1028.851 1028.852 1028.853 
  1028.857 1028.886 1028.890 1028.894 1028.898 1028.915 1029.489 1029.627 
  1029.833 1029.842 1029.878 1029.913 2523.197 2523.352 2523.430 2523.444 
  2524.357 2524.643 


  >>> Running RHF-MP2 <<<


RMP2-TIMING
  rmp2                  :::     7066.705 (100.00%)
  Total                 :::     7066.705 (100.00%)

MP2 correlation energy (RHF) : -2.7727812819
MP2 total energy       (RHF) : -750.3995851487


  >>> Running UHF <<<

init D/C      : input mo_coeff
init ov       : zeros
no            : 36 37
nv            : 1107 1106
ov_size       : 80774
max_cycle     : 1000
conv          : 6
econv         : 9
method        : diis
mom_start     : 0
guess mix     : 0.000000
orb_swap      : [[[0, 36]], []]
init E        : -721.462563573955
init S2       : 0.749999999999929
init |[F,P]|  : 1.53e-02
init |dE|     : 3.43e-02
check file    : None

iter      total energy   |[F,P]|      |dE|         ∆E   S^2   comment
   1    -721.898713588  3.89e-03  1.17e-02  -4.36e-01  0.75  DIIS mom: 35.7/36 36.7/37
   2    -722.101876155  1.31e-03  3.64e-03  -2.03e-01  0.76  DIIS mom: 35.9/36 37.0/37
   3    -722.127287645  1.05e-04  3.04e-04  -2.54e-02  0.76  DIIS mom: 36.0/36 37.0/37
   4    -722.127643928  5.34e-05  1.50e-04  -3.56e-04  0.76  DIIS mom: 36.0/36 37.0/37
   5    -722.127746471  2.07e-05  5.68e-05  -1.03e-04  0.76  DIIS mom: 36.0/36 37.0/37
   6    -722.127773089  6.32e-06  1.64e-05  -2.66e-05  0.76  DIIS mom: 36.0/36 37.0/37
   7    -722.127775488  2.61e-06  6.56e-06  -2.40e-06  0.76  DIIS mom: 36.0/36 37.0/37
   8    -722.127776028  1.16e-06  2.81e-06  -5.40e-07  0.76  DIIS mom: 36.0/36 37.0/37
   9    -722.127776133  5.77e-07  1.38e-06  -1.05e-07  0.76  DIIS mom: 36.0/36 37.0/37
  10    -722.127776159  2.69e-07  6.48e-07  -2.59e-08  0.76  DIIS mom: 36.0/36 37.0/37
  11    -722.127776165  1.03e-07  2.58e-07  -6.33e-09  0.76  DIIS mom: 36.0/36 37.0/37
  12    -722.127776166  3.73e-08  9.46e-08  -8.66e-10  0.76  DIIS mom: 36.0/36 37.0/37
                                                                      diis is converged!

SCF converged : True
final |[F,P]| : 3.73e-08
final |dE|    : 9.46e-08
final Escf    : -1287.19211590181
final Etot    : -722.127776166182
final S2      : 0.761427155417991

  diis prep             :::        1.383 (  0.01%)
  diis extrap           :::        0.792 (  0.01%)
  roothaan              :::        5.144 (  0.05%)
  fock build            :::    10155.035 ( 99.93%)
  Total                 :::    10162.354 (100.00%)

Alpha occupied
  -26.643 -26.641 -26.562 -26.547 -26.538 -20.926 -11.920 -11.789 
   -2.293  -2.011  -1.965  -1.941  -1.860  -1.848  -1.752  -1.488 
   -1.392  -1.391  -1.267  -1.170  -1.117  -1.108  -1.061  -1.050 
   -1.017  -1.010  -0.980  -0.953  -0.950  -0.927  -0.897  -0.880 
   -0.873  -0.866  -0.856  -0.845 

Alpha virtual
  -24.628  -0.062  -0.007  -0.002   0.011   0.021   0.056   0.071 
    0.081   0.092   0.103   0.121   0.128   0.142   0.168   0.186 
    0.201   0.204   0.229   0.238   0.240   0.257   0.279   0.288 
    0.314   0.337   0.351   0.373   0.379   0.392   0.413   0.420 
    0.434   0.440   0.447   0.458   0.482   0.484   0.501   0.502 
    0.513   0.553   0.568   0.574   0.582   0.609   0.641   0.651 
    0.681   0.696   0.718   0.743   0.810   0.844   0.864   0.875 
    0.903   0.914   0.924   0.935   0.996   1.001   1.024   1.036 
    1.104   1.131   1.157   1.167   1.188   1.193   1.214   1.217 
    1.243   1.250   1.285   1.302   1.308   1.341   1.358   1.373 
    1.378   1.408   1.417   1.432   1.438   1.466   1.474   1.487 
    1.508   1.520   1.535   1.540   1.574   1.596   1.605   1.619 
    1.635   1.640   1.675   1.686   1.702   1.709   1.722   1.747 
    1.754   1.792   1.798   1.820   1.831   1.836   1.853   1.866 
    1.886   1.896   1.899   1.918   1.933   1.948   1.974   2.003 
    2.083   2.095   2.109   2.120   2.166   2.174   2.190   2.270 
    2.289   2.308   2.316   2.356   2.363   2.424   2.431   2.449 
    2.492   2.516   2.520   2.548   2.587   2.613   2.618   2.630 
    2.646   2.682   2.713   2.728   2.756   2.762   2.803   2.868 
    2.887   2.924   2.939   2.952   2.967   2.991   3.037   3.041 
    3.049   3.080   3.104   3.123   3.173   3.202   3.214   3.233 
    3.249   3.260   3.269   3.289   3.302   3.348   3.361   3.385 
    3.391   3.407   3.432   3.440   3.456   3.484   3.509   3.549 
    3.583   3.585   3.618   3.621   3.638   3.662   3.675   3.712 
    3.724   3.730   3.757   3.779   3.796   3.819   3.845   3.853 
    3.869   3.901   3.910   3.915   3.929   3.945   3.952   3.986 
    4.012   4.027   4.033   4.037   4.058   4.076   4.087   4.099 
    4.124   4.141   4.151   4.159   4.178   4.196   4.266   4.276 
    4.302   4.317   4.330   4.339   4.354   4.385   4.412   4.437 
    4.450   4.459   4.477   4.505   4.550   4.591   4.608   4.611 
    4.620   4.626   4.640   4.687   4.759   4.781   4.801   4.806 
    4.861   4.875   4.878   4.901   4.919   4.970   4.973   5.054 
    5.106   5.114   5.132   5.145   5.207   5.239   5.260   5.288 
    5.300   5.315   5.352   5.393   5.428   5.453   5.458   5.478 
    5.505   5.543   5.564   5.598   5.627   5.649   5.666   5.685 
    5.714   5.753   5.778   5.802   5.837   5.888   5.908   5.985 
    6.007   6.014   6.026   6.067   6.146   6.175   6.268   6.349 
    6.392   6.417   6.570   6.622   6.700   6.815   6.896   6.946 
    7.011   7.025   7.061   7.066   7.102   7.119   7.134   7.152 
    7.189   7.200   7.210   7.273   7.292   7.295   7.301   7.322 
    7.342   7.354   7.367   7.409   7.417   7.418   7.448   7.483 
    7.500   7.513   7.535   7.543   7.559   7.594   7.620   7.628 
    7.669   7.686   7.706   7.711   7.753   7.781   7.802   7.842 
    7.853   7.863   7.895   7.962   7.980   8.000   8.021   8.046 
    8.103   8.121   8.134   8.160   8.200   8.255   8.262   8.337 
    8.410   8.424   8.474   8.497   8.530   8.557   8.607   8.640 
    8.664   8.689   8.732   8.787   8.804   8.858   8.917   8.964 
    9.021   9.044   9.059   9.086   9.115   9.158   9.162   9.194 
    9.222   9.236   9.259   9.270   9.287   9.298   9.308   9.324 
    9.338   9.389   9.399   9.405   9.458   9.490   9.502   9.518 
    9.555   9.589   9.627   9.634   9.646   9.662   9.684   9.698 
    9.735   9.786   9.798   9.805   9.813   9.821   9.844   9.870 
    9.876   9.906   9.915   9.944   9.958   9.974   9.988  10.006 
   10.061  10.065  10.091  10.094  10.105  10.126  10.195  10.216 
   10.239  10.256  10.268  10.290  10.315  10.337  10.363  10.368 
   10.380  10.390  10.406  10.416  10.433  10.451  10.483  10.490 
   10.498  10.527  10.542  10.549  10.555  10.589  10.616  10.645 
   10.675  10.691  10.725  10.742  10.751  10.769  10.782  10.792 
   10.845  10.862  10.874  10.920  10.950  10.962  10.998  11.018 
   11.116  11.147  11.158  11.175  11.184  11.220  11.224  11.274 
   11.307  11.348  11.355  11.407  11.439  11.452  11.541  11.545 
   11.799  11.916  11.933  11.963  12.053  12.103  12.131  12.203 
   12.264  12.304  12.427  12.470  12.500  12.554  12.594  12.686 
   12.718  12.734  12.858  12.895  12.920  12.970  12.978  13.000 
   13.010  13.059  13.134  13.170  13.388  13.647  13.814  13.931 
   13.995  14.044  14.056  14.078  14.125  14.155  14.176  14.217 
   14.245  14.300  14.362  14.634  14.684  15.077  15.252  15.280 
   15.290  15.576  15.975  16.035  16.104  16.199  16.503  16.538 
   16.559  16.589  16.610  16.655  16.684  16.701  16.710  16.738 
   16.799  17.009  17.572  17.811  17.826  17.835  17.835  17.852 
   17.907  17.961  18.014  18.018  18.023  18.039  18.039  18.040 
   18.042  18.054  18.079  18.085  18.091  18.100  18.103  18.104 
   18.105  18.111  18.120  18.122  18.122  18.133  18.134  18.134 
   18.135  18.147  18.178  18.207  18.215  18.229  18.241  18.256 
   18.262  18.280  18.310  18.373  18.383  18.417  18.472  18.488 
   18.527  18.565  18.570  18.609  18.617  18.637  18.673  18.718 
   18.735  18.743  18.805  18.810  18.858  18.877  18.916  18.940 
   18.985  19.001  19.025  19.035  19.107  19.117  19.145  19.186 
   19.206  19.211  19.233  19.258  19.276  19.348  19.448  19.479 
   19.502  19.590  19.668  19.689  19.912  19.959  20.086  20.127 
   20.553  20.910  20.949  22.500  22.507  23.163  23.195  23.202 
   23.326  23.361  23.453  23.461  23.473  23.488  23.524  23.524 
   23.538  23.544  23.547  23.560  23.573  23.590  23.595  23.618 
   23.665  23.690  23.694  23.756  23.796  23.800  23.828  23.898 
   23.916  24.085  24.124  24.137  24.146  24.183  24.193  24.202 
   24.207  24.209  24.222  24.271  24.294  24.338  24.373  24.428 
   24.440  24.457  24.484  24.506  24.514  24.521  24.527  24.540 
   24.548  24.563  24.598  24.600  24.622  24.638  24.642  24.665 
   24.867  24.933  24.986  25.014  25.027  25.035  25.052  25.074 
   25.099  25.106  25.110  25.144  25.286  25.348  25.372  25.381 
   25.391  25.418  25.447  25.458  25.502  25.545  25.566  25.609 
   25.711  25.754  25.765  25.800  25.819  25.831  25.840  25.859 
   25.885  25.933  26.034  26.155  26.224  26.252  26.266  26.352 
   27.341  27.355  27.951  27.969  27.979  28.000  28.047  28.068 
   28.076  28.094  28.104  28.130  28.293  28.323  28.555  28.859 
   28.897  28.931  28.961  28.970  28.987  29.023  29.024  29.073 
   29.106  29.117  29.169  29.307  29.395  29.420  36.071  36.857 
   36.935  36.972  37.137  37.331  40.790  41.027  45.447  45.507 
   46.575  46.590  46.611  46.664  46.673  46.690  46.704  46.725 
   46.734  46.781  47.142  48.094  48.245  48.295  48.373  48.418 
   63.715  77.717  77.729  78.253  78.265  78.565  79.098  79.113 
   79.124  79.132  79.178  79.195  79.211  79.219  79.227  79.243 
   79.633  79.645  79.670  79.690  79.719  79.726  79.756  79.766 
   79.796  79.804  79.924  79.981  80.008  80.074  80.090  91.119 
   91.134  91.247  91.270  91.388  91.393  91.605  92.423  92.426 
   92.445  92.460  92.497  92.505  92.518  92.526  92.527  92.528 
   92.548  92.558  92.593  92.603  92.613  92.620  92.668  92.683 
   92.700  92.704  92.706  92.718  92.730  92.734  92.772  92.783 
   92.795  92.813  92.836  92.863  92.891  92.943  92.979  92.994 
   93.063 101.200 102.827 102.904 102.943 103.101 103.312 129.382 
  129.432 130.641 131.441 131.453 131.474 131.516 131.535 131.552 
  131.559 131.584 131.594 131.626 132.489 132.625 132.836 132.938 
  132.967 231.170 231.180 231.549 231.557 231.775 233.744 233.753 
  233.762 233.765 233.824 233.835 233.850 233.857 233.862 233.872 
  234.123 234.131 234.150 234.163 234.207 234.213 234.236 234.241 
  234.267 234.271 234.327 234.384 234.400 234.474 234.491 247.308 
  247.308 247.313 247.313 247.314 247.315 247.317 247.323 247.324 
  249.398 249.398 249.399 249.400 249.402 249.403 249.403 249.405 
  249.406 249.407 249.409 249.409 249.410 249.411 249.411 249.411 
  249.412 249.413 249.479 249.479 249.483 249.484 249.485 249.487 
  249.487 249.492 249.492 249.496 249.496 249.499 249.499 249.501 
  249.503 249.504 249.505 249.506 249.508 249.508 249.510 249.510 
  249.510 249.513 249.514 249.516 249.516 270.681 273.438 273.514 
  273.553 273.697 273.911 362.956 362.998 363.813 364.058 364.065 
  364.112 364.120 364.179 364.181 364.489 366.215 366.225 366.247 
  366.276 366.306 366.320 366.323 366.351 366.361 366.383 366.851 
  366.901 366.975 367.020 367.027 367.030 367.035 367.060 367.063 
  367.068 367.081 367.091 367.102 367.102 367.106 367.116 367.118 
  367.121 367.132 367.139 367.147 367.148 367.154 367.160 367.165 
  367.184 367.195 367.200 367.205 367.229 367.231 367.243 367.247 
  367.263 367.277 367.536 367.627 367.660 367.751 367.771 708.493 
  708.499 708.758 708.764 708.883 712.476 712.483 712.489 712.491 
  712.557 712.563 712.578 712.585 712.588 712.593 712.745 712.749 
  712.763 712.772 712.827 712.831 712.850 712.851 712.853 712.876 
  712.876 712.889 712.939 712.979 712.991 713.619 717.599 717.673 
  717.713 717.828 718.032 1024.081 1024.117 1025.000 1028.573 1028.580 
  1028.598 1028.625 1028.661 1028.676 1028.680 1028.699 1028.709 1028.729 
  1029.335 1029.433 1029.588 1029.683 1029.702 2518.167 2523.051 2523.168 
  2523.243 2523.895 2524.366 

Beta occupied
  -30.140 -26.642 -26.641 -26.562 -26.547 -26.538 -20.925 -11.919 
  -11.789  -2.421  -2.014  -1.965  -1.940  -1.860  -1.848  -1.752 
   -1.566  -1.481  -1.481  -1.272  -1.173  -1.118  -1.110  -1.062 
   -1.049  -1.020  -1.010  -0.978  -0.952  -0.950  -0.927  -0.897 
   -0.880  -0.873  -0.865  -0.856  -0.845 

Beta virtual
   -0.072  -0.016  -0.007   0.004   0.018   0.056   0.071   0.080 
    0.093   0.103   0.119   0.127   0.141   0.168   0.186   0.199 
    0.204   0.228   0.238   0.240   0.257   0.278   0.288   0.313 
    0.336   0.350   0.373   0.378   0.392   0.413   0.420   0.433 
    0.440   0.447   0.458   0.482   0.484   0.501   0.502   0.512 
    0.553   0.566   0.574   0.582   0.607   0.640   0.651   0.681 
    0.696   0.718   0.736   0.808   0.844   0.864   0.875   0.903 
    0.913   0.924   0.935   0.996   1.002   1.023   1.037   1.107 
    1.131   1.156   1.167   1.187   1.194   1.214   1.217   1.243 
    1.251   1.285   1.301   1.308   1.339   1.358   1.372   1.378 
    1.404   1.416   1.432   1.438   1.464   1.475   1.485   1.505 
    1.514   1.534   1.540   1.574   1.596   1.605   1.613   1.634 
    1.640   1.673   1.686   1.702   1.707   1.722   1.747   1.754 
    1.792   1.798   1.818   1.830   1.836   1.852   1.866   1.884 
    1.895   1.899   1.918   1.932   1.948   1.973   2.001   2.081 
    2.094   2.107   2.119   2.166   2.167   2.182   2.264   2.289 
    2.308   2.316   2.356   2.362   2.421   2.426   2.448   2.488 
    2.515   2.517   2.549   2.586   2.607   2.618   2.630   2.645 
    2.682   2.713   2.727   2.756   2.762   2.803   2.869   2.888 
    2.926   2.940   2.951   2.968   2.991   3.037   3.042   3.048 
    3.080   3.104   3.122   3.174   3.200   3.215   3.231   3.249 
    3.259   3.269   3.290   3.302   3.348   3.361   3.385   3.391 
    3.407   3.432   3.439   3.455   3.484   3.509   3.549   3.582 
    3.585   3.618   3.620   3.638   3.661   3.676   3.712   3.724 
    3.730   3.757   3.779   3.796   3.818   3.844   3.852   3.868 
    3.901   3.910   3.915   3.928   3.944   3.952   3.985   4.011 
    4.027   4.033   4.037   4.058   4.076   4.085   4.099   4.124 
    4.140   4.151   4.158   4.177   4.195   4.265   4.275   4.302 
    4.316   4.329   4.339   4.355   4.384   4.412   4.432   4.450 
    4.459   4.475   4.504   4.545   4.591   4.608   4.609   4.617 
    4.625   4.636   4.685   4.749   4.775   4.799   4.803   4.853 
    4.873   4.877   4.897   4.917   4.967   4.972   5.050   5.104 
    5.110   5.130   5.144   5.206   5.214   5.249   5.285   5.294 
    5.304   5.348   5.385   5.427   5.450   5.455   5.474   5.503 
    5.535   5.563   5.597   5.615   5.641   5.657   5.682   5.711 
    5.737   5.772   5.800   5.832   5.888   5.906   5.981   6.004 
    6.012   6.025   6.067   6.145   6.175   6.266   6.348   6.392 
    6.417   6.569   6.622   6.696   6.813   6.895   6.944   7.006 
    7.025   7.058   7.066   7.102   7.119   7.131   7.152   7.191 
    7.202   7.210   7.272   7.292   7.295   7.301   7.322   7.342 
    7.354   7.367   7.410   7.417   7.418   7.448   7.480   7.499 
    7.512   7.535   7.543   7.558   7.590   7.620   7.628   7.669 
    7.687   7.706   7.711   7.753   7.781   7.802   7.842   7.853 
    7.863   7.895   7.962   7.980   8.000   8.021   8.047   8.103 
    8.121   8.134   8.160   8.200   8.255   8.262   8.337   8.409 
    8.424   8.471   8.497   8.530   8.557   8.607   8.640   8.663 
    8.689   8.732   8.786   8.804   8.858   8.916   8.963   9.021 
    9.043   9.059   9.084   9.114   9.158   9.161   9.194   9.222 
    9.235   9.258   9.269   9.286   9.298   9.308   9.324   9.337 
    9.389   9.398   9.405   9.457   9.487   9.501   9.517   9.555 
    9.589   9.625   9.633   9.645   9.662   9.683   9.697   9.734 
    9.783   9.798   9.803   9.811   9.818   9.843   9.868   9.872 
    9.906   9.914   9.943   9.957   9.973   9.984  10.006  10.061 
   10.064  10.090  10.094  10.104  10.125  10.193  10.212  10.237 
   10.252  10.266  10.289  10.310  10.329  10.360  10.366  10.377 
   10.388  10.403  10.415  10.432  10.451  10.483  10.490  10.496 
   10.527  10.541  10.549  10.552  10.586  10.615  10.644  10.671 
   10.689  10.725  10.741  10.750  10.769  10.781  10.788  10.845 
   10.862  10.874  10.920  10.950  10.962  10.997  11.017  11.116 
   11.143  11.157  11.169  11.182  11.219  11.223  11.273  11.307 
   11.347  11.355  11.407  11.436  11.452  11.541  11.544  11.798 
   11.915  11.929  11.963  12.009  12.103  12.128  12.197  12.236 
   12.300  12.423  12.466  12.496  12.553  12.588  12.674  12.706 
   12.726  12.857  12.894  12.920  12.968  12.977  12.999  13.008 
   13.059  13.134  13.169  13.380  13.635  13.747  13.916  13.993 
   14.035  14.054  14.074  14.125  14.152  14.176  14.217  14.245 
   14.299  14.362  14.633  14.683  15.075  15.250  15.280  15.289 
   15.571  15.788  15.861  16.097  16.196  16.504  16.538  16.559 
   16.588  16.610  16.655  16.683  16.700  16.710  16.738  16.799 
   16.983  17.523  17.810  17.826  17.835  17.836  17.846  17.907 
   17.962  18.009  18.018  18.023  18.039  18.040  18.041  18.042 
   18.054  18.079  18.085  18.091  18.099  18.103  18.103  18.105 
   18.111  18.117  18.122  18.122  18.133  18.134  18.134  18.135 
   18.146  18.177  18.199  18.214  18.229  18.241  18.256  18.262 
   18.280  18.308  18.373  18.383  18.411  18.472  18.486  18.524 
   18.565  18.570  18.607  18.617  18.637  18.673  18.717  18.733 
   18.744  18.805  18.810  18.858  18.877  18.916  18.940  18.982 
   19.001  19.018  19.034  19.107  19.116  19.145  19.186  19.206 
   19.211  19.233  19.257  19.276  19.348  19.436  19.480  19.503 
   19.590  19.668  19.689  19.913  19.959  20.087  20.127  20.554 
   20.910  20.950  22.501  22.507  23.161  23.188  23.196  23.320 
   23.355  23.453  23.461  23.473  23.488  23.524  23.524  23.538 
   23.544  23.547  23.560  23.573  23.590  23.595  23.617  23.664 
   23.689  23.694  23.756  23.796  23.800  23.824  23.890  23.912 
   24.084  24.124  24.135  24.142  24.181  24.186  24.194  24.206 
   24.208  24.215  24.269  24.294  24.338  24.373  24.428  24.440 
   24.456  24.484  24.505  24.513  24.521  24.526  24.540  24.547 
   24.563  24.591  24.599  24.612  24.624  24.641  24.665  24.855 
   24.927  24.986  25.007  25.026  25.032  25.050  25.074  25.099 
   25.103  25.107  25.144  25.281  25.348  25.364  25.376  25.381 
   25.416  25.444  25.455  25.500  25.545  25.566  25.609  25.709 
   25.754  25.764  25.781  25.816  25.830  25.839  25.859  25.885 
   25.933  26.033  26.155  26.224  26.252  26.266  26.352  27.274 
   27.287  27.946  27.967  27.976  27.999  28.047  28.067  28.075 
   28.094  28.104  28.128  28.231  28.267  28.487  28.859  28.897 
   28.931  28.961  28.971  28.987  29.023  29.024  29.073  29.105 
   29.115  29.167  29.307  29.395  29.420  35.650  36.857  36.934 
   36.972  37.130  37.330  40.779  41.025  45.056  45.116  46.574 
   46.588  46.610  46.662  46.673  46.685  46.704  46.720  46.730 
   46.765  46.813  48.091  48.245  48.295  48.372  48.417  63.715 
   77.532  77.544  78.068  78.080  78.380  79.098  79.113  79.124 
   79.131  79.178  79.195  79.210  79.219  79.227  79.243  79.633 
   79.645  79.670  79.690  79.719  79.726  79.756  79.766  79.796 
   79.804  79.924  79.981  80.008  80.074  80.090  91.025  91.040 
   91.153  91.176  91.294  91.299  91.510  92.423  92.427  92.446 
   92.460  92.497  92.505  92.518  92.526  92.527  92.528  92.548 
   92.558  92.593  92.603  92.613  92.620  92.669  92.683  92.700 
   92.704  92.706  92.718  92.730  92.735  92.772  92.783  92.795 
   92.813  92.836  92.863  92.892  92.943  92.979  92.994  93.063 
  100.628 102.827 102.904 102.943 103.098 103.312 128.865 128.915 
  130.135 131.441 131.453 131.474 131.516 131.534 131.552 131.559 
  131.583 131.594 131.626 132.486 132.624 132.836 132.938 132.967 
  230.850 230.860 231.229 231.237 231.456 233.744 233.753 233.762 
  233.765 233.824 233.835 233.850 233.857 233.862 233.872 234.123 
  234.131 234.150 234.163 234.207 234.213 234.236 234.241 234.267 
  234.271 234.327 234.385 234.400 234.474 234.491 247.196 247.196 
  247.201 247.201 247.202 247.203 247.205 247.211 247.212 249.398 
  249.398 249.399 249.401 249.402 249.403 249.404 249.405 249.406 
  249.407 249.409 249.409 249.410 249.411 249.411 249.411 249.412 
  249.414 249.479 249.479 249.483 249.484 249.485 249.487 249.487 
  249.492 249.492 249.496 249.496 249.499 249.499 249.501 249.503 
  249.504 249.505 249.506 249.508 249.508 249.510 249.510 249.510 
  249.513 249.514 249.516 249.516 270.130 273.438 273.514 273.553 
  273.696 273.911 362.464 362.506 363.390 363.821 363.828 363.875 
  363.883 363.940 363.942 364.186 366.215 366.225 366.247 366.276 
  366.306 366.320 366.323 366.351 366.361 366.383 366.851 366.901 
  366.975 367.020 367.027 367.030 367.035 367.060 367.063 367.068 
  367.081 367.091 367.102 367.102 367.106 367.116 367.118 367.121 
  367.132 367.139 367.147 367.148 367.154 367.160 367.165 367.184 
  367.195 367.200 367.205 367.229 367.231 367.243 367.247 367.263 
  367.277 367.535 367.627 367.660 367.751 367.771 708.151 708.157 
  708.417 708.422 708.541 712.476 712.483 712.489 712.491 712.557 
  712.563 712.578 712.585 712.588 712.593 712.744 712.749 712.763 
  712.772 712.827 712.830 712.844 712.850 712.853 712.876 712.876 
  712.889 712.939 712.979 712.991 713.182 717.599 717.673 717.713 
  717.828 718.032 1023.701 1023.736 1024.620 1028.573 1028.580 1028.598 
  1028.625 1028.661 1028.676 1028.680 1028.699 1028.709 1028.729 1029.335 
  1029.433 1029.588 1029.683 1029.702 2517.887 2523.050 2523.168 2523.243 
  2523.893 2524.365 

  SA 0  : 2 (0.99)    SB 0  : 0 (0.99)
  SA 1  : 5 (0.99)    SB 1  : 2 (0.99)
  SA 2  : 1 (0.99)    SB 2  : 5 (0.99)
  SA 3  : 3 (0.99)    SB 3  : 1 (0.99)
  SA 4  : 4 (0.99)    SB 4  : 3 (0.99)
  SA 5  : 6 (0.99)    SB 5  : 4 (0.99)
  SA 6  : 7 (1.00)    SB 6  : 6 (0.99)
  SA 7  : 8 (1.00)    SB 7  : 7 (1.00)
  SA 8  : 9 (0.38) 24 (0.20) 28 (0.19) 29 (0.19)    SB 8  : 8 (1.00)
  SA 9  : 10 (0.22) 12 (0.21)    SB 9  : 9 (0.35) 24 (0.21) 28 (0.21) 29 (0.21)
  SA 10 : 11 (0.13) 14 (0.19) 17 (0.14)    SB 10 : 10 (0.22) 12 (0.21)
  SA 11 : 10 (0.18) 12 (0.19) 22 (0.11) 33 (0.12) 34 (0.10)    SB 11 : 11 (0.13) 14 (0.19) 17 (0.14)
  SA 12 : 14 (0.20) 17 (0.11) 30 (0.13) 31 (0.13) 36 (0.11)    SB 12 : 10 (0.18) 12 (0.19) 22 (0.11) 33 (0.12) 34 (0.10)
  SA 13 : 11 (0.22) 13 (0.12) 17 (0.14) 19 (0.11) 32 (0.14)    SB 13 : 14 (0.20) 17 (0.11) 30 (0.13) 31 (0.13) 36 (0.11)
  SA 14 : 15 (0.46) 20 (0.19) 35 (0.21)    SB 14 : 11 (0.22) 13 (0.12) 17 (0.14) 19 (0.11) 32 (0.14)
  SA 15 : 9 (0.54) 24 (0.10) 28 (0.12) 29 (0.12)    SB 15 : 15 (0.45) 20 (0.19) 35 (0.20)
  SA 16 : 24 (0.61) 29 (0.24)    SB 16 : 9 (0.57) 28 (0.11) 29 (0.11)
  SA 17 : 28 (0.55) 29 (0.38)    SB 17 : 24 (0.11) 28 (0.62) 29 (0.22)
  SA 18 : 16 (0.50)    SB 18 : 24 (0.53) 29 (0.40)
  SA 19 : 12 (0.19) 22 (0.12) 33 (0.13)    SB 19 : 16 (0.52)
  SA 20 : 14 (0.14) 16 (0.14)    SB 20 : 12 (0.20) 22 (0.13) 33 (0.13)
  SA 21 : 10 (0.24) 12 (0.11) 34 (0.18)    SB 21 : 14 (0.14) 16 (0.14)
  SA 22 : 14 (0.18) 17 (0.13) 21 (0.14) 32 (0.13) 36 (0.13)    SB 22 : 10 (0.24) 12 (0.11) 34 (0.18)
  SA 23 : 11 (0.19) 13 (0.12) 30 (0.13)    SB 23 : 14 (0.18) 17 (0.13) 21 (0.14) 32 (0.13) 36 (0.13)
  SA 24 : 18 (0.26) 22 (0.14) 27 (0.30) 33 (0.15)    SB 24 : 11 (0.18) 13 (0.12) 30 (0.14)
  SA 25 : 18 (0.18) 25 (0.11) 34 (0.28)    SB 25 : 18 (0.30) 22 (0.14) 27 (0.29) 33 (0.13)
  SA 26 : 18 (0.18) 25 (0.38) 27 (0.28)    SB 26 : 18 (0.12) 25 (0.12) 34 (0.27)
  SA 27 : 22 (0.36) 33 (0.32)    SB 27 : 18 (0.19) 25 (0.38) 27 (0.28)
  SA 28 : 20 (0.13) 31 (0.15) 36 (0.18)    SB 28 : 22 (0.34) 33 (0.33)
  SA 29 : 23 (0.22) 30 (0.22)    SB 29 : 20 (0.13) 31 (0.15) 36 (0.17)
  SA 30 : 11 (0.16) 19 (0.17) 21 (0.15)    SB 30 : 23 (0.22) 30 (0.22)
  SA 31 : 17 (0.12) 26 (0.29) 31 (0.22)    SB 31 : 11 (0.16) 19 (0.17) 21 (0.15)
  SA 32 : 13 (0.11) 16 (0.10) 19 (0.28)    SB 32 : 17 (0.12) 26 (0.29) 31 (0.23)
  SA 33 : 13 (0.14) 15 (0.11) 19 (0.11) 20 (0.15) 30 (0.12) 36 (0.15)    SB 33 : 13 (0.12) 19 (0.29)
  SA 34 : 13 (0.16) 21 (0.21) 26 (0.14) 32 (0.28)    SB 34 : 13 (0.13) 15 (0.12) 20 (0.15) 30 (0.12) 36 (0.16)
  SA 35 : 20 (0.19) 23 (0.17) 35 (0.39)    SB 35 : 13 (0.17) 21 (0.21) 26 (0.13) 32 (0.28)
  SB 36 : 20 (0.20) 23 (0.16) 35 (0.39)

The transition for spin alpha is from 35 (0.01) to 1 (1.00).



  >>> Running UHF-MP2 <<<

MP2 correlation energy (UHF) : -2.7226556993
MP2 total energy       (UHF) : -724.8504318655

