	*********************************************** 
	***** Beginning CEBE Calculation with MOM ***** 
	*****       Calculation Details:          ***** 
	      Geometry:	 /home/am3939/core/calculations/mols/exp/f/c2h5f.xyz
	      Core Basis:	 ccX-5Z
	      Full Basis:	 cc-pV5Z
	      DIIS (start, space):	 0 50
	      Level shift:	 0
	      Do localization?:	 False
	      Do SFX2C1E?:	 True
	      Freeze orbitals?:	 True
	      Use Cheng orbitals?:	 False
	      Do Special Basis?:	 True
	      Do Special Basis?:	 ccX-5Z
	*********************************************** 
	*********************************************** 

  >>> Running RHF <<<

init D/C      : minao
init ov       : zeros
no            : 13
nv            : 636
ov_size       : 8268
max_cycle     : 1000
conv          : 6
econv         : 9
method        : gdm
scale_stop    : 0
scale_factor  : 1.000000
init E        : -178.103852184793
init |[F,P]|  : 4.54e-03
init |dE|     : 1.17e-02
check file    : None

iter      total energy   |[F,P]|      |dE|         ∆E   comment
   1    -178.149966999  2.87e-03  7.35e-03  -4.61e-02  BFGS
   2    -178.166566118  3.23e-04  8.16e-04  -1.66e-02  BFGS
   3    -178.166854812  9.47e-05  2.50e-04  -2.89e-04  BFGS
   4    -178.166887724  2.18e-05  5.45e-05  -3.29e-05  BFGS
   5    -178.166889628  6.58e-06  1.56e-05  -1.90e-06  BFGS
   6    -178.166889881  1.17e-06  3.10e-06  -2.53e-07  BFGS
   7    -178.166889888  3.25e-07  8.09e-07  -6.60e-09  BFGS
   8    -178.166889888  5.39e-08  1.23e-07  -5.83e-10  BFGS
                                                                      gdm is converged!

SCF converged : True
final |[F,P]| : 5.39e-08
final |dE|    : 1.23e-07
final Escf    : -257.377153658954
final Etot    : -178.1668898885

  pxp & ewc             :::        0.542 (  0.19%)
  apply B               :::        0.002 (  0.00%)
  linsrch               :::      283.177 ( 99.80%)
  grad                  :::        0.021 (  0.01%)
  Total                 :::      283.742 (100.00%)

Alpha occupied
  -26.264 -11.307 -11.226  -1.575  -1.036  -0.862  -0.699  -0.688 
   -0.648  -0.580  -0.552  -0.512  -0.496 

Alpha virtual
    0.093   0.112   0.121   0.134   0.165   0.170   0.199   0.202 
    0.213   0.250   0.264   0.267   0.303   0.316   0.382   0.390 
    0.398   0.410   0.437   0.455   0.464   0.493   0.515   0.526 
    0.576   0.592   0.593   0.620   0.639   0.663   0.684   0.696 
    0.708   0.740   0.749   0.761   0.775   0.795   0.826   0.833 
    0.847   0.856   0.863   0.885   0.950   0.972   0.980   0.999 
    1.010   1.024   1.041   1.055   1.093   1.117   1.127   1.170 
    1.185   1.202   1.227   1.244   1.314   1.388   1.391   1.411 
    1.488   1.495   1.530   1.532   1.542   1.551   1.574   1.578 
    1.611   1.657   1.696   1.719   1.731   1.761   1.774   1.800 
    1.813   1.822   1.835   1.867   1.906   1.916   1.919   1.920 
    1.951   1.961   1.977   1.993   2.001   2.046   2.085   2.109 
    2.128   2.153   2.169   2.174   2.222   2.239   2.253   2.265 
    2.274   2.313   2.339   2.366   2.375   2.400   2.427   2.451 
    2.473   2.475   2.508   2.510   2.560   2.583   2.621   2.688 
    2.701   2.728   2.803   2.832   2.855   2.903   2.944   2.957 
    2.993   3.016   3.042   3.156   3.175   3.212   3.216   3.280 
    3.314   3.373   3.405   3.407   3.476   3.538   3.550   3.573 
    3.640   3.648   3.662   3.685   3.701   3.729   3.734   3.804 
    3.839   3.860   3.886   3.957   3.975   4.007   4.018   4.026 
    4.054   4.072   4.101   4.112   4.120   4.149   4.181   4.191 
    4.228   4.236   4.250   4.272   4.309   4.322   4.330   4.337 
    4.358   4.398   4.399   4.451   4.457   4.495   4.525   4.581 
    4.590   4.606   4.645   4.660   4.687   4.725   4.730   4.740 
    4.749   4.762   4.787   4.829   4.841   4.865   4.881   4.897 
    4.939   4.964   5.032   5.044   5.072   5.110   5.121   5.140 
    5.147   5.188   5.206   5.266   5.285   5.288   5.319   5.342 
    5.418   5.439   5.498   5.499   5.511   5.530   5.544   5.576 
    5.605   5.620   5.649   5.661   5.680   5.742   5.812   5.822 
    5.835   5.869   5.871   5.894   5.935   5.945   5.966   6.020 
    6.029   6.033   6.079   6.097   6.176   6.245   6.263   6.286 
    6.310   6.372   6.397   6.539   6.663   6.725   6.745   6.854 
    6.917   6.947   7.008   7.014   7.066   7.070   7.099   7.173 
    7.237   7.242   7.265   7.409   7.436   7.459   7.492   7.603 
    7.639   7.664   7.691   7.741   7.781   7.869   7.878   7.950 
    7.979   8.082   8.164   8.166   8.253   8.279   8.322   8.384 
    8.495   8.540   8.568   8.952   9.068   9.098   9.158   9.206 
    9.269   9.318   9.381   9.403   9.496   9.536   9.570   9.617 
    9.619   9.667   9.681   9.722   9.764   9.875   9.876   9.928 
    9.976  10.000  10.020  10.026  10.101  10.187  10.221  10.289 
   10.341  10.354  10.375  10.403  10.416  10.429  10.460  10.489 
   10.503  10.573  10.585  10.655  10.691  10.737  10.747  10.749 
   10.830  10.873  10.914  10.953  10.956  11.024  11.028  11.043 
   11.100  11.138  11.205  11.300  11.423  11.454  11.475  11.478 
   11.514  11.579  11.600  11.613  11.686  11.718  11.737  11.810 
   11.839  12.083  12.298  12.553  12.576  12.588  12.620  12.627 
   12.657  12.680  12.709  12.743  12.769  12.771  12.774  12.801 
   12.822  12.842  12.845  12.863  12.889  12.924  12.959  12.970 
   12.982  12.993  13.051  13.061  13.072  13.093  13.128  13.175 
   13.279  13.290  13.314  13.365  13.378  13.432  13.453  13.477 
   13.533  13.538  13.565  13.615  13.638  13.657  13.670  13.723 
   13.782  13.801  13.908  13.922  13.986  14.036  14.040  14.080 
   14.100  14.114  14.139  14.167  14.173  14.203  14.264  14.289 
   14.304  14.313  14.356  14.395  14.428  14.432  14.453  14.480 
   14.486  14.499  14.548  14.596  14.624  14.640  14.679  14.687 
   14.713  14.733  14.798  14.800  14.836  14.888  14.940  14.974 
   14.982  15.014  15.052  15.076  15.129  15.252  15.320  15.405 
   15.406  15.631  15.638  15.682  15.828  15.853  15.912  15.928 
   15.938  15.975  16.026  16.160  16.215  16.486  16.494  16.848 
   16.907  16.927  17.489  17.645  17.699  17.713  17.754  17.764 
   17.922  17.974  18.005  18.060  18.184  18.202  18.238  18.367 
   18.398  18.400  18.408  18.437  18.449  18.497  18.543  18.570 
   18.574  18.619  18.645  18.792  18.804  18.942  18.984  19.009 
   19.043  19.056  19.066  19.071  19.113  19.119  19.144  19.226 
   19.654  20.766  20.821  20.937  20.958  21.011  23.822  23.825 
   23.981  24.030  24.376  24.426  24.625  24.674  24.811  24.818 
   25.362  25.406  25.690  25.690  26.116  26.131  26.792  28.447 
   28.455  29.242  29.293  30.542  39.753  39.784  40.161  42.245 
   42.822  54.516  84.033  84.036  84.471  84.510  85.365  85.369 
   85.401  85.740  93.720  93.735  93.831  93.835  93.970  93.979 
   94.284 118.961 145.163 145.163 145.165 145.169 145.200 145.204 
  145.246 145.260 145.262 190.328 190.353 190.665 231.314 231.317 
  231.646 231.679 232.332 258.172 297.588 297.597 297.650 297.652 
  297.727 297.732 297.896 414.714 414.715 414.715 414.718 414.718 
  414.723 414.723 414.730 414.730 414.739 414.739 448.109 448.132 
  448.412 547.405 547.406 547.407 547.407 547.415 547.416 547.428 
  547.433 547.434 570.445 592.546 592.549 592.808 592.835 593.351 
  896.504 896.509 896.542 896.543 896.588 896.591 896.687 1152.621 
  1152.640 1152.886 1383.917 1517.712 1517.714 1517.919 1517.940 1518.342 
  3735.256 3735.273 3735.499 5407.565 


  >>> Running RHF-MP2 <<<


RMP2-TIMING
  rmp2                  :::      321.789 (100.00%)
  Total                 :::      321.789 (100.00%)

MP2 correlation energy (RHF) : -0.8052182168
MP2 total energy       (RHF) : -178.9721081052


  >>> Running UHF <<<

init D/C      : input mo_coeff
init ov       : zeros
no            : 12 13
nv            : 637 636
ov_size       : 15912
max_cycle     : 1000
conv          : 6
econv         : 9
method        : diis
mom_start     : 0
guess mix     : 0.000000
orb_swap      : [[[0, 12]], []]
init E        : -151.902609966951
init S2       : 0.749999999999996
init |[F,P]|  : 1.96e-02
init |dE|     : 5.67e-02
check file    : None

iter      total energy   |[F,P]|      |dE|         ∆E   S^2   comment
   1    -152.565906611  8.74e-03  2.64e-02  -6.63e-01  0.75  DIIS mom: 11.7/12 12.7/13
   2    -152.790040207  6.83e-04  1.91e-03  -2.24e-01  0.75  DIIS mom: 12.0/12 13.0/13
   3    -152.791934017  1.48e-04  4.16e-04  -1.89e-03  0.76  DIIS mom: 12.0/12 13.0/13
   4    -152.792151973  6.92e-05  1.90e-04  -2.18e-04  0.76  DIIS mom: 12.0/12 13.0/13
   5    -152.792208003  2.07e-05  5.36e-05  -5.60e-05  0.76  DIIS mom: 12.0/12 13.0/13
   6    -152.792213486  6.30e-06  1.55e-05  -5.48e-06  0.76  DIIS mom: 12.0/12 13.0/13
   7    -152.792214050  1.80e-06  4.18e-06  -5.63e-07  0.76  DIIS mom: 12.0/12 13.0/13
   8    -152.792214093  5.47e-07  1.20e-06  -4.29e-08  0.76  DIIS mom: 12.0/12 13.0/13
   9    -152.792214096  2.47e-07  5.37e-07  -3.00e-09  0.76  DIIS mom: 12.0/12 13.0/13
  10    -152.792214096  9.17e-08  2.05e-07  -8.17e-10  0.76  DIIS mom: 12.0/12 13.0/13
                                                                      diis is converged!

SCF converged : True
final |[F,P]| : 9.17e-08
final |dE|    : 2.05e-07
final Escf    : -232.002477866925
final Etot    : -152.79221409647
final S2      : 0.761739485699453

  diis prep             :::        0.234 (  0.06%)
  diis extrap           :::        0.135 (  0.03%)
  roothaan              :::        1.441 (  0.37%)
  fock build            :::      387.800 ( 99.54%)
  Total                 :::      389.610 (100.00%)

Alpha occupied
  -11.608 -11.451  -2.137  -1.386  -1.271  -1.265  -1.214  -1.050 
   -0.888  -0.809  -0.779  -0.749 

Alpha virtual
  -24.494  -0.088  -0.067  -0.048  -0.048  -0.012   0.001   0.002 
    0.026   0.030   0.042   0.073   0.080   0.117   0.128   0.133 
    0.193   0.194   0.218   0.243   0.250   0.257   0.274   0.307 
    0.318   0.348   0.383   0.386   0.412   0.422   0.435   0.464 
    0.479   0.493   0.515   0.522   0.538   0.543   0.547   0.595 
    0.623   0.627   0.645   0.667   0.684   0.727   0.750   0.772 
    0.796   0.804   0.811   0.828   0.846   0.888   0.898   0.914 
    0.959   0.977   0.988   1.008   1.019   1.097   1.149   1.167 
    1.175   1.215   1.258   1.275   1.288   1.307   1.310   1.342 
    1.347   1.379   1.405   1.452   1.456   1.473   1.499   1.505 
    1.519   1.555   1.572   1.574   1.588   1.603   1.643   1.644 
    1.685   1.708   1.735   1.741   1.757   1.763   1.817   1.851 
    1.878   1.894   1.900   1.933   1.950   1.995   2.015   2.019 
    2.030   2.044   2.078   2.105   2.114   2.136   2.160   2.192 
    2.223   2.246   2.252   2.268   2.279   2.333   2.358   2.375 
    2.438   2.452   2.490   2.565   2.590   2.616   2.671   2.692 
    2.710   2.746   2.772   2.793   2.900   2.937   2.975   2.978 
    3.047   3.049   3.095   3.139   3.158   3.206   3.226   3.244 
    3.270   3.344   3.367   3.374   3.429   3.453   3.457   3.498 
    3.541   3.569   3.611   3.627   3.691   3.700   3.715   3.717 
    3.740   3.764   3.776   3.820   3.822   3.833   3.855   3.858 
    3.865   3.897   3.923   3.954   3.973   3.990   4.029   4.042 
    4.053   4.085   4.109   4.141   4.188   4.208   4.232   4.262 
    4.316   4.323   4.333   4.394   4.406   4.441   4.480   4.491 
    4.500   4.501   4.538   4.552   4.567   4.606   4.616   4.622 
    4.657   4.679   4.722   4.792   4.793   4.826   4.853   4.880 
    4.889   4.899   4.941   4.948   4.995   5.032   5.048   5.072 
    5.096   5.162   5.202   5.241   5.243   5.272   5.281   5.296 
    5.318   5.339   5.377   5.405   5.410   5.431   5.510   5.550 
    5.570   5.587   5.612   5.643   5.653   5.683   5.688   5.733 
    5.763   5.772   5.803   5.822   5.861   5.929   5.980   6.016 
    6.034   6.047   6.123   6.142   6.278   6.391   6.461   6.477 
    6.598   6.644   6.667   6.728   6.756   6.793   6.812   6.858 
    6.913   7.013   7.020   7.026   7.127   7.164   7.205   7.252 
    7.278   7.292   7.387   7.443   7.495   7.503   7.566   7.583 
    7.668   7.688   7.757   7.842   7.855   7.986   8.017   8.042 
    8.095   8.152   8.196   8.240   8.543   8.585   8.588   8.804 
    8.805   8.946   9.045   9.065   9.119   9.157   9.204   9.252 
    9.268   9.314   9.335   9.397   9.435   9.473   9.594   9.597 
    9.639   9.646   9.671   9.724   9.732   9.758   9.864   9.878 
    9.959  10.002  10.021  10.058  10.098  10.103  10.125  10.151 
   10.174  10.224  10.270  10.285  10.341  10.398  10.425  10.446 
   10.468  10.482  10.564  10.595  10.597  10.639  10.694  10.704 
   10.764  10.805  10.822  10.884  10.977  11.126  11.181  11.189 
   11.224  11.266  11.306  11.344  11.372  11.419  11.455  11.483 
   11.549  11.618  11.812  11.999  12.226  12.268  12.305  12.360 
   12.392  12.405  12.438  12.443  12.452  12.509  12.515  12.530 
   12.568  12.582  12.596  12.609  12.637  12.638  12.654  12.680 
   12.719  12.736  12.754  12.809  12.828  12.836  12.847  12.892 
   12.904  13.020  13.047  13.075  13.098  13.132  13.181  13.227 
   13.234  13.287  13.297  13.304  13.356  13.397  13.418  13.421 
   13.496  13.528  13.536  13.632  13.681  13.743  13.782  13.809 
   13.826  13.852  13.880  13.901  13.920  13.929  13.959  13.995 
   14.049  14.060  14.082  14.111  14.165  14.174  14.199  14.205 
   14.226  14.264  14.265  14.316  14.344  14.371  14.386  14.417 
   14.438  14.485  14.511  14.541  14.555  14.587  14.640  14.682 
   14.713  14.730  14.779  14.781  14.835  14.884  14.971  15.052 
   15.137  15.170  15.379  15.410  15.445  15.572  15.620  15.662 
   15.695  15.711  15.723  15.781  15.942  15.989  16.230  16.256 
   16.572  16.688  16.709  17.248  17.394  17.469  17.477  17.488 
   17.502  17.673  17.733  17.774  17.832  17.890  17.906  17.947 
   17.955  17.965  17.974  17.995  18.053  18.093  18.192  18.259 
   18.263  18.268  18.302  18.309  18.388  18.388  18.410  18.435 
   18.573  18.665  18.676  18.708  18.762  18.836  18.844  18.850 
   18.979  19.025  20.498  20.542  20.717  20.735  20.780  23.314 
   23.316  23.479  23.529  23.853  23.880  23.924  24.158  24.293 
   24.297  24.724  24.768  25.065  25.067  25.506  25.519  26.176 
   27.537  27.546  28.358  28.409  29.671  38.705  38.736  39.135 
   41.935  42.597  53.350  82.336  82.339  82.785  82.824  83.695 
   83.778  83.812  84.164  92.187  92.202  92.304  92.309  92.447 
   92.456  92.763 117.143 143.519 143.519 143.526 143.530 143.566 
  143.570 143.615 143.628 143.630 187.874 187.900 188.220 228.622 
  228.625 228.960 228.994 229.650 255.455 294.812 294.821 294.878 
  294.880 294.957 294.962 295.128 412.177 412.178 412.178 412.180 
  412.180 412.184 412.184 412.189 412.189 412.195 412.195 444.535 
  444.558 444.843 544.134 544.134 544.134 544.135 544.146 544.147 
  544.160 544.165 544.166 566.665 588.759 588.762 589.025 589.051 
  589.569 892.324 892.329 892.363 892.364 892.410 892.413 892.510 
  1147.885 1147.905 1148.153 1379.027 1512.836 1512.838 1513.044 1513.065 
  1513.468 3729.553 3729.571 3729.798 5401.788 

Beta occupied
  -30.007 -11.608 -11.451  -2.272  -1.449  -1.358  -1.356  -1.239 
   -1.059  -0.891  -0.811  -0.779  -0.749 

Beta virtual
   -0.090  -0.074  -0.049  -0.048  -0.017  -0.000   0.000   0.025 
    0.029   0.039   0.072   0.080   0.116   0.128   0.130   0.193 
    0.194   0.218   0.242   0.251   0.257   0.274   0.308   0.318 
    0.347   0.379   0.382   0.412   0.422   0.430   0.465   0.478 
    0.492   0.513   0.519   0.538   0.544   0.546   0.594   0.624 
    0.627   0.645   0.667   0.685   0.726   0.750   0.772   0.796 
    0.805   0.811   0.828   0.846   0.888   0.899   0.915   0.959 
    0.977   0.987   1.008   1.020   1.097   1.152   1.168   1.175 
    1.219   1.258   1.275   1.288   1.307   1.308   1.342   1.348 
    1.379   1.395   1.440   1.451   1.473   1.493   1.494   1.516 
    1.545   1.572   1.573   1.588   1.600   1.638   1.645   1.686 
    1.708   1.735   1.740   1.757   1.764   1.817   1.851   1.878 
    1.894   1.900   1.933   1.951   1.996   2.016   2.017   2.030 
    2.044   2.078   2.106   2.113   2.136   2.159   2.193   2.222 
    2.246   2.252   2.269   2.278   2.333   2.358   2.376   2.433 
    2.453   2.490   2.566   2.591   2.617   2.671   2.693   2.711 
    2.747   2.772   2.793   2.899   2.938   2.975   2.978   3.047 
    3.049   3.096   3.141   3.157   3.206   3.227   3.245   3.271 
    3.342   3.367   3.374   3.428   3.453   3.456   3.498   3.540 
    3.568   3.609   3.624   3.679   3.698   3.699   3.714   3.735 
    3.744   3.758   3.801   3.820   3.823   3.842   3.854   3.862 
    3.896   3.923   3.941   3.961   3.989   4.026   4.038   4.052 
    4.084   4.107   4.140   4.185   4.208   4.232   4.259   4.312 
    4.324   4.333   4.390   4.407   4.441   4.480   4.492   4.500 
    4.501   4.538   4.552   4.567   4.605   4.616   4.622   4.657 
    4.678   4.722   4.791   4.793   4.826   4.853   4.879   4.889 
    4.899   4.941   4.946   4.994   5.032   5.048   5.073   5.094 
    5.163   5.202   5.240   5.243   5.272   5.281   5.296   5.318 
    5.339   5.377   5.405   5.408   5.430   5.509   5.549   5.566 
    5.587   5.610   5.643   5.653   5.682   5.688   5.733   5.763 
    5.772   5.804   5.823   5.861   5.929   5.980   6.016   6.034 
    6.047   6.122   6.142   6.278   6.390   6.460   6.477   6.598 
    6.639   6.668   6.728   6.757   6.793   6.812   6.859   6.913 
    7.013   7.020   7.027   7.127   7.163   7.206   7.252   7.281 
    7.294   7.388   7.443   7.496   7.503   7.567   7.583   7.669 
    7.688   7.758   7.843   7.852   7.984   8.017   8.040   8.092 
    8.137   8.190   8.241   8.479   8.512   8.522   8.790   8.805 
    8.940   9.045   9.058   9.118   9.155   9.203   9.247   9.267 
    9.306   9.329   9.397   9.433   9.467   9.590   9.594   9.637 
    9.642   9.670   9.718   9.732   9.754   9.860   9.877   9.915 
    9.995  10.013  10.051  10.088  10.102  10.121  10.147  10.174 
   10.223  10.264  10.280  10.339  10.393  10.421  10.428  10.466 
   10.472  10.555  10.586  10.593  10.636  10.692  10.703  10.763 
   10.805  10.822  10.883  10.976  11.115  11.181  11.186  11.224 
   11.266  11.303  11.344  11.372  11.419  11.455  11.484  11.548 
   11.618  11.809  11.993  12.220  12.263  12.304  12.360  12.392 
   12.405  12.438  12.439  12.452  12.509  12.515  12.529  12.568 
   12.582  12.595  12.609  12.636  12.638  12.653  12.679  12.718 
   12.736  12.754  12.809  12.828  12.836  12.846  12.891  12.904 
   13.020  13.047  13.075  13.097  13.132  13.181  13.227  13.233 
   13.286  13.297  13.304  13.356  13.396  13.417  13.421  13.496 
   13.528  13.534  13.631  13.681  13.743  13.782  13.809  13.826 
   13.852  13.879  13.901  13.918  13.930  13.958  13.993  14.049 
   14.060  14.082  14.111  14.165  14.173  14.199  14.205  14.226 
   14.264  14.265  14.316  14.344  14.371  14.386  14.414  14.438 
   14.485  14.511  14.541  14.555  14.586  14.640  14.677  14.713 
   14.728  14.779  14.781  14.835  14.884  14.968  15.052  15.137 
   15.170  15.379  15.410  15.445  15.572  15.620  15.662  15.695 
   15.711  15.722  15.781  15.942  15.989  16.230  16.256  16.572 
   16.688  16.709  17.247  17.394  17.468  17.477  17.487  17.502 
   17.673  17.732  17.774  17.831  17.889  17.906  17.946  17.956 
   17.963  17.974  17.993  18.052  18.067  18.075  18.140  18.223 
   18.264  18.296  18.308  18.388  18.388  18.395  18.434  18.512 
   18.665  18.676  18.706  18.762  18.833  18.844  18.849  18.938 
   18.993  20.498  20.542  20.717  20.735  20.780  23.307  23.309 
   23.472  23.521  23.593  23.866  23.915  24.146  24.280  24.284 
   24.703  24.748  25.044  25.047  25.486  25.500  26.153  27.466 
   27.475  28.289  28.339  29.602  38.443  38.474  38.876  41.933 
   42.597  52.961  82.142  82.145  82.590  82.628  83.415  83.447 
   83.499  83.806  92.097  92.113  92.215  92.219  92.357  92.366 
   92.674 116.687 143.455 143.455 143.462 143.466 143.502 143.506 
  143.551 143.564 143.566 187.444 187.470 187.791 228.334 228.337 
  228.672 228.705 229.362 254.998 294.622 294.631 294.688 294.690 
  294.767 294.772 294.938 412.092 412.093 412.093 412.095 412.095 
  412.099 412.099 412.104 412.104 412.110 412.110 444.113 444.136 
  444.421 543.979 543.979 543.979 543.980 543.991 543.992 544.005 
  544.010 544.011 566.256 588.462 588.464 588.728 588.754 589.272 
  892.093 892.098 892.132 892.134 892.179 892.182 892.279 1147.548 
  1147.567 1147.815 1378.701 1512.588 1512.590 1512.796 1512.817 1513.220 
  3729.352 3729.370 3729.597 5401.611 


  >>> Running UHF-MP2 <<<

MP2 correlation energy (UHF) : -0.7380662244
MP2 total energy       (UHF) : -153.5302803209

