	*********************************************** 
	***** Beginning CEBE Calculation with MOM ***** 
	*****       Calculation Details:          ***** 
	      Geometry:	 /home/am3939/core/calculations/mols/exp/f/bf3.xyz
	      Core Basis:	 pcX-4
	      Full Basis:	 pc-4
	      DIIS (start, space):	 0 50
	      Level shift:	 0
	      Do localization?:	 True
	      Atoms that were localized?:	 ['F']
	      Do SFX2C1E?:	 True
	      Freeze orbitals?:	 True
	      Use Cheng orbitals?:	 False
	      Do Special Basis?:	 True
	      Do Special Basis?:	 pcX-4
	*********************************************** 
	*********************************************** 

  >>> Running RHF <<<

init D/C      : minao
init ov       : zeros
no            : 16
nv            : 486
ov_size       : 7776
max_cycle     : 1000
conv          : 6
econv         : 9
method        : gdm
scale_stop    : 0
scale_factor  : 1.000000
init E        : -323.27487967669
init |[F,P]|  : 7.31e-03
init |dE|     : 1.59e-02
check file    : None

iter      total energy   |[F,P]|      |dE|         ∆E   comment
   1    -323.341555324  4.02e-03  8.74e-03  -6.67e-02  BFGS
   2    -323.360336382  3.67e-04  8.78e-04  -1.88e-02  BFGS
   3    -323.360590353  9.43e-05  2.01e-04  -2.54e-04  BFGS
   4    -323.360607026  1.45e-05  3.16e-05  -1.67e-05  BFGS
   5    -323.360607642  4.44e-06  9.26e-06  -6.17e-07  BFGS
   6    -323.360607708  6.02e-07  1.34e-06  -6.54e-08  BFGS
   7    -323.360607709  1.63e-07  3.58e-07  -1.18e-09  BFGS
   8    -323.360607709  2.09e-08  4.58e-08  -9.06e-11  BFGS
                                                                      gdm is converged!

SCF converged : True
final |[F,P]| : 2.09e-08
final |dE|    : 4.58e-08
final Escf    : -434.822062810218
final Etot    : -323.360607709032

  pxp & ewc             :::        0.187 (  0.25%)
  apply B               :::        0.001 (  0.00%)
  linsrch               :::       75.163 ( 99.74%)
  grad                  :::        0.006 (  0.01%)
  Total                 :::       75.357 (100.00%)

Alpha occupied
  -26.336 -26.336 -26.336  -7.774  -1.687  -1.644  -1.644  -0.859 
   -0.814  -0.814  -0.764  -0.701  -0.701  -0.687  -0.687  -0.663 

Alpha virtual
    0.052   0.058   0.058   0.078   0.168   0.173   0.173   0.177 
    0.179   0.179   0.229   0.229   0.262   0.265   0.298   0.298 
    0.308   0.326   0.327   0.327   0.352   0.409   0.409   0.548 
    0.548   0.576   0.576   0.596   0.657   0.667   0.667   0.676 
    0.705   0.741   0.741   0.788   0.788   0.901   0.907   0.907 
    0.919   0.931   0.933   0.933   0.934   0.934   0.964   1.060 
    1.074   1.074   1.126   1.126   1.195   1.195   1.200   1.246 
    1.278   1.278   1.380   1.419   1.419   1.457   1.457   1.462 
    1.603   1.639   1.640   1.640   1.741   1.741   1.752   1.752 
    1.803   2.036   2.036   2.072   2.200   2.246   2.270   2.270 
    2.279   2.279   2.321   2.393   2.393   2.430   2.430   2.433 
    2.440   2.449   2.449   2.459   2.477   2.545   2.561   2.561 
    2.593   2.593   2.724   2.724   2.744   2.815   2.854   2.865 
    2.865   2.907   2.907   2.920   2.920   3.034   3.034   3.088 
    3.248   3.281   3.281   3.322   3.331   3.331   3.427   3.549 
    3.549   3.586   3.586   3.681   3.718   3.761   3.761   3.877 
    3.993   3.993   4.093   4.093   4.143   4.242   4.253   4.253 
    4.482   4.657   4.699   4.699   4.836   4.836   4.876   4.876 
    4.977   5.123   5.165   5.459   5.511   5.511   5.637   5.637 
    5.713   5.713   5.713   5.795   5.795   5.806   5.899   5.919 
    5.919   6.014   6.014   6.079   6.099   6.099   6.152   6.205 
    6.205   6.261   6.495   6.559   6.559   6.579   6.579   6.591 
    6.632   6.715   6.799   6.799   6.822   6.822   6.981   7.076 
    7.076   7.152   7.152   7.218   7.254   7.300   7.300   7.547 
    7.570   7.570   7.589   7.589   7.596   7.606   7.684   7.702 
    7.702   7.744   7.744   7.869   7.939   7.939   8.009   8.009 
    8.115   8.316   8.316   8.335   8.548   8.548   8.889   8.889 
    9.074   9.144   9.144   9.224   9.237   9.301   9.301   9.407 
    9.611   9.643   9.643   9.814   9.814   9.902   9.906   9.906 
   10.057  10.065  10.085  10.085  10.223  10.682  10.682  10.798 
   10.813  10.813  10.894  11.101  11.498  11.498  11.517  11.517 
   11.901  12.117  12.117  12.264  12.604  12.663  12.663  12.718 
   12.739  12.739  12.746  12.896  12.896  12.972  12.972  13.086 
   13.195  13.195  13.292  13.292  13.292  13.292  13.293  13.293 
   13.298  13.303  13.303  13.314  13.314  13.347  13.394  13.496 
   13.496  13.519  13.519  13.568  13.568  13.573  13.827  13.827 
   13.864  13.896  14.087  14.113  14.311  14.397  14.397  14.530 
   14.530  14.548  14.556  14.621  14.621  14.707  14.790  14.790 
   14.850  14.850  14.991  15.021  15.160  15.160  15.260  15.286 
   15.286  15.635  15.635  15.732  15.743  15.743  15.759  15.819 
   15.819  15.950  15.950  16.085  16.126  16.367  16.367  16.522 
   16.659  16.659  17.101  17.101  17.406  17.528  17.724  17.724 
   18.347  18.347  18.853  20.312  20.312  20.938  20.947  20.947 
   20.952  20.952  20.965  21.027  21.091  21.091  21.185  21.247 
   21.247  21.272  21.272  21.301  21.772  21.772  21.950  22.029 
   22.029  22.051  22.452  22.452  22.540  22.932  22.973  22.973 
   22.989  23.090  23.090  23.829  23.958  23.958  31.218  31.341 
   31.341  31.347  31.347  31.476  31.708  31.736  31.736  31.959 
   32.069  32.069  32.635  32.689  32.689  34.594  34.594  34.603 
   34.777  34.851  34.851  35.780  35.809  35.809  38.070  38.240 
   38.240  81.884  85.082  85.082  85.087  85.175  85.246  85.246 
   85.803  85.803  85.874  87.907  87.907  88.012  92.987  93.066 
   93.066  93.068  93.068  93.168  93.319  93.343  93.343  93.549 
   93.600  93.600  94.529  94.601  94.601 202.802 202.802 202.906 
  227.853 227.853 227.857 227.937 227.997 227.997 228.737 228.827 
  228.827 469.016 469.016 469.112 696.229 696.229 696.233 696.295 
  696.344 696.344 696.931 697.000 697.000 1100.429 1100.429 1100.520 
  2654.683 2654.683 2654.770 2738.540 2738.540 2738.543 2738.586 2738.621 
  2738.621 2739.044 2739.095 2739.095 6681.005 6681.005 6681.088 17849.095 
  17849.095 17849.173 51827.742 51827.742 51827.814 169672.721 169672.721 169672.788 
  670600.567 670600.567 670600.627 3802079.531 3802079.531 3802079.582 


  >>> Running RHF-MP2 <<<


RMP2-TIMING
  rmp2                  :::       77.327 (100.00%)
  Total                 :::       77.327 (100.00%)

MP2 correlation energy (RHF) : -1.1652396709
MP2 total energy       (RHF) : -324.5258473800


  >>> Running UHF <<<

init D/C      : input mo_coeff
init ov       : zeros
no            : 15 16
nv            : 487 486
ov_size       : 15081
max_cycle     : 1000
conv          : 6
econv         : 9
method        : diis
mom_start     : 0
guess mix     : 0.000000
orb_swap      : [[[0, 15]], []]
init E        : -297.213636068049
init S2       : 0.750000000000098
init |[F,P]|  : 3.80e-02
init |dE|     : 7.77e-02
check file    : None

iter      total energy   |[F,P]|      |dE|         ∆E   S^2   comment
   1    -297.670727706  1.01e-02  2.62e-02  -4.57e-01  0.75  DIIS mom: 14.8/15 15.7/16
   2    -297.862241657  2.89e-03  6.93e-03  -1.92e-01  0.75  DIIS mom: 15.0/15 16.0/16
   3    -297.878516322  2.17e-04  5.45e-04  -1.63e-02  0.76  DIIS mom: 15.0/15 16.0/16
   4    -297.878741056  1.18e-04  2.78e-04  -2.25e-04  0.76  DIIS mom: 15.0/15 16.0/16
   5    -297.878800884  4.50e-05  1.06e-04  -5.98e-05  0.76  DIIS mom: 15.0/15 16.0/16
   6    -297.878815322  7.35e-06  1.60e-05  -1.44e-05  0.76  DIIS mom: 15.0/15 16.0/16
   7    -297.878815683  2.26e-06  4.94e-06  -3.60e-07  0.76  DIIS mom: 15.0/15 16.0/16
   8    -297.878815724  7.86e-07  1.65e-06  -4.10e-08  0.76  DIIS mom: 15.0/15 16.0/16
   9    -297.878815729  3.38e-07  6.85e-07  -5.90e-09  0.76  DIIS mom: 15.0/15 16.0/16
  10    -297.878815731  1.06e-07  2.18e-07  -1.37e-09  0.76  DIIS mom: 15.0/15 16.0/16
  11    -297.878815731  2.33e-08  4.87e-08  -1.33e-10  0.76  DIIS mom: 15.0/15 16.0/16
                                                                      diis is converged!

SCF converged : True
final |[F,P]| : 2.33e-08
final |dE|    : 4.87e-08
final Escf    : -409.340270832132
final Etot    : -297.878815730946
final S2      : 0.760177360332888

  diis prep             :::        0.071 (  0.06%)
  diis extrap           :::        0.064 (  0.06%)
  roothaan              :::        0.536 (  0.47%)
  fock build            :::      114.439 ( 99.42%)
  Total                 :::      115.110 (100.00%)

Alpha occupied
  -26.613 -26.613  -8.144  -2.286  -1.940  -1.913  -1.468  -1.399 
   -1.397  -1.103  -1.051  -1.002  -0.989  -0.944  -0.941 

Alpha virtual
  -24.639  -0.145  -0.138  -0.083  -0.083  -0.073  -0.005   0.000 
    0.002   0.004   0.009   0.043   0.057   0.059   0.061   0.102 
    0.119   0.123   0.128   0.149   0.162   0.163   0.219   0.246 
    0.249   0.265   0.313   0.334   0.353   0.385   0.426   0.432 
    0.438   0.454   0.506   0.508   0.514   0.548   0.613   0.620 
    0.642   0.657   0.660   0.697   0.705   0.731   0.737   0.753 
    0.813   0.829   0.846   0.886   0.886   0.931   0.938   0.981 
    1.006   1.019   1.056   1.100   1.147   1.149   1.183   1.186 
    1.204   1.321   1.331   1.338   1.385   1.444   1.459   1.488 
    1.492   1.518   1.691   1.738   1.804   1.871   1.906   1.954 
    1.982   1.988   1.995   2.002   2.028   2.038   2.051   2.097 
    2.132   2.159   2.192   2.199   2.223   2.225   2.272   2.273 
    2.302   2.304   2.322   2.422   2.435   2.461   2.513   2.517 
    2.573   2.593   2.611   2.615   2.626   2.635   2.707   2.758 
    2.775   2.949   2.973   3.001   3.016   3.017   3.067   3.135 
    3.234   3.243   3.263   3.305   3.380   3.421   3.434   3.442 
    3.555   3.666   3.668   3.769   3.771   3.828   3.918   3.918 
    3.952   4.155   4.331   4.364   4.390   4.485   4.526   4.536 
    4.583   4.637   4.797   4.844   5.046   5.093   5.234   5.289 
    5.296   5.300   5.364   5.379   5.419   5.438   5.481   5.540 
    5.543   5.593   5.639   5.667   5.702   5.780   5.788   5.794 
    5.876   5.937   5.968   6.062   6.130   6.245   6.269   6.290 
    6.292   6.316   6.365   6.449   6.460   6.485   6.516   6.670 
    6.737   6.756   6.778   6.862   6.895   6.917   6.937   6.992 
    7.138   7.145   7.239   7.244   7.282   7.317   7.338   7.355 
    7.356   7.408   7.418   7.455   7.540   7.600   7.612   7.655 
    7.698   7.787   7.997   8.006   8.007   8.186   8.265   8.540 
    8.542   8.698   8.823   8.830   8.836   8.897   8.968   9.013 
    9.085   9.217   9.322   9.329   9.455   9.483   9.543   9.548 
    9.562   9.715   9.721   9.727   9.765   9.877  10.325  10.355 
   10.438  10.463  10.477  10.551  10.749  11.131  11.156  11.174 
   11.190  11.522  11.773  11.773  11.912  12.168  12.194  12.213 
   12.301  12.369  12.373  12.400  12.486  12.549  12.630  12.688 
   12.737  12.784  12.812  12.812  12.836  12.848  12.902  12.919 
   12.984  13.024  13.033  13.035  13.037  13.038  13.045  13.067 
   13.070  13.129  13.138  13.206  13.237  13.279  13.290  13.414 
   13.501  13.532  13.570  13.725  13.746  13.748  13.949  13.956 
   14.046  14.126  14.184  14.230  14.241  14.352  14.376  14.390 
   14.404  14.423  14.448  14.631  14.656  14.701  14.842  14.915 
   14.945  14.973  15.181  15.192  15.262  15.333  15.470  15.473 
   15.499  15.515  15.575  15.616  15.662  15.765  15.987  16.085 
   16.113  16.264  16.370  16.693  16.790  17.035  17.082  17.355 
   17.442  17.923  18.038  18.463  19.826  20.015  20.410  20.420 
   20.592  20.664  20.675  20.676  20.687  20.696  20.718  20.814 
   20.878  20.892  20.954  20.993  20.996  21.295  21.476  21.500 
   21.701  21.731  21.749  21.994  22.139  22.207  22.423  22.529 
   22.678  22.702  22.765  22.795  23.441  23.596  23.628  30.291 
   30.389  30.725  30.959  30.994  31.071  31.145  31.166  31.444 
   31.463  31.621  31.727  31.819  32.379  32.406  33.454  33.689 
   34.324  34.329  34.533  34.551  34.730  35.518  35.538  37.112 
   37.856  37.963  81.491  83.237  83.373  84.011  84.807  84.811 
   84.926  84.973  85.528  85.575  86.240  87.630  87.701  91.030 
   91.098  91.327  91.564  92.569  92.740  92.793  92.805  92.861 
   93.050  93.066  93.290  93.330  94.276  94.320 200.244 202.526 
  202.596 224.827 224.948 225.767 227.577 227.580 227.682 227.723 
  228.490 228.548 465.403 468.740 468.804 691.770 691.867 692.515 
  695.954 695.956 696.036 696.069 696.678 696.723 1095.816 1100.153 
  1100.214 2649.279 2654.407 2654.466 2732.843 2732.912 2733.379 2738.266 
  2738.267 2738.323 2738.347 2738.786 2738.819 6675.068 6680.731 6680.786 
  17842.846 17848.820 17848.872 51821.335 51827.467 51827.516 169666.243 169672.447 
  169672.492 670594.061 670600.292 670600.333 3802073.015 3802079.257 3802079.291 

Beta occupied
  -30.151 -26.613 -26.613  -8.143  -2.420  -1.940  -1.912  -1.555 
   -1.491  -1.490  -1.103  -1.051  -1.002  -0.990  -0.943  -0.940 

Beta virtual
   -0.150  -0.142  -0.084  -0.084  -0.073  -0.006  -0.001   0.002 
    0.003   0.009   0.037   0.056   0.056   0.060   0.102   0.118 
    0.122   0.127   0.149   0.162   0.164   0.217   0.246   0.248 
    0.257   0.315   0.331   0.348   0.384   0.427   0.430   0.438 
    0.454   0.504   0.509   0.513   0.548   0.613   0.616   0.637 
    0.656   0.661   0.697   0.706   0.732   0.737   0.753   0.813 
    0.826   0.846   0.884   0.887   0.929   0.938   0.981   1.005 
    1.020   1.056   1.101   1.148   1.150   1.182   1.185   1.204 
    1.321   1.332   1.335   1.378   1.445   1.460   1.487   1.492 
    1.518   1.671   1.737   1.805   1.875   1.910   1.956   1.970 
    1.977   1.996   2.002   2.008   2.030   2.034   2.098   2.132 
    2.159   2.193   2.200   2.223   2.225   2.271   2.272   2.303 
    2.303   2.322   2.424   2.432   2.463   2.513   2.518   2.573 
    2.594   2.611   2.617   2.626   2.634   2.706   2.757   2.772 
    2.949   2.973   3.001   3.016   3.019   3.067   3.133   3.234 
    3.244   3.259   3.305   3.380   3.414   3.433   3.442   3.556 
    3.666   3.669   3.770   3.772   3.828   3.916   3.917   3.953 
    4.153   4.332   4.362   4.390   4.479   4.527   4.535   4.584 
    4.624   4.798   4.844   5.039   5.066   5.234   5.264   5.293 
    5.295   5.330   5.358   5.378   5.436   5.468   5.540   5.540 
    5.567   5.585   5.667   5.701   5.779   5.786   5.790   5.876 
    5.938   5.969   6.049   6.133   6.237   6.269   6.290   6.292 
    6.316   6.356   6.451   6.458   6.478   6.516   6.671   6.737 
    6.757   6.779   6.862   6.883   6.917   6.936   6.993   7.140 
    7.149   7.239   7.244   7.283   7.316   7.338   7.356   7.356 
    7.409   7.418   7.455   7.540   7.601   7.613   7.655   7.699 
    7.789   7.998   8.007   8.007   8.187   8.266   8.538   8.541 
    8.697   8.821   8.830   8.837   8.898   8.968   9.013   9.086 
    9.212   9.322   9.329   9.455   9.480   9.544   9.549   9.562 
    9.716   9.722   9.728   9.765   9.878  10.326  10.355  10.432 
   10.464  10.477  10.551  10.750  11.129  11.157  11.174  11.191 
   11.513  11.769  11.774  11.910  12.153  12.167  12.201  12.286 
   12.367  12.369  12.400  12.478  12.548  12.630  12.688  12.724 
   12.783  12.814  12.814  12.838  12.850  12.884  12.903  12.960 
   13.023  13.033  13.035  13.037  13.038  13.045  13.061  13.070 
   13.127  13.137  13.206  13.235  13.279  13.287  13.401  13.483 
   13.520  13.566  13.651  13.715  13.719  13.810  13.957  13.999 
   14.126  14.162  14.225  14.235  14.352  14.356  14.360  14.364 
   14.413  14.447  14.628  14.652  14.659  14.841  14.911  14.943 
   14.972  15.171  15.182  15.255  15.330  15.470  15.472  15.492 
   15.515  15.573  15.615  15.655  15.760  15.985  16.085  16.101 
   16.261  16.370  16.689  16.788  17.031  17.072  17.354  17.442 
   17.919  18.033  18.449  19.800  20.015  20.405  20.415  20.587 
   20.663  20.673  20.676  20.687  20.696  20.715  20.814  20.878 
   20.892  20.954  20.993  20.996  21.291  21.471  21.500  21.699 
   21.731  21.749  21.981  22.139  22.207  22.417  22.524  22.678 
   22.703  22.765  22.794  23.440  23.596  23.628  30.218  30.316 
   30.648  30.897  30.994  31.071  31.126  31.166  31.444  31.463 
   31.515  31.727  31.810  32.379  32.404  33.173  33.417  34.324 
   34.330  34.386  34.532  34.607  35.516  35.538  36.810  37.854 
   37.963  81.479  82.801  82.938  83.582  84.807  84.811  84.926 
   84.973  85.528  85.574  85.782  87.630  87.701  90.781  90.849 
   91.078  91.316  92.320  92.740  92.793  92.805  92.860  93.051 
   93.066  93.290  93.328  94.276  94.320 199.746 202.526 202.596 
  224.296 224.418 225.239 227.577 227.580 227.682 227.723 228.490 
  228.548 464.962 468.740 468.804 691.308 691.405 692.054 695.954 
  695.956 696.036 696.069 696.678 696.723 1095.483 1100.153 1100.214 
  2649.061 2654.407 2654.466 2732.582 2732.650 2733.118 2738.266 2738.267 
  2738.323 2738.347 2738.786 2738.819 6674.944 6680.731 6680.786 17842.785 
  17848.820 17848.872 51821.308 51827.467 51827.516 169666.234 169672.447 169672.492 
  670594.058 670600.292 670600.333 3802073.014 3802079.257 3802079.291 

  SA 0  : 1 (0.50) 2 (0.50)    SB 0  : 0 (0.99)
  SA 1  : 1 (0.50) 2 (0.50)    SB 1  : 1 (0.50) 2 (0.50)
  SA 2  : 3 (1.00)    SB 2  : 1 (0.50) 2 (0.50)
  SA 3  : 4 (0.43) 5 (0.28) 11 (0.28)    SB 3  : 3 (1.00)
  SA 4  : 6 (0.24) 7 (0.24) 8 (0.13) 9 (0.12) 12 (0.13) 15 (0.12)    SB 4  : 4 (0.41) 5 (0.29) 11 (0.29)
  SA 5  : 6 (0.22) 7 (0.22) 8 (0.13) 9 (0.15) 12 (0.13) 15 (0.15)    SB 5  : 6 (0.24) 7 (0.24) 8 (0.13) 9 (0.12) 12 (0.13) 15 (0.12)
  SA 6  : 4 (0.54) 5 (0.21) 11 (0.21)    SB 6  : 6 (0.22) 7 (0.22) 8 (0.13) 9 (0.15) 12 (0.13) 15 (0.15)
  SA 7  : 5 (0.48) 11 (0.48)    SB 7  : 4 (0.55) 5 (0.20) 11 (0.20)
  SA 8  : 13 (0.97)    SB 8  : 13 (0.95)
  SA 9  : 6 (0.24) 7 (0.24) 9 (0.23) 15 (0.23)    SB 9  : 5 (0.48) 11 (0.48)
  SA 10 : 6 (0.25) 7 (0.25) 8 (0.21) 12 (0.21)    SB 10 : 6 (0.24) 7 (0.24) 9 (0.22) 15 (0.22)
  SA 11 : 10 (0.99)    SB 11 : 6 (0.25) 7 (0.25) 8 (0.21) 12 (0.21)
  SA 12 : 8 (0.32) 9 (0.15) 12 (0.32) 15 (0.15)    SB 12 : 10 (1.00)
  SA 13 : 14 (1.00)    SB 13 : 8 (0.32) 9 (0.15) 12 (0.32) 15 (0.15)
  SA 14 : 8 (0.16) 9 (0.32) 12 (0.16) 15 (0.32)    SB 14 : 14 (1.00)
  SB 15 : 8 (0.16) 9 (0.32) 12 (0.16) 15 (0.32)

The transition for spin alpha is from 14 (0.01) to 1 (1.00).



  >>> Running UHF-MP2 <<<

MP2 correlation energy (UHF) : -1.1148128768
MP2 total energy       (UHF) : -298.9936286077

