	*********************************************** 
	***** Beginning CEBE Calculation with MOM ***** 
	*****       Calculation Details:          ***** 
	      Geometry:	 /home/am3939/core/calculations/mols/exp/n/h-n-co.xyz
	      Core Basis:	 pcX-4
	      Full Basis:	 pc-4
	      DIIS (start, space):	 0 50
	      Level shift:	 0
	      Do localization?:	 False
	      Do SFX2C1E?:	 True
	      Freeze orbitals?:	 True
	      Use Cheng orbitals?:	 False
	      Do Special Basis?:	 True
	      Do Special Basis?:	 pcX-4
	*********************************************** 
	*********************************************** 

  >>> Running RHF <<<

init D/C      : minao
init ov       : zeros
no            : 11
nv            : 401
ov_size       : 4411
max_cycle     : 1000
conv          : 6
econv         : 9
method        : gdm
scale_stop    : 0
scale_factor  : 1.000000
init E        : -167.758808301431
init |[F,P]|  : 9.06e-03
init |dE|     : 1.95e-02
check file    : None

iter      total energy   |[F,P]|      |dE|         ∆E   comment
   1    -167.803871529  6.63e-03  1.48e-02  -4.51e-02  BFGS
   2    -167.844653865  7.86e-04  1.75e-03  -4.08e-02  BFGS
   3    -167.845313931  4.34e-04  8.73e-04  -6.60e-04  BFGS
   4    -167.845512354  1.13e-04  2.48e-04  -1.98e-04  BFGS
   5    -167.845534287  4.57e-05  9.47e-05  -2.19e-05  BFGS
   6    -167.845541430  1.87e-05  4.09e-05  -7.14e-06  BFGS
   7    -167.845542246  5.87e-06  1.34e-05  -8.15e-07  BFGS
   8    -167.845542340  1.75e-06  3.95e-06  -9.42e-08  BFGS
   9    -167.845542348  5.30e-07  1.10e-06  -7.91e-09  BFGS
  10    -167.845542348  1.17e-07  2.48e-07  -5.36e-10  BFGS
                                                                      gdm is converged!

SCF converged : True
final |[F,P]| : 1.17e-07
final |dE|    : 2.48e-07
final Escf    : -227.193689292512
final Etot    : -167.845542348392

  pxp & ewc             :::        0.347 (  0.34%)
  apply B               :::        0.002 (  0.00%)
  linsrch               :::      102.993 ( 99.65%)
  grad                  :::        0.014 (  0.01%)
  Total                 :::      103.356 (100.00%)

Alpha occupied
  -20.623 -15.592 -11.415  -1.480  -1.266  -0.818  -0.735  -0.661 
   -0.649  -0.490  -0.455 

Alpha virtual
    0.040   0.084   0.085   0.095   0.114   0.143   0.156   0.167 
    0.186   0.208   0.213   0.222   0.247   0.262   0.265   0.300 
    0.330   0.358   0.368   0.370   0.421   0.425   0.447   0.469 
    0.483   0.498   0.540   0.568   0.576   0.590   0.624   0.626 
    0.679   0.715   0.731   0.739   0.756   0.782   0.792   0.839 
    0.854   0.864   0.866   0.888   0.921   0.978   0.983   1.048 
    1.056   1.109   1.128   1.135   1.160   1.182   1.229   1.284 
    1.306   1.321   1.344   1.363   1.381   1.429   1.507   1.536 
    1.585   1.616   1.617   1.704   1.712   1.750   1.780   1.796 
    1.826   1.846   1.876   1.886   1.919   1.952   1.967   1.994 
    2.079   2.107   2.132   2.147   2.163   2.217   2.226   2.279 
    2.282   2.306   2.361   2.380   2.411   2.414   2.428   2.497 
    2.646   2.673   2.763   2.828   2.876   2.925   2.952   2.989 
    3.061   3.077   3.211   3.307   3.309   3.337   3.349   3.416 
    3.471   3.473   3.499   3.536   3.591   3.655   3.692   3.807 
    3.839   3.874   3.919   4.073   4.088   4.099   4.139   4.143 
    4.178   4.185   4.234   4.256   4.295   4.333   4.362   4.493 
    4.520   4.550   4.551   4.574   4.591   4.638   4.719   4.769 
    4.805   4.827   4.851   4.876   4.905   4.919   4.982   5.053 
    5.110   5.141   5.178   5.241   5.378   5.411   5.504   5.571 
    5.571   5.616   5.649   5.728   5.810   5.922   5.928   5.962 
    6.128   6.143   6.205   6.309   6.407   6.422   6.448   6.524 
    6.574   6.633   6.750   6.769   6.836   6.902   6.927   6.989 
    6.999   7.048   7.087   7.150   7.319   7.415   7.513   7.570 
    7.727   7.832   7.855   8.056   8.284   8.398   8.493   8.532 
    8.535   8.553   8.721   8.768   8.793   8.890   9.091   9.179 
    9.237   9.317   9.573   9.584   9.701   9.843  10.008  10.011 
   10.170  10.189  10.421  10.541  10.563  10.587  10.652  10.690 
   10.736  10.819  10.895  10.989  11.022  11.058  11.107  11.134 
   11.139  11.276  11.282  11.368  11.559  11.606  11.729  11.756 
   11.850  11.882  11.890  11.894  11.974  11.975  11.976  12.043 
   12.054  12.055  12.145  12.183  12.262  12.288  12.320  12.325 
   12.421  12.425  12.548  12.598  12.634  12.634  12.646  12.722 
   12.812  12.856  12.869  12.886  13.078  13.108  13.186  13.239 
   13.252  13.271  13.560  13.574  13.655  13.712  13.813  13.868 
   13.952  14.030  14.243  14.341  14.384  14.474  14.526  14.752 
   14.881  14.999  15.250  15.292  15.398  15.443  15.577  15.736 
   15.972  16.045  16.100  16.144  16.242  16.260  16.833  16.866 
   16.917  16.955  17.101  17.187  17.233  17.369  17.443  17.521 
   17.695  17.727  17.727  17.852  18.013  18.016  18.023  18.109 
   18.115  18.419  18.538  18.823  18.867  18.879  18.997  19.196 
   19.517  19.543  19.562  19.958  19.979  20.208  20.824  20.959 
   21.174  21.307  21.793  21.948  22.132  22.551  23.469  23.684 
   23.809  23.834  23.989  24.242  25.223  25.266  25.686  27.526 
   27.751  31.536  32.694  32.737  33.263  33.323  34.286  34.391 
   35.892  37.259  41.959  45.368  49.050  49.113  49.463  50.193 
   50.403  52.582  53.143  54.276  68.026  68.041  68.873  68.881 
   70.450  78.954  91.643  91.796  93.809 100.881 140.342 140.743 
  141.453 146.543 228.521 429.709 430.030 430.612 529.923 1271.607 
  1691.185 1691.415 1691.834 3195.502 8540.338 24825.583 81391.612 322260.121 
  1830823.980 


  >>> Running RHF-MP2 <<<


RMP2-TIMING
  rmp2                  :::       71.877 (100.00%)
  Total                 :::       71.877 (100.00%)

MP2 correlation energy (RHF) : -0.7799923764
MP2 total energy       (RHF) : -168.6255347248


  >>> Running UHF <<<

init D/C      : input mo_coeff
init ov       : zeros
no            : 10 11
nv            : 402 401
ov_size       : 8431
max_cycle     : 1000
conv          : 6
econv         : 9
method        : diis
mom_start     : 0
guess mix     : 0.000000
orb_swap      : [[[1, 10]], []]
init E        : -152.253858936268
init S2       : 0.750000000000057
init |[F,P]|  : 2.48e-02
init |dE|     : 5.59e-02
check file    : None

iter      total energy   |[F,P]|      |dE|         ∆E   S^2   comment
   1    -152.628846863  1.50e-02  3.23e-02  -3.75e-01  0.75  DIIS mom: 9.7/10 10.6/11
   2    -152.921280590  2.07e-03  4.89e-03  -2.92e-01  0.76  DIIS mom: 9.9/10 10.9/11
   3    -152.927634721  1.14e-03  2.67e-03  -6.35e-03  0.76  DIIS mom: 10.0/10 11.0/11
   4    -152.930303368  2.89e-04  5.85e-04  -2.67e-03  0.76  DIIS mom: 10.0/10 11.0/11
   5    -152.930709103  1.47e-04  2.85e-04  -4.06e-04  0.77  DIIS mom: 10.0/10 11.0/11
   6    -152.930864667  6.01e-05  1.18e-04  -1.56e-04  0.78  DIIS mom: 10.0/10 11.0/11
   7    -152.930900743  3.02e-05  6.14e-05  -3.61e-05  0.78  DIIS mom: 10.0/10 11.0/11
   8    -152.930912326  2.15e-05  4.35e-05  -1.16e-05  0.78  DIIS mom: 10.0/10 11.0/11
   9    -152.930921140  1.57e-05  3.15e-05  -8.81e-06  0.78  DIIS mom: 10.0/10 11.0/11
  10    -152.930929414  7.28e-06  1.47e-05  -8.27e-06  0.78  DIIS mom: 10.0/10 11.0/11
  11    -152.930930767  4.20e-06  8.53e-06  -1.35e-06  0.78  DIIS mom: 10.0/10 11.0/11
  12    -152.930931134  2.50e-06  5.10e-06  -3.67e-07  0.78  DIIS mom: 10.0/10 11.0/11
  13    -152.930931277  1.13e-06  2.27e-06  -1.42e-07  0.78  DIIS mom: 10.0/10 11.0/11
  14    -152.930931304  3.31e-07  6.50e-07  -2.67e-08  0.78  DIIS mom: 10.0/10 11.0/11
  15    -152.930931305  1.09e-07  2.17e-07  -1.35e-09  0.78  DIIS mom: 10.0/10 11.0/11
  16    -152.930931305  3.89e-08  7.92e-08  -1.16e-10  0.78  DIIS mom: 10.0/10 11.0/11
                                                                      diis is converged!

SCF converged : True
final |[F,P]| : 3.89e-08
final |dE|    : 7.92e-08
final Escf    : -212.279078249094
final Etot    : -152.930931304974
final S2      : 0.781901379882402

  diis prep             :::        0.122 (  0.07%)
  diis extrap           :::        0.120 (  0.07%)
  roothaan              :::        0.987 (  0.56%)
  fock build            :::      175.851 ( 99.31%)
  Total                 :::      177.080 (100.00%)

Alpha occupied
  -20.976 -11.801  -1.809  -1.701  -1.235  -1.059  -1.021  -1.020 
   -0.877  -0.860 

Alpha virtual
  -14.223  -0.162  -0.149  -0.117  -0.082  -0.075  -0.069  -0.028 
   -0.014  -0.003  -0.000   0.018   0.049   0.065   0.078   0.086 
    0.086   0.120   0.157   0.163   0.165   0.209   0.211   0.235 
    0.256   0.271   0.279   0.323   0.331   0.345   0.379   0.389 
    0.419   0.454   0.486   0.504   0.516   0.540   0.553   0.570 
    0.600   0.614   0.620   0.634   0.637   0.669   0.735   0.738 
    0.793   0.811   0.851   0.878   0.885   0.910   0.924   0.958 
    1.024   1.038   1.056   1.092   1.093   1.109   1.154   1.220 
    1.258   1.287   1.302   1.337   1.422   1.434   1.473   1.505 
    1.526   1.553   1.565   1.595   1.626   1.634   1.684   1.692 
    1.704   1.793   1.816   1.849   1.872   1.888   1.929   1.942 
    1.985   1.993   2.013   2.078   2.093   2.119   2.125   2.151 
    2.194   2.357   2.386   2.474   2.541   2.567   2.631   2.662 
    2.681   2.758   2.776   2.906   2.993   3.011   3.017   3.031 
    3.119   3.138   3.156   3.185   3.214   3.283   3.334   3.378 
    3.487   3.528   3.551   3.612   3.744   3.772   3.780   3.808 
    3.810   3.841   3.844   3.905   3.905   3.967   4.007   4.031 
    4.162   4.181   4.227   4.230   4.265   4.267   4.316   4.386 
    4.438   4.481   4.500   4.525   4.555   4.596   4.604   4.663 
    4.732   4.783   4.821   4.851   4.927   5.052   5.093   5.154 
    5.255   5.266   5.298   5.333   5.410   5.481   5.600   5.601 
    5.642   5.810   5.820   5.890   5.984   6.098   6.119   6.130 
    6.204   6.255   6.311   6.401   6.430   6.488   6.568   6.596 
    6.652   6.675   6.732   6.761   6.797   6.957   7.024   7.173 
    7.229   7.381   7.471   7.490   7.684   7.927   7.975   8.110 
    8.178   8.208   8.221   8.375   8.439   8.463   8.496   8.737 
    8.790   8.870   8.961   9.097   9.235   9.310   9.374   9.681 
    9.681   9.821   9.837  10.006  10.178  10.200  10.210  10.294 
   10.336  10.379  10.477  10.563  10.633  10.673  10.710  10.767 
   10.778  10.783  10.912  10.937  11.010  11.210  11.239  11.368 
   11.393  11.465  11.510  11.521  11.535  11.615  11.626  11.637 
   11.686  11.694  11.702  11.785  11.827  11.911  11.941  11.960 
   11.984  12.040  12.049  12.191  12.221  12.285  12.318  12.318 
   12.365  12.458  12.528  12.536  12.546  12.699  12.746  12.830 
   12.905  12.921  12.921  13.196  13.209  13.294  13.362  13.476 
   13.508  13.609  13.695  13.901  13.976  14.012  14.127  14.174 
   14.387  14.509  14.650  14.878  14.928  15.016  15.091  15.215 
   15.360  15.570  15.667  15.716  15.752  15.855  15.867  16.432 
   16.475  16.557  16.584  16.739  16.811  16.867  16.878  17.048 
   17.076  17.107  17.395  17.395  17.434  17.609  17.657  17.669 
   17.700  17.711  17.929  18.118  18.366  18.528  18.547  18.627 
   18.756  19.146  19.203  19.205  19.443  19.624  19.833  20.326 
   20.478  20.802  20.865  21.281  21.295  21.677  21.975  22.950 
   22.979  23.467  23.489  23.602  23.850  24.883  24.922  25.286 
   27.135  27.370  31.195  32.314  32.357  32.915  32.977  33.906 
   34.013  35.549  36.869  41.555  44.281  47.687  47.750  48.094 
   48.821  49.043  51.200  51.762  52.894  67.675  67.690  68.524 
   68.533  70.102  78.570  91.238  91.391  93.404  99.140 138.040 
  138.438 139.144 146.195 225.986 426.316 426.636 427.215 526.598 
  1267.629 1686.868 1687.098 1687.516 3191.070 8535.635 24820.740 81386.707 
  322255.193 1830819.044 

Beta occupied
  -20.972 -18.505 -11.799  -1.820  -1.769  -1.284  -1.084  -1.068 
   -1.050  -0.889  -0.881 

Beta virtual
   -0.163  -0.153  -0.121  -0.086  -0.074  -0.069  -0.029  -0.018 
   -0.006  -0.005   0.019   0.050   0.064   0.067   0.085   0.086 
    0.117   0.158   0.163   0.165   0.207   0.208   0.230   0.257 
    0.270   0.278   0.320   0.328   0.343   0.379   0.390   0.418 
    0.452   0.486   0.501   0.513   0.540   0.546   0.570   0.600 
    0.615   0.620   0.636   0.638   0.665   0.733   0.737   0.794 
    0.809   0.851   0.880   0.880   0.912   0.917   0.955   1.021 
    1.040   1.051   1.086   1.092   1.110   1.151   1.218   1.248 
    1.274   1.282   1.334   1.417   1.436   1.475   1.502   1.525 
    1.553   1.567   1.596   1.627   1.633   1.685   1.693   1.708 
    1.793   1.818   1.849   1.873   1.888   1.929   1.940   1.985 
    1.992   2.008   2.077   2.094   2.112   2.121   2.151   2.187 
    2.357   2.388   2.474   2.541   2.557   2.629   2.662   2.677 
    2.753   2.775   2.905   2.989   3.003   3.010   3.032   3.117 
    3.122   3.138   3.185   3.208   3.280   3.327   3.374   3.479 
    3.526   3.550   3.612   3.730   3.767   3.767   3.794   3.797 
    3.836   3.840   3.894   3.904   3.968   4.006   4.016   4.159 
    4.173   4.222   4.231   4.263   4.267   4.316   4.382   4.440 
    4.475   4.501   4.526   4.552   4.600   4.604   4.662   4.732 
    4.784   4.821   4.850   4.926   5.048   5.095   5.143   5.254 
    5.269   5.298   5.332   5.410   5.476   5.597   5.600   5.641 
    5.810   5.816   5.890   5.981   6.096   6.121   6.127   6.202 
    6.253   6.311   6.392   6.424   6.480   6.563   6.594   6.650 
    6.674   6.732   6.758   6.791   6.942   7.005   7.169   7.226 
    7.372   7.463   7.479   7.666   7.909   7.916   8.067   8.174 
    8.209   8.219   8.370   8.439   8.445   8.478   8.729   8.740 
    8.867   8.955   9.046   9.223   9.248   9.354   9.684   9.686 
    9.821   9.835   9.964  10.179  10.198  10.205  10.294  10.337 
   10.378  10.478  10.565  10.629  10.673  10.710  10.767  10.779 
   10.783  10.903  10.936  11.006  11.210  11.236  11.366  11.390 
   11.453  11.504  11.518  11.531  11.612  11.626  11.635  11.682 
   11.690  11.703  11.784  11.826  11.911  11.941  11.957  11.984 
   12.033  12.045  12.192  12.209  12.282  12.320  12.320  12.361 
   12.460  12.529  12.537  12.547  12.692  12.743  12.823  12.908 
   12.925  12.925  13.189  13.207  13.290  13.360  13.477  13.502 
   13.609  13.696  13.900  13.973  14.009  14.127  14.172  14.382 
   14.505  14.650  14.870  14.919  15.004  15.089  15.209  15.351 
   15.556  15.660  15.706  15.743  15.842  15.855  16.420  16.468 
   16.554  16.564  16.737  16.795  16.855  16.865  17.029  17.031 
   17.093  17.399  17.399  17.422  17.582  17.644  17.667  17.701 
   17.707  17.913  18.088  18.322  18.529  18.547  18.624  18.739 
   19.122  19.189  19.204  19.402  19.624  19.820  20.259  20.376 
   20.797  20.833  21.200  21.207  21.634  21.918  22.811  22.894 
   23.472  23.493  23.602  23.850  24.886  24.923  25.277  27.128 
   27.367  31.197  32.314  32.357  32.918  32.980  33.907  34.013 
   35.550  36.864  41.555  43.947  47.514  47.576  47.924  48.635 
   48.874  50.857  51.428  52.581  67.677  67.692  68.525  68.534 
   70.103  78.571  91.240  91.393  93.404  98.758 137.622 138.022 
  138.731 146.195 225.628 425.957 426.277 426.856 526.313 1267.435 
  1686.667 1686.896 1687.314 3190.956 8535.577 24820.715 81386.698 322255.190 
  1830819.044 


  >>> Running UHF-MP2 <<<

MP2 correlation energy (UHF) : -0.7577947654
MP2 total energy       (UHF) : -153.6887260704

