	*********************************************** 
	***** Beginning CEBE Calculation with MOM ***** 
	*****       Calculation Details:          ***** 
	      Geometry:	 /home/am3939/core/calculations/mols/exp/c/c-h3cn.xyz
	      Core Basis:	 ccX-5Z
	      Full Basis:	 cc-pV5Z
	      DIIS (start, space):	 0 50
	      Level shift:	 0
	      Do localization?:	 False
	      Do SFX2C1E?:	 True
	      Freeze orbitals?:	 True
	      Use Cheng orbitals?:	 False
	      Do Special Basis?:	 True
	      Do Special Basis?:	 ccX-5Z
	*********************************************** 
	*********************************************** 

  >>> Running RHF <<<

init D/C      : minao
init ov       : zeros
no            : 11
nv            : 629
ov_size       : 6919
max_cycle     : 1000
conv          : 6
econv         : 9
method        : gdm
scale_stop    : 0
scale_factor  : 1.000000
init E        : -131.725317249013
init |[F,P]|  : 5.76e-03
init |dE|     : 1.32e-02
check file    : None

iter      total energy   |[F,P]|      |dE|         ∆E   comment
   1    -131.769519498  4.51e-03  1.19e-02  -4.42e-02  BFGS
   2    -131.820554881  7.43e-04  1.62e-03  -5.10e-02  BFGS
   3    -131.821959084  1.82e-04  4.26e-04  -1.40e-03  BFGS
   4    -131.822113777  4.89e-05  1.29e-04  -1.55e-04  BFGS
   5    -131.822125402  1.43e-05  3.43e-05  -1.16e-05  BFGS
   6    -131.822126548  5.06e-06  1.26e-05  -1.15e-06  BFGS
   7    -131.822126768  2.57e-06  6.53e-06  -2.20e-07  BFGS
   8    -131.822126823  1.37e-06  3.21e-06  -5.50e-08  BFGS
   9    -131.822126835  4.55e-07  1.14e-06  -1.26e-08  BFGS
  10    -131.822126837  1.67e-07  4.40e-07  -1.42e-09  BFGS
  11    -131.822126837  6.99e-08  1.68e-07  -1.94e-10  BFGS
                                                                      gdm is converged!

SCF converged : True
final |[F,P]| : 6.99e-08
final |dE|    : 1.68e-07
final Escf    : -190.585441495602
final Etot    : -131.82212683702

  pxp & ewc             :::        0.573 (  0.21%)
  apply B               :::        0.002 (  0.00%)
  linsrch               :::      271.910 ( 99.78%)
  grad                  :::        0.019 (  0.01%)
  Total                 :::      272.504 (100.00%)

Alpha occupied
  -15.569 -11.292 -11.283  -1.222  -1.119  -0.775  -0.663  -0.562 
   -0.519  -0.466  -0.409 

Alpha virtual
    0.045   0.082   0.087   0.090   0.128   0.130   0.131   0.134 
    0.144   0.196   0.199   0.239   0.269   0.285   0.319   0.330 
    0.338   0.362   0.370   0.406   0.409   0.428   0.447   0.452 
    0.472   0.491   0.514   0.518   0.589   0.592   0.618   0.654 
    0.670   0.720   0.723   0.749   0.793   0.806   0.820   0.825 
    0.832   0.855   0.872   0.900   0.908   0.938   0.961   0.985 
    0.992   1.041   1.053   1.073   1.107   1.128   1.133   1.144 
    1.202   1.203   1.242   1.284   1.315   1.316   1.394   1.404 
    1.434   1.436   1.479   1.495   1.516   1.550   1.555   1.620 
    1.647   1.657   1.691   1.719   1.758   1.794   1.804   1.834 
    1.852   1.873   1.885   1.903   1.914   1.954   1.970   1.990 
    2.010   2.017   2.052   2.099   2.101   2.134   2.143   2.186 
    2.194   2.197   2.217   2.251   2.265   2.303   2.332   2.336 
    2.400   2.468   2.501   2.512   2.544   2.587   2.594   2.641 
    2.674   2.692   2.696   2.697   2.766   2.797   2.862   2.881 
    2.928   2.975   3.012   3.019   3.114   3.203   3.252   3.259 
    3.287   3.375   3.382   3.403   3.460   3.475   3.549   3.588 
    3.600   3.632   3.729   3.738   3.742   3.794   3.830   3.886 
    3.903   3.915   3.917   3.941   4.000   4.038   4.039   4.129 
    4.133   4.179   4.196   4.224   4.282   4.316   4.324   4.366 
    4.387   4.402   4.430   4.452   4.458   4.495   4.511   4.564 
    4.564   4.587   4.633   4.653   4.722   4.733   4.750   4.789 
    4.802   4.819   4.861   4.876   4.910   4.949   4.968   4.997 
    5.027   5.058   5.059   5.114   5.144   5.163   5.179   5.221 
    5.307   5.353   5.354   5.400   5.474   5.538   5.552   5.555 
    5.633   5.647   5.658   5.664   5.671   5.685   5.758   5.774 
    5.801   5.841   5.877   5.924   6.005   6.006   6.036   6.049 
    6.097   6.218   6.232   6.262   6.339   6.579   6.586   6.596 
    6.642   6.684   6.689   6.713   6.736   6.861   6.964   7.014 
    7.047   7.065   7.111   7.231   7.258   7.314   7.374   7.479 
    7.587   7.636   7.653   7.702   7.708   7.757   7.806   7.827 
    7.859   7.879   7.914   7.936   8.034   8.228   8.350   8.392 
    8.428   8.510   8.514   8.605   8.683   8.778   8.855   8.862 
    8.939   8.967   9.160   9.172   9.178   9.243   9.284   9.357 
    9.448   9.646   9.669   9.768   9.777   9.846   9.887   9.920 
    9.951   9.951   9.992  10.051  10.060  10.088  10.203  10.240 
   10.273  10.311  10.366  10.452  10.482  10.536  10.581  10.685 
   10.723  10.730  10.893  10.895  10.907  10.907  10.936  10.981 
   11.138  11.201  11.204  11.206  11.324  11.339  11.451  11.510 
   11.511  11.602  11.677  11.692  11.703  11.768  11.796  11.864 
   11.873  11.923  11.956  12.126  12.162  12.246  12.412  12.451 
   12.474  12.622  12.820  12.832  12.974  12.983  13.009  13.061 
   13.076  13.146  13.176  13.185  13.199  13.226  13.238  13.309 
   13.357  13.407  13.568  13.574  13.683  13.726  13.743  13.761 
   13.782  13.829  13.855  13.896  13.937  14.111  14.143  14.144 
   14.144  14.186  14.220  14.225  14.243  14.312  14.340  14.340 
   14.401  14.413  14.434  14.449  14.460  14.486  14.503  14.530 
   14.574  14.617  14.676  14.879  14.883  14.933  14.980  15.038 
   15.107  15.188  15.216  15.216  15.357  15.358  15.393  15.412 
   15.475  15.536  15.637  15.801  16.067  16.147  16.168  16.171 
   16.196  16.276  16.278  16.418  16.437  16.567  16.708  16.717 
   16.882  17.044  17.334  17.570  17.656  17.803  17.835  17.842 
   17.958  18.003  18.089  18.118  18.355  18.402  18.505  18.506 
   18.720  18.802  18.852  18.972  19.023  19.024  19.280  19.329 
   19.477  19.683  19.836  19.886  20.016  20.345  20.750  20.867 
   21.050  21.524  21.785  21.879  22.400  22.479  25.228  25.967 
   37.816  37.818  38.741  39.143  39.172  39.341  39.860  39.888 
   39.906  39.975  40.029  40.150  40.175  40.240  40.241  40.401 
   40.443  40.469  40.784  40.891  40.919  40.921  41.160  41.265 
   41.366  41.948  42.040  42.053  42.425  43.382  52.847  53.289 
   53.962  86.915  86.915  86.935  86.937  86.973  86.996  87.001 
   87.003  87.025  87.032  87.042  87.065  87.107  87.116  87.123 
   87.134  87.152  87.160  89.501  89.501  89.937  90.215  90.849 
   90.928 107.186 107.186 107.831 108.153 108.156 108.282 108.779 
  108.996 109.001 109.421 113.094 113.964 129.782 129.791 129.928 
  129.942 130.095 130.176 130.294 130.296 130.468 130.517 130.574 
  130.713 130.878 131.225 209.885 209.886 210.264 210.520 211.098 
  211.157 248.287 248.873 251.620 251.620 251.623 251.623 251.625 
  251.625 251.626 251.627 251.627 251.629 251.629 251.631 251.631 
  251.634 251.634 251.637 251.637 251.638 251.638 251.639 251.640 
  251.640 276.128 276.128 276.620 276.881 276.884 276.979 277.364 
  277.544 277.547 278.054 310.997 310.997 311.004 311.005 311.009 
  311.017 311.027 311.028 311.029 311.031 311.035 311.040 311.061 
  311.069 311.069 311.072 311.075 311.075 396.157 396.163 396.241 
  396.249 396.328 396.374 396.445 396.446 396.547 396.579 396.604 
  396.673 396.774 396.975 537.907 537.908 538.227 538.453 538.958 
  539.004 599.318 599.942 706.743 706.743 707.118 707.333 707.333 
  707.402 707.698 707.837 707.847 708.234 1738.468 1738.469 1738.754 
  1738.960 1739.423 1739.463 2328.166 2329.347 


  >>> Running RHF-MP2 <<<


RMP2-TIMING
  rmp2                  :::      207.677 (100.00%)
  Total                 :::      207.677 (100.00%)

MP2 correlation energy (RHF) : -0.7223286270
MP2 total energy       (RHF) : -132.5444554641


  >>> Running UHF <<<

init D/C      : input mo_coeff
init ov       : zeros
no            : 10 11
nv            : 630 629
ov_size       : 13219
max_cycle     : 1000
conv          : 6
econv         : 9
method        : diis
mom_start     : 0
guess mix     : 0.000000
orb_swap      : [[[1, 10]], []]
init E        : -120.5298537434
init S2       : 0.750000000000183
init |[F,P]|  : 1.50e-02
init |dE|     : 3.60e-02
check file    : None

iter      total energy   |[F,P]|      |dE|         ∆E   S^2   comment
   1    -120.866714853  8.79e-03  1.84e-02  -3.37e-01  0.75  DIIS mom: 9.7/10 10.7/11
   2    -121.055467199  1.15e-03  3.09e-03  -1.89e-01  0.76  DIIS mom: 9.9/10 10.9/11
   3    -121.059675074  7.22e-04  1.95e-03  -4.21e-03  0.76  DIIS mom: 10.0/10 11.0/11
   4    -121.062339310  1.92e-04  3.93e-04  -2.66e-03  0.76  DIIS mom: 10.0/10 11.0/11
   5    -121.062688193  1.00e-04  1.95e-04  -3.49e-04  0.77  DIIS mom: 10.0/10 11.0/11
   6    -121.062832883  4.22e-05  8.60e-05  -1.45e-04  0.77  DIIS mom: 10.0/10 11.0/11
   7    -121.062869430  2.47e-05  5.72e-05  -3.65e-05  0.78  DIIS mom: 10.0/10 11.0/11
   8    -121.062886439  2.24e-05  5.31e-05  -1.70e-05  0.78  DIIS mom: 10.0/10 11.0/11
   9    -121.062906417  2.16e-05  5.13e-05  -2.00e-05  0.78  DIIS mom: 10.0/10 11.0/11
  10    -121.062948600  2.03e-05  4.81e-05  -4.22e-05  0.78  DIIS mom: 10.0/10 11.0/11
  11    -121.063069097  1.62e-05  3.82e-05  -1.20e-04  0.79  DIIS mom: 10.0/10 11.0/11
  12    -121.063168821  9.90e-06  2.36e-05  -9.97e-05  0.81  DIIS mom: 10.0/10 11.0/11
  13    -121.063185532  6.73e-06  1.64e-05  -1.67e-05  0.82  DIIS mom: 10.0/10 11.0/11
  14    -121.063192283  5.03e-06  1.23e-05  -6.75e-06  0.82  DIIS mom: 10.0/10 11.0/11
  15    -121.063193888  3.05e-06  7.21e-06  -1.60e-06  0.82  DIIS mom: 10.0/10 11.0/11
  16    -121.063195125  1.22e-06  3.01e-06  -1.24e-06  0.83  DIIS mom: 10.0/10 11.0/11
  17    -121.063195183  4.87e-07  1.24e-06  -5.81e-08  0.83  DIIS mom: 10.0/10 11.0/11
  18    -121.063195220  1.58e-07  4.16e-07  -3.65e-08  0.83  DIIS mom: 10.0/10 11.0/11
  19    -121.063195222  6.81e-08  1.92e-07  -1.81e-09  0.83  DIIS mom: 10.0/10 11.0/11
  20    -121.063195222  2.99e-08  8.52e-08  -3.71e-10  0.83  DIIS mom: 10.0/10 11.0/11
                                                                      diis is converged!

SCF converged : True
final |[F,P]| : 2.99e-08
final |dE|    : 8.52e-08
final Escf    : -179.826509880607
final Etot    : -121.063195222025
final S2      : 0.82826353679733

  diis prep             :::        0.298 (  0.05%)
  diis extrap           :::        0.316 (  0.06%)
  roothaan              :::        2.152 (  0.38%)
  fock build            :::      568.279 ( 99.52%)
  Total                 :::      571.046 (100.00%)

Alpha occupied
  -15.830 -11.563  -1.539  -1.445  -1.139  -1.053  -0.885  -0.790 
   -0.715  -0.701 

Alpha virtual
  -10.201  -0.178  -0.117  -0.110  -0.082  -0.063  -0.061  -0.039 
   -0.017  -0.014  -0.012  -0.009   0.038   0.051   0.087   0.095 
    0.113   0.122   0.141   0.149   0.200   0.201   0.233   0.259 
    0.266   0.268   0.286   0.293   0.312   0.350   0.363   0.385 
    0.430   0.448   0.498   0.503   0.516   0.543   0.563   0.567 
    0.591   0.602   0.621   0.642   0.644   0.675   0.700   0.741 
    0.770   0.771   0.820   0.842   0.847   0.863   0.903   0.923 
    0.939   0.970   0.973   1.009   1.026   1.058   1.069   1.125 
    1.152   1.178   1.201   1.236   1.248   1.267   1.291   1.292 
    1.353   1.372   1.404   1.426   1.437   1.486   1.542   1.557 
    1.584   1.591   1.603   1.611   1.623   1.676   1.690   1.712 
    1.730   1.746   1.755   1.796   1.841   1.843   1.881   1.906 
    1.922   1.939   1.961   1.963   1.980   1.989   2.034   2.054 
    2.058   2.143   2.210   2.254   2.262   2.284   2.320   2.340 
    2.361   2.398   2.421   2.422   2.424   2.495   2.509   2.606 
    2.614   2.650   2.706   2.744   2.771   2.849   2.902   2.940 
    2.970   2.997   3.081   3.108   3.142   3.183   3.203   3.261 
    3.320   3.332   3.363   3.437   3.449   3.493   3.495   3.527 
    3.586   3.600   3.634   3.642   3.660   3.703   3.745   3.754 
    3.826   3.836   3.904   3.917   3.933   3.999   4.020   4.029 
    4.091   4.093   4.102   4.129   4.182   4.187   4.205   4.209 
    4.244   4.264   4.272   4.332   4.360   4.405   4.421   4.426 
    4.496   4.531   4.533   4.560   4.612   4.632   4.636   4.676 
    4.684   4.732   4.752   4.752   4.818   4.820   4.872   4.881 
    4.917   4.988   5.049   5.075   5.112   5.170   5.223   5.234 
    5.247   5.347   5.353   5.369   5.409   5.422   5.431   5.445 
    5.479   5.521   5.583   5.621   5.621   5.680   5.687   5.748 
    5.760   5.778   5.939   5.955   5.959   6.052   6.273   6.277 
    6.334   6.376   6.377   6.387   6.414   6.434   6.529   6.645 
    6.687   6.712   6.723   6.838   6.917   6.945   7.003   7.055 
    7.156   7.304   7.367   7.368   7.382   7.408   7.486   7.515 
    7.527   7.574   7.594   7.618   7.630   7.709   7.900   8.023 
    8.046   8.109   8.168   8.187   8.313   8.368   8.413   8.533 
    8.539   8.577   8.598   8.854   8.885   8.917   8.940   8.961 
    9.044   9.131   9.292   9.342   9.459   9.491   9.537   9.553 
    9.583   9.659   9.666   9.714   9.718   9.751   9.788   9.889 
    9.939   9.979   9.998  10.053  10.133  10.170  10.194  10.235 
   10.316  10.404  10.409  10.552  10.557  10.570  10.617  10.665 
   10.665  10.789  10.813  10.943  10.951  10.960  10.963  11.124 
   11.155  11.156  11.230  11.311  11.325  11.342  11.435  11.475 
   11.512  11.581  11.603  11.621  11.762  11.792  11.867  12.107 
   12.178  12.181  12.219  12.483  12.491  12.506  12.595  12.665 
   12.714  12.715  12.747  12.801  12.837  12.848  12.891  12.933 
   12.964  13.008  13.046  13.219  13.228  13.333  13.384  13.400 
   13.462  13.466  13.520  13.533  13.587  13.590  13.744  13.787 
   13.843  13.875  13.886  13.895  13.895  13.924  13.971  14.003 
   14.010  14.061  14.085  14.111  14.148  14.171  14.185  14.218 
   14.247  14.270  14.282  14.342  14.506  14.514  14.592  14.634 
   14.708  14.745  14.836  14.946  14.947  15.009  15.014  15.046 
   15.058  15.115  15.179  15.281  15.429  15.753  15.811  15.815 
   15.874  15.899  15.923  15.975  16.045  16.119  16.164  16.346 
   16.350  16.505  16.736  16.966  17.205  17.261  17.423  17.570 
   17.580  17.582  17.622  17.685  17.730  17.955  18.048  18.183 
   18.218  18.341  18.447  18.469  18.603  18.683  18.734  18.799 
   18.826  19.033  19.179  19.555  19.588  19.723  19.924  20.358 
   20.454  20.670  21.166  21.413  21.417  21.927  22.092  24.439 
   25.691  37.482  37.545  37.587  38.052  38.713  38.772  38.793 
   38.938  38.964  39.296  39.325  39.474  39.619  39.644  39.802 
   39.869  39.883  39.913  39.942  39.980  39.984  40.107  40.756 
   40.873  40.934  40.948  40.978  41.085  41.406  43.060  51.587 
   53.018  53.696  85.559  85.588  85.618  85.622  85.644  85.651 
   85.715  85.733  85.740  86.647  86.647  86.664  86.665  86.726 
   86.726  86.828  86.829  86.833  88.198  88.471  89.130  89.230 
   89.234  90.620 105.921 106.345 106.881 106.914 106.917 107.087 
  107.195 107.878 107.916 109.027 111.239 113.679 128.168 128.262 
  128.447 128.475 128.626 128.797 128.960 129.511 129.522 129.664 
  129.671 130.141 130.147 130.940 207.799 208.052 208.644 209.610 
  209.612 210.862 245.748 248.593 249.556 249.556 249.562 249.562 
  249.566 249.566 249.568 249.570 249.570 249.574 249.574 251.360 
  251.360 251.361 251.361 251.361 251.361 251.361 251.362 251.362 
  251.362 251.362 274.010 274.349 274.773 274.934 275.017 275.852 
  275.855 276.603 276.632 277.669 308.562 308.573 308.584 308.585 
  308.593 308.595 308.616 308.622 308.624 310.723 310.723 310.729 
  310.730 310.751 310.751 310.790 310.791 310.792 393.498 393.553 
  393.663 393.679 393.759 393.848 393.949 395.881 395.887 395.969 
  395.973 396.243 396.246 396.692 535.034 535.258 535.771 537.629 
  537.630 538.714 596.074 599.660 703.834 704.099 704.432 704.561 
  704.621 706.464 706.466 707.052 707.075 707.864 1734.967 1735.174 
  1735.642 1738.186 1738.187 1739.174 2324.363 2329.061 

Beta occupied
  -15.840 -13.864 -11.552  -1.596  -1.465  -1.162  -1.086  -0.947 
   -0.807  -0.724  -0.719 

Beta virtual
   -0.191  -0.126  -0.106  -0.084  -0.066  -0.062  -0.043  -0.016 
   -0.016  -0.008  -0.006   0.031   0.040   0.089   0.093   0.097 
    0.122   0.140   0.145   0.206   0.209   0.230   0.254   0.259 
    0.264   0.289   0.298   0.311   0.354   0.365   0.387   0.431 
    0.449   0.494   0.497   0.512   0.538   0.557   0.557   0.594 
    0.603   0.619   0.639   0.644   0.672   0.701   0.735   0.773 
    0.774   0.818   0.840   0.844   0.860   0.897   0.920   0.935 
    0.969   0.972   1.008   1.028   1.058   1.074   1.131   1.154 
    1.182   1.200   1.227   1.248   1.271   1.290   1.298   1.352 
    1.362   1.411   1.427   1.430   1.479   1.543   1.558   1.570 
    1.593   1.604   1.607   1.611   1.673   1.685   1.715   1.729 
    1.746   1.757   1.796   1.841   1.843   1.881   1.907   1.923 
    1.941   1.958   1.963   1.974   1.987   2.029   2.045   2.058 
    2.139   2.209   2.245   2.255   2.280   2.321   2.335   2.357 
    2.398   2.419   2.420   2.422   2.485   2.507   2.604   2.609 
    2.646   2.702   2.740   2.764   2.843   2.889   2.930   2.966 
    2.988   3.079   3.112   3.147   3.183   3.196   3.264   3.320 
    3.331   3.360   3.436   3.450   3.486   3.496   3.517   3.581 
    3.585   3.636   3.646   3.667   3.703   3.748   3.756   3.824 
    3.834   3.907   3.915   3.934   3.994   4.017   4.030   4.076 
    4.091   4.109   4.130   4.169   4.193   4.197   4.212   4.234 
    4.261   4.269   4.329   4.361   4.380   4.418   4.427   4.489 
    4.530   4.530   4.558   4.607   4.631   4.633   4.673   4.681 
    4.733   4.743   4.753   4.806   4.821   4.873   4.878   4.916 
    4.985   5.044   5.074   5.107   5.164   5.210   5.229   5.244 
    5.343   5.345   5.366   5.402   5.412   5.427   5.439   5.472 
    5.520   5.579   5.610   5.617   5.671   5.680   5.740   5.757 
    5.774   5.937   5.955   5.959   6.049   6.271   6.277   6.331 
    6.369   6.374   6.384   6.405   6.431   6.531   6.644   6.675 
    6.703   6.717   6.832   6.918   6.939   7.001   7.051   7.157 
    7.298   7.360   7.363   7.382   7.408   7.493   7.519   7.524 
    7.571   7.593   7.617   7.633   7.702   7.896   8.018   8.036 
    8.107   8.152   8.184   8.298   8.361   8.383   8.508   8.530 
    8.565   8.586   8.847   8.874   8.917   8.932   8.955   9.043 
    9.130   9.266   9.338   9.438   9.493   9.535   9.544   9.582 
    9.661   9.664   9.694   9.727   9.755   9.791   9.891   9.936 
    9.981   9.994  10.045  10.132  10.161  10.181  10.231  10.300 
   10.403  10.408  10.507  10.548  10.556  10.606  10.657  10.657 
   10.775  10.798  10.924  10.944  10.955  10.955  11.122  11.145 
   11.151  11.218  11.306  11.323  11.330  11.430  11.478  11.508 
   11.578  11.611  11.627  11.754  11.790  11.859  12.089  12.169 
   12.179  12.215  12.458  12.486  12.502  12.582  12.653  12.712 
   12.713  12.737  12.801  12.835  12.847  12.883  12.928  12.956 
   13.009  13.035  13.220  13.230  13.333  13.386  13.399  13.463 
   13.466  13.520  13.532  13.583  13.589  13.741  13.788  13.840 
   13.874  13.883  13.885  13.886  13.921  13.969  14.002  14.009 
   14.062  14.085  14.111  14.146  14.169  14.176  14.211  14.239 
   14.267  14.274  14.340  14.503  14.504  14.591  14.634  14.708 
   14.745  14.832  14.939  14.941  15.009  15.013  15.035  15.056 
   15.108  15.179  15.280  15.423  15.750  15.809  15.812  15.869 
   15.896  15.920  15.971  16.038  16.116  16.142  16.347  16.350 
   16.505  16.723  16.966  17.206  17.247  17.420  17.563  17.569 
   17.572  17.617  17.674  17.722  17.932  18.023  18.179  18.208 
   18.323  18.446  18.451  18.579  18.668  18.700  18.772  18.805 
   18.966  19.145  19.548  19.578  19.719  19.905  20.321  20.448 
   20.670  21.147  21.385  21.404  21.881  22.092  24.217  25.694 
   37.371  37.549  37.568  37.921  38.590  38.661  38.665  38.913 
   38.952  39.204  39.205  39.303  39.623  39.649  39.713  39.822 
   39.830  39.909  39.923  39.978  39.979  40.025  40.727  40.791 
   40.907  40.910  40.927  41.013  41.293  43.059  51.285  53.018 
   53.695  85.501  85.530  85.561  85.565  85.587  85.594  85.658 
   85.676  85.683  86.650  86.650  86.666  86.667  86.727  86.728 
   86.830  86.831  86.835  87.910  88.184  88.848  89.232  89.234 
   90.621 105.724 106.149 106.687 106.888 106.916 106.923 107.002 
  107.879 107.916 109.026 110.933 113.680 128.040 128.135 128.321 
  128.349 128.500 128.670 128.833 129.513 129.523 129.666 129.672 
  130.142 130.148 130.941 207.519 207.772 208.366 209.612 209.613 
  210.863 245.472 248.594 249.488 249.488 249.493 249.494 249.498 
  249.498 249.500 249.502 249.502 249.505 249.505 251.361 251.361 
  251.361 251.361 251.362 251.362 251.362 251.362 251.362 251.363 
  251.363 273.812 274.151 274.576 274.737 274.821 275.853 275.855 
  276.603 276.633 277.668 308.453 308.465 308.475 308.476 308.485 
  308.486 308.508 308.514 308.515 310.724 310.724 310.730 310.730 
  310.752 310.752 310.791 310.791 310.793 393.343 393.398 393.508 
  393.524 393.604 393.693 393.794 395.882 395.888 395.969 395.973 
  396.243 396.247 396.693 534.812 535.037 535.550 537.629 537.631 
  538.715 595.853 599.660 703.670 703.935 704.269 704.398 704.458 
  706.464 706.466 707.053 707.076 707.864 1734.837 1735.043 1735.511 
  1738.186 1738.188 1739.174 2324.242 2329.062 


  >>> Running UHF-MP2 <<<

MP2 correlation energy (UHF) : -0.7022824090
MP2 total energy       (UHF) : -121.7654776310

