	*********************************************** 
	***** Beginning CEBE Calculation with MOM ***** 
	*****       Calculation Details:          ***** 
	      Geometry:	 /work/morgunov/core/calculations/mols/exp/n/m-n-h2pyridine.xyz
	      Core Basis:	 cc-pCV5Z
	      Full Basis:	 cc-pV5Z
	      DIIS (start, space):	 0 50
	      Level shift:	 0
	      Do localization?:	 False
	      Do SFX2C1E?:	 True
	      Freeze orbitals?:	 True
	      Use Cheng orbitals?:	 False
	      Do Special Basis?:	 False
	*********************************************** 
	*********************************************** 

  >>> Running RHF <<<

init D/C      : minao
init ov       : zeros
no            : 25
nv            : 1050
ov_size       : 26250
max_cycle     : 1000
conv          : 6
econv         : 9
method        : gdm
scale_stop    : 0
scale_factor  : 1.000000
init E        : -301.761810411052
init |[F,P]|  : 2.84e-03
init |dE|     : 6.40e-03
check file    : None

iter      total energy   |[F,P]|      |dE|         ∆E   comment
   1    -301.839803559  1.18e-03  2.67e-03  -7.80e-02  BFGS
   2    -301.850983843  4.68e-04  1.06e-03  -1.12e-02  BFGS
   3    -301.852531595  9.74e-05  2.24e-04  -1.55e-03  BFGS
   4    -301.852621199  4.28e-05  9.39e-05  -8.96e-05  BFGS
   5    -301.852642356  1.34e-05  3.05e-05  -2.12e-05  BFGS
   6    -301.852646500  5.25e-06  1.15e-05  -4.14e-06  BFGS
   7    -301.852647076  2.73e-06  6.09e-06  -5.76e-07  BFGS
   8    -301.852647265  1.14e-06  2.59e-06  -1.89e-07  BFGS
   9    -301.852647290  5.53e-07  1.26e-06  -2.55e-08  BFGS
  10    -301.852647293  1.78e-07  3.98e-07  -3.43e-09  BFGS
  11    -301.852647294  4.72e-08  1.09e-07  -3.87e-10  BFGS
                                                                      gdm is converged!

SCF converged : True
final |[F,P]| : 4.72e-08
final |dE|    : 1.09e-07
final Escf    : -576.92098530824
final Etot    : -301.852647293835

  pxp & ewc             :::        2.035 (  0.04%)
  apply B               :::        0.007 (  0.00%)
  linsrch               :::     5191.062 ( 99.96%)
  grad                  :::        0.077 (  0.00%)
  Total                 :::     5193.182 (100.00%)

Alpha occupied
  -15.571 -15.563 -11.282 -11.261 -11.256 -11.245 -11.239  -1.262 
   -1.218  -1.073  -1.009  -0.866  -0.843  -0.717  -0.708  -0.675 
   -0.625  -0.603  -0.572  -0.560  -0.528  -0.480  -0.416  -0.374 
   -0.307 

Alpha virtual
    0.081   0.096   0.100   0.109   0.126   0.131   0.141   0.168 
    0.187   0.192   0.201   0.228   0.233   0.241   0.249   0.257 
    0.280   0.291   0.300   0.317   0.332   0.340   0.346   0.352 
    0.370   0.383   0.384   0.397   0.402   0.407   0.420   0.427 
    0.440   0.461   0.465   0.478   0.483   0.490   0.496   0.506 
    0.517   0.531   0.563   0.577   0.589   0.601   0.609   0.615 
    0.620   0.625   0.644   0.662   0.680   0.691   0.712   0.715 
    0.725   0.730   0.747   0.751   0.767   0.775   0.787   0.800 
    0.807   0.823   0.830   0.841   0.850   0.857   0.869   0.876 
    0.882   0.909   0.918   0.929   0.941   0.948   0.962   0.974 
    0.989   0.995   1.002   1.003   1.025   1.036   1.043   1.048 
    1.064   1.069   1.074   1.083   1.085   1.091   1.113   1.129 
    1.134   1.142   1.163   1.181   1.194   1.206   1.230   1.240 
    1.246   1.265   1.267   1.296   1.307   1.329   1.347   1.358 
    1.363   1.386   1.404   1.417   1.439   1.448   1.485   1.503 
    1.517   1.522   1.529   1.549   1.571   1.573   1.597   1.604 
    1.609   1.613   1.621   1.625   1.639   1.652   1.656   1.659 
    1.666   1.672   1.684   1.704   1.711   1.714   1.747   1.750 
    1.762   1.771   1.791   1.807   1.820   1.825   1.838   1.844 
    1.858   1.871   1.880   1.907   1.935   1.946   1.959   1.965 
    1.981   1.988   1.992   2.003   2.019   2.026   2.029   2.044 
    2.053   2.062   2.075   2.099   2.103   2.110   2.113   2.121 
    2.135   2.139   2.158   2.167   2.179   2.195   2.196   2.209 
    2.221   2.236   2.243   2.253   2.276   2.293   2.298   2.321 
    2.336   2.348   2.362   2.368   2.386   2.393   2.394   2.427 
    2.439   2.445   2.477   2.495   2.510   2.523   2.549   2.556 
    2.566   2.584   2.594   2.619   2.641   2.646   2.672   2.680 
    2.692   2.716   2.732   2.747   2.756   2.807   2.823   2.831 
    2.837   2.859   2.871   2.882   2.899   2.926   2.941   2.949 
    2.955   2.967   2.984   3.000   3.021   3.035   3.046   3.082 
    3.122   3.150   3.162   3.181   3.193   3.210   3.223   3.228 
    3.239   3.254   3.273   3.287   3.305   3.344   3.360   3.370 
    3.374   3.397   3.401   3.403   3.422   3.440   3.456   3.463 
    3.493   3.496   3.514   3.539   3.561   3.565   3.588   3.609 
    3.634   3.656   3.669   3.684   3.703   3.719   3.729   3.747 
    3.768   3.773   3.787   3.794   3.819   3.826   3.846   3.850 
    3.859   3.886   3.900   3.916   3.926   3.935   3.936   3.957 
    3.959   3.980   3.990   4.005   4.023   4.032   4.049   4.060 
    4.066   4.076   4.100   4.123   4.134   4.156   4.176   4.185 
    4.198   4.204   4.221   4.235   4.247   4.256   4.275   4.281 
    4.296   4.298   4.326   4.335   4.347   4.364   4.379   4.389 
    4.410   4.419   4.439   4.449   4.459   4.467   4.484   4.519 
    4.534   4.576   4.582   4.601   4.623   4.631   4.647   4.652 
    4.669   4.692   4.706   4.723   4.729   4.739   4.751   4.757 
    4.774   4.784   4.797   4.806   4.814   4.831   4.857   4.867 
    4.881   4.889   4.901   4.926   4.935   4.950   4.960   4.985 
    4.987   5.005   5.028   5.036   5.046   5.068   5.081   5.105 
    5.117   5.128   5.142   5.169   5.172   5.176   5.194   5.209 
    5.215   5.218   5.239   5.259   5.279   5.283   5.299   5.304 
    5.327   5.336   5.364   5.370   5.391   5.394   5.436   5.446 
    5.459   5.467   5.487   5.511   5.520   5.533   5.546   5.559 
    5.566   5.585   5.615   5.620   5.648   5.653   5.681   5.702 
    5.704   5.746   5.774   5.793   5.800   5.815   5.833   5.844 
    5.860   5.872   5.877   5.894   5.913   5.950   5.956   5.990 
    5.995   6.007   6.037   6.046   6.049   6.078   6.109   6.125 
    6.161   6.171   6.181   6.228   6.245   6.256   6.270   6.296 
    6.330   6.344   6.359   6.381   6.395   6.428   6.441   6.499 
    6.524   6.540   6.568   6.585   6.599   6.627   6.672   6.691 
    6.696   6.731   6.744   6.772   6.786   6.801   6.817   6.839 
    6.874   6.896   6.918   6.972   7.001   7.050   7.060   7.088 
    7.094   7.142   7.158   7.162   7.198   7.211   7.276   7.296 
    7.341   7.346   7.372   7.414   7.451   7.478   7.495   7.528 
    7.567   7.568   7.602   7.611   7.703   7.744   7.757   7.771 
    7.789   7.855   7.883   7.918   7.931   7.969   7.990   8.016 
    8.078   8.089   8.097   8.151   8.167   8.174   8.216   8.290 
    8.300   8.329   8.356   8.366   8.377   8.385   8.400   8.425 
    8.440   8.451   8.497   8.527   8.534   8.555   8.606   8.636 
    8.640   8.708   8.722   8.755   8.773   8.784   8.805   8.823 
    8.867   8.899   8.933   8.941   8.961   8.974   8.983   9.001 
    9.015   9.064   9.069   9.075   9.106   9.116   9.134   9.175 
    9.199   9.210   9.240   9.291   9.301   9.323   9.346   9.415 
    9.440   9.444   9.493   9.511   9.535   9.556   9.623   9.635 
    9.643   9.677   9.714   9.774   9.800   9.834   9.869   9.897 
    9.918   9.947   9.974  10.021  10.044  10.062  10.076  10.132 
   10.136  10.149  10.198  10.208  10.234  10.252  10.262  10.274 
   10.292  10.306  10.325  10.370  10.371  10.389  10.408  10.434 
   10.436  10.462  10.476  10.502  10.514  10.546  10.561  10.612 
   10.624  10.636  10.688  10.698  10.717  10.734  10.766  10.797 
   10.847  10.883  10.907  10.924  10.939  10.961  10.982  11.038 
   11.044  11.049  11.076  11.085  11.100  11.133  11.149  11.170 
   11.193  11.197  11.220  11.251  11.273  11.297  11.300  11.308 
   11.351  11.367  11.384  11.397  11.414  11.451  11.461  11.465 
   11.499  11.509  11.533  11.552  11.577  11.611  11.634  11.642 
   11.678  11.692  11.705  11.725  11.735  11.755  11.808  11.852 
   11.897  11.926  11.982  11.999  12.002  12.043  12.070  12.117 
   12.150  12.176  12.208  12.247  12.254  12.308  12.347  12.379 
   12.388  12.447  12.448  12.480  12.507  12.547  12.558  12.594 
   12.609  12.633  12.663  12.676  12.698  12.702  12.723  12.752 
   12.768  12.771  12.780  12.803  12.814  12.831  12.833  12.837 
   12.862  12.865  12.883  12.897  12.905  12.921  12.929  12.944 
   12.961  12.967  12.985  12.997  13.015  13.059  13.087  13.130 
   13.149  13.151  13.163  13.205  13.229  13.254  13.270  13.283 
   13.296  13.335  13.346  13.361  13.387  13.405  13.471  13.500 
   13.523  13.546  13.557  13.570  13.592  13.620  13.637  13.647 
   13.675  13.689  13.704  13.723  13.728  13.744  13.790  13.800 
   13.814  13.840  13.875  13.903  13.914  13.921  13.949  13.968 
   13.971  13.989  14.007  14.017  14.033  14.047  14.060  14.066 
   14.086  14.120  14.142  14.160  14.178  14.192  14.215  14.224 
   14.231  14.247  14.267  14.289  14.299  14.310  14.335  14.358 
   14.369  14.387  14.406  14.421  14.434  14.438  14.447  14.465 
   14.513  14.526  14.544  14.559  14.604  14.609  14.621  14.649 
   14.651  14.699  14.743  14.771  14.782  14.813  14.838  14.848 
   14.863  14.885  14.903  14.954  14.981  15.002  15.046  15.050 
   15.068  15.091  15.144  15.165  15.174  15.210  15.231  15.288 
   15.303  15.350  15.377  15.412  15.435  15.442  15.487  15.504 
   15.578  15.602  15.615  15.629  15.693  15.710  15.733  15.766 
   15.782  15.808  15.820  15.887  15.956  16.009  16.036  16.125 
   16.138  16.160  16.205  16.254  16.305  16.345  16.365  16.403 
   16.440  16.462  16.483  16.571  16.629  16.680  16.684  16.704 
   16.784  16.839  16.875  16.901  16.926  16.974  17.027  17.078 
   17.175  17.321  17.326  17.355  17.397  17.491  17.544  17.577 
   17.598  17.666  17.687  17.720  17.790  17.860  17.905  17.909 
   17.977  18.033  18.045  18.066  18.102  18.140  18.180  18.211 
   18.249  18.272  18.321  18.488  18.490  18.574  18.664  18.801 
   18.854  18.933  18.963  19.018  19.175  19.343  19.511  19.637 
   19.857  20.016  20.243  20.600  20.854  20.894  20.964  21.028 
   21.124  21.135  21.399  21.523  21.531  22.949  23.721  25.330 
   26.753  30.013  30.717  31.318  32.116  32.323  32.878  39.719 
   41.129  41.488  42.166  42.687  50.620  50.816  51.052  51.132 
   51.168  51.447  51.843  51.980  52.032  52.547  58.730  58.823 
   59.028  59.137  59.160  59.166  59.176  59.318  59.348  59.468 
   59.605  59.621  59.718  60.041  66.289  66.893  83.148  83.690 
   84.221  84.956  85.054  85.295 150.701 150.834 151.015 151.043 
  151.059 151.281 151.559 151.633 151.698 152.039 172.642 173.190 
  209.069 209.070 209.074 209.075 209.075 209.076 209.077 209.078 
  209.081 209.082 209.082 209.083 209.085 209.087 209.090 209.092 
  209.095 209.096 230.044 230.488 230.942 231.545 231.614 231.807 
  236.330 236.371 236.457 236.501 236.507 236.537 236.538 236.586 
  236.590 236.655 236.691 236.719 236.740 236.899 450.336 450.843 
  456.920 457.025 457.142 457.153 457.162 457.347 457.518 457.574 
  457.629 457.853 644.203 644.578 644.965 645.502 645.567 645.736 
  1576.937 1578.721 


  >>> Running RHF-MP2 <<<


RMP2-TIMING
  rmp2                  :::     4069.283 (100.00%)
  Total                 :::     4069.283 (100.00%)

MP2 correlation energy (RHF) : -1.5879746639
MP2 total energy       (RHF) : -303.4406219577


  >>> Running UHF <<<

init D/C      : input mo_coeff
init ov       : zeros
no            : 24 25
nv            : 1051 1050
ov_size       : 51474
max_cycle     : 1000
conv          : 6
econv         : 9
method        : diis
mom_start     : 0
guess mix     : 0.000000
orb_swap      : [[[0, 24]], []]
init E        : -286.281270114272
init S2       : 0.750000000000128
init |[F,P]|  : 8.60e-03
init |dE|     : 2.28e-02
check file    : None

iter      total energy   |[F,P]|      |dE|         ∆E   S^2   comment
   1    -286.703512557  5.09e-03  1.23e-02  -4.22e-01  0.75  DIIS mom: 23.7/24 24.6/25
   2    -286.966667426  4.18e-04  1.04e-03  -2.63e-01  0.76  DIIS mom: 23.9/24 24.9/25
   3    -286.969570444  1.96e-04  4.43e-04  -2.90e-03  0.76  DIIS mom: 24.0/24 25.0/25
   4    -286.970311657  9.41e-05  2.12e-04  -7.41e-04  0.76  DIIS mom: 24.0/24 25.0/25
   5    -286.970695815  4.70e-05  1.03e-04  -3.84e-04  0.77  DIIS mom: 24.0/24 25.0/25
   6    -286.970801368  1.87e-05  4.10e-05  -1.06e-04  0.77  DIIS mom: 24.0/24 25.0/25
   7    -286.970818018  6.82e-06  1.46e-05  -1.66e-05  0.77  DIIS mom: 24.0/24 25.0/25
   8    -286.970820520  4.65e-06  9.55e-06  -2.50e-06  0.77  DIIS mom: 24.0/24 25.0/25
   9    -286.970821787  4.28e-06  8.51e-06  -1.27e-06  0.77  DIIS mom: 24.0/24 25.0/25
  10    -286.970822868  4.38e-06  8.68e-06  -1.08e-06  0.77  DIIS mom: 24.0/24 25.0/25
  11    -286.970819551  3.93e-06  7.84e-06   3.32e-06  0.77  DIIS mom: 24.0/24 25.0/25
  12    -286.970811031  2.08e-06  4.29e-06   8.52e-06  0.77  DIIS mom: 24.0/24 25.0/25
  13    -286.970809185  8.37e-07  1.74e-06   1.85e-06  0.77  DIIS mom: 24.0/24 25.0/25
  14    -286.970809142  4.14e-07  8.79e-07   4.30e-08  0.77  DIIS mom: 24.0/24 25.0/25
  15    -286.970809152  2.00e-07  4.29e-07  -1.03e-08  0.77  DIIS mom: 24.0/24 25.0/25
  16    -286.970809155  8.74e-08  1.91e-07  -3.32e-09  0.77  DIIS mom: 24.0/24 25.0/25
  17    -286.970809156  4.08e-08  9.05e-08  -5.69e-10  0.77  DIIS mom: 24.0/24 25.0/25
                                                                      diis is converged!

SCF converged : True
final |[F,P]| : 4.08e-08
final |dE|    : 9.05e-08
final Escf    : -562.03914717034
final Etot    : -286.970809155936
final S2      : 0.774563459852459

  diis prep             :::        1.733 (  0.02%)
  diis extrap           :::        1.345 (  0.02%)
  roothaan              :::        6.718 (  0.08%)
  fock build            :::     8404.303 ( 99.88%)
  Total                 :::     8414.099 (100.00%)

Alpha occupied
  -15.735 -11.511 -11.462 -11.445 -11.437 -11.409  -1.605  -1.430 
   -1.277  -1.221  -1.112  -1.089  -1.019  -0.969  -0.916  -0.882 
   -0.841  -0.785  -0.756  -0.713  -0.711  -0.590  -0.562  -0.522 

Alpha virtual
  -14.176  -0.114  -0.080  -0.065  -0.053  -0.029  -0.004   0.004 
    0.018   0.022   0.032   0.046   0.078   0.082   0.096   0.101 
    0.110   0.117   0.133   0.140   0.141   0.159   0.162   0.172 
    0.175   0.189   0.205   0.215   0.232   0.235   0.250   0.260 
    0.269   0.276   0.282   0.293   0.299   0.316   0.325   0.342 
    0.345   0.361   0.368   0.406   0.412   0.427   0.429   0.437 
    0.449   0.457   0.460   0.466   0.474   0.491   0.508   0.521 
    0.525   0.556   0.563   0.572   0.585   0.593   0.606   0.611 
    0.622   0.630   0.642   0.654   0.663   0.672   0.682   0.686 
    0.700   0.709   0.719   0.746   0.752   0.756   0.765   0.783 
    0.788   0.809   0.814   0.821   0.829   0.838   0.844   0.857 
    0.873   0.876   0.885   0.887   0.906   0.912   0.917   0.929 
    0.947   0.958   0.969   0.981   0.986   1.010   1.023   1.057 
    1.067   1.078   1.088   1.098   1.120   1.133   1.143   1.161 
    1.177   1.200   1.212   1.224   1.244   1.256   1.272   1.290 
    1.294   1.313   1.335   1.347   1.357   1.368   1.394   1.406 
    1.414   1.433   1.439   1.443   1.443   1.449   1.461   1.474 
    1.488   1.493   1.500   1.503   1.519   1.523   1.533   1.550 
    1.561   1.576   1.586   1.593   1.625   1.636   1.648   1.651 
    1.655   1.664   1.682   1.691   1.702   1.736   1.754   1.760 
    1.781   1.786   1.794   1.808   1.811   1.817   1.832   1.840 
    1.841   1.846   1.864   1.868   1.875   1.892   1.907   1.921 
    1.936   1.947   1.951   1.972   1.979   1.992   2.008   2.018 
    2.028   2.035   2.038   2.048   2.068   2.086   2.112   2.120 
    2.126   2.138   2.141   2.175   2.183   2.190   2.197   2.204 
    2.218   2.232   2.266   2.284   2.305   2.319   2.324   2.349 
    2.359   2.373   2.378   2.390   2.432   2.448   2.456   2.463 
    2.475   2.503   2.508   2.526   2.547   2.566   2.590   2.608 
    2.618   2.625   2.635   2.660   2.670   2.705   2.726   2.742 
    2.745   2.761   2.770   2.807   2.810   2.813   2.827   2.845 
    2.877   2.942   2.952   2.973   2.994   3.001   3.021   3.036 
    3.041   3.051   3.069   3.083   3.098   3.111   3.133   3.146 
    3.171   3.177   3.195   3.207   3.221   3.228   3.243   3.253 
    3.263   3.279   3.300   3.306   3.330   3.353   3.375   3.381 
    3.402   3.433   3.445   3.456   3.477   3.500   3.515   3.530 
    3.548   3.558   3.573   3.592   3.601   3.611   3.622   3.634 
    3.650   3.662   3.692   3.695   3.709   3.716   3.731   3.740 
    3.749   3.756   3.773   3.795   3.809   3.826   3.837   3.848 
    3.871   3.885   3.891   3.901   3.924   3.935   3.962   3.967 
    3.982   3.999   4.008   4.028   4.029   4.044   4.060   4.074 
    4.086   4.102   4.107   4.129   4.142   4.148   4.155   4.175 
    4.181   4.207   4.221   4.227   4.251   4.255   4.279   4.284 
    4.304   4.340   4.366   4.371   4.387   4.411   4.427   4.437 
    4.439   4.468   4.478   4.487   4.524   4.533   4.541   4.550 
    4.558   4.564   4.586   4.590   4.603   4.614   4.636   4.640 
    4.651   4.673   4.677   4.694   4.722   4.729   4.732   4.751 
    4.773   4.796   4.815   4.822   4.831   4.844   4.852   4.856 
    4.891   4.906   4.920   4.946   4.953   4.971   4.981   4.987 
    5.003   5.005   5.034   5.046   5.057   5.080   5.084   5.107 
    5.111   5.119   5.145   5.159   5.165   5.169   5.190   5.211 
    5.234   5.239   5.254   5.260   5.283   5.306   5.325   5.339 
    5.354   5.369   5.374   5.403   5.422   5.440   5.457   5.481 
    5.496   5.505   5.542   5.556   5.577   5.584   5.599   5.623 
    5.630   5.633   5.660   5.674   5.700   5.709   5.726   5.759 
    5.772   5.782   5.803   5.824   5.847   5.856   5.860   5.888 
    5.903   5.938   5.959   5.964   6.014   6.027   6.049   6.056 
    6.082   6.113   6.134   6.155   6.163   6.191   6.216   6.222 
    6.286   6.303   6.317   6.354   6.392   6.397   6.405   6.425 
    6.464   6.493   6.507   6.523   6.542   6.565   6.606   6.629 
    6.632   6.655   6.681   6.708   6.724   6.781   6.813   6.834 
    6.860   6.889   6.901   6.943   6.956   6.974   6.995   7.026 
    7.058   7.139   7.153   7.172   7.200   7.228   7.266   7.295 
    7.307   7.348   7.381   7.407   7.422   7.496   7.526   7.539 
    7.587   7.597   7.645   7.673   7.691   7.694   7.755   7.776 
    7.801   7.873   7.889   7.900   7.915   7.960   7.975   7.986 
    8.048   8.070   8.094   8.143   8.157   8.177   8.185   8.205 
    8.215   8.229   8.239   8.264   8.300   8.311   8.351   8.380 
    8.414   8.422   8.457   8.506   8.525   8.565   8.589   8.611 
    8.620   8.674   8.685   8.714   8.742   8.761   8.768   8.785 
    8.801   8.811   8.850   8.868   8.878   8.885   8.915   8.938 
    8.945   8.992   9.017   9.045   9.071   9.094   9.137   9.141 
    9.220   9.239   9.254   9.295   9.319   9.335   9.360   9.424 
    9.436   9.439   9.481   9.514   9.577   9.600   9.628   9.652 
    9.678   9.702   9.726   9.786   9.814   9.854   9.873   9.886 
    9.907   9.940   9.955  10.007  10.019  10.040  10.055  10.075 
   10.079  10.102  10.113  10.129  10.168  10.177  10.196  10.211 
   10.233  10.244  10.262  10.278  10.299  10.322  10.353  10.367 
   10.426  10.441  10.447  10.474  10.500  10.516  10.528  10.573 
   10.586  10.642  10.683  10.721  10.722  10.728  10.738  10.784 
   10.808  10.843  10.853  10.862  10.891  10.901  10.920  10.936 
   10.959  10.995  10.999  11.006  11.023  11.044  11.078  11.096 
   11.103  11.133  11.158  11.165  11.180  11.197  11.211  11.236 
   11.260  11.265  11.298  11.322  11.345  11.352  11.385  11.405 
   11.439  11.450  11.464  11.485  11.501  11.512  11.536  11.572 
   11.648  11.670  11.702  11.706  11.769  11.795  11.812  11.862 
   11.901  11.919  11.951  11.984  12.012  12.036  12.052  12.108 
   12.150  12.158  12.215  12.250  12.257  12.266  12.291  12.320 
   12.351  12.370  12.394  12.408  12.441  12.459  12.469  12.502 
   12.510  12.518  12.529  12.570  12.588  12.600  12.605  12.619 
   12.640  12.650  12.655  12.664  12.677  12.696  12.708  12.721 
   12.738  12.751  12.764  12.783  12.797  12.832  12.857  12.868 
   12.902  12.906  12.922  12.943  12.957  12.983  13.004  13.019 
   13.057  13.079  13.102  13.112  13.143  13.169  13.202  13.244 
   13.262  13.275  13.315  13.341  13.352  13.369  13.371  13.390 
   13.413  13.435  13.444  13.459  13.492  13.516  13.531  13.546 
   13.556  13.575  13.608  13.620  13.658  13.662  13.673  13.686 
   13.704  13.732  13.762  13.787  13.798  13.834  13.840  13.854 
   13.869  13.871  13.880  13.890  13.916  13.943  13.963  13.974 
   14.006  14.018  14.027  14.037  14.060  14.061  14.089  14.108 
   14.139  14.158  14.170  14.183  14.201  14.221  14.240  14.254 
   14.281  14.311  14.341  14.346  14.363  14.368  14.397  14.413 
   14.433  14.442  14.454  14.482  14.512  14.562  14.605  14.623 
   14.636  14.650  14.672  14.698  14.707  14.729  14.749  14.803 
   14.836  14.856  14.883  14.943  14.964  14.972  14.995  15.010 
   15.046  15.053  15.100  15.147  15.166  15.229  15.238  15.277 
   15.293  15.385  15.395  15.406  15.421  15.438  15.493  15.526 
   15.539  15.566  15.618  15.624  15.650  15.719  15.793  15.827 
   15.853  15.925  15.954  15.981  16.001  16.021  16.029  16.058 
   16.175  16.191  16.225  16.274  16.290  16.326  16.374  16.444 
   16.485  16.502  16.527  16.578  16.587  16.629  16.676  16.790 
   16.843  16.916  16.955  17.022  17.047  17.140  17.178  17.282 
   17.363  17.398  17.408  17.449  17.471  17.523  17.554  17.590 
   17.659  17.738  17.759  17.827  17.848  17.866  17.896  17.930 
   17.972  17.996  18.011  18.095  18.120  18.310  18.326  18.388 
   18.492  18.587  18.632  18.761  18.811  18.879  19.157  19.316 
   19.465  19.681  19.843  20.069  20.231  20.449  20.532  20.599 
   20.709  20.931  20.950  21.075  21.082  21.233  22.447  23.243 
   25.158  26.013  29.671  29.843  31.141  31.298  31.862  31.947 
   39.518  40.928  41.295  41.969  42.496  49.838  49.874  50.156 
   50.450  50.642  50.694  50.881  51.256  51.671  51.856  57.791 
   57.938  58.081  58.110  58.369  58.382  58.560  58.655  58.798 
   58.966  58.990  58.996  59.296  59.538  65.370  66.124  81.894 
   82.977  83.255  83.498  84.053  84.786 148.814 148.831 149.056 
  149.404 149.810 150.530 150.663 150.846 151.388 151.525 170.787 
  172.476 206.947 206.950 206.953 206.955 206.956 206.962 206.963 
  206.964 206.966 208.897 208.898 208.904 208.906 208.907 208.910 
  208.912 208.923 208.924 227.770 228.892 229.086 229.873 230.772 
  231.375 233.935 234.014 234.063 234.067 234.168 234.194 234.373 
  236.159 236.201 236.330 236.336 236.367 236.484 236.565 447.518 
  450.168 453.870 453.880 454.067 454.292 454.570 456.749 456.854 
  456.974 457.347 457.457 640.939 641.924 642.094 644.033 644.796 
  645.332 1574.549 1576.786 

Beta occupied
  -18.458 -15.734 -11.509 -11.462 -11.446 -11.437 -11.409  -1.699 
   -1.431  -1.285  -1.228  -1.152  -1.115  -1.029  -0.997  -0.972 
   -0.884  -0.841  -0.785  -0.755  -0.716  -0.712  -0.589  -0.562 
   -0.524 

Beta virtual
   -0.122  -0.083  -0.067  -0.053  -0.029  -0.004   0.003   0.015 
    0.020   0.033   0.047   0.078   0.082   0.095   0.101   0.108 
    0.117   0.132   0.134   0.141   0.156   0.157   0.164   0.173 
    0.189   0.204   0.214   0.231   0.235   0.250   0.258   0.263 
    0.275   0.281   0.292   0.300   0.316   0.326   0.343   0.345 
    0.360   0.368   0.407   0.412   0.426   0.429   0.434   0.449 
    0.457   0.460   0.466   0.473   0.491   0.509   0.521   0.525 
    0.555   0.563   0.572   0.586   0.594   0.607   0.610   0.622 
    0.630   0.644   0.654   0.663   0.672   0.682   0.686   0.700 
    0.708   0.717   0.741   0.748   0.755   0.765   0.783   0.787 
    0.806   0.811   0.819   0.827   0.836   0.843   0.856   0.873 
    0.874   0.884   0.886   0.906   0.911   0.915   0.929   0.946 
    0.959   0.969   0.981   0.985   1.009   1.021   1.057   1.066 
    1.078   1.088   1.097   1.120   1.132   1.142   1.161   1.177 
    1.199   1.211   1.224   1.242   1.253   1.272   1.290   1.291 
    1.313   1.336   1.347   1.353   1.368   1.394   1.406   1.413 
    1.433   1.438   1.442   1.443   1.448   1.460   1.475   1.488 
    1.493   1.500   1.503   1.518   1.522   1.532   1.550   1.563 
    1.577   1.586   1.594   1.625   1.636   1.647   1.651   1.655 
    1.665   1.682   1.690   1.701   1.736   1.754   1.760   1.781 
    1.787   1.794   1.808   1.810   1.817   1.832   1.839   1.840 
    1.845   1.863   1.866   1.871   1.889   1.907   1.921   1.936 
    1.947   1.950   1.971   1.979   1.992   2.008   2.017   2.027 
    2.035   2.038   2.049   2.068   2.086   2.112   2.119   2.126 
    2.138   2.141   2.174   2.183   2.190   2.196   2.204   2.216 
    2.232   2.265   2.284   2.303   2.318   2.324   2.344   2.356 
    2.373   2.375   2.390   2.431   2.446   2.455   2.462   2.476 
    2.502   2.507   2.524   2.546   2.564   2.585   2.605   2.615 
    2.626   2.635   2.660   2.670   2.703   2.718   2.742   2.742 
    2.760   2.770   2.804   2.810   2.814   2.825   2.843   2.875 
    2.942   2.953   2.974   2.993   3.000   3.019   3.036   3.041 
    3.050   3.069   3.082   3.098   3.109   3.129   3.145   3.170 
    3.175   3.193   3.206   3.221   3.226   3.243   3.247   3.261 
    3.278   3.297   3.302   3.328   3.351   3.373   3.378   3.401 
    3.427   3.441   3.453   3.475   3.499   3.515   3.526   3.545 
    3.557   3.571   3.591   3.599   3.611   3.619   3.630   3.648 
    3.662   3.690   3.694   3.709   3.715   3.731   3.740   3.748 
    3.756   3.773   3.795   3.809   3.826   3.834   3.848   3.871 
    3.885   3.891   3.901   3.924   3.934   3.961   3.966   3.982 
    3.998   4.008   4.027   4.029   4.044   4.057   4.074   4.086 
    4.102   4.107   4.129   4.141   4.148   4.154   4.175   4.181 
    4.207   4.220   4.226   4.249   4.255   4.278   4.284   4.304 
    4.339   4.364   4.370   4.386   4.411   4.427   4.437   4.439 
    4.468   4.474   4.485   4.522   4.531   4.540   4.549   4.558 
    4.564   4.586   4.589   4.602   4.613   4.635   4.637   4.650 
    4.672   4.677   4.691   4.720   4.729   4.732   4.751   4.773 
    4.795   4.815   4.821   4.830   4.844   4.851   4.855   4.885 
    4.906   4.919   4.945   4.951   4.970   4.979   4.987   5.001 
    5.005   5.033   5.046   5.056   5.079   5.083   5.106   5.108 
    5.119   5.145   5.157   5.165   5.168   5.189   5.209   5.231 
    5.234   5.253   5.258   5.281   5.304   5.325   5.338   5.352 
    5.368   5.374   5.402   5.421   5.440   5.457   5.481   5.494 
    5.505   5.542   5.553   5.576   5.583   5.598   5.622   5.629 
    5.632   5.660   5.672   5.700   5.709   5.726   5.759   5.772 
    5.780   5.802   5.824   5.847   5.855   5.859   5.887   5.901 
    5.937   5.959   5.963   6.008   6.022   6.047   6.056   6.082 
    6.112   6.129   6.154   6.162   6.187   6.215   6.223   6.285 
    6.303   6.317   6.352   6.389   6.397   6.401   6.419   6.460 
    6.490   6.505   6.521   6.539   6.561   6.604   6.628   6.631 
    6.652   6.678   6.706   6.721   6.780   6.810   6.831   6.847 
    6.886   6.900   6.942   6.956   6.974   6.992   7.023   7.054 
    7.136   7.152   7.170   7.198   7.225   7.264   7.295   7.306 
    7.346   7.381   7.405   7.421   7.493   7.518   7.537   7.586 
    7.596   7.637   7.668   7.687   7.694   7.753   7.771   7.797 
    7.870   7.888   7.897   7.911   7.959   7.973   7.985   8.044 
    8.067   8.085   8.141   8.155   8.177   8.185   8.203   8.214 
    8.227   8.238   8.263   8.297   8.308   8.351   8.377   8.413 
    8.419   8.454   8.504   8.521   8.565   8.589   8.611   8.619 
    8.668   8.684   8.714   8.740   8.760   8.767   8.784   8.801 
    8.810   8.847   8.866   8.876   8.884   8.914   8.937   8.944 
    8.992   9.017   9.044   9.068   9.093   9.136   9.139   9.219 
    9.239   9.253   9.293   9.319   9.334   9.360   9.422   9.435 
    9.436   9.479   9.510   9.554   9.592   9.613   9.642   9.676 
    9.702   9.725   9.785   9.811   9.853   9.872   9.885   9.901 
    9.940   9.954  10.007  10.018  10.039  10.054  10.075  10.078 
   10.102  10.114  10.128  10.165  10.177  10.195  10.209  10.230 
   10.243  10.262  10.277  10.296  10.322  10.352  10.366  10.425 
   10.441  10.445  10.470  10.499  10.515  10.522  10.570  10.582 
   10.625  10.679  10.695  10.715  10.723  10.736  10.775  10.805 
   10.843  10.850  10.861  10.888  10.900  10.916  10.930  10.957 
   10.988  10.997  11.004  11.021  11.038  11.077  11.095  11.102 
   11.126  11.152  11.163  11.180  11.196  11.209  11.233  11.249 
   11.262  11.296  11.314  11.342  11.346  11.378  11.401  11.436 
   11.448  11.459  11.484  11.498  11.511  11.534  11.567  11.647 
   11.666  11.691  11.704  11.767  11.791  11.811  11.861  11.896 
   11.915  11.946  11.970  12.011  12.034  12.051  12.107  12.148 
   12.153  12.214  12.250  12.256  12.266  12.291  12.320  12.350 
   12.367  12.394  12.408  12.438  12.458  12.468  12.502  12.509 
   12.519  12.529  12.571  12.588  12.600  12.605  12.619  12.640 
   12.650  12.654  12.664  12.676  12.696  12.708  12.720  12.737 
   12.751  12.764  12.783  12.797  12.831  12.856  12.867  12.892 
   12.906  12.922  12.943  12.956  12.977  13.002  13.019  13.056 
   13.078  13.100  13.112  13.142  13.168  13.202  13.244  13.261 
   13.274  13.315  13.340  13.350  13.368  13.371  13.390  13.412 
   13.433  13.440  13.460  13.491  13.515  13.531  13.546  13.556 
   13.575  13.607  13.620  13.656  13.661  13.673  13.685  13.703 
   13.730  13.762  13.787  13.798  13.834  13.840  13.854  13.868 
   13.870  13.880  13.889  13.916  13.942  13.960  13.972  14.004 
   14.017  14.025  14.035  14.059  14.061  14.089  14.107  14.138 
   14.157  14.169  14.183  14.200  14.220  14.239  14.254  14.280 
   14.308  14.338  14.346  14.362  14.368  14.395  14.412  14.431 
   14.441  14.453  14.478  14.510  14.561  14.603  14.622  14.636 
   14.649  14.671  14.695  14.706  14.726  14.747  14.801  14.835 
   14.855  14.883  14.937  14.962  14.972  14.994  15.008  15.043 
   15.051  15.098  15.146  15.162  15.228  15.238  15.276  15.293 
   15.380  15.392  15.405  15.420  15.437  15.491  15.526  15.536 
   15.566  15.617  15.624  15.649  15.716  15.790  15.826  15.850 
   15.917  15.954  15.981  16.000  16.019  16.027  16.047  16.175 
   16.190  16.220  16.264  16.289  16.323  16.373  16.443  16.472 
   16.495  16.527  16.571  16.582  16.626  16.675  16.785  16.842 
   16.904  16.953  17.010  17.042  17.123  17.177  17.273  17.362 
   17.394  17.408  17.432  17.466  17.523  17.552  17.586  17.651 
   17.737  17.749  17.823  17.842  17.864  17.894  17.927  17.971 
   17.974  18.001  18.094  18.119  18.309  18.326  18.368  18.491 
   18.555  18.631  18.760  18.809  18.875  19.157  19.313  19.464 
   19.680  19.843  20.069  20.227  20.403  20.518  20.585  20.708 
   20.931  20.950  21.040  21.062  21.233  22.375  23.216  25.158 
   25.778  29.374  29.843  31.007  31.153  31.596  31.946  39.517 
   40.928  41.294  41.969  42.496  49.685  49.721  50.003  50.450 
   50.537  50.648  50.882  51.106  51.671  51.856  57.711  57.858 
   58.001  58.030  58.289  58.303  58.560  58.655  58.713  58.966 
   58.990  58.996  59.296  59.538  64.935  66.123  81.491  82.860 
   82.977  83.104  84.052  84.786 148.561 148.578 148.802 149.152 
  149.557 150.530 150.663 150.846 151.388 151.525 170.360 172.475 
  206.839 206.842 206.845 206.847 206.848 206.854 206.855 206.856 
  206.859 208.898 208.898 208.904 208.906 208.907 208.910 208.912 
  208.923 208.924 227.387 228.514 228.709 229.873 230.772 231.375 
  233.747 233.826 233.875 233.879 233.980 234.005 234.185 236.159 
  236.201 236.330 236.336 236.368 236.484 236.565 447.173 450.168 
  453.607 453.617 453.804 454.030 454.308 456.749 456.854 456.974 
  457.347 457.457 640.646 641.632 641.802 644.033 644.796 645.332 
  1574.334 1576.785 


  >>> Running UHF-MP2 <<<

MP2 correlation energy (UHF) : -1.5539370468
MP2 total energy       (UHF) : -288.5247462027

