	*********************************************** 
	***** Beginning CEBE Calculation with MOM ***** 
	*****       Calculation Details:          ***** 
	      Geometry:	 /home/am3939/core/cebe_prediction/calculations/mols/exp/c/c-h3och3.xyz
	      Core Basis:	 pcX-4
	      Full Basis:	 pc-4
	      DIIS (start, space):	 5 50
	      Level shift:	 0.0
	      Do localization?:	 True
	      Atoms that were localized?:	 None
	      Do SFX2C1E?:	 True
	      Freeze orbitals?:	 True
	      Use Cheng orbitals?:	 False
	      Do Special Basis?:	 True
	      Special Basis:	 pcX-4
	*********************************************** 
	*********************************************** 

  >>> Running RHF <<<

init D/C      : minao
init ov       : zeros
no            : 13
nv            : 736
ov_size       : 9568
max_cycle     : 1000
conv          : 6
econv         : 9
method        : gdm
scale_stop    : 0
scale_factor  : 1.000000
init E        : -154.080569088656
init |[F,P]|  : 4.52e-03
init |dE|     : 1.05e-02
check file    : None

iter      total energy   |[F,P]|      |dE|         ∆E   comment
   1    -154.124980232  2.49e-03  6.02e-03  -4.44e-02  BFGS
   2    -154.139853148  3.42e-04  7.89e-04  -1.49e-02  BFGS
   3    -154.140124105  1.19e-04  2.63e-04  -2.71e-04  BFGS
   4    -154.140162866  1.52e-05  3.86e-05  -3.88e-05  BFGS
   5    -154.140163973  4.32e-06  9.55e-06  -1.11e-06  BFGS
   6    -154.140164088  9.44e-07  2.20e-06  -1.15e-07  BFGS
   7    -154.140164093  2.56e-07  5.95e-07  -4.91e-09  BFGS
   8    -154.140164094  5.58e-08  1.25e-07  -4.41e-10  BFGS
                                                                      gdm is converged!

SCF converged : True
final |[F,P]| : 5.58e-08
final |dE|    : 1.25e-07
final Escf    : -238.222946011606
final Etot    : -154.140164093623

  pxp & ewc             :::        0.526 (  0.10%)
  apply B               :::        0.001 (  0.00%)
  linsrch               :::      527.781 ( 99.90%)
  grad                  :::        0.018 (  0.00%)
  Total                 :::      528.326 (100.00%)

Alpha occupied
  -20.551 -11.269 -11.269  -1.372  -0.966  -0.874  -0.663  -0.651 
   -0.634  -0.551  -0.530  -0.479  -0.424 

Alpha virtual
    0.053   0.061   0.080   0.081   0.095   0.099   0.106   0.108 
    0.133   0.141   0.145   0.163   0.201   0.220   0.229   0.233 
    0.252   0.257   0.281   0.284   0.298   0.300   0.302   0.311 
    0.312   0.326   0.336   0.374   0.386   0.392   0.399   0.401 
    0.419   0.445   0.462   0.476   0.492   0.504   0.515   0.519 
    0.538   0.549   0.552   0.562   0.573   0.581   0.602   0.604 
    0.614   0.616   0.621   0.640   0.644   0.665   0.667   0.672 
    0.689   0.690   0.715   0.728   0.733   0.782   0.782   0.804 
    0.813   0.814   0.833   0.854   0.890   0.912   0.944   0.949 
    0.967   0.987   1.021   1.031   1.048   1.058   1.072   1.099 
    1.138   1.140   1.152   1.156   1.178   1.189   1.192   1.202 
    1.253   1.271   1.272   1.286   1.310   1.324   1.326   1.330 
    1.341   1.357   1.385   1.391   1.399   1.411   1.413   1.437 
    1.445   1.468   1.468   1.490   1.500   1.508   1.511   1.515 
    1.523   1.538   1.541   1.564   1.578   1.614   1.644   1.681 
    1.701   1.707   1.721   1.749   1.750   1.756   1.793   1.795 
    1.827   1.856   1.864   1.870   1.926   1.978   1.982   2.003 
    2.034   2.054   2.074   2.075   2.094   2.128   2.135   2.196 
    2.217   2.242   2.247   2.256   2.289   2.298   2.316   2.341 
    2.353   2.372   2.384   2.416   2.427   2.439   2.508   2.512 
    2.553   2.554   2.579   2.595   2.630   2.644   2.649   2.672 
    2.676   2.731   2.751   2.770   2.797   2.806   2.823   2.838 
    2.867   2.887   2.930   2.973   2.993   3.034   3.081   3.135 
    3.166   3.174   3.218   3.219   3.230   3.260   3.269   3.269 
    3.320   3.361   3.383   3.389   3.422   3.452   3.469   3.514 
    3.547   3.567   3.584   3.632   3.640   3.682   3.706   3.709 
    3.729   3.732   3.746   3.759   3.807   3.820   3.846   3.861 
    3.889   3.912   3.942   3.943   3.968   4.002   4.043   4.065 
    4.086   4.105   4.114   4.173   4.203   4.219   4.233   4.241 
    4.284   4.287   4.312   4.341   4.355   4.356   4.365   4.373 
    4.390   4.432   4.437   4.478   4.520   4.549   4.549   4.574 
    4.591   4.615   4.661   4.722   4.738   4.757   4.776   4.805 
    4.812   4.817   4.858   4.867   4.873   4.878   4.897   4.924 
    4.926   4.991   4.991   5.006   5.021   5.047   5.053   5.118 
    5.123   5.133   5.227   5.240   5.247   5.272   5.283   5.339 
    5.353   5.381   5.389   5.403   5.445   5.473   5.491   5.499 
    5.569   5.654   5.663   5.669   5.671   5.720   5.735   5.748 
    5.774   5.777   5.799   5.838   5.858   5.885   5.955   5.999 
    6.059   6.068   6.122   6.166   6.168   6.189   6.195   6.241 
    6.259   6.284   6.304   6.317   6.324   6.370   6.418   6.480 
    6.590   6.610   6.663   6.683   6.709   6.818   6.820   6.826 
    6.828   6.942   6.963   7.016   7.041   7.071   7.107   7.160 
    7.199   7.217   7.222   7.263   7.284   7.316   7.338   7.339 
    7.342   7.427   7.488   7.537   7.538   7.660   7.717   7.838 
    7.839   7.934   7.972   7.997   8.066   8.279   8.319   8.454 
    8.506   8.537   8.652   8.716   8.934   8.998   9.020   9.074 
    9.214   9.241   9.276   9.321   9.338   9.363   9.369   9.375 
    9.398   9.409   9.431   9.440   9.476   9.492   9.501   9.527 
    9.539   9.557   9.614   9.657   9.665   9.699   9.702   9.763 
    9.861   9.927  10.014  10.024  10.056  10.073  10.115  10.124 
   10.160  10.217  10.221  10.259  10.261  10.279  10.360  10.444 
   10.520  10.554  10.825  11.039  11.181  11.204  11.232  11.241 
   11.320  11.443  11.457  11.469  11.501  11.535  11.572  11.607 
   11.615  11.628  11.662  11.665  11.679  11.706  11.734  11.773 
   11.843  11.870  11.881  11.890  11.940  12.029  12.101  12.107 
   12.151  12.192  12.260  12.299  12.442  12.447  12.465  12.498 
   12.504  12.547  12.553  12.586  12.646  12.646  12.656  12.670 
   12.697  12.731  12.732  12.735  12.800  12.810  12.812  12.887 
   12.910  12.913  12.961  12.981  13.009  13.020  13.074  13.075 
   13.087  13.135  13.144  13.158  13.189  13.197  13.239  13.260 
   13.269  13.305  13.307  13.344  13.363  13.366  13.404  13.432 
   13.468  13.488  13.530  13.546  13.560  13.573  13.635  13.684 
   13.697  13.724  13.739  13.775  13.785  13.885  13.951  13.959 
   13.963  13.975  14.005  14.036  14.078  14.091  14.101  14.121 
   14.122  14.183  14.276  14.462  14.547  14.562  14.567  14.612 
   14.762  14.797  14.907  14.910  15.002  15.013  15.137  15.157 
   15.179  15.192  15.230  15.277  15.317  15.402  15.488  15.542 
   15.559  15.610  15.639  15.753  16.121  16.162  16.182  16.221 
   16.222  16.264  16.289  16.372  16.524  16.563  16.569  16.743 
   16.893  17.022  17.230  17.241  17.252  17.253  17.255  17.265 
   17.284  17.290  17.290  17.296  17.306  17.314  17.360  17.385 
   17.724  17.727  17.738  17.766  17.885  17.886  17.895  17.906 
   17.973  18.028  18.370  18.462  18.509  18.692  18.695  18.716 
   18.749  18.751  18.971  18.999  19.080  19.083  19.085  19.102 
   19.106  19.322  19.323  19.328  19.355  19.499  19.510  19.562 
   19.597  19.641  19.752  20.247  20.274  20.305  20.338  20.530 
   20.539  20.572  20.689  20.866  20.897  20.913  20.941  21.212 
   21.236  21.481  21.486  21.497  21.520  21.561  21.596  23.807 
   24.041  24.048  24.173  24.203  24.281  24.358  24.426  24.576 
   24.577  24.607  24.674  24.697  24.712  24.736  25.690  26.000 
   26.119  26.183  26.184  26.204  26.221  26.530  30.497  30.662 
   31.748  33.328  33.563  33.602  33.620  33.648  34.211  34.282 
   34.539  34.583  34.654  34.670  34.997  35.578  37.367  37.393 
   37.411  37.481  37.548  37.738  41.762  41.836  41.888  41.937 
   42.154  42.321  63.064  63.168  68.397  68.497  68.532  69.286 
   69.920  91.654  91.815  91.815  91.895  91.909  92.016  92.117 
   92.202  92.222  92.246  92.262  92.291  93.224  93.234  93.237 
   93.254  93.255  93.256  95.165  95.191  95.274  95.293  95.370 
   95.429 137.227 137.322 147.209 289.246 289.267 289.342 289.354 
  289.414 289.461 311.534 311.619 739.925 740.004 1138.182 1138.197 
  1138.252 1138.260 1138.303 1138.335 1851.742 1851.816 4947.167 4947.237 
  14408.492 14408.557 47393.863 47393.922 188468.598 188468.652 1077044.604 1077044.649 


  >>> Running RHF-MP2 <<<


RMP2-TIMING
  rmp2                  :::      435.892 (100.00%)
  Total                 :::      435.892 (100.00%)

MP2 correlation energy (RHF) : -0.8043847047
MP2 total energy       (RHF) : -154.9445487984


  >>> Running UHF <<<

init D/C      : input mo_coeff
init ov       : zeros
no            : 12 13
nv            : 737 736
ov_size       : 18412
max_cycle     : 1000
conv          : 6
econv         : 9
method        : diis
mom_start     : 0
guess mix     : 0.000000
orb_swap      : [[[1, 12]], []]
init E        : -142.905699750584
init S2       : 0.750000000000025
init |[F,P]|  : 1.59e-02
init |dE|     : 3.33e-02
check file    : None

iter      total energy   |[F,P]|      |dE|         ∆E   S^2   comment
   1    -143.219013431  7.10e-03  1.60e-02  -3.13e-01  0.75  DIIS mom: 11.7/12 12.7/13
   2    -143.339500649  4.15e-03  8.94e-03  -1.20e-01  0.76  DIIS mom: 11.9/12 12.9/13
   3    -143.380785543  2.66e-03  6.08e-03  -4.13e-02  0.77  DIIS mom: 12.0/12 13.0/13
   4    -143.397639371  1.68e-03  3.84e-03  -1.69e-02  0.77  DIIS mom: 12.0/12 13.0/13
   5    -143.407598480  4.52e-04  1.02e-03  -9.96e-03  0.76  DIIS mom: 12.0/12 13.0/13
   6    -143.407961523  3.66e-04  8.12e-04  -3.63e-04  0.76  DIIS mom: 12.0/12 13.0/13
   7    -143.407069729  7.67e-04  1.97e-03   8.92e-04  0.81  DIIS mom: 12.0/12 13.0/13
   8    -143.394825375  1.53e-03  3.82e-03   1.22e-02  0.89  DIIS mom: 12.0/12 13.0/13
   9    -143.409783093  8.48e-05  1.88e-04  -1.50e-02  0.78  DIIS mom: 12.0/12 13.0/13
  10    -143.409800540  8.45e-05  1.90e-04  -1.74e-05  0.78  DIIS mom: 12.0/12 13.0/13
  11    -143.409802828  8.42e-05  1.90e-04  -2.29e-06  0.78  DIIS mom: 12.0/12 13.0/13
  12    -143.409882791  6.27e-05  1.47e-04  -8.00e-05  0.79  DIIS mom: 12.0/12 13.0/13
  13    -143.409964657  3.29e-05  7.73e-05  -8.19e-05  0.79  DIIS mom: 12.0/12 13.0/13
  14    -143.409997242  1.34e-05  3.13e-05  -3.26e-05  0.80  DIIS mom: 12.0/12 13.0/13
  15    -143.410002845  6.71e-06  1.56e-05  -5.60e-06  0.80  DIIS mom: 12.0/12 13.0/13
  16    -143.410004447  1.54e-06  3.67e-06  -1.60e-06  0.80  DIIS mom: 12.0/12 13.0/13
  17    -143.410004516  4.46e-07  1.07e-06  -6.96e-08  0.80  DIIS mom: 12.0/12 13.0/13
  18    -143.410004521  1.87e-07  4.34e-07  -4.66e-09  0.80  DIIS mom: 12.0/12 13.0/13
  19    -143.410004522  6.26e-08  1.38e-07  -8.13e-10  0.80  DIIS mom: 12.0/12 13.0/13
                                                                      diis is converged!

SCF converged : True
final |[F,P]| : 6.26e-08
final |dE|    : 1.38e-07
final Escf    : -227.492786439919
final Etot    : -143.410004521936
final S2      : 0.797124790621908

  diis prep             :::        0.392 (  0.03%)
  diis extrap           :::        0.376 (  0.03%)
  roothaan              :::        2.699 (  0.19%)
  fock build            :::     1391.244 ( 99.75%)
  Total                 :::     1394.711 (100.00%)

Alpha occupied
  -20.852 -11.479  -1.671  -1.307  -1.141  -0.998  -0.985  -0.932 
   -0.830  -0.815  -0.736  -0.690 

Alpha virtual
  -10.157  -0.117  -0.078  -0.077  -0.076  -0.050  -0.037  -0.035 
   -0.024  -0.021   0.009   0.015   0.029   0.032   0.047   0.049 
    0.050   0.066   0.091   0.098   0.109   0.114   0.121   0.126 
    0.138   0.144   0.151   0.173   0.201   0.204   0.213   0.214 
    0.227   0.238   0.245   0.265   0.266   0.280   0.313   0.325 
    0.332   0.343   0.351   0.372   0.384   0.385   0.398   0.409 
    0.418   0.420   0.432   0.449   0.451   0.451   0.466   0.490 
    0.499   0.499   0.504   0.528   0.531   0.556   0.574   0.581 
    0.597   0.612   0.620   0.621   0.656   0.662   0.721   0.742 
    0.742   0.748   0.771   0.774   0.814   0.826   0.845   0.868 
    0.882   0.917   0.924   0.937   0.952   0.957   0.963   0.987 
    0.989   1.042   1.052   1.054   1.077   1.099   1.103   1.103 
    1.124   1.133   1.140   1.165   1.175   1.188   1.203   1.210 
    1.224   1.226   1.240   1.250   1.260   1.277   1.278   1.303 
    1.317   1.322   1.335   1.344   1.362   1.378   1.408   1.434 
    1.456   1.473   1.480   1.501   1.513   1.522   1.547   1.572 
    1.586   1.592   1.621   1.649   1.652   1.704   1.737   1.740 
    1.763   1.802   1.829   1.840   1.840   1.855   1.886   1.903 
    1.951   1.969   1.999   2.008   2.032   2.041   2.061   2.087 
    2.098   2.114   2.133   2.148   2.177   2.181   2.203   2.259 
    2.261   2.266   2.334   2.344   2.351   2.375   2.403   2.410 
    2.411   2.465   2.466   2.475   2.527   2.535   2.556   2.596 
    2.596   2.632   2.635   2.677   2.723   2.748   2.796   2.825 
    2.876   2.901   2.908   2.959   2.966   2.984   2.996   3.021 
    3.041   3.083   3.107   3.126   3.143   3.168   3.191   3.246 
    3.259   3.292   3.320   3.320   3.372   3.390   3.396   3.450 
    3.464   3.465   3.493   3.496   3.520   3.545   3.561   3.612 
    3.630   3.639   3.665   3.666   3.711   3.718   3.757   3.771 
    3.808   3.823   3.851   3.873   3.918   3.935   3.938   3.977 
    4.002   4.030   4.040   4.053   4.072   4.078   4.090   4.138 
    4.146   4.153   4.186   4.192   4.225   4.251   4.275   4.296 
    4.334   4.339   4.381   4.397   4.466   4.470   4.497   4.517 
    4.539   4.558   4.564   4.599   4.601   4.612   4.618   4.641 
    4.653   4.676   4.723   4.738   4.759   4.763   4.800   4.806 
    4.854   4.856   4.860   4.959   4.971   4.985   5.005   5.021 
    5.046   5.086   5.124   5.124   5.140   5.180   5.207   5.223 
    5.241   5.319   5.366   5.380   5.391   5.392   5.436   5.455 
    5.488   5.514   5.524   5.543   5.572   5.599   5.616   5.694 
    5.727   5.782   5.786   5.847   5.893   5.904   5.930   5.940 
    5.978   5.981   5.989   6.054   6.064   6.084   6.105   6.140 
    6.199   6.318   6.335   6.399   6.425   6.446   6.546   6.552 
    6.562   6.570   6.679   6.692   6.721   6.746   6.813   6.838 
    6.864   6.890   6.977   6.979   6.997   7.020   7.050   7.061 
    7.076   7.115   7.153   7.198   7.270   7.273   7.310   7.474 
    7.485   7.496   7.686   7.689   7.749   7.797   7.985   8.054 
    8.172   8.231   8.272   8.364   8.427   8.666   8.694   8.741 
    8.793   8.930   8.953   8.988   9.015   9.050   9.063   9.078 
    9.108   9.108   9.134   9.168   9.193   9.193   9.220   9.243 
    9.255   9.270   9.290   9.323   9.371   9.411   9.437   9.458 
    9.505   9.593   9.640   9.708   9.724   9.786   9.802   9.814 
    9.853   9.883   9.900   9.949   9.992  10.004  10.044  10.080 
   10.162  10.244  10.276  10.525  10.744  10.806  10.828  10.994 
   10.994  11.041  11.088  11.172  11.176  11.188  11.228  11.234 
   11.295  11.313  11.373  11.376  11.379  11.423  11.437  11.443 
   11.492  11.526  11.531  11.589  11.628  11.639  11.684  11.753 
   11.821  11.892  11.898  11.913  12.016  12.069  12.094  12.147 
   12.204  12.213  12.234  12.259  12.265  12.292  12.324  12.336 
   12.384  12.388  12.430  12.432  12.455  12.488  12.503  12.541 
   12.547  12.573  12.644  12.671  12.696  12.707  12.731  12.740 
   12.786  12.823  12.824  12.843  12.859  12.892  12.909  12.948 
   12.962  12.988  12.994  13.004  13.053  13.072  13.097  13.136 
   13.165  13.179  13.184  13.227  13.246  13.248  13.322  13.367 
   13.374  13.411  13.446  13.468  13.487  13.502  13.584  13.609 
   13.646  13.658  13.695  13.715  13.747  13.779  13.781  13.801 
   13.846  13.879  13.909  13.998  14.161  14.199  14.253  14.305 
   14.353  14.462  14.522  14.529  14.656  14.663  14.804  14.841 
   14.843  14.852  14.864  14.978  15.002  15.021  15.048  15.094 
   15.098  15.245  15.319  15.370  15.471  15.717  15.791  15.876 
   15.925  15.940  15.988  16.039  16.119  16.192  16.268  16.322 
   16.463  16.555  16.764  16.882  16.901  16.906  16.933  16.943 
   16.951  17.019  17.033  17.051  17.057  17.086  17.093  17.101 
   17.168  17.374  17.401  17.520  17.536  17.536  17.564  17.637 
   17.684  17.697  17.800  18.082  18.129  18.196  18.243  18.267 
   18.460  18.497  18.511  18.641  18.668  18.717  18.763  18.824 
   18.881  18.882  18.977  18.986  19.101  19.121  19.215  19.216 
   19.249  19.307  19.405  19.470  19.904  20.001  20.039  20.060 
   20.187  20.227  20.348  20.431  20.528  20.546  20.695  20.706 
   20.851  21.018  21.094  21.150  21.165  21.281  21.333  21.358 
   23.489  23.695  23.801  23.849  23.940  23.990  24.083  24.133 
   24.236  24.282  24.314  24.334  24.384  24.494  24.501  25.368 
   25.669  25.796  25.807  25.859  25.988  25.998  26.227  29.727 
   30.375  31.452  32.425  32.471  33.065  33.199  33.393  33.418 
   33.426  33.509  34.029  34.352  34.406  34.584  35.159  36.219 
   36.292  36.646  37.170  37.241  37.430  41.419  41.463  41.659 
   41.677  41.813  42.063  61.746  62.908  68.101  68.199  68.234 
   68.984  69.615  91.304  91.438  91.534  91.566  91.659  91.733 
   91.775  91.836  91.853  91.970  92.035  92.057  92.820  92.828 
   92.834  93.029  93.037  93.039  93.229  93.355  93.465  94.966 
   95.075  95.191 135.251 137.065 146.913 286.373 286.465 286.555 
  289.047 289.138 289.229 308.864 311.367 736.659 739.756 1134.507 
  1134.573 1134.637 1137.980 1138.046 1138.110 1848.045 1851.570 4943.205 
  4946.993 14404.390 14408.316 47389.695 47393.684 188464.404 188468.416 1077040.398 
  1077044.417 

Beta occupied
  -20.848 -13.825 -11.479  -1.680  -1.375  -1.149  -1.035  -1.021 
   -0.943  -0.835  -0.816  -0.739  -0.688 

Beta virtual
   -0.124  -0.083  -0.082  -0.076  -0.051  -0.036  -0.035  -0.024 
   -0.020   0.007   0.015   0.026   0.029   0.042   0.043   0.046 
    0.063   0.090   0.094   0.109   0.115   0.121   0.125   0.134 
    0.145   0.149   0.174   0.197   0.203   0.211   0.213   0.229 
    0.231   0.238   0.262   0.263   0.280   0.312   0.318   0.331 
    0.341   0.350   0.373   0.384   0.387   0.399   0.406   0.418 
    0.419   0.433   0.445   0.451   0.451   0.467   0.490   0.498 
    0.499   0.503   0.529   0.531   0.556   0.573   0.578   0.597 
    0.609   0.619   0.620   0.652   0.653   0.719   0.739   0.743 
    0.743   0.768   0.772   0.812   0.827   0.843   0.869   0.881 
    0.916   0.925   0.934   0.952   0.956   0.964   0.987   0.990 
    1.041   1.053   1.054   1.078   1.094   1.103   1.103   1.121 
    1.133   1.139   1.165   1.171   1.189   1.201   1.210   1.213 
    1.223   1.240   1.247   1.260   1.278   1.278   1.303   1.318 
    1.322   1.333   1.344   1.362   1.378   1.407   1.433   1.454 
    1.473   1.479   1.503   1.515   1.523   1.547   1.573   1.588 
    1.593   1.620   1.649   1.653   1.703   1.736   1.737   1.761 
    1.800   1.829   1.838   1.839   1.855   1.882   1.903   1.948 
    1.961   1.999   2.004   2.031   2.037   2.061   2.087   2.093 
    2.113   2.127   2.143   2.175   2.177   2.203   2.245   2.257 
    2.260   2.333   2.337   2.340   2.373   2.396   2.409   2.410 
    2.456   2.465   2.467   2.520   2.533   2.554   2.595   2.596 
    2.632   2.633   2.677   2.724   2.743   2.796   2.823   2.875 
    2.900   2.907   2.948   2.967   2.986   2.994   3.022   3.042 
    3.084   3.109   3.128   3.145   3.168   3.193   3.244   3.261 
    3.290   3.319   3.321   3.365   3.389   3.390   3.445   3.464 
    3.466   3.494   3.497   3.519   3.544   3.561   3.613   3.631 
    3.638   3.663   3.664   3.711   3.718   3.758   3.771   3.805 
    3.821   3.850   3.873   3.916   3.919   3.937   3.977   4.003 
    4.026   4.041   4.054   4.072   4.078   4.089   4.136   4.146 
    4.152   4.187   4.190   4.224   4.250   4.274   4.294   4.333 
    4.339   4.381   4.398   4.466   4.470   4.495   4.516   4.536 
    4.556   4.558   4.598   4.601   4.611   4.616   4.636   4.652 
    4.672   4.723   4.735   4.758   4.758   4.800   4.804   4.845 
    4.846   4.859   4.952   4.967   4.982   5.004   5.014   5.033 
    5.082   5.122   5.122   5.137   5.179   5.198   5.218   5.240 
    5.318   5.356   5.371   5.384   5.389   5.422   5.450   5.485 
    5.510   5.521   5.542   5.570   5.597   5.610   5.693   5.721 
    5.772   5.777   5.846   5.894   5.902   5.931   5.934   5.970 
    5.982   5.985   6.051   6.063   6.084   6.102   6.133   6.188 
    6.312   6.333   6.398   6.425   6.444   6.543   6.552   6.560 
    6.571   6.674   6.689   6.706   6.735   6.813   6.833   6.858 
    6.876   6.975   6.978   6.995   7.019   7.049   7.059   7.075 
    7.114   7.150   7.187   7.245   7.273   7.284   7.442   7.465 
    7.485   7.679   7.687   7.748   7.797   7.978   8.052   8.172 
    8.230   8.272   8.359   8.431   8.668   8.688   8.743   8.793 
    8.932   8.954   8.992   9.016   9.051   9.063   9.081   9.109 
    9.109   9.135   9.170   9.194   9.194   9.222   9.244   9.257 
    9.271   9.291   9.325   9.372   9.412   9.437   9.459   9.506 
    9.594   9.641   9.710   9.725   9.785   9.803   9.814   9.852 
    9.884   9.899   9.949   9.992  10.004  10.044  10.080  10.164 
   10.245  10.276  10.525  10.741  10.791  10.814  10.991  10.992 
   11.039  11.077  11.144  11.171  11.180  11.225  11.225  11.288 
   11.310  11.372  11.375  11.376  11.421  11.431  11.435  11.491 
   11.518  11.528  11.582  11.620  11.638  11.670  11.744  11.818 
   11.888  11.891  11.907  12.013  12.052  12.083  12.133  12.191 
   12.209  12.226  12.252  12.257  12.286  12.310  12.326  12.368 
   12.384  12.424  12.429  12.441  12.484  12.501  12.536  12.545 
   12.563  12.645  12.662  12.696  12.696  12.730  12.739  12.786 
   12.811  12.823  12.837  12.854  12.892  12.906  12.945  12.956 
   12.987  12.993  12.998  13.051  13.072  13.095  13.134  13.164 
   13.170  13.179  13.222  13.239  13.246  13.322  13.366  13.373 
   13.410  13.443  13.468  13.484  13.501  13.582  13.604  13.641 
   13.653  13.689  13.706  13.746  13.775  13.777  13.795  13.845 
   13.879  13.907  13.996  14.147  14.196  14.232  14.303  14.353 
   14.449  14.509  14.519  14.657  14.657  14.796  14.815  14.823 
   14.852  14.858  14.972  14.978  14.985  15.014  15.070  15.074 
   15.236  15.312  15.369  15.467  15.658  15.779  15.866  15.919 
   15.939  15.987  16.038  16.118  16.188  16.266  16.322  16.463 
   16.544  16.763  16.884  16.903  16.908  16.936  16.946  16.954 
   17.021  17.033  17.051  17.057  17.086  17.093  17.101  17.168 
   17.375  17.402  17.520  17.537  17.538  17.565  17.635  17.684 
   17.696  17.800  18.081  18.112  18.176  18.209  18.246  18.457 
   18.497  18.510  18.636  18.664  18.712  18.764  18.823  18.881 
   18.882  18.976  18.986  19.102  19.121  19.215  19.216  19.250 
   19.307  19.405  19.472  19.904  20.000  20.040  20.060  20.184 
   20.224  20.348  20.430  20.526  20.544  20.695  20.706  20.842 
   21.017  21.077  21.147  21.162  21.281  21.333  21.357  23.492 
   23.699  23.802  23.852  23.941  23.993  24.084  24.135  24.240 
   24.285  24.317  24.338  24.385  24.494  24.501  25.363  25.668 
   25.795  25.806  25.860  25.988  25.998  26.228  29.492  30.372 
   31.453  32.295  32.339  33.057  33.063  33.270  33.350  33.394 
   33.415  34.024  34.351  34.385  34.546  35.118  35.977  36.050 
   36.491  37.170  37.241  37.428  41.421  41.466  41.659  41.677 
   41.816  42.063  61.439  62.907  68.103  68.201  68.236  68.986 
   69.617  91.306  91.439  91.534  91.566  91.659  91.734  91.775 
   91.837  91.855  91.970  92.035  92.057  92.773  92.801  92.826 
   92.892  93.029  93.037  93.038  93.048  93.133  94.966  95.075 
   95.191 134.941 137.065 146.914 286.054 286.145 286.235 289.047 
  289.138 289.229 308.602 311.367 736.471 739.756 1134.324 1134.390 
  1134.453 1137.980 1138.046 1138.110 1847.931 1851.570 4943.146 4946.993 
  14404.363 14408.316 47389.686 47393.684 188464.401 188468.416 1077040.398 1077044.417 

  SA 0  : 0 (0.99)    SB 0  : 0 (0.99)
  SA 1  : 2 (1.00)    SB 1  : 1 (1.00)
  SA 2  : 3 (0.27) 6 (0.13) 8 (0.37) 11 (0.13)    SB 2  : 2 (1.00)
  SA 3  : 3 (0.14) 4 (0.18) 10 (0.27) 12 (0.22)    SB 3  : 3 (0.23) 6 (0.12) 8 (0.40) 11 (0.11)
  SA 4  : 5 (0.25) 7 (0.18) 9 (0.19)    SB 4  : 3 (0.17) 4 (0.17) 10 (0.26) 12 (0.21)
  SA 5  : 4 (0.11) 5 (0.25) 6 (0.12) 11 (0.11) 12 (0.38)    SB 5  : 3 (0.11) 5 (0.24) 7 (0.17) 8 (0.12) 9 (0.18)
  SA 6  : 10 (0.57)    SB 6  : 4 (0.14) 5 (0.24) 12 (0.40)
  SA 7  : 3 (0.16) 4 (0.15) 8 (0.38) 9 (0.13)    SB 7  : 10 (0.57)
  SA 8  : 4 (0.31) 6 (0.16) 9 (0.24) 11 (0.16) 12 (0.10)    SB 8  : 3 (0.15) 4 (0.13) 8 (0.35) 9 (0.13)
  SA 9  : 3 (0.27) 6 (0.11) 7 (0.30) 10 (0.12) 11 (0.12)    SB 9  : 4 (0.27) 6 (0.19) 9 (0.25) 11 (0.18)
  SA 10 : 5 (0.11) 7 (0.39) 9 (0.14)    SB 10 : 3 (0.27) 6 (0.12) 7 (0.34) 11 (0.13)
  SA 11 : 5 (0.21) 6 (0.22) 9 (0.26) 11 (0.22)    SB 11 : 5 (0.12) 7 (0.37) 9 (0.15)
  SB 12 : 5 (0.21) 6 (0.23) 9 (0.25) 11 (0.23)

The transition for spin alpha is from 10 (0.00) to 1 (0.98).



  >>> Running UHF-MP2 <<<

MP2 correlation energy (UHF) : -0.7910985435
MP2 total energy       (UHF) : -144.2011030655

