	*********************************************** 
	***** Beginning CEBE Calculation with MOM ***** 
	*****       Calculation Details:          ***** 
	      Geometry:	 /home/am3939/core/calculations/mols/exp/c/h2c-c-ch2.xyz
	      Core Basis:	 pcX-4
	      Full Basis:	 pc-4
	      DIIS (start, space):	 0 50
	      Level shift:	 0
	      Do localization?:	 False
	      Do SFX2C1E?:	 True
	      Freeze orbitals?:	 True
	      Use Cheng orbitals?:	 False
	      Do Special Basis?:	 True
	      Do Special Basis?:	 pcX-4
	*********************************************** 
	*********************************************** 

  >>> Running RHF <<<

init D/C      : minao
init ov       : zeros
no            : 11
nv            : 634
ov_size       : 6974
max_cycle     : 1000
conv          : 6
econv         : 9
method        : gdm
scale_stop    : 0
scale_factor  : 1.000000
init E        : -115.880740994897
init |[F,P]|  : 3.36e-03
init |dE|     : 6.87e-03
check file    : None

iter      total energy   |[F,P]|      |dE|         ∆E   comment
   1    -115.911722591  9.32e-04  1.91e-03  -3.10e-02  BFGS
   2    -115.914556819  2.34e-04  4.90e-04  -2.83e-03  BFGS
   3    -115.914671112  7.45e-05  1.57e-04  -1.14e-04  BFGS
   4    -115.914684601  2.36e-05  4.80e-05  -1.35e-05  BFGS
   5    -115.914687070  8.29e-06  1.75e-05  -2.47e-06  BFGS
   6    -115.914687295  2.22e-06  4.31e-06  -2.25e-07  BFGS
   7    -115.914687316  4.62e-07  9.41e-07  -2.16e-08  BFGS
   8    -115.914687317  1.01e-07  2.11e-07  -7.77e-10  BFGS
                                                                      gdm is converged!

SCF converged : True
final |[F,P]| : 1.01e-07
final |dE|    : 2.11e-07
final Escf    : -175.038318026201
final Etot    : -115.914687317123

  pxp & ewc             :::        0.291 (  0.16%)
  apply B               :::        0.001 (  0.00%)
  linsrch               :::      184.860 ( 99.84%)
  grad                  :::        0.012 (  0.01%)
  Total                 :::      185.165 (100.00%)

Alpha occupied
  -11.263 -11.237 -11.237  -1.074  -0.958  -0.715  -0.628  -0.608 
   -0.608  -0.379  -0.379 

Alpha virtual
    0.052   0.060   0.081   0.081   0.091   0.104   0.104   0.107 
    0.142   0.142   0.150   0.188   0.188   0.191   0.198   0.198 
    0.219   0.234   0.241   0.261   0.285   0.303   0.303   0.324 
    0.342   0.342   0.364   0.376   0.376   0.382   0.382   0.413 
    0.454   0.463   0.463   0.502   0.502   0.506   0.516   0.520 
    0.520   0.552   0.554   0.572   0.572   0.589   0.594   0.599 
    0.604   0.621   0.621   0.630   0.639   0.714   0.714   0.719 
    0.724   0.741   0.743   0.743   0.786   0.803   0.803   0.840 
    0.862   0.877   0.918   0.963   0.963   0.984   1.013   1.067 
    1.070   1.077   1.118   1.118   1.170   1.170   1.170   1.191 
    1.194   1.203   1.203   1.213   1.236   1.236   1.273   1.273 
    1.298   1.301   1.301   1.335   1.373   1.373   1.383   1.402 
    1.404   1.474   1.474   1.474   1.477   1.479   1.535   1.538 
    1.541   1.541   1.592   1.606   1.606   1.649   1.686   1.686 
    1.690   1.697   1.763   1.763   1.834   1.834   1.853   1.853 
    1.894   1.936   1.990   2.034   2.065   2.080   2.080   2.120 
    2.148   2.148   2.203   2.223   2.223   2.242   2.299   2.319 
    2.319   2.353   2.380   2.426   2.434   2.454   2.454   2.488 
    2.488   2.507   2.530   2.536   2.570   2.589   2.595   2.595 
    2.714   2.714   2.787   2.787   2.793   2.797   2.901   2.962 
    2.964   2.964   2.989   3.007   3.007   3.145   3.210   3.218 
    3.243   3.243   3.315   3.366   3.366   3.399   3.493   3.493 
    3.632   3.642   3.642   3.643   3.648   3.658   3.683   3.688 
    3.688   3.700   3.762   3.762   3.806   3.853   3.860   3.891 
    3.891   4.020   4.063   4.063   4.064   4.090   4.107   4.107 
    4.143   4.214   4.220   4.222   4.270   4.293   4.294   4.294 
    4.331   4.331   4.357   4.365   4.365   4.365   4.475   4.483 
    4.527   4.580   4.583   4.617   4.617   4.658   4.666   4.666 
    4.692   4.724   4.765   4.769   4.769   4.805   4.828   4.840 
    4.840   4.858   4.858   4.942   4.942   4.949   4.952   5.058 
    5.083   5.141   5.141   5.172   5.196   5.278   5.295   5.295 
    5.315   5.331   5.331   5.359   5.425   5.477   5.580   5.583 
    5.583   5.603   5.603   5.736   5.747   5.786   5.786   5.819 
    5.845   5.903   5.974   5.974   5.977   6.000   6.000   6.262 
    6.264   6.264   6.272   6.296   6.469   6.486   6.486   6.551 
    6.669   6.719   6.728   6.735   6.821   6.821   6.854   6.873 
    6.873   6.948   6.961   7.039   7.074   7.074   7.223   7.223 
    7.361   7.361   7.386   7.588   7.665   7.674   7.796   7.889 
    7.889   7.906   8.021   8.021   8.266   8.442   8.751   8.751 
    8.880   8.880   8.906   9.056   9.132   9.221   9.283   9.283 
    9.306   9.327   9.327   9.375   9.406   9.424   9.424   9.472 
    9.483   9.499   9.638   9.638   9.773   9.788   9.830   9.912 
    9.912  10.040  10.340  10.381  10.393  10.393  10.754  10.754 
   10.767  10.767  10.843  10.982  10.982  11.029  11.030  11.052 
   11.052  11.092  11.143  11.143  11.237  11.268  11.268  11.279 
   11.282  11.390  11.405  11.439  11.439  11.468  11.486  11.624 
   11.638  11.638  11.690  11.846  11.846  11.853  11.971  11.982 
   12.002  12.002  12.091  12.102  12.102  12.113  12.119  12.178 
   12.178  12.201  12.215  12.227  12.252  12.319  12.337  12.337 
   12.397  12.544  12.544  12.551  12.591  12.678  12.689  12.689 
   12.723  12.758  12.788  12.803  12.803  12.869  12.873  12.874 
   12.923  12.923  12.962  12.962  13.032  13.032  13.043  13.049 
   13.079  13.090  13.113  13.125  13.126  13.126  13.417  13.426 
   13.426  13.459  13.500  13.597  13.704  13.715  13.721  13.721 
   13.741  13.807  13.849  13.849  13.856  13.866  13.945  13.945 
   14.077  14.077  14.140  14.172  14.197  14.207  14.207  14.342 
   14.342  14.521  14.565  14.750  14.750  14.909  14.909  15.059 
   15.171  15.172  15.172  15.202  15.420  15.420  15.544  15.552 
   15.834  15.852  15.863  15.904  15.926  15.926  15.949  15.949 
   16.168  16.600  16.600  16.633  16.901  17.239  17.240  17.240 
   17.242  17.259  17.259  17.264  17.280  17.365  17.557  17.574 
   17.662  17.706  17.706  17.794  17.794  17.851  17.919  18.017 
   18.361  18.361  18.920  18.920  18.966  19.014  19.016  19.051 
   19.255  19.255  19.521  19.521  19.911  20.486  20.486  20.663 
   20.663  20.692  20.695  20.717  20.895  21.101  21.101  21.557 
   21.739  21.772  23.998  23.998  24.058  24.130  24.377  24.377 
   24.564  24.569  25.967  25.981  26.327  26.327  29.285  29.710 
   30.486  32.849  33.004  33.242  33.251  33.335  33.335  33.829 
   33.829  33.987  34.516  34.517  34.778  34.844  34.844  35.781 
   35.781  36.098  36.294  36.294  37.498  37.773  37.773  38.586 
   39.878  41.700  41.742  41.776  41.776  62.161  62.623  63.334 
   91.772  91.772  91.812  91.862  92.020  92.020  92.137  92.147 
   93.173  93.177  93.303  93.303  94.344  94.344  94.673  94.673 
   95.556  95.577  95.810  95.810  97.194 136.348 136.788 137.456 
  288.600 288.600 288.871 288.871 289.558 289.594 289.778 289.778 
  290.896 310.691 311.113 311.744 739.118 739.520 740.117 1137.732 
  1137.732 1137.926 1137.926 1138.407 1138.444 1138.570 1138.570 1139.375 
  1850.976 1851.358 1851.921 4946.444 4946.805 4947.336 14407.818 14408.155 
  14408.651 47393.244 47393.555 47394.011 188468.048 188468.326 188468.734 1077044.149 
  1077044.382 1077044.722 


  >>> Running RHF-MP2 <<<


RMP2-TIMING
  rmp2                  :::      169.264 (100.00%)
  Total                 :::      169.264 (100.00%)

MP2 correlation energy (RHF) : -0.6697706802
MP2 total energy       (RHF) : -116.5844579973


  >>> Running UHF <<<

init D/C      : input mo_coeff
init ov       : zeros
no            : 10 11
nv            : 635 634
ov_size       : 13324
max_cycle     : 1000
conv          : 6
econv         : 9
method        : diis
mom_start     : 0
guess mix     : 0.000000
orb_swap      : [[[0, 10]], []]
init E        : -104.651717030294
init S2       : 0.750000000000114
init |[F,P]|  : 1.38e-02
init |dE|     : 3.59e-02
check file    : None

iter      total energy   |[F,P]|      |dE|         ∆E   S^2   comment
   1    -104.906435090  1.02e-02  2.43e-02  -2.55e-01  0.76  DIIS mom: 9.6/10 10.5/11
   2    -105.230691051  9.83e-04  2.25e-03  -3.24e-01  0.76  DIIS mom: 9.9/10 10.9/11
   3    -105.237536311  4.55e-04  9.89e-04  -6.85e-03  0.77  DIIS mom: 10.0/10 11.0/11
   4    -105.240048384  3.55e-04  7.20e-04  -2.51e-03  0.79  DIIS mom: 10.0/10 11.0/11
   5    -105.243202389  3.20e-04  6.28e-04  -3.15e-03  0.83  DIIS mom: 10.0/10 11.0/11
   6    -105.247205177  2.95e-04  5.82e-04  -4.00e-03  0.91  DIIS mom: 10.0/10 11.0/11
   7    -105.255472433  1.83e-04  3.90e-04  -8.27e-03  1.46  DIIS mom: 9.9/10 11.0/11
   8    -105.254070359  1.96e-04  4.04e-04   1.40e-03  1.17  DIIS mom: 10.0/10 11.0/11
   9    -105.255686327  6.75e-05  1.36e-04  -1.62e-03  1.46  DIIS mom: 10.0/10 11.0/11
  10    -105.255788993  1.64e-05  3.19e-05  -1.03e-04  1.38  DIIS mom: 10.0/10 11.0/11
  11    -105.255798829  5.83e-06  1.16e-05  -9.84e-06  1.41  DIIS mom: 10.0/10 11.0/11
  12    -105.255799960  1.99e-06  3.96e-06  -1.13e-06  1.40  DIIS mom: 10.0/10 11.0/11
  13    -105.255800082  3.23e-07  6.42e-07  -1.22e-07  1.40  DIIS mom: 10.0/10 11.0/11
  14    -105.255800086  8.33e-08  1.73e-07  -3.40e-09  1.40  DIIS mom: 10.0/10 11.0/11
  15    -105.255800086  8.03e-08  1.62e-07   1.50e-11  1.40  DIIS mom: 10.0/10 11.0/11
                                                                      diis is converged!

SCF converged : True
final |[F,P]| : 8.03e-08
final |dE|    : 1.62e-07
final Escf    : -164.379430794625
final Etot    : -105.255800085548
final S2      : 1.39979883263907

  diis prep             :::        0.187 (  0.05%)
  diis extrap           :::        0.168 (  0.04%)
  roothaan              :::        1.145 (  0.28%)
  fock build            :::      406.095 ( 99.63%)
  Total                 :::      407.595 (100.00%)

Alpha occupied
  -11.567 -11.567  -1.399  -1.296  -1.000  -0.944  -0.887  -0.887 
   -0.696  -0.696 

Alpha virtual
  -10.054  -0.127  -0.127  -0.099  -0.072  -0.055  -0.055  -0.045 
   -0.034  -0.027  -0.027   0.014   0.030   0.030   0.039   0.050 
    0.069   0.072   0.072   0.072   0.088   0.107   0.135   0.135 
    0.135   0.169   0.171   0.186   0.186   0.189   0.203   0.203 
    0.219   0.268   0.268   0.271   0.304   0.322   0.322   0.328 
    0.335   0.335   0.342   0.375   0.392   0.392   0.399   0.400 
    0.415   0.418   0.418   0.429   0.442   0.457   0.519   0.519 
    0.520   0.539   0.552   0.552   0.554   0.599   0.604   0.620 
    0.620   0.634   0.661   0.700   0.735   0.735   0.762   0.799 
    0.851   0.858   0.859   0.859   0.863   0.948   0.948   0.963 
    0.964   0.983   0.983   0.989   0.997   1.007   1.012   1.012 
    1.065   1.065   1.081   1.081   1.130   1.155   1.155   1.182 
    1.184   1.202   1.269   1.274   1.275   1.275   1.279   1.315 
    1.317   1.317   1.321   1.370   1.387   1.387   1.424   1.464 
    1.465   1.465   1.471   1.536   1.536   1.607   1.607   1.610 
    1.628   1.641   1.674   1.742   1.783   1.824   1.834   1.834 
    1.874   1.893   1.893   1.950   1.979   1.979   1.997   2.064 
    2.070   2.070   2.095   2.147   2.172   2.177   2.197   2.197 
    2.216   2.216   2.265   2.280   2.295   2.318   2.346   2.350 
    2.350   2.431   2.431   2.518   2.518   2.547   2.549   2.639 
    2.705   2.705   2.707   2.729   2.765   2.765   2.881   2.963 
    2.973   2.993   2.993   3.033   3.125   3.125   3.155   3.242 
    3.242   3.387   3.402   3.402   3.406   3.411   3.426   3.436 
    3.437   3.437   3.451   3.518   3.518   3.563   3.599   3.602 
    3.635   3.635   3.766   3.770   3.810   3.810   3.846   3.856 
    3.856   3.900   3.952   3.978   3.979   3.998   4.033   4.033 
    4.038   4.077   4.077   4.113   4.115   4.115   4.119   4.216 
    4.219   4.270   4.314   4.339   4.354   4.354   4.399   4.401 
    4.401   4.423   4.446   4.484   4.504   4.504   4.521   4.552 
    4.563   4.563   4.595   4.595   4.672   4.672   4.692   4.700 
    4.783   4.784   4.874   4.874   4.889   4.920   4.988   5.034 
    5.034   5.037   5.060   5.060   5.088   5.150   5.204   5.302 
    5.311   5.311   5.336   5.336   5.454   5.456   5.494   5.494 
    5.548   5.550   5.624   5.686   5.686   5.706   5.709   5.709 
    5.984   5.984   5.985   6.002   6.003   6.200   6.200   6.204 
    6.248   6.401   6.455   6.456   6.462   6.494   6.494   6.564 
    6.593   6.593   6.660   6.686   6.748   6.801   6.801   6.942 
    6.942   7.057   7.057   7.091   7.313   7.400   7.400   7.508 
    7.614   7.614   7.631   7.724   7.724   7.941   8.124   8.478 
    8.478   8.624   8.624   8.649   8.801   8.824   8.968   9.025 
    9.025   9.052   9.073   9.073   9.115   9.118   9.174   9.174 
    9.215   9.230   9.234   9.374   9.374   9.505   9.510   9.567 
    9.650   9.650   9.733  10.071  10.092  10.130  10.130  10.415 
   10.415  10.420  10.420  10.513  10.691  10.691  10.733  10.743 
   10.775  10.775  10.823  10.844  10.844  10.942  10.961  10.992 
   11.022  11.022  11.083  11.101  11.124  11.151  11.151  11.202 
   11.302  11.344  11.344  11.409  11.507  11.531  11.531  11.567 
   11.657  11.663  11.663  11.682  11.772  11.772  11.782  11.811 
   11.872  11.872  11.887  11.897  11.937  11.957  11.992  11.992 
   12.027  12.107  12.225  12.225  12.230  12.306  12.366  12.366 
   12.389  12.396  12.417  12.491  12.491  12.498  12.556  12.590 
   12.615  12.623  12.623  12.700  12.700  12.729  12.745  12.745 
   12.782  12.799  12.817  12.836  12.851  12.851  12.857  13.118 
   13.137  13.137  13.160  13.171  13.271  13.376  13.406  13.406 
   13.408  13.437  13.492  13.542  13.542  13.577  13.583  13.665 
   13.665  13.784  13.784  13.849  13.857  13.864  13.922  13.922 
   14.053  14.053  14.206  14.272  14.333  14.333  14.559  14.559 
   14.720  14.794  14.794  14.876  14.908  15.096  15.108  15.108 
   15.226  15.552  15.561  15.590  15.615  15.615  15.629  15.661 
   15.661  15.787  16.270  16.270  16.350  16.602  16.984  16.984 
   16.985  16.988  17.005  17.005  17.009  17.024  17.061  17.259 
   17.318  17.405  17.452  17.452  17.530  17.530  17.587  17.589 
   17.730  18.025  18.025  18.640  18.640  18.704  18.754  18.758 
   18.794  18.993  18.993  19.261  19.261  19.521  20.226  20.226 
   20.402  20.402  20.414  20.429  20.433  20.621  20.836  20.836 
   21.177  21.429  21.503  23.743  23.743  23.802  23.873  24.122 
   24.122  24.309  24.314  25.707  25.719  26.066  26.066  28.903 
   29.397  29.753  31.778  31.934  32.477  32.477  32.919  32.929 
   33.292  33.292  33.323  34.171  34.190  34.364  34.364  34.407 
   35.163  35.163  35.524  35.655  35.655  36.982  37.446  37.446 
   38.124  39.051  41.443  41.485  41.518  41.518  61.546  62.304 
   62.335  91.512  91.512  91.552  91.602  91.759  91.759  91.876 
   91.887  92.647  92.647  92.914  92.916  93.104  93.104  94.154 
   94.154  94.775  95.256  95.450  95.450  95.780 135.227 136.311 
  136.467 285.996 285.996 287.820 288.390 288.390 289.273 289.415 
  289.415 289.505 308.896 310.583 310.792 736.703 738.980 739.201 
  1134.272 1134.272 1135.604 1137.491 1137.491 1138.125 1138.216 1138.216 
  1138.247 1848.095 1850.819 1851.039 4943.260 4946.274 4946.487 14404.449 
  14407.635 14407.837 47389.759 47393.048 47393.237 188464.473 188467.837 188468.009 
  1077040.474 1077043.919 1077044.065 

Beta occupied
  -13.760 -11.549 -11.549  -1.504  -1.272  -1.026  -0.961  -0.951 
   -0.951  -0.767  -0.767 

Beta virtual
   -0.127  -0.127  -0.096  -0.071  -0.046  -0.046  -0.046  -0.032 
   -0.017  -0.017   0.015   0.023   0.023   0.042   0.055   0.072 
    0.073   0.073   0.075   0.085   0.113   0.136   0.136   0.140 
    0.161   0.171   0.190   0.194   0.194   0.207   0.207   0.225 
    0.255   0.255   0.270   0.281   0.322   0.322   0.331   0.338 
    0.338   0.341   0.375   0.389   0.389   0.401   0.405   0.415 
    0.416   0.416   0.429   0.437   0.458   0.519   0.522   0.522 
    0.542   0.555   0.555   0.556   0.600   0.621   0.621   0.624 
    0.624   0.660   0.687   0.750   0.754   0.754   0.799   0.810 
    0.810   0.847   0.858   0.860   0.954   0.954   0.957   0.966 
    0.980   0.980   0.989   0.997   1.004   1.021   1.021   1.068 
    1.068   1.084   1.084   1.135   1.159   1.159   1.184   1.186 
    1.199   1.273   1.274   1.274   1.275   1.277   1.314   1.317 
    1.317   1.319   1.375   1.387   1.387   1.415   1.466   1.466 
    1.468   1.468   1.535   1.535   1.607   1.607   1.614   1.616 
    1.625   1.689   1.727   1.779   1.826   1.826   1.832   1.880 
    1.892   1.892   1.949   1.980   1.980   2.003   2.056   2.069 
    2.071   2.071   2.146   2.169   2.191   2.191   2.193   2.207 
    2.207   2.253   2.280   2.294   2.324   2.346   2.346   2.351 
    2.406   2.406   2.525   2.525   2.547   2.558   2.621   2.715 
    2.715   2.715   2.717   2.766   2.766   2.858   2.968   2.971 
    2.994   2.994   3.021   3.124   3.124   3.153   3.239   3.239 
    3.392   3.401   3.401   3.405   3.411   3.425   3.439   3.439 
    3.440   3.456   3.519   3.519   3.550   3.601   3.607   3.626 
    3.626   3.739   3.765   3.806   3.806   3.844   3.848   3.848 
    3.900   3.950   3.980   3.980   3.986   4.032   4.032   4.034 
    4.057   4.057   4.099   4.104   4.104   4.109   4.212   4.217 
    4.266   4.304   4.335   4.355   4.355   4.401   4.404   4.404 
    4.424   4.446   4.500   4.509   4.509   4.518   4.559   4.559 
    4.565   4.592   4.592   4.679   4.679   4.685   4.701   4.729 
    4.790   4.846   4.873   4.873   4.924   4.952   5.030   5.030 
    5.035   5.057   5.057   5.082   5.148   5.196   5.301   5.301 
    5.311   5.336   5.336   5.444   5.467   5.480   5.480   5.542 
    5.554   5.635   5.682   5.682   5.707   5.710   5.710   5.982 
    5.988   5.988   5.996   6.000   6.205   6.208   6.208   6.233 
    6.399   6.453   6.459   6.459   6.462   6.468   6.560   6.587 
    6.587   6.646   6.686   6.760   6.803   6.803   6.929   6.929 
    7.043   7.043   7.082   7.317   7.400   7.405   7.480   7.613 
    7.613   7.626   7.716   7.716   7.911   8.112   8.476   8.476 
    8.622   8.622   8.647   8.776   8.799   8.966   9.022   9.022 
    9.050   9.071   9.071   9.102   9.117   9.171   9.171   9.215 
    9.226   9.230   9.374   9.374   9.496   9.503   9.562   9.647 
    9.647   9.720  10.069  10.088  10.129  10.129  10.359  10.359 
   10.413  10.413  10.497  10.691  10.691  10.720  10.743  10.779 
   10.779  10.813  10.855  10.855  10.946  10.947  10.994  10.994 
   10.996  11.081  11.099  11.105  11.155  11.155  11.193  11.302 
   11.351  11.351  11.402  11.427  11.529  11.529  11.562  11.587 
   11.639  11.639  11.677  11.773  11.773  11.789  11.816  11.876 
   11.876  11.890  11.908  11.934  11.938  11.986  11.986  11.990 
   12.105  12.220  12.220  12.225  12.306  12.353  12.353  12.372 
   12.398  12.425  12.483  12.483  12.490  12.560  12.574  12.603 
   12.603  12.613  12.699  12.699  12.728  12.743  12.743  12.781 
   12.803  12.818  12.834  12.852  12.852  12.858  13.109  13.140 
   13.140  13.157  13.166  13.272  13.358  13.414  13.414  13.416 
   13.447  13.480  13.542  13.542  13.582  13.584  13.664  13.664 
   13.778  13.778  13.802  13.859  13.862  13.925  13.925  14.052 
   14.052  14.198  14.218  14.218  14.274  14.544  14.544  14.711 
   14.777  14.777  14.865  14.902  15.023  15.104  15.104  15.223 
   15.550  15.553  15.593  15.607  15.607  15.631  15.666  15.666 
   15.731  16.262  16.262  16.346  16.584  16.983  16.983  16.984 
   16.987  17.004  17.004  17.007  17.022  17.061  17.260  17.317 
   17.404  17.451  17.451  17.527  17.527  17.572  17.587  17.724 
   18.006  18.006  18.642  18.642  18.702  18.753  18.758  18.793 
   18.993  18.993  19.261  19.261  19.505  20.226  20.226  20.397 
   20.403  20.403  20.430  20.434  20.620  20.835  20.835  21.134 
   21.423  21.501  23.740  23.740  23.799  23.870  24.119  24.119 
   24.306  24.311  25.705  25.715  26.064  26.064  28.835  29.403 
   29.559  31.620  31.777  32.347  32.347  32.926  32.937  33.250 
   33.273  33.273  34.158  34.196  34.254  34.254  34.400  35.027 
   35.027  35.488  35.631  35.631  36.896  37.446  37.446  38.107 
   38.908  41.440  41.482  41.515  41.515  61.339  62.229  62.308 
   91.510  91.510  91.550  91.600  91.757  91.757  91.874  91.886 
   92.309  92.309  92.912  92.915  93.083  93.083  94.155  94.155 
   94.531  95.258  95.449  95.449  95.674 134.946 136.280 136.469 
  285.676 285.676 287.519 288.391 288.391 289.275 289.415 289.415 
  289.487 308.642 310.574 310.794 736.519 738.977 739.202 1134.088 
  1134.088 1135.423 1137.492 1137.492 1138.126 1138.216 1138.216 1138.245 
  1847.982 1850.818 1851.039 4943.201 4946.274 4946.487 14404.423 14407.635 
  14407.837 47389.750 47393.048 47393.237 188464.471 188467.837 188468.009 1077040.473 
  1077043.919 1077044.065 


  >>> Running UHF-MP2 <<<

MP2 correlation energy (UHF) : -0.6027018042
MP2 total energy       (UHF) : -105.8585018897

