	*********************************************** 
	***** Beginning CEBE Calculation with MOM ***** 
	*****       Calculation Details:          ***** 
	      Geometry:	 /home/am3939/core/calculations/mols/exp/n/h2n-conh2.xyz
	      Core Basis:	 pcX-4
	      Full Basis:	 pc-4
	      DIIS (start, space):	 0 50
	      Level shift:	 0
	      Do localization?:	 True
	      Atoms that were localized?:	 ['N']
	      Do SFX2C1E?:	 True
	      Freeze orbitals?:	 True
	      Use Cheng orbitals?:	 False
	      Do Special Basis?:	 True
	      Do Special Basis?:	 pcX-4
	*********************************************** 
	*********************************************** 

  >>> Running RHF <<<

init D/C      : minao
init ov       : zeros
no            : 16
nv            : 716
ov_size       : 11456
max_cycle     : 1000
conv          : 6
econv         : 9
method        : gdm
scale_stop    : 0
scale_factor  : 1.000000
init E        : -223.965793961863
init |[F,P]|  : 6.27e-03
init |dE|     : 1.47e-02
check file    : None

iter      total energy   |[F,P]|      |dE|         ∆E   comment
   1    -224.024956634  5.09e-03  1.23e-02  -5.92e-02  BFGS
   2    -224.099567681  4.68e-04  1.02e-03  -7.46e-02  BFGS
   3    -224.100642901  1.37e-04  2.83e-04  -1.08e-03  BFGS
   4    -224.100800946  7.02e-05  1.55e-04  -1.58e-04  BFGS
   5    -224.100821495  2.93e-05  6.18e-05  -2.05e-05  BFGS
   6    -224.100825162  6.05e-06  1.23e-05  -3.67e-06  BFGS
   7    -224.100825369  1.59e-06  3.28e-06  -2.08e-07  BFGS
   8    -224.100825384  6.32e-07  1.24e-06  -1.54e-08  BFGS
   9    -224.100825386  1.85e-07  3.84e-07  -1.82e-09  BFGS
  10    -224.100825386  4.50e-08  9.84e-08  -1.38e-10  BFGS
                                                                      gdm is converged!

SCF converged : True
final |[F,P]| : 4.50e-08
final |dE|    : 9.84e-08
final Escf    : -347.94259037375
final Etot    : -224.100825386459

  pxp & ewc             :::        0.503 (  0.09%)
  apply B               :::        0.002 (  0.00%)
  linsrch               :::      557.184 ( 99.91%)
  grad                  :::        0.019 (  0.00%)
  Total                 :::      557.708 (100.00%)

Alpha occupied
  -20.508 -15.583 -15.583 -11.377  -1.389  -1.233  -1.179  -0.823 
   -0.745  -0.732  -0.638  -0.608  -0.601  -0.444  -0.436  -0.419 

Alpha virtual
    0.037   0.058   0.070   0.083   0.099   0.121   0.145   0.148 
    0.153   0.157   0.173   0.188   0.199   0.204   0.221   0.223 
    0.243   0.248   0.263   0.264   0.280   0.282   0.343   0.353 
    0.365   0.385   0.387   0.398   0.412   0.427   0.430   0.441 
    0.470   0.472   0.481   0.502   0.505   0.517   0.530   0.539 
    0.546   0.559   0.570   0.571   0.585   0.603   0.633   0.633 
    0.656   0.666   0.673   0.677   0.707   0.726   0.748   0.752 
    0.767   0.781   0.800   0.801   0.828   0.829   0.833   0.839 
    0.853   0.858   0.869   0.907   0.913   0.929   0.949   0.963 
    0.967   1.034   1.039   1.064   1.101   1.126   1.126   1.158 
    1.179   1.192   1.213   1.216   1.230   1.232   1.247   1.256 
    1.277   1.292   1.300   1.309   1.325   1.326   1.345   1.355 
    1.387   1.397   1.405   1.412   1.425   1.429   1.438   1.468 
    1.483   1.498   1.512   1.522   1.560   1.568   1.601   1.634 
    1.686   1.689   1.692   1.707   1.710   1.741   1.772   1.799 
    1.818   1.839   1.845   1.867   1.919   1.938   1.945   1.956 
    1.983   2.009   2.016   2.059   2.060   2.128   2.132   2.158 
    2.171   2.189   2.234   2.235   2.247   2.262   2.285   2.326 
    2.332   2.353   2.365   2.396   2.430   2.454   2.470   2.500 
    2.517   2.521   2.526   2.570   2.572   2.603   2.618   2.668 
    2.684   2.744   2.755   2.758   2.809   2.854   2.858   2.863 
    2.869   2.918   2.962   2.985   2.999   3.066   3.095   3.144 
    3.157   3.170   3.181   3.216   3.228   3.263   3.266   3.275 
    3.294   3.328   3.364   3.415   3.455   3.473   3.486   3.519 
    3.545   3.549   3.565   3.596   3.616   3.616   3.623   3.657 
    3.667   3.696   3.713   3.739   3.762   3.794   3.825   3.859 
    3.883   3.952   3.967   3.991   4.013   4.014   4.028   4.057 
    4.113   4.134   4.146   4.153   4.170   4.221   4.222   4.248 
    4.263   4.281   4.319   4.358   4.395   4.405   4.412   4.441 
    4.464   4.500   4.503   4.513   4.543   4.568   4.603   4.617 
    4.633   4.684   4.741   4.747   4.755   4.776   4.793   4.802 
    4.824   4.857   4.864   4.943   4.956   4.975   5.012   5.029 
    5.052   5.130   5.146   5.149   5.187   5.271   5.316   5.320 
    5.334   5.352   5.383   5.384   5.442   5.460   5.480   5.481 
    5.515   5.557   5.582   5.599   5.629   5.641   5.684   5.694 
    5.735   5.804   5.807   5.876   5.908   5.926   5.971   6.020 
    6.039   6.062   6.092   6.145   6.146   6.177   6.283   6.290 
    6.303   6.374   6.382   6.415   6.501   6.506   6.530   6.547 
    6.564   6.606   6.620   6.641   6.670   6.741   6.776   6.795 
    6.844   6.847   6.872   6.890   6.920   6.951   6.995   7.014 
    7.108   7.120   7.122   7.149   7.244   7.254   7.275   7.276 
    7.373   7.428   7.445   7.498   7.623   7.655   7.679   7.735 
    7.775   7.785   7.955   7.984   8.190   8.241   8.270   8.277 
    8.288   8.438   8.444   8.508   8.594   8.647   8.654   8.724 
    8.811   8.853   8.890   8.933   8.937   9.001   9.045   9.070 
    9.108   9.155   9.199   9.295   9.373   9.394   9.454   9.470 
    9.496   9.499   9.567   9.571   9.609   9.627   9.647   9.668 
    9.841   9.899   9.960  10.034  10.065  10.088  10.146  10.176 
   10.224  10.256  10.340  10.392  10.407  10.426  10.459  10.491 
   10.631  10.700  10.712  10.886  10.901  10.943  10.964  10.969 
   11.022  11.030  11.189  11.265  11.305  11.406  11.515  11.592 
   11.671  11.679  11.796  11.811  11.937  11.966  11.971  11.982 
   12.001  12.061  12.063  12.079  12.102  12.105  12.142  12.162 
   12.198  12.219  12.233  12.244  12.251  12.263  12.299  12.304 
   12.350  12.380  12.390  12.455  12.563  12.618  12.646  12.712 
   12.727  12.732  12.751  12.774  12.818  12.820  12.856  12.869 
   12.894  12.920  12.949  12.993  13.012  13.021  13.033  13.064 
   13.081  13.116  13.136  13.172  13.182  13.224  13.266  13.285 
   13.362  13.384  13.390  13.422  13.463  13.510  13.531  13.561 
   13.595  13.627  13.711  13.773  13.786  13.832  13.922  13.925 
   13.943  13.965  14.042  14.056  14.151  14.166  14.219  14.234 
   14.366  14.418  14.486  14.546  14.591  14.623  14.668  14.670 
   14.785  14.943  14.987  15.025  15.080  15.323  15.394  15.567 
   15.574  15.598  15.644  15.713  15.778  15.817  15.889  15.889 
   15.939  15.940  15.952  16.013  16.100  16.108  16.262  16.304 
   16.367  16.422  16.468  16.501  16.537  16.588  16.623  16.658 
   16.743  16.888  17.047  17.073  17.123  17.129  17.185  17.192 
   17.196  17.217  17.221  17.227  17.281  17.287  17.301  17.352 
   17.417  17.487  17.491  17.687  17.840  17.851  17.881  17.980 
   18.031  18.036  18.037  18.057  18.122  18.160  18.186  18.227 
   18.275  18.291  18.370  18.415  18.433  18.440  18.551  18.570 
   18.681  18.953  19.022  19.033  19.169  19.202  19.306  19.441 
   19.465  19.485  19.510  19.711  19.788  19.859  19.888  19.995 
   20.145  20.252  20.278  20.338  20.451  20.463  20.876  21.140 
   21.140  21.316  21.342  21.462  21.526  22.097  22.129  22.328 
   22.364  22.601  22.675  22.854  23.047  23.174  23.418  23.707 
   23.721  23.940  24.008  24.038  24.055  24.125  24.192  24.222 
   24.234  24.249  24.262  24.586  24.648  24.971  25.658  27.087 
   27.131  27.431  27.913  27.948  31.343  33.238  33.299  33.690 
   33.771  34.744  35.512  35.679  35.995  41.947  42.008  42.082 
   42.126  45.512  45.606  49.371  49.383  49.504  49.524  49.751 
   49.775  50.298  50.442  50.634  50.733  52.689  52.711  53.942 
   53.979  54.050  54.159  68.164  68.243  68.705  69.097  70.182 
   79.087  91.713  91.728  91.795  91.822  91.866  91.895  91.995 
   92.067  93.660  93.661  93.916  93.923 101.039 101.137 140.433 
  140.452 141.322 141.347 141.374 141.507 146.430 228.671 228.760 
  429.780 429.794 430.500 430.520 430.545 430.649 530.065 530.148 
  1271.740 1271.819 1691.235 1691.245 1691.752 1691.767 1691.786 1691.859 
  3195.627 3195.702 8540.455 8540.526 24825.692 24825.758 81391.712 81391.773 
  322260.212 322260.266 1830824.055 1830824.101 


  >>> Running RHF-MP2 <<<


RMP2-TIMING
  rmp2                  :::      366.327 (100.00%)
  Total                 :::      366.327 (100.00%)

MP2 correlation energy (RHF) : -1.0908274896
MP2 total energy       (RHF) : -225.1916528761


  >>> Running UHF <<<

init D/C      : input mo_coeff
init ov       : zeros
no            : 15 16
nv            : 717 716
ov_size       : 22211
max_cycle     : 1000
conv          : 6
econv         : 9
method        : diis
mom_start     : 0
guess mix     : 0.000000
orb_swap      : [[[1, 15]], []]
init E        : -208.61144731357
init S2       : 0.750000000000094
init |[F,P]|  : 2.18e-02
init |dE|     : 4.16e-02
check file    : None

iter      total energy   |[F,P]|      |dE|         ∆E   S^2   comment
   1    -208.931319521  8.62e-03  1.88e-02  -3.20e-01  0.75  DIIS mom: 14.7/15 15.6/16
   2    -209.171312173  2.35e-03  4.97e-03  -2.40e-01  0.76  DIIS mom: 14.9/15 15.9/16
   3    -209.191984280  3.97e-04  9.56e-04  -2.07e-02  0.76  DIIS mom: 15.0/15 16.0/16
   4    -209.192942389  2.01e-04  4.51e-04  -9.58e-04  0.76  DIIS mom: 15.0/15 16.0/16
   5    -209.193316182  9.45e-05  1.83e-04  -3.74e-04  0.77  DIIS mom: 15.0/15 16.0/16
   6    -209.193452221  3.75e-05  7.27e-05  -1.36e-04  0.77  DIIS mom: 15.0/15 16.0/16
   7    -209.193469905  1.15e-05  2.26e-05  -1.77e-05  0.77  DIIS mom: 15.0/15 16.0/16
   8    -209.193472002  4.63e-06  9.89e-06  -2.10e-06  0.77  DIIS mom: 15.0/15 16.0/16
   9    -209.193472441  3.12e-06  6.74e-06  -4.39e-07  0.77  DIIS mom: 15.0/15 16.0/16
  10    -209.193472817  2.48e-06  5.36e-06  -3.76e-07  0.77  DIIS mom: 15.0/15 16.0/16
  11    -209.193473270  1.82e-06  3.94e-06  -4.54e-07  0.77  DIIS mom: 15.0/15 16.0/16
  12    -209.193473708  8.61e-07  1.85e-06  -4.38e-07  0.77  DIIS mom: 15.0/15 16.0/16
  13    -209.193473792  3.45e-07  7.40e-07  -8.39e-08  0.77  DIIS mom: 15.0/15 16.0/16
  14    -209.193473800  1.50e-07  3.19e-07  -7.94e-09  0.77  DIIS mom: 15.0/15 16.0/16
  15    -209.193473801  5.93e-08  1.27e-07  -9.78e-10  0.77  DIIS mom: 15.0/15 16.0/16
                                                                      diis is converged!

SCF converged : True
final |[F,P]| : 5.93e-08
final |dE|    : 1.27e-07
final Escf    : -333.035238787913
final Etot    : -209.193473800622
final S2      : 0.774109728887982

  diis prep             :::        0.259 (  0.03%)
  diis extrap           :::        0.244 (  0.03%)
  roothaan              :::        1.631 (  0.18%)
  fock build            :::      908.171 ( 99.77%)
  Total                 :::      910.304 (100.00%)

Alpha occupied
  -20.769 -15.810 -11.666  -1.686  -1.581  -1.438  -1.180  -1.137 
   -0.989  -0.962  -0.908  -0.859  -0.775  -0.701  -0.646 

Alpha virtual
  -14.216  -0.140  -0.097  -0.079  -0.064  -0.043  -0.039  -0.024 
   -0.016  -0.007  -0.006   0.003   0.019   0.027   0.034   0.058 
    0.066   0.078   0.085   0.102   0.110   0.120   0.122   0.141 
    0.162   0.177   0.195   0.215   0.223   0.229   0.235   0.243 
    0.250   0.266   0.280   0.286   0.299   0.305   0.322   0.336 
    0.343   0.353   0.366   0.371   0.380   0.395   0.399   0.426 
    0.453   0.456   0.463   0.487   0.491   0.514   0.524   0.543 
    0.551   0.564   0.571   0.595   0.613   0.620   0.633   0.636 
    0.641   0.650   0.661   0.671   0.688   0.711   0.733   0.746 
    0.756   0.769   0.810   0.835   0.859   0.887   0.897   0.910 
    0.938   0.947   0.977   0.985   0.996   1.013   1.021   1.029 
    1.041   1.049   1.064   1.090   1.102   1.105   1.116   1.120 
    1.137   1.171   1.175   1.185   1.192   1.203   1.208   1.228 
    1.248   1.265   1.277   1.289   1.304   1.336   1.354   1.386 
    1.405   1.433   1.447   1.463   1.469   1.501   1.524   1.537 
    1.553   1.581   1.595   1.625   1.636   1.689   1.710   1.728 
    1.732   1.761   1.782   1.785   1.825   1.835   1.880   1.893 
    1.916   1.935   1.947   1.981   2.000   2.003   2.026   2.041 
    2.069   2.103   2.110   2.127   2.166   2.188   2.205   2.226 
    2.243   2.277   2.280   2.300   2.325   2.345   2.359   2.373 
    2.409   2.445   2.483   2.496   2.522   2.553   2.585   2.617 
    2.619   2.627   2.679   2.707   2.735   2.757   2.805   2.846 
    2.864   2.904   2.911   2.935   2.951   2.975   2.983   3.021 
    3.026   3.054   3.072   3.107   3.165   3.185   3.221   3.227 
    3.265   3.281   3.304   3.307   3.325   3.334   3.366   3.394 
    3.412   3.425   3.444   3.466   3.487   3.510   3.531   3.574 
    3.600   3.613   3.679   3.698   3.714   3.730   3.764   3.777 
    3.798   3.824   3.842   3.886   3.911   3.915   3.946   3.965 
    3.976   4.015   4.032   4.061   4.090   4.118   4.121   4.153 
    4.180   4.204   4.236   4.256   4.258   4.287   4.316   4.347 
    4.360   4.382   4.423   4.472   4.480   4.494   4.521   4.538 
    4.549   4.577   4.593   4.607   4.673   4.700   4.710   4.752 
    4.772   4.797   4.860   4.885   4.893   4.933   5.007   5.040 
    5.060   5.072   5.097   5.107   5.125   5.172   5.200   5.206 
    5.237   5.250   5.305   5.311   5.337   5.362   5.385   5.418 
    5.447   5.480   5.530   5.550   5.599   5.644   5.672   5.703 
    5.730   5.795   5.805   5.835   5.866   5.884   5.925   5.985 
    6.032   6.051   6.104   6.123   6.160   6.238   6.245   6.258 
    6.282   6.315   6.335   6.348   6.375   6.407   6.474   6.487 
    6.518   6.568   6.585   6.603   6.635   6.657   6.671   6.697 
    6.772   6.828   6.853   6.855   6.880   6.958   6.984   6.991 
    7.030   7.103   7.162   7.188   7.216   7.342   7.362   7.387 
    7.450   7.515   7.526   7.664   7.714   7.842   7.947   7.968 
    8.010   8.027   8.107   8.195   8.209   8.307   8.343   8.372 
    8.421   8.529   8.548   8.603   8.619   8.669   8.689   8.735 
    8.797   8.815   8.884   8.922   8.983   9.054   9.090   9.115 
    9.141   9.166   9.249   9.259   9.284   9.316   9.353   9.398 
    9.420   9.542   9.598   9.688   9.701   9.791   9.804   9.850 
    9.893   9.919   9.964  10.027  10.093  10.112  10.166  10.187 
   10.236  10.338  10.382  10.447  10.583  10.623  10.649  10.687 
   10.700  10.752  10.761  10.894  10.996  11.021  11.123  11.263 
   11.313  11.398  11.407  11.520  11.553  11.616  11.637  11.673 
   11.689  11.715  11.737  11.754  11.798  11.814  11.825  11.856 
   11.869  11.897  11.932  11.946  11.959  11.982  11.989  12.004 
   12.043  12.078  12.099  12.111  12.178  12.276  12.320  12.361 
   12.437  12.454  12.478  12.487  12.503  12.526  12.543  12.567 
   12.582  12.609  12.656  12.669  12.676  12.699  12.735  12.764 
   12.783  12.818  12.841  12.859  12.877  12.930  12.943  12.953 
   13.020  13.073  13.097  13.130  13.152  13.175  13.225  13.264 
   13.293  13.309  13.361  13.427  13.472  13.510  13.568  13.614 
   13.631  13.676  13.709  13.743  13.780  13.869  13.902  13.938 
   13.953  14.099  14.132  14.187  14.266  14.279  14.349  14.375 
   14.424  14.507  14.595  14.685  14.747  14.827  15.032  15.103 
   15.250  15.268  15.312  15.366  15.423  15.443  15.529  15.556 
   15.593  15.642  15.655  15.697  15.725  15.765  15.842  15.924 
   15.999  16.023  16.123  16.152  16.189  16.259  16.299  16.323 
   16.382  16.463  16.590  16.698  16.704  16.805  16.825  16.835 
   16.863  16.907  16.915  16.929  16.968  16.993  17.010  17.053 
   17.072  17.108  17.171  17.252  17.371  17.508  17.541  17.597 
   17.632  17.664  17.707  17.779  17.816  17.821  17.842  17.885 
   17.904  17.958  18.009  18.014  18.042  18.113  18.161  18.199 
   18.289  18.389  18.624  18.669  18.707  18.803  18.887  18.990 
   19.096  19.194  19.204  19.275  19.402  19.476  19.592  19.632 
   19.718  19.787  19.832  20.028  20.058  20.088  20.244  20.563 
   20.619  20.912  20.948  21.063  21.120  21.281  21.496  21.860 
   21.896  22.125  22.133  22.410  22.449  22.554  22.814  23.065 
   23.206  23.481  23.623  23.658  23.701  23.795  23.802  23.819 
   23.873  23.943  23.997  24.038  24.205  24.407  24.713  25.397 
   26.689  26.896  27.172  27.477  27.716  31.088  32.977  33.012 
   33.433  33.491  34.454  35.221  35.405  35.728  41.551  41.685 
   41.767  41.892  44.466  45.335  48.010  48.147  48.400  48.997 
   49.152  49.284  49.317  49.545  50.147  50.457  51.316  52.472 
   52.584  52.720  53.738  53.877  67.904  67.983  68.445  68.839 
   69.923  78.799  91.299  91.388  91.451  91.511  91.590  91.606 
   91.664  91.820  93.238  93.443  93.500  93.703  99.344 100.862 
  138.139 139.030 139.127 140.215 141.110 141.213 146.172 226.179 
  228.489 426.395 427.119 427.197 429.559 430.287 430.366 526.781 
  529.879 1267.802 1271.552 1686.924 1687.446 1687.502 1691.012 1691.535 
  1691.592 3191.233 3195.437 8535.789 8540.263 24820.884 24825.497 81386.840 
  81391.515 322255.313 322260.011 1830819.145 1830823.850 

Beta occupied
  -20.767 -18.497 -15.810 -11.665  -1.757  -1.604  -1.440  -1.221 
   -1.186  -1.035  -0.989  -0.912  -0.859  -0.785  -0.701  -0.642 

Beta virtual
   -0.148  -0.102  -0.079  -0.065  -0.043  -0.040  -0.023  -0.016 
   -0.010  -0.006   0.002   0.019   0.024   0.029   0.058   0.067 
    0.078   0.085   0.098   0.110   0.119   0.121   0.138   0.165 
    0.176   0.194   0.214   0.221   0.226   0.233   0.242   0.248 
    0.260   0.280   0.286   0.298   0.304   0.321   0.334   0.342 
    0.352   0.365   0.369   0.380   0.394   0.396   0.426   0.452 
    0.455   0.462   0.486   0.491   0.512   0.522   0.543   0.547 
    0.564   0.569   0.593   0.614   0.619   0.634   0.637   0.641 
    0.648   0.660   0.671   0.691   0.711   0.734   0.744   0.755 
    0.769   0.809   0.835   0.860   0.887   0.898   0.911   0.937 
    0.947   0.978   0.983   0.994   1.014   1.021   1.027   1.040 
    1.049   1.064   1.090   1.101   1.104   1.114   1.119   1.136 
    1.169   1.172   1.185   1.190   1.203   1.206   1.227   1.247 
    1.263   1.272   1.289   1.303   1.336   1.354   1.385   1.404 
    1.422   1.445   1.462   1.468   1.501   1.523   1.537   1.550 
    1.580   1.594   1.626   1.637   1.689   1.710   1.728   1.733 
    1.761   1.782   1.785   1.825   1.836   1.882   1.894   1.917 
    1.936   1.946   1.978   1.999   2.000   2.025   2.040   2.067 
    2.101   2.109   2.125   2.166   2.188   2.202   2.221   2.240 
    2.275   2.280   2.300   2.324   2.345   2.358   2.373   2.404 
    2.445   2.473   2.496   2.522   2.547   2.581   2.617   2.620 
    2.626   2.678   2.705   2.733   2.757   2.802   2.845   2.864 
    2.901   2.911   2.934   2.948   2.969   2.983   3.019   3.025 
    3.054   3.073   3.106   3.164   3.182   3.221   3.223   3.265 
    3.279   3.303   3.308   3.323   3.336   3.366   3.394   3.408 
    3.425   3.442   3.465   3.487   3.509   3.523   3.569   3.596 
    3.603   3.667   3.691   3.711   3.726   3.762   3.774   3.797 
    3.821   3.826   3.882   3.909   3.914   3.943   3.960   3.975 
    4.011   4.031   4.062   4.091   4.109   4.113   4.150   4.179 
    4.200   4.233   4.253   4.255   4.286   4.316   4.345   4.358 
    4.381   4.423   4.472   4.480   4.494   4.521   4.538   4.548 
    4.578   4.593   4.607   4.673   4.698   4.710   4.751   4.772 
    4.797   4.859   4.884   4.894   4.931   5.006   5.039   5.059 
    5.071   5.096   5.103   5.124   5.169   5.200   5.206   5.236 
    5.249   5.304   5.311   5.336   5.360   5.385   5.418   5.447 
    5.480   5.524   5.549   5.592   5.641   5.671   5.701   5.726 
    5.794   5.805   5.834   5.862   5.882   5.924   5.976   6.031 
    6.049   6.100   6.122   6.159   6.237   6.245   6.255   6.282 
    6.314   6.333   6.346   6.374   6.405   6.472   6.483   6.515 
    6.566   6.584   6.602   6.633   6.655   6.667   6.695   6.771 
    6.823   6.851   6.854   6.879   6.957   6.980   6.989   7.028 
    7.100   7.162   7.186   7.211   7.334   7.357   7.381   7.448 
    7.514   7.524   7.657   7.712   7.826   7.939   7.960   8.006 
    8.026   8.085   8.194   8.200   8.303   8.324   8.365   8.410 
    8.521   8.527   8.580   8.614   8.663   8.674   8.726   8.795 
    8.808   8.880   8.919   8.956   9.021   9.069   9.116   9.141 
    9.164   9.248   9.259   9.284   9.315   9.352   9.396   9.420 
    9.530   9.587   9.663   9.697   9.784   9.803   9.843   9.882 
    9.910   9.964  10.023  10.092  10.110  10.162  10.186  10.235 
   10.332  10.374  10.447  10.571  10.622  10.647  10.687  10.700 
   10.752  10.761  10.890  10.996  11.017  11.122  11.264  11.313 
   11.397  11.408  11.519  11.554  11.609  11.633  11.670  11.687 
   11.712  11.734  11.752  11.794  11.813  11.822  11.855  11.867 
   11.893  11.931  11.943  11.957  11.982  11.988  12.005  12.042 
   12.078  12.097  12.111  12.176  12.274  12.315  12.358  12.437 
   12.453  12.478  12.488  12.503  12.524  12.543  12.564  12.582 
   12.608  12.655  12.669  12.675  12.699  12.735  12.762  12.783 
   12.817  12.840  12.858  12.877  12.928  12.941  12.951  13.018 
   13.071  13.096  13.130  13.151  13.174  13.223  13.263  13.291 
   13.309  13.360  13.426  13.469  13.510  13.568  13.611  13.628 
   13.676  13.709  13.742  13.778  13.868  13.902  13.936  13.953 
   14.099  14.132  14.182  14.265  14.278  14.349  14.374  14.424 
   14.506  14.590  14.681  14.746  14.827  15.030  15.100  15.241 
   15.264  15.311  15.364  15.420  15.433  15.524  15.549  15.588 
   15.638  15.654  15.694  15.720  15.763  15.838  15.917  15.987 
   16.018  16.117  16.148  16.186  16.258  16.298  16.321  16.381 
   16.460  16.583  16.675  16.698  16.802  16.824  16.835  16.863 
   16.905  16.914  16.924  16.967  16.991  17.010  17.050  17.070 
   17.102  17.170  17.251  17.359  17.490  17.538  17.595  17.631 
   17.661  17.707  17.773  17.808  17.819  17.837  17.873  17.897 
   17.946  17.991  18.006  18.037  18.082  18.159  18.197  18.286 
   18.382  18.591  18.634  18.707  18.800  18.879  18.987  19.081 
   19.192  19.204  19.275  19.401  19.470  19.587  19.630  19.708 
   19.722  19.831  20.028  20.054  20.085  20.243  20.517  20.550 
   20.909  20.942  21.049  21.118  21.279  21.413  21.805  21.892 
   22.057  22.125  22.362  22.427  22.491  22.795  23.031  23.137 
   23.477  23.614  23.639  23.695  23.795  23.802  23.819  23.875 
   23.942  23.997  24.038  24.203  24.407  24.714  25.396  26.683 
   26.896  27.172  27.462  27.716  31.089  32.978  33.013  33.434 
   33.491  34.454  35.221  35.406  35.729  41.550  41.684  41.767 
   41.892  44.135  45.334  47.839  47.977  48.230  48.821  49.134 
   49.155  49.291  49.541  50.146  50.457  50.975  52.263  52.399 
   52.474  53.738  53.876  67.905  67.984  68.445  68.839  69.923 
   78.799  91.300  91.389  91.452  91.511  91.591  91.608  91.664 
   91.821  93.239  93.443  93.501  93.703  98.964 100.862 137.722 
  138.616 138.714 140.215 141.110 141.212 146.172 225.821 228.489 
  426.035 426.761 426.839 429.559 430.287 430.366 526.497 529.879 
  1267.608 1271.552 1686.722 1687.245 1687.301 1691.012 1691.535 1691.592 
  3191.120 3195.437 8535.731 8540.263 24820.859 24825.497 81386.831 81391.515 
  322255.310 322260.011 1830819.144 1830823.850 

  SA 0  : 0 (0.99)    SB 0  : 0 (0.99)
  SA 1  : 2 (0.99)    SB 1  : 1 (0.99)
  SA 2  : 3 (1.00)    SB 2  : 2 (0.99)
  SA 3  : 4 (0.14) 5 (0.31) 7 (0.14) 8 (0.11) 15 (0.14)    SB 3  : 3 (1.00)
  SA 4  : 4 (0.21) 7 (0.11) 8 (0.15) 15 (0.21)    SB 4  : 5 (0.30) 6 (0.12) 7 (0.22) 8 (0.21)
  SA 5  : 5 (0.22) 6 (0.20) 9 (0.20) 10 (0.22)    SB 5  : 4 (0.30) 11 (0.11) 13 (0.10) 15 (0.30)
  SA 6  : 5 (0.27) 6 (0.18) 8 (0.32)    SB 6  : 5 (0.26) 6 (0.17) 9 (0.19) 10 (0.22)
  SA 7  : 7 (0.53) 8 (0.36)    SB 7  : 5 (0.24) 6 (0.22) 8 (0.35)
  SA 8  : 6 (0.21) 10 (0.45) 13 (0.15)    SB 8  : 7 (0.55) 8 (0.31)
  SA 9  : 14 (0.76)    SB 9  : 14 (0.83)
  SA 10 : 6 (0.14) 9 (0.64) 10 (0.12)    SB 10 : 6 (0.25) 10 (0.45) 13 (0.16)
  SA 11 : 4 (0.16) 11 (0.35) 13 (0.21)    SB 11 : 6 (0.11) 9 (0.67) 10 (0.15)
  SA 12 : 4 (0.24) 12 (0.31) 15 (0.30)    SB 12 : 4 (0.16) 11 (0.38) 13 (0.20)
  SA 13 : 11 (0.40) 13 (0.45)    SB 13 : 4 (0.26) 12 (0.34) 15 (0.31)
  SA 14 : 4 (0.18) 12 (0.60) 15 (0.16)    SB 14 : 11 (0.40) 13 (0.46)
  SB 15 : 4 (0.19) 12 (0.58) 15 (0.17)

The transition for spin alpha is from 13 (0.01) to 1 (1.00).



  >>> Running UHF-MP2 <<<

MP2 correlation energy (UHF) : -1.0713245716
MP2 total energy       (UHF) : -210.2647983722

