	*********************************************** 
	***** Beginning CEBE Calculation with MOM ***** 
	*****       Calculation Details:          ***** 
	      Geometry:	 /home/am3939/core/calculations/mols/exp/c/ch3-c-ho.xyz
	      Core Basis:	 ccX-5Z
	      Full Basis:	 cc-pV5Z
	      DIIS (start, space):	 14 50
	      Level shift:	 0
	      Do localization?:	 False
	      Do SFX2C1E?:	 True
	      Freeze orbitals?:	 True
	      Use Cheng orbitals?:	 False
	      Do Special Basis?:	 True
	      Do Special Basis?:	 ccX-5Z
	*********************************************** 
	*********************************************** 

  >>> Running RHF <<<

init D/C      : minao
init ov       : zeros
no            : 12
nv            : 683
ov_size       : 8196
max_cycle     : 1000
conv          : 6
econv         : 9
method        : gdm
scale_stop    : 0
scale_factor  : 1.000000
init E        : -152.869329787716
init |[F,P]|  : 5.68e-03
init |dE|     : 1.57e-02
check file    : None

iter      total energy   |[F,P]|      |dE|         ∆E   comment
   1    -152.910992273  4.96e-03  1.47e-02  -4.17e-02  BFGS
   2    -152.987558139  4.53e-04  1.14e-03  -7.66e-02  BFGS
   3    -152.988733356  1.42e-04  3.64e-04  -1.18e-03  BFGS
   4    -152.988964712  7.14e-05  1.83e-04  -2.31e-04  BFGS
   5    -152.988990325  2.96e-05  7.47e-05  -2.56e-05  BFGS
   6    -152.988994911  4.58e-06  1.02e-05  -4.59e-06  BFGS
   7    -152.988995038  1.38e-06  3.26e-06  -1.27e-07  BFGS
   8    -152.988995049  3.02e-07  6.86e-07  -1.05e-08  BFGS
   9    -152.988995049  6.79e-08  1.63e-07  -4.50e-10  BFGS
                                                                      gdm is converged!

SCF converged : True
final |[F,P]| : 6.79e-08
final |dE|    : 1.63e-07
final Escf    : -222.97554292904
final Etot    : -152.988995049445

  pxp & ewc             :::        0.782 (  0.20%)
  apply B               :::        0.002 (  0.00%)
  linsrch               :::      383.641 ( 99.79%)
  grad                  :::        0.026 (  0.01%)
  Total                 :::      384.451 (100.00%)

Alpha occupied
  -20.556 -11.334 -11.239  -1.393  -1.027  -0.804  -0.677  -0.626 
   -0.609  -0.564  -0.504  -0.428 

Alpha virtual
    0.072   0.078   0.088   0.096   0.113   0.125   0.127   0.150 
    0.170   0.173   0.214   0.264   0.290   0.302   0.319   0.336 
    0.345   0.369   0.383   0.392   0.425   0.435   0.456   0.472 
    0.476   0.511   0.516   0.566   0.589   0.599   0.630   0.649 
    0.700   0.709   0.722   0.736   0.751   0.772   0.780   0.806 
    0.835   0.858   0.876   0.876   0.898   0.916   0.933   0.935 
    0.957   0.960   0.977   1.001   1.015   1.032   1.060   1.090 
    1.114   1.159   1.203   1.241   1.308   1.310   1.363   1.374 
    1.391   1.422   1.428   1.456   1.458   1.512   1.556   1.575 
    1.575   1.584   1.638   1.659   1.663   1.713   1.722   1.745 
    1.755   1.805   1.831   1.840   1.848   1.866   1.898   1.899 
    1.904   1.911   1.934   1.942   2.001   2.013   2.046   2.062 
    2.102   2.107   2.123   2.138   2.181   2.197   2.230   2.256 
    2.302   2.305   2.309   2.341   2.372   2.414   2.445   2.467 
    2.495   2.515   2.558   2.567   2.611   2.628   2.679   2.691 
    2.730   2.737   2.829   2.851   2.902   2.947   2.964   3.018 
    3.080   3.133   3.171   3.217   3.221   3.248   3.254   3.279 
    3.318   3.339   3.341   3.398   3.425   3.458   3.490   3.519 
    3.549   3.567   3.691   3.716   3.728   3.797   3.798   3.822 
    3.853   3.858   3.901   3.950   3.951   3.963   4.002   4.004 
    4.079   4.089   4.119   4.135   4.142   4.178   4.182   4.235 
    4.256   4.273   4.286   4.303   4.322   4.379   4.383   4.417 
    4.441   4.455   4.493   4.540   4.616   4.652   4.654   4.668 
    4.730   4.734   4.758   4.797   4.800   4.815   4.850   4.871 
    4.896   4.949   4.969   5.016   5.029   5.066   5.078   5.145 
    5.145   5.177   5.197   5.204   5.219   5.268   5.305   5.330 
    5.380   5.389   5.429   5.473   5.502   5.523   5.535   5.551 
    5.612   5.656   5.706   5.738   5.806   5.814   5.834   5.844 
    5.884   5.908   5.977   6.019   6.048   6.095   6.128   6.166 
    6.188   6.192   6.235   6.253   6.257   6.343   6.381   6.435 
    6.540   6.696   6.713   6.724   6.795   6.841   6.912   7.007 
    7.133   7.136   7.140   7.182   7.217   7.234   7.290   7.311 
    7.362   7.378   7.446   7.492   7.508   7.515   7.613   7.638 
    7.669   7.695   7.717   7.779   7.780   7.845   7.870   7.965 
    7.986   8.066   8.176   8.231   8.396   8.402   8.457   8.530 
    8.586   8.621   8.624   8.642   8.828   8.875   8.957   9.026 
    9.105   9.236   9.270   9.321   9.370   9.420   9.440   9.501 
    9.517   9.599   9.707   9.770   9.829   9.890   9.902   9.920 
   10.014  10.036  10.139  10.150  10.159  10.206  10.305  10.320 
   10.372  10.432  10.437  10.480  10.573  10.613  10.620  10.683 
   10.694  10.794  10.828  10.829  10.848  10.863  11.016  11.124 
   11.195  11.226  11.228  11.291  11.343  11.377  11.551  11.627 
   11.686  11.739  11.778  11.796  11.828  11.887  11.911  12.145 
   12.341  12.425  12.563  12.590  12.623  12.644  12.736  12.743 
   12.764  12.803  12.809  12.823  12.830  12.853  12.874  12.908 
   12.941  12.993  13.001  13.044  13.078  13.086  13.212  13.227 
   13.306  13.322  13.337  13.355  13.446  13.464  13.506  13.538 
   13.551  13.594  13.624  13.638  13.663  13.663  13.719  13.871 
   13.881  13.904  13.942  14.015  14.091  14.097  14.149  14.187 
   14.188  14.218  14.228  14.247  14.286  14.298  14.332  14.339 
   14.370  14.398  14.421  14.445  14.492  14.514  14.528  14.574 
   14.619  14.625  14.667  14.749  14.803  14.811  14.816  14.919 
   14.955  14.959  14.996  15.047  15.058  15.170  15.217  15.419 
   15.516  15.543  15.617  15.640  15.746  15.768  15.811  15.868 
   16.037  16.041  16.092  16.148  16.211  16.269  16.323  16.381 
   16.515  16.528  16.812  16.837  16.899  16.922  17.006  17.211 
   17.425  17.541  17.637  17.710  17.811  17.932  17.963  18.029 
   18.060  18.412  18.444  18.483  18.550  18.564  18.581  18.602 
   18.603  18.762  18.775  18.802  18.876  18.911  18.948  19.031 
   19.160  19.178  19.211  19.391  19.452  19.524  19.535  19.567 
   19.567  19.630  19.768  19.837  19.849  20.056  20.172  20.385 
   21.146  21.260  21.440  21.786  21.895  22.160  22.341  22.487 
   23.325  23.476  23.820  24.350  24.509  24.859  38.301  38.581 
   38.995  39.026  39.091  39.643  39.802  39.861  39.954  39.966 
   40.126  40.291  40.335  40.391  40.440  40.529  40.666  40.689 
   40.815  40.837  40.967  41.056  41.207  41.518  41.774  41.903 
   41.914  42.040  42.370  42.536  52.277  52.663  64.230  86.904 
   86.911  86.936  86.941  86.950  86.959  87.018  87.049  87.051 
   87.093  87.096  87.099  87.107  87.120  87.147  87.206  87.216 
   87.220  89.435  90.137  90.217  90.267  90.331  90.516 107.511 
  107.688 108.038 108.085 108.148 108.662 108.720 108.866 108.923 
  108.944 112.565 112.951 129.980 130.015 130.060 130.170 130.253 
  130.358 130.373 130.409 130.415 130.479 130.541 130.561 130.835 
  131.146 209.818 210.447 210.526 210.569 210.624 210.771 247.788 
  248.159 251.577 251.577 251.578 251.579 251.579 251.582 251.582 
  251.585 251.585 251.590 251.590 251.678 251.678 251.679 251.679 
  251.679 251.679 251.679 251.679 251.679 251.680 251.680 276.366 
  276.502 276.793 276.831 276.873 277.287 277.304 277.408 277.500 
  277.518 310.956 310.959 310.968 310.970 310.973 310.975 310.997 
  311.029 311.033 311.069 311.071 311.086 311.086 311.093 311.097 
  311.124 311.129 311.131 396.248 396.266 396.292 396.357 396.407 
  396.479 396.503 396.509 396.530 396.563 396.601 396.609 396.722 
  396.940 537.840 538.388 538.465 538.497 538.548 538.661 598.806 
  599.183 706.915 707.020 707.264 707.293 707.313 707.641 707.652 
  707.726 707.821 707.836 1738.400 1738.899 1738.975 1739.001 1739.049 
  1739.145 2327.233 2327.872 


  >>> Running RHF-MP2 <<<


RMP2-TIMING
  rmp2                  :::      376.478 (100.00%)
  Total                 :::      376.478 (100.00%)

MP2 correlation energy (RHF) : -0.7681388979
MP2 total energy       (RHF) : -153.7571339473


  >>> Running UHF <<<

init D/C      : input mo_coeff
init ov       : zeros
no            : 11 12
nv            : 684 683
ov_size       : 15720
max_cycle     : 1000
conv          : 6
econv         : 9
method        : diis
mom_start     : 0
guess mix     : 0.000000
orb_swap      : [[[1, 11]], []]
init E        : -141.65533207702
init S2       : 0.750000000000092
init |[F,P]|  : 1.22e-02
init |dE|     : 3.29e-02
check file    : None

iter      total energy   |[F,P]|      |dE|         ∆E   S^2   comment
   1    -141.922760006  7.94e-03  2.05e-02  -2.67e-01  0.76  DIIS mom: 10.7/11 11.6/12
   2    -141.996110825  6.04e-03  1.65e-02  -7.34e-02  0.76  DIIS mom: 10.8/11 11.8/12
   3    -142.013160568  5.76e-03  1.63e-02  -1.70e-02  0.77  DIIS mom: 10.9/11 11.8/12
   4    -142.034647079  5.20e-03  1.52e-02  -2.15e-02  0.78  DIIS mom: 10.8/11 11.9/12
   5    -142.048140330  5.04e-03  1.46e-02  -1.35e-02  0.79  DIIS mom: 10.9/11 11.9/12
   6    -142.067059362  4.62e-03  1.37e-02  -1.89e-02  0.80  DIIS mom: 10.9/11 11.9/12
   7    -142.082821992  4.40e-03  1.28e-02  -1.58e-02  0.82  DIIS mom: 10.9/11 11.9/12
   8    -142.101770719  3.97e-03  1.18e-02  -1.89e-02  0.84  DIIS mom: 10.9/11 11.9/12
   9    -142.118704730  3.66e-03  1.07e-02  -1.69e-02  0.86  DIIS mom: 10.9/11 11.9/12
  10    -142.136686318  3.21e-03  9.54e-03  -1.80e-02  0.89  DIIS mom: 10.9/11 11.9/12
  11    -142.152540825  2.83e-03  8.33e-03  -1.59e-02  0.93  DIIS mom: 11.0/11 11.9/12
  12    -142.167384265  2.38e-03  7.06e-03  -1.48e-02  0.96  DIIS mom: 11.0/11 12.0/12
  13    -142.179488853  1.99e-03  5.86e-03  -1.21e-02  1.01  DIIS mom: 11.0/11 12.0/12
  14    -142.189328008  3.49e-04  8.72e-04  -9.84e-03  0.83  DIIS mom: 11.0/11 12.0/12
  15    -142.183245965  1.08e-03  3.39e-03   6.08e-03  0.84  DIIS mom: 11.0/11 12.0/12
  16    -142.201685642  5.35e-04  1.58e-03  -1.84e-02  1.08  DIIS mom: 11.0/11 12.0/12
  17    -142.170941282  9.04e-04  2.95e-03   3.07e-02  0.75  DIIS mom: 10.9/11 11.9/12
  18    -142.202440830  6.93e-04  2.05e-03  -3.15e-02  1.46  DIIS mom: 10.8/11 11.7/12
  19    -142.197765829  9.39e-04  3.03e-03   4.68e-03  1.08  DIIS mom: 11.0/11 12.0/12
  20    -142.208329996  1.78e-04  4.31e-04  -1.06e-02  1.26  DIIS mom: 11.0/11 12.0/12
  21    -142.197472745  5.63e-04  1.65e-03   1.09e-02  0.97  DIIS mom: 11.0/11 12.0/12
  22    -142.208830786  9.36e-05  2.72e-04  -1.14e-02  1.31  DIIS mom: 11.0/11 12.0/12
  23    -142.208259828  2.18e-04  6.67e-04   5.71e-04  1.26  DIIS mom: 11.0/11 12.0/12
  24    -142.208526540  1.67e-04  5.06e-04  -2.67e-04  1.27  DIIS mom: 11.0/11 12.0/12
  25    -142.208880277  3.61e-05  9.06e-05  -3.54e-04  1.33  DIIS mom: 11.0/11 12.0/12
  26    -142.208795940  6.16e-05  1.53e-04   8.43e-05  1.35  DIIS mom: 11.0/11 12.0/12
  27    -142.208906046  1.73e-05  4.26e-05  -1.10e-04  1.32  DIIS mom: 11.0/11 12.0/12
  28    -142.208914899  1.12e-05  2.97e-05  -8.85e-06  1.31  DIIS mom: 11.0/11 12.0/12
  29    -142.208916908  1.14e-06  2.93e-06  -2.01e-06  1.31  DIIS mom: 11.0/11 12.0/12
  30    -142.208916909  7.08e-07  1.78e-06  -1.24e-09  1.31  DIIS mom: 11.0/11 12.0/12
  31    -142.208916929  1.41e-07  3.45e-07  -1.98e-08  1.31  DIIS mom: 11.0/11 12.0/12
  32    -142.208916929  1.12e-07  2.74e-07  -9.67e-11  1.31  DIIS mom: 11.0/11 12.0/12
                                                                      diis is converged!

SCF converged : True
final |[F,P]| : 1.12e-07
final |dE|    : 2.74e-07
final Escf    : -212.195464808282
final Etot    : -142.208916928687
final S2      : 1.31417619497494

  diis prep             :::        0.773 (  0.05%)
  diis extrap           :::        1.651 (  0.10%)
  roothaan              :::        5.493 (  0.33%)
  fock build            :::     1645.414 ( 99.52%)
  Total                 :::     1653.331 (100.00%)

Alpha occupied
  -20.975 -11.513  -1.831  -1.330  -1.151  -1.058  -0.987  -0.978 
   -0.821  -0.820  -0.795 

Alpha virtual
  -10.202  -0.194  -0.103  -0.072  -0.065  -0.064  -0.032  -0.023 
   -0.019  -0.004   0.006   0.038   0.086   0.099   0.112   0.134 
    0.145   0.158   0.174   0.185   0.188   0.225   0.229   0.239 
    0.247   0.252   0.288   0.290   0.327   0.356   0.366   0.407 
    0.448   0.476   0.489   0.497   0.506   0.523   0.564   0.582 
    0.595   0.610   0.610   0.651   0.660   0.664   0.677   0.695 
    0.711   0.744   0.762   0.769   0.772   0.782   0.803   0.836 
    0.867   0.884   0.926   0.979   1.018   1.032   1.060   1.109 
    1.132   1.152   1.170   1.182   1.207   1.214   1.257   1.309 
    1.309   1.330   1.335   1.385   1.418   1.437   1.449   1.476 
    1.493   1.513   1.559   1.584   1.594   1.602   1.603   1.614 
    1.649   1.655   1.670   1.689   1.705   1.744   1.764   1.804 
    1.816   1.831   1.831   1.861   1.883   1.935   1.945   1.987 
    2.009   2.052   2.072   2.089   2.092   2.118   2.177   2.211 
    2.232   2.248   2.263   2.274   2.309   2.339   2.391   2.427 
    2.433   2.465   2.481   2.558   2.601   2.628   2.706   2.710 
    2.746   2.797   2.848   2.891   2.894   2.941   2.956   2.987 
    3.001   3.014   3.062   3.064   3.124   3.141   3.167   3.202 
    3.243   3.272   3.274   3.411   3.450   3.455   3.518   3.531 
    3.549   3.569   3.596   3.629   3.692   3.697   3.701   3.733 
    3.734   3.796   3.842   3.843   3.848   3.881   3.916   3.918 
    3.926   3.969   3.977   4.008   4.026   4.053   4.093   4.096 
    4.112   4.154   4.159   4.167   4.245   4.316   4.346   4.367 
    4.428   4.452   4.503   4.509   4.515   4.544   4.574   4.591 
    4.608   4.626   4.684   4.700   4.739   4.748   4.804   4.814 
    4.854   4.880   4.900   4.912   4.954   4.977   4.986   5.025 
    5.032   5.107   5.140   5.157   5.204   5.241   5.258   5.279 
    5.311   5.353   5.415   5.439   5.472   5.507   5.544   5.573 
    5.575   5.616   5.640   5.707   5.733   5.779   5.796   5.801 
    5.877   5.903   5.916   5.955   5.971   5.983   6.054   6.088 
    6.157   6.261   6.409   6.419   6.420   6.469   6.541   6.610 
    6.696   6.800   6.821   6.886   6.899   6.899   6.911   6.995 
    6.999   7.061   7.067   7.107   7.180   7.186   7.208   7.283 
    7.329   7.353   7.378   7.432   7.455   7.482   7.605   7.611 
    7.660   7.678   7.748   7.864   7.917   8.083   8.140   8.154 
    8.216   8.278   8.306   8.323   8.346   8.508   8.515   8.572 
    8.667   8.736   8.866   8.927   8.972   9.042   9.119   9.135 
    9.188   9.208   9.283   9.353   9.421   9.541   9.560   9.607 
    9.622   9.714   9.742   9.815   9.819   9.823   9.928   9.970 
   10.007  10.071  10.130  10.146  10.156  10.217  10.253  10.341 
   10.355  10.371  10.430  10.457  10.469  10.528  10.564  10.726 
   10.753  10.832  10.913  10.922  10.968  11.031  11.110  11.243 
   11.279  11.382  11.436  11.482  11.516  11.525  11.549  11.585 
   11.781  11.947  12.006  12.270  12.307  12.347  12.405  12.417 
   12.422  12.506  12.513  12.531  12.552  12.572  12.607  12.607 
   12.644  12.652  12.718  12.743  12.745  12.820  12.832  12.856 
   12.894  12.981  12.985  13.060  13.086  13.110  13.146  13.236 
   13.267  13.284  13.308  13.350  13.371  13.377  13.416  13.435 
   13.568  13.578  13.596  13.660  13.772  13.821  13.822  13.859 
   13.879  13.896  13.899  13.921  13.930  13.948  13.977  14.021 
   14.077  14.087  14.095  14.143  14.178  14.190  14.256  14.273 
   14.299  14.327  14.336  14.407  14.430  14.498  14.521  14.560 
   14.623  14.675  14.694  14.708  14.752  14.792  14.805  14.886 
   15.132  15.155  15.253  15.254  15.325  15.438  15.474  15.536 
   15.624  15.689  15.749  15.784  15.836  15.890  15.972  15.988 
   16.014  16.242  16.284  16.406  16.454  16.578  16.655  16.703 
   16.836  17.076  17.292  17.382  17.451  17.473  17.664  17.685 
   17.745  17.791  18.028  18.113  18.182  18.197  18.226  18.258 
   18.304  18.316  18.372  18.446  18.481  18.513  18.562  18.613 
   18.707  18.714  18.763  18.814  18.896  19.066  19.129  19.138 
   19.215  19.310  19.319  19.395  19.428  19.467  19.582  19.851 
   19.907  20.716  20.815  21.115  21.435  21.647  21.904  21.935 
   22.086  22.827  23.059  23.433  23.716  23.988  24.583  37.106 
   37.380  37.901  38.598  38.643  38.744  38.815  39.020  39.069 
   39.298  39.305  39.341  39.515  39.518  39.683  39.709  39.762 
   40.313  40.513  40.553  40.635  40.690  40.705  40.744  40.967 
   41.345  41.422  41.631  41.666  42.208  51.049  52.381  63.822 
   85.525  85.537  85.547  85.559  85.564  85.576  85.629  85.705 
   85.723  86.773  86.780  86.820  86.820  86.846  86.849  86.932 
   86.949  86.951  87.726  88.457  88.654  89.947  90.049  90.106 
  105.635 105.806 106.295 106.822 106.977 107.758 107.817 108.374 
  108.651 108.674 110.747 112.664 128.118 128.129 128.196 128.321 
  128.410 128.529 128.939 130.081 130.087 130.105 130.145 130.254 
  130.261 130.873 207.381 208.034 208.215 210.254 210.342 210.386 
  245.283 247.873 249.545 249.545 249.547 249.547 249.549 249.550 
  249.551 249.551 249.552 249.552 249.552 251.402 251.402 251.403 
  251.404 251.404 251.405 251.406 251.408 251.408 251.412 251.412 
  273.786 273.918 274.307 274.713 274.818 276.514 276.561 277.003 
  277.227 277.247 308.539 308.544 308.546 308.551 308.552 308.556 
  308.575 308.605 308.610 310.795 310.797 310.811 310.811 310.820 
  310.821 310.851 310.858 310.860 393.463 393.470 393.511 393.577 
  393.631 393.691 393.920 396.223 396.225 396.238 396.259 396.320 
  396.324 396.668 534.673 535.239 535.396 538.192 538.267 538.302 
  595.596 598.898 703.657 703.761 704.063 704.380 704.461 706.987 
  707.023 707.369 707.548 707.564 1734.638 1735.153 1735.297 1738.701 
  1738.769 1738.800 2323.473 2327.575 

Beta occupied
  -20.942 -13.897 -11.509  -1.800  -1.381  -1.198  -1.058  -1.014 
   -0.997  -0.821  -0.800  -0.782 

Beta virtual
   -0.170  -0.114  -0.073  -0.065  -0.064  -0.035  -0.024  -0.022 
   -0.004   0.007   0.034   0.079   0.085   0.108   0.132   0.137 
    0.137   0.171   0.176   0.183   0.225   0.229   0.241   0.253 
    0.268   0.275   0.288   0.323   0.346   0.368   0.406   0.449 
    0.452   0.481   0.496   0.509   0.522   0.562   0.581   0.586 
    0.593   0.604   0.627   0.649   0.660   0.679   0.688   0.713 
    0.744   0.760   0.771   0.772   0.781   0.802   0.837   0.866 
    0.887   0.926   0.978   1.020   1.044   1.060   1.114   1.128 
    1.153   1.170   1.176   1.209   1.212   1.255   1.303   1.304 
    1.332   1.334   1.396   1.409   1.439   1.459   1.467   1.490 
    1.511   1.544   1.577   1.583   1.600   1.607   1.613   1.636 
    1.657   1.664   1.670   1.704   1.721   1.758   1.803   1.809 
    1.822   1.825   1.867   1.877   1.933   1.944   1.982   2.009 
    2.049   2.073   2.088   2.091   2.119   2.176   2.208   2.233 
    2.243   2.259   2.268   2.308   2.331   2.390   2.428   2.434 
    2.464   2.481   2.567   2.603   2.628   2.700   2.704   2.747 
    2.802   2.858   2.888   2.928   2.933   2.973   3.000   3.001 
    3.013   3.067   3.068   3.128   3.139   3.174   3.209   3.245 
    3.269   3.274   3.412   3.448   3.449   3.504   3.523   3.542 
    3.566   3.587   3.629   3.678   3.692   3.697   3.719   3.726 
    3.775   3.827   3.838   3.839   3.843   3.876   3.907   3.919 
    3.941   3.941   4.003   4.021   4.045   4.086   4.090   4.106 
    4.149   4.154   4.160   4.239   4.310   4.364   4.369   4.425 
    4.453   4.500   4.509   4.526   4.538   4.571   4.587   4.609 
    4.623   4.683   4.700   4.732   4.734   4.793   4.812   4.848 
    4.876   4.890   4.910   4.948   4.977   4.980   5.022   5.025 
    5.100   5.141   5.157   5.200   5.244   5.255   5.278   5.311 
    5.349   5.417   5.436   5.466   5.510   5.546   5.572   5.575 
    5.617   5.633   5.700   5.724   5.784   5.797   5.807   5.880 
    5.898   5.915   5.959   5.967   5.981   6.057   6.086   6.154 
    6.263   6.402   6.422   6.426   6.472   6.543   6.617   6.690 
    6.802   6.832   6.890   6.894   6.904   6.913   7.005   7.006 
    7.069   7.070   7.114   7.181   7.197   7.208   7.297   7.330 
    7.356   7.391   7.433   7.468   7.484   7.604   7.611   7.668 
    7.680   7.744   7.862   7.909   8.080   8.144   8.150   8.222 
    8.240   8.316   8.317   8.347   8.418   8.522   8.569   8.636 
    8.712   8.846   8.904   8.927   9.039   9.116   9.136   9.184 
    9.202   9.284   9.317   9.432   9.534   9.551   9.601   9.620 
    9.705   9.736   9.778   9.804   9.815   9.925   9.937   9.994 
   10.054  10.118  10.133  10.149  10.183  10.235  10.328  10.341 
   10.352  10.411  10.438  10.453  10.522  10.558  10.716  10.735 
   10.817  10.904  10.904  10.950  11.031  11.108  11.242  11.268 
   11.370  11.432  11.456  11.503  11.526  11.549  11.581  11.767 
   11.897  11.988  12.263  12.307  12.347  12.405  12.415  12.422 
   12.507  12.513  12.530  12.551  12.571  12.606  12.606  12.641 
   12.649  12.709  12.737  12.741  12.814  12.814  12.855  12.885 
   12.970  12.974  13.060  13.075  13.109  13.146  13.235  13.267 
   13.283  13.307  13.350  13.371  13.374  13.415  13.434  13.563 
   13.580  13.593  13.661  13.771  13.823  13.824  13.859  13.887 
   13.902  13.916  13.931  13.934  13.948  13.978  14.023  14.080 
   14.084  14.095  14.143  14.179  14.187  14.256  14.269  14.288 
   14.329  14.333  14.408  14.422  14.501  14.519  14.560  14.616 
   14.674  14.693  14.706  14.746  14.792  14.804  14.885  15.125 
   15.151  15.246  15.257  15.323  15.441  15.472  15.535  15.625 
   15.699  15.743  15.798  15.834  15.897  15.978  15.987  16.014 
   16.249  16.283  16.426  16.455  16.580  16.654  16.703  16.834 
   17.077  17.288  17.374  17.452  17.471  17.650  17.685  17.742 
   17.790  18.046  18.083  18.127  18.213  18.232  18.266  18.277 
   18.302  18.356  18.458  18.494  18.502  18.561  18.619  18.633 
   18.707  18.795  18.846  18.861  19.085  19.124  19.154  19.195 
   19.310  19.316  19.395  19.456  19.473  19.559  19.830  19.903 
   20.742  20.784  21.114  21.440  21.647  21.905  21.969  22.118 
   22.773  23.092  23.438  23.512  23.996  24.583  36.955  37.231 
   37.759  38.456  38.507  38.739  38.796  38.813  38.971  39.148 
   39.226  39.263  39.412  39.434  39.671  39.709  39.713  40.281 
   40.512  40.544  40.561  40.688  40.694  40.705  40.896  41.218 
   41.419  41.632  41.666  42.206  50.737  52.381  63.833  85.458 
   85.470  85.484  85.493  85.497  85.509  85.565  85.644  85.663 
   86.774  86.781  86.821  86.821  86.847  86.850  86.933  86.949 
   86.952  87.427  88.167  88.366  89.947  90.049  90.104 105.430 
  105.603 106.093 106.623 106.779 107.758 107.818 108.374 108.651 
  108.674 110.434 112.664 127.986 127.997 128.064 128.189 128.280 
  128.396 128.810 130.081 130.087 130.106 130.145 130.254 130.262 
  130.874 207.096 207.753 207.934 210.254 210.342 210.386 245.004 
  247.874 249.473 249.473 249.476 249.476 249.479 249.479 249.480 
  249.481 249.481 249.483 249.483 251.402 251.403 251.403 251.404 
  251.404 251.406 251.406 251.408 251.408 251.412 251.412 273.585 
  273.717 274.106 274.513 274.619 276.514 276.561 277.003 277.228 
  277.247 308.428 308.432 308.436 308.440 308.441 308.445 308.464 
  308.496 308.500 310.795 310.797 310.811 310.812 310.820 310.821 
  310.851 310.858 310.860 393.306 393.313 393.354 393.420 393.475 
  393.534 393.764 396.223 396.225 396.238 396.259 396.320 396.324 
  396.668 534.449 535.017 535.174 538.192 538.267 538.302 595.373 
  598.898 703.492 703.596 703.898 704.216 704.297 706.987 707.023 
  707.369 707.548 707.564 1734.506 1735.022 1735.165 1738.701 1738.769 
  1738.800 2323.351 2327.575 


  >>> Running UHF-MP2 <<<

MP2 correlation energy (UHF) : -0.6966554686
MP2 total energy       (UHF) : -142.9055723972

