	*********************************************** 
	***** Beginning CEBE Calculation with MOM ***** 
	*****       Calculation Details:          ***** 
	      Geometry:	 /home/am3939/core/calculations/mols/exp/n/m-n-h2pyridine.xyz
	      Core Basis:	 ccX-5Z
	      Full Basis:	 cc-pV5Z
	      DIIS (start, space):	 0 50
	      Level shift:	 0
	      Do localization?:	 False
	      Do SFX2C1E?:	 True
	      Freeze orbitals?:	 True
	      Use Cheng orbitals?:	 False
	      Do Special Basis?:	 True
	      Do Special Basis?:	 ccX-5Z
	*********************************************** 
	*********************************************** 

  >>> Running RHF <<<

init D/C      : minao
init ov       : zeros
no            : 25
nv            : 1144
ov_size       : 28600
max_cycle     : 1000
conv          : 6
econv         : 9
method        : gdm
scale_stop    : 0
scale_factor  : 1.000000
init E        : -301.762028391637
init |[F,P]|  : 2.75e-03
init |dE|     : 6.13e-03
check file    : None

iter      total energy   |[F,P]|      |dE|         ∆E   comment
   1    -301.840033218  1.18e-03  2.56e-03  -7.80e-02  BFGS
   2    -301.851213343  4.76e-04  1.01e-03  -1.12e-02  BFGS
   3    -301.852761610  9.49e-05  2.15e-04  -1.55e-03  BFGS
   4    -301.852851253  4.26e-05  9.00e-05  -8.96e-05  BFGS
   5    -301.852872367  1.34e-05  2.92e-05  -2.11e-05  BFGS
   6    -301.852876497  5.10e-06  1.10e-05  -4.13e-06  BFGS
   7    -301.852877071  2.66e-06  5.83e-06  -5.74e-07  BFGS
   8    -301.852877259  1.12e-06  2.48e-06  -1.88e-07  BFGS
   9    -301.852877285  5.58e-07  1.21e-06  -2.56e-08  BFGS
  10    -301.852877288  1.80e-07  3.83e-07  -3.44e-09  BFGS
  11    -301.852877288  4.58e-08  1.05e-07  -3.91e-10  BFGS
                                                                      gdm is converged!

SCF converged : True
final |[F,P]| : 4.58e-08
final |dE|    : 1.05e-07
final Escf    : -576.921215302898
final Etot    : -301.852877288494

  pxp & ewc             :::        1.483 (  0.08%)
  apply B               :::        0.004 (  0.00%)
  linsrch               :::     1934.440 ( 99.92%)
  grad                  :::        0.063 (  0.00%)
  Total                 :::     1935.991 (100.00%)

Alpha occupied
  -15.572 -15.563 -11.282 -11.262 -11.256 -11.245 -11.239  -1.262 
   -1.218  -1.073  -1.009  -0.866  -0.843  -0.717  -0.708  -0.675 
   -0.625  -0.603  -0.572  -0.560  -0.528  -0.480  -0.416  -0.374 
   -0.308 

Alpha virtual
    0.074   0.094   0.099   0.104   0.119   0.125   0.128   0.145 
    0.160   0.167   0.174   0.194   0.197   0.220   0.224   0.240 
    0.245   0.259   0.272   0.284   0.292   0.303   0.325   0.343 
    0.345   0.349   0.359   0.366   0.373   0.385   0.397   0.410 
    0.417   0.422   0.427   0.431   0.460   0.471   0.474   0.484 
    0.486   0.497   0.508   0.524   0.531   0.547   0.557   0.560 
    0.579   0.585   0.602   0.605   0.609   0.617   0.628   0.646 
    0.651   0.656   0.681   0.697   0.709   0.721   0.731   0.731 
    0.756   0.769   0.782   0.800   0.805   0.813   0.821   0.833 
    0.835   0.854   0.858   0.865   0.890   0.894   0.919   0.930 
    0.935   0.955   0.969   0.983   0.987   0.995   1.005   1.010 
    1.015   1.018   1.030   1.045   1.047   1.062   1.068   1.077 
    1.085   1.093   1.100   1.110   1.119   1.130   1.139   1.168 
    1.183   1.189   1.207   1.212   1.227   1.246   1.254   1.271 
    1.282   1.290   1.299   1.302   1.330   1.334   1.339   1.353 
    1.356   1.388   1.406   1.429   1.442   1.454   1.462   1.494 
    1.531   1.536   1.547   1.552   1.560   1.567   1.593   1.599 
    1.618   1.620   1.631   1.645   1.647   1.658   1.663   1.675 
    1.683   1.694   1.707   1.714   1.728   1.736   1.748   1.765 
    1.767   1.795   1.803   1.813   1.829   1.838   1.855   1.860 
    1.876   1.886   1.887   1.931   1.950   1.964   1.966   1.973 
    1.987   1.999   2.001   2.022   2.027   2.032   2.032   2.051 
    2.067   2.091   2.095   2.109   2.117   2.124   2.132   2.137 
    2.145   2.150   2.184   2.186   2.203   2.210   2.220   2.225 
    2.242   2.248   2.275   2.278   2.290   2.307   2.313   2.329 
    2.342   2.355   2.363   2.374   2.378   2.401   2.423   2.437 
    2.448   2.481   2.489   2.507   2.519   2.523   2.564   2.565 
    2.586   2.607   2.616   2.619   2.633   2.641   2.653   2.662 
    2.694   2.712   2.722   2.763   2.764   2.793   2.807   2.830 
    2.851   2.860   2.879   2.896   2.900   2.908   2.931   2.937 
    2.959   2.966   2.976   2.998   3.006   3.016   3.030   3.073 
    3.102   3.112   3.120   3.133   3.160   3.188   3.204   3.214 
    3.229   3.239   3.262   3.265   3.275   3.280   3.306   3.323 
    3.329   3.372   3.379   3.396   3.414   3.421   3.434   3.445 
    3.456   3.470   3.484   3.501   3.518   3.522   3.555   3.574 
    3.596   3.600   3.621   3.628   3.654   3.689   3.699   3.713 
    3.718   3.734   3.750   3.760   3.788   3.790   3.806   3.822 
    3.842   3.851   3.858   3.877   3.886   3.925   3.927   3.935 
    3.950   3.970   3.981   3.998   4.016   4.022   4.036   4.051 
    4.058   4.072   4.094   4.106   4.129   4.141   4.147   4.161 
    4.171   4.210   4.218   4.225   4.230   4.244   4.256   4.265 
    4.281   4.290   4.305   4.338   4.347   4.353   4.361   4.373 
    4.386   4.406   4.418   4.433   4.442   4.455   4.469   4.502 
    4.511   4.529   4.541   4.553   4.563   4.589   4.600   4.632 
    4.640   4.665   4.670   4.698   4.716   4.724   4.735   4.746 
    4.753   4.762   4.780   4.787   4.803   4.816   4.824   4.831 
    4.870   4.878   4.885   4.902   4.917   4.931   4.943   4.968 
    4.983   4.994   5.005   5.018   5.032   5.045   5.061   5.085 
    5.106   5.109   5.125   5.127   5.148   5.164   5.175   5.181 
    5.188   5.199   5.220   5.229   5.246   5.263   5.287   5.291 
    5.297   5.307   5.324   5.350   5.361   5.380   5.386   5.400 
    5.414   5.446   5.452   5.458   5.484   5.513   5.534   5.545 
    5.561   5.583   5.587   5.598   5.621   5.649   5.673   5.680 
    5.698   5.721   5.728   5.750   5.780   5.794   5.817   5.835 
    5.849   5.864   5.875   5.887   5.901   5.934   5.936   5.954 
    5.971   5.994   5.999   6.016   6.032   6.053   6.060   6.096 
    6.117   6.130   6.159   6.195   6.203   6.214   6.232   6.254 
    6.265   6.280   6.294   6.315   6.369   6.390   6.404   6.419 
    6.456   6.493   6.509   6.546   6.557   6.561   6.587   6.603 
    6.618   6.638   6.643   6.697   6.717   6.743   6.769   6.772 
    6.792   6.814   6.824   6.841   6.853   6.893   6.901   6.922 
    7.003   7.033   7.057   7.087   7.108   7.130   7.142   7.159 
    7.174   7.176   7.201   7.267   7.297   7.325   7.376   7.389 
    7.412   7.458   7.487   7.505   7.516   7.576   7.590   7.595 
    7.624   7.679   7.698   7.789   7.847   7.859   7.898   7.937 
    7.944   7.964   8.024   8.044   8.084   8.092   8.101   8.112 
    8.137   8.159   8.181   8.206   8.241   8.308   8.340   8.344 
    8.377   8.378   8.401   8.414   8.454   8.461   8.475   8.496 
    8.532   8.547   8.581   8.612   8.633   8.672   8.701   8.729 
    8.745   8.764   8.792   8.804   8.813   8.871   8.883   8.911 
    8.914   8.951   8.981   9.000   9.012   9.020   9.032   9.054 
    9.077   9.082   9.107   9.130   9.160   9.195   9.210   9.231 
    9.242   9.289   9.331   9.353   9.362   9.392   9.423   9.476 
    9.494   9.533   9.553   9.577   9.596   9.634   9.651   9.684 
    9.734   9.778   9.790   9.826   9.864   9.883   9.903   9.949 
    9.977  10.021  10.061  10.076  10.094  10.107  10.140  10.162 
   10.218  10.239  10.246  10.267  10.275  10.287  10.309  10.314 
   10.339  10.384  10.389  10.403  10.424  10.441  10.467  10.482 
   10.508  10.513  10.548  10.562  10.566  10.624  10.644  10.677 
   10.716  10.735  10.743  10.772  10.787  10.832  10.874  10.903 
   10.939  10.946  10.985  10.986  11.031  11.052  11.073  11.087 
   11.106  11.117  11.166  11.174  11.186  11.213  11.223  11.246 
   11.273  11.303  11.310  11.336  11.346  11.370  11.378  11.420 
   11.437  11.446  11.466  11.478  11.490  11.515  11.536  11.558 
   11.594  11.625  11.641  11.656  11.687  11.720  11.733  11.773 
   11.777  11.800  11.842  11.896  11.927  11.978  12.004  12.027 
   12.028  12.071  12.115  12.144  12.151  12.192  12.232  12.261 
   12.287  12.294  12.353  12.384  12.406  12.439  12.454  12.487 
   12.534  12.571  12.583  12.595  12.623  12.629  12.665  12.683 
   12.692  12.711  12.722  12.744  12.749  12.763  12.775  12.797 
   12.815  12.827  12.836  12.854  12.856  12.865  12.872  12.896 
   12.902  12.915  12.935  12.951  12.955  12.967  12.987  13.012 
   13.012  13.036  13.063  13.095  13.112  13.151  13.165  13.180 
   13.219  13.235  13.255  13.289  13.293  13.328  13.342  13.376 
   13.407  13.418  13.464  13.500  13.524  13.535  13.564  13.569 
   13.602  13.618  13.631  13.646  13.660  13.680  13.701  13.724 
   13.734  13.738  13.756  13.786  13.806  13.832  13.846  13.878 
   13.893  13.934  13.947  13.952  13.982  14.000  14.004  14.012 
   14.034  14.050  14.059  14.063  14.079  14.114  14.134  14.157 
   14.167  14.191  14.206  14.223  14.227  14.233  14.263  14.281 
   14.283  14.300  14.329  14.344  14.360  14.370  14.393  14.415 
   14.424  14.436  14.441  14.449  14.468  14.488  14.515  14.533 
   14.547  14.567  14.606  14.624  14.641  14.699  14.715  14.734 
   14.772  14.790  14.820  14.827  14.862  14.869  14.887  14.907 
   14.917  14.954  14.977  14.999  15.018  15.056  15.079  15.095 
   15.140  15.162  15.175  15.178  15.213  15.251  15.309  15.311 
   15.382  15.398  15.433  15.450  15.464  15.471  15.547  15.594 
   15.600  15.616  15.671  15.683  15.711  15.726  15.780  15.810 
   15.827  15.890  15.918  15.967  16.004  16.109  16.131  16.159 
   16.178  16.212  16.255  16.338  16.347  16.367  16.407  16.492 
   16.529  16.548  16.617  16.660  16.672  16.696  16.722  16.768 
   16.778  16.842  16.889  16.955  16.962  17.047  17.072  17.132 
   17.196  17.339  17.362  17.391  17.500  17.544  17.583  17.638 
   17.688  17.702  17.764  17.871  17.909  17.964  17.986  18.014 
   18.093  18.095  18.159  18.189  18.220  18.270  18.299  18.329 
   18.371  18.492  18.512  18.672  18.694  18.751  18.876  18.935 
   18.988  19.009  19.173  19.205  19.386  19.503  19.645  19.754 
   19.983  20.329  20.523  20.617  20.888  20.998  21.049  21.135 
   21.137  21.422  21.490  21.781  22.232  23.741  23.942  26.517 
   26.783  27.170  27.972  28.006  28.268  33.456  33.643  39.971 
   41.174  41.647  42.248  42.830  53.883  54.039  54.131  54.174 
   54.297  54.453  54.469  54.532  54.641  54.646  54.704  54.726 
   54.777  54.817  54.828  54.936  55.017  55.051  55.086  55.570 
   55.593  55.644  55.972  56.126  56.539  56.843  57.159  57.893 
   57.928  58.039  72.050  72.189 100.462 100.470 100.476 100.495 
  100.502 100.510 100.517 100.519 100.524 100.526 100.569 100.582 
  100.607 100.614 100.620 100.666 100.727 100.729 125.491 125.658 
  125.985 126.477 126.490 126.603 150.543 150.795 150.858 150.917 
  150.986 151.183 151.500 151.564 151.682 152.026 155.349 155.452 
  173.433 173.512 173.629 173.680 173.699 173.757 173.760 173.808 
  173.822 173.963 173.985 174.029 174.040 174.442 294.365 294.505 
  294.797 295.244 295.252 295.349 320.678 320.678 320.683 320.683 
  320.683 320.683 320.687 320.687 320.688 320.689 320.689 320.690 
  320.691 320.692 320.692 320.692 320.693 320.695 320.697 320.697 
  320.701 320.701 342.017 342.139 373.487 373.489 373.489 373.494 
  373.495 373.499 373.501 373.502 373.506 373.508 373.515 373.519 
  373.527 373.539 373.541 373.546 373.564 373.565 384.243 384.445 
  384.485 384.541 384.586 384.742 385.004 385.047 385.140 385.413 
  529.809 529.854 529.916 529.952 529.964 529.989 529.995 530.021 
  530.026 530.104 530.122 530.145 530.159 530.367 754.787 754.899 
  755.154 755.542 755.548 755.633 825.503 825.629 976.470 976.630 
  976.653 976.702 976.731 976.853 977.066 977.098 977.167 977.381 
  2440.569 2440.664 2440.901 2441.250 2441.257 2441.336 3195.450 3195.709 


  >>> Running RHF-MP2 <<<


RMP2-TIMING
  rmp2                  :::     2041.350 (100.00%)
  Total                 :::     2041.350 (100.00%)

MP2 correlation energy (RHF) : -1.5896349083
MP2 total energy       (RHF) : -303.4425121968


  >>> Running UHF <<<

init D/C      : input mo_coeff
init ov       : zeros
no            : 24 25
nv            : 1145 1144
ov_size       : 56080
max_cycle     : 1000
conv          : 6
econv         : 9
method        : diis
mom_start     : 0
guess mix     : 0.000000
orb_swap      : [[[0, 24]], []]
init E        : -286.281230130709
init S2       : 0.750000000000277
init |[F,P]|  : 9.47e-03
init |dE|     : 2.19e-02
check file    : None

iter      total energy   |[F,P]|      |dE|         ∆E   S^2   comment
   1    -286.703479762  5.51e-03  1.18e-02  -4.22e-01  0.75  DIIS mom: 23.7/24 24.6/25
   2    -286.966615028  4.60e-04  1.05e-03  -2.63e-01  0.76  DIIS mom: 23.9/24 24.9/25
   3    -286.969758269  2.02e-04  4.32e-04  -3.14e-03  0.76  DIIS mom: 24.0/24 25.0/25
   4    -286.970514828  9.94e-05  2.04e-04  -7.57e-04  0.76  DIIS mom: 24.0/24 25.0/25
   5    -286.970905062  4.79e-05  9.69e-05  -3.90e-04  0.77  DIIS mom: 24.0/24 25.0/25
   6    -286.971003414  1.89e-05  3.89e-05  -9.84e-05  0.77  DIIS mom: 24.0/24 25.0/25
   7    -286.971019165  6.84e-06  1.40e-05  -1.58e-05  0.77  DIIS mom: 24.0/24 25.0/25
   8    -286.971021616  4.57e-06  9.15e-06  -2.45e-06  0.77  DIIS mom: 24.0/24 25.0/25
   9    -286.971022881  4.17e-06  8.15e-06  -1.26e-06  0.77  DIIS mom: 24.0/24 25.0/25
  10    -286.971024048  4.27e-06  8.33e-06  -1.17e-06  0.77  DIIS mom: 24.0/24 25.0/25
  11    -286.971020999  3.88e-06  7.58e-06   3.05e-06  0.77  DIIS mom: 24.0/24 25.0/25
  12    -286.971012318  2.12e-06  4.20e-06   8.68e-06  0.77  DIIS mom: 24.0/24 25.0/25
  13    -286.971010255  8.26e-07  1.66e-06   2.06e-06  0.77  DIIS mom: 24.0/24 25.0/25
  14    -286.971010225  4.08e-07  8.43e-07   3.00e-08  0.77  DIIS mom: 24.0/24 25.0/25
  15    -286.971010238  2.02e-07  4.18e-07  -1.30e-08  0.77  DIIS mom: 24.0/24 25.0/25
  16    -286.971010242  8.83e-08  1.85e-07  -3.79e-09  0.77  DIIS mom: 24.0/24 25.0/25
  17    -286.971010242  4.15e-08  8.73e-08  -5.98e-10  0.77  DIIS mom: 24.0/24 25.0/25
                                                                      diis is converged!

SCF converged : True
final |[F,P]| : 4.15e-08
final |dE|    : 8.73e-08
final Escf    : -562.039348256792
final Etot    : -286.971010242388
final S2      : 0.774572368814084

  diis prep             :::        1.017 (  0.03%)
  diis extrap           :::        0.851 (  0.03%)
  roothaan              :::        4.980 (  0.16%)
  fock build            :::     3203.282 ( 99.79%)
  Total                 :::     3210.130 (100.00%)

Alpha occupied
  -15.735 -11.511 -11.462 -11.445 -11.437 -11.409  -1.605  -1.430 
   -1.277  -1.221  -1.112  -1.089  -1.019  -0.969  -0.916  -0.882 
   -0.841  -0.785  -0.756  -0.713  -0.711  -0.590  -0.562  -0.522 

Alpha virtual
  -14.176  -0.116  -0.080  -0.066  -0.056  -0.035  -0.033  -0.009 
    0.001   0.013   0.022   0.035   0.042   0.048   0.075   0.082 
    0.098   0.104   0.118   0.124   0.126   0.142   0.143   0.162 
    0.170   0.170   0.180   0.187   0.208   0.214   0.226   0.238 
    0.242   0.254   0.261   0.268   0.270   0.275   0.287   0.290 
    0.304   0.319   0.325   0.332   0.345   0.360   0.383   0.400 
    0.412   0.416   0.432   0.437   0.439   0.447   0.450   0.460 
    0.467   0.479   0.493   0.511   0.515   0.528   0.536   0.557 
    0.567   0.585   0.600   0.619   0.623   0.630   0.647   0.649 
    0.659   0.669   0.681   0.694   0.696   0.706   0.711   0.731 
    0.737   0.752   0.779   0.786   0.794   0.812   0.817   0.823 
    0.830   0.836   0.849   0.855   0.863   0.868   0.873   0.884 
    0.899   0.905   0.907   0.916   0.932   0.941   0.955   0.971 
    0.979   0.996   1.002   1.017   1.022   1.027   1.057   1.071 
    1.081   1.111   1.114   1.121   1.128   1.134   1.156   1.164 
    1.175   1.198   1.199   1.218   1.241   1.266   1.281   1.289 
    1.299   1.337   1.346   1.357   1.379   1.382   1.390   1.392 
    1.415   1.435   1.448   1.452   1.471   1.475   1.486   1.492 
    1.498   1.504   1.510   1.528   1.534   1.540   1.554   1.564 
    1.581   1.585   1.596   1.613   1.627   1.649   1.653   1.661 
    1.672   1.678   1.687   1.702   1.739   1.758   1.768   1.776 
    1.789   1.794   1.803   1.810   1.822   1.832   1.846   1.849 
    1.853   1.878   1.889   1.893   1.904   1.912   1.931   1.940 
    1.948   1.960   1.967   1.984   1.999   2.008   2.030   2.033 
    2.039   2.053   2.063   2.073   2.084   2.098   2.102   2.128 
    2.137   2.144   2.164   2.177   2.189   2.194   2.206   2.234 
    2.236   2.251   2.271   2.294   2.318   2.324   2.336   2.346 
    2.369   2.378   2.400   2.416   2.428   2.433   2.448   2.457 
    2.466   2.491   2.517   2.533   2.555   2.562   2.582   2.593 
    2.612   2.646   2.654   2.667   2.668   2.680   2.704   2.713 
    2.725   2.730   2.779   2.786   2.803   2.816   2.830   2.841 
    2.879   2.892   2.920   2.934   2.950   2.973   2.983   3.006 
    3.021   3.029   3.050   3.060   3.064   3.083   3.085   3.093 
    3.124   3.134   3.175   3.186   3.209   3.219   3.229   3.231 
    3.248   3.261   3.281   3.288   3.299   3.305   3.326   3.336 
    3.370   3.387   3.404   3.423   3.433   3.462   3.490   3.504 
    3.509   3.530   3.545   3.551   3.566   3.581   3.591   3.608 
    3.636   3.644   3.655   3.660   3.680   3.698   3.715   3.719 
    3.738   3.745   3.758   3.773   3.801   3.813   3.819   3.840 
    3.845   3.856   3.883   3.895   3.916   3.923   3.945   3.952 
    3.971   3.975   3.998   4.012   4.029   4.034   4.040   4.061 
    4.076   4.092   4.103   4.105   4.134   4.142   4.152   4.162 
    4.177   4.184   4.208   4.216   4.222   4.239   4.259   4.285 
    4.293   4.310   4.323   4.338   4.351   4.352   4.381   4.400 
    4.418   4.432   4.449   4.467   4.493   4.515   4.530   4.534 
    4.546   4.556   4.563   4.578   4.587   4.602   4.614   4.620 
    4.633   4.657   4.662   4.686   4.692   4.712   4.737   4.741 
    4.757   4.772   4.792   4.800   4.815   4.827   4.840   4.851 
    4.870   4.886   4.904   4.917   4.928   4.943   4.950   4.973 
    4.979   4.991   5.003   5.017   5.028   5.051   5.076   5.082 
    5.103   5.106   5.112   5.127   5.137   5.167   5.171   5.192 
    5.198   5.206   5.219   5.246   5.250   5.271   5.290   5.325 
    5.352   5.355   5.371   5.387   5.397   5.407   5.453   5.471 
    5.477   5.498   5.513   5.518   5.552   5.565   5.576   5.603 
    5.613   5.630   5.643   5.652   5.669   5.673   5.686   5.714 
    5.733   5.742   5.758   5.786   5.800   5.819   5.853   5.854 
    5.881   5.899   5.908   5.931   5.953   5.977   5.999   6.018 
    6.048   6.061   6.087   6.096   6.105   6.138   6.170   6.181 
    6.210   6.227   6.265   6.277   6.303   6.337   6.343   6.368 
    6.382   6.404   6.417   6.432   6.444   6.502   6.524   6.535 
    6.553   6.588   6.589   6.621   6.638   6.656   6.677   6.684 
    6.706   6.775   6.807   6.846   6.866   6.901   6.914   6.935 
    6.947   6.960   6.979   6.981   7.045   7.103   7.113   7.132 
    7.180   7.195   7.228   7.260   7.286   7.311   7.370   7.386 
    7.404   7.434   7.475   7.491   7.582   7.614   7.665   7.684 
    7.735   7.747   7.765   7.814   7.826   7.869   7.883   7.895 
    7.906   7.937   7.966   7.976   8.000   8.020   8.080   8.101 
    8.142   8.173   8.176   8.205   8.210   8.226   8.247   8.255 
    8.268   8.290   8.339   8.370   8.398   8.405   8.425   8.455 
    8.503   8.530   8.540   8.587   8.606   8.621   8.631   8.668 
    8.697   8.726   8.744   8.779   8.797   8.817   8.818   8.827 
    8.849   8.880   8.882   8.907   8.926   8.958   8.989   8.993 
    9.003   9.038   9.053   9.122   9.137   9.155   9.186   9.224 
    9.262   9.285   9.323   9.360   9.382   9.394   9.433   9.459 
    9.489   9.536   9.561   9.598   9.632   9.665   9.684   9.709 
    9.761   9.791   9.824   9.868   9.885   9.901   9.914   9.946 
    9.974  10.027  10.049  10.056  10.074  10.083  10.099  10.117 
   10.119  10.143  10.188  10.203  10.210  10.226  10.252  10.271 
   10.282  10.314  10.320  10.354  10.374  10.375  10.436  10.453 
   10.491  10.523  10.535  10.550  10.574  10.590  10.631  10.679 
   10.701  10.726  10.751  10.795  10.803  10.834  10.859  10.881 
   10.901  10.902  10.920  10.964  10.979  10.998  11.015  11.023 
   11.043  11.068  11.081  11.101  11.126  11.148  11.158  11.177 
   11.201  11.216  11.238  11.245  11.267  11.296  11.306  11.335 
   11.349  11.384  11.424  11.431  11.452  11.466  11.492  11.507 
   11.542  11.555  11.572  11.584  11.629  11.710  11.757  11.772 
   11.809  11.836  11.848  11.879  11.918  11.929  11.962  11.993 
   12.014  12.050  12.074  12.127  12.165  12.196  12.217  12.243 
   12.264  12.281  12.288  12.329  12.354  12.361  12.393  12.401 
   12.421  12.458  12.485  12.499  12.512  12.535  12.541  12.549 
   12.563  12.601  12.606  12.611  12.624  12.644  12.650  12.655 
   12.664  12.672  12.687  12.713  12.732  12.739  12.752  12.766 
   12.793  12.818  12.852  12.859  12.872  12.887  12.925  12.948 
   12.958  12.972  13.001  13.024  13.050  13.077  13.112  13.118 
   13.165  13.179  13.204  13.240  13.252  13.274  13.304  13.333 
   13.342  13.363  13.391  13.404  13.420  13.435  13.439  13.465 
   13.488  13.495  13.521  13.542  13.554  13.573  13.587  13.617 
   13.637  13.671  13.680  13.686  13.718  13.741  13.768  13.772 
   13.780  13.797  13.811  13.847  13.854  13.867  13.873  13.883 
   13.902  13.907  13.940  13.977  13.992  14.000  14.019  14.026 
   14.050  14.057  14.063  14.091  14.111  14.121  14.154  14.171 
   14.191  14.194  14.217  14.235  14.255  14.261  14.286  14.301 
   14.348  14.359  14.363  14.371  14.395  14.436  14.450  14.453 
   14.481  14.499  14.554  14.587  14.610  14.643  14.644  14.665 
   14.682  14.695  14.713  14.723  14.758  14.778  14.813  14.881 
   14.896  14.947  14.959  14.972  14.974  15.008  15.044  15.074 
   15.092  15.115  15.160  15.212  15.247  15.253  15.278  15.306 
   15.372  15.412  15.426  15.435  15.453  15.504  15.521  15.541 
   15.579  15.631  15.640  15.704  15.743  15.783  15.869  15.937 
   15.957  15.978  15.989  16.005  16.013  16.078  16.140  16.180 
   16.201  16.255  16.277  16.319  16.347  16.387  16.435  16.485 
   16.531  16.541  16.591  16.617  16.634  16.665  16.704  16.835 
   16.857  16.988  17.011  17.072  17.105  17.187  17.313  17.363 
   17.409  17.411  17.483  17.525  17.559  17.599  17.633  17.740 
   17.787  17.840  17.898  17.926  17.929  17.989  18.011  18.039 
   18.089  18.135  18.143  18.200  18.348  18.454  18.502  18.561 
   18.704  18.793  18.814  18.991  19.025  19.155  19.200  19.428 
   19.488  19.777  20.156  20.247  20.351  20.578  20.611  20.722 
   20.948  20.958  21.049  21.255  21.358  21.757  23.319  23.439 
   25.983  26.347  26.986  27.203  27.500  27.832  32.779  33.285 
   39.771  40.972  41.454  42.053  42.638  53.062  53.300  53.344 
   53.364  53.510  53.605  53.627  53.663  53.712  53.863  53.914 
   53.959  54.005  54.285  54.313  54.475  54.546  54.657  54.771 
   54.809  54.838  54.903  55.401  55.470  55.610  56.369  56.648 
   56.789  56.998  57.746  70.813  71.879  99.129  99.144  99.150 
   99.195  99.207  99.232  99.288  99.346  99.348 100.292 100.300 
  100.305 100.324 100.339 100.348 100.353 100.441 100.448 123.716 
  124.530 124.540 125.321 125.819 126.427 148.726 148.853 149.056 
  149.549 149.893 150.372 150.624 150.746 151.328 151.392 153.383 
  155.178 171.532 171.661 171.710 171.722 171.866 171.883 172.341 
  173.262 173.342 173.509 173.528 173.588 173.856 173.863 291.706 
  292.442 292.445 294.194 294.629 295.174 318.459 318.459 318.467 
  318.467 318.473 318.473 318.478 318.478 318.481 318.481 318.482 
  320.512 320.512 320.517 320.517 320.522 320.522 320.524 320.525 
  320.526 320.529 320.529 339.261 341.847 370.867 370.872 370.873 
  370.887 370.891 370.899 370.916 370.932 370.934 373.316 373.318 
  373.319 373.324 373.331 373.335 373.337 373.367 373.369 381.529 
  381.629 381.789 382.183 382.456 384.073 384.275 384.371 384.832 
  384.876 526.735 526.808 526.840 526.844 526.923 526.939 527.184 
  529.638 529.684 529.781 529.793 529.825 529.974 529.986 751.236 
  751.879 751.881 754.616 754.986 755.459 821.916 825.332 972.896 
  972.974 973.099 973.410 973.625 976.300 976.460 976.533 976.895 
  976.927 2436.300 2436.886 2436.890 2440.399 2440.733 2441.163 3191.328 
  3195.280 

Beta occupied
  -18.458 -15.734 -11.509 -11.462 -11.446 -11.437 -11.409  -1.699 
   -1.431  -1.285  -1.228  -1.152  -1.115  -1.030  -0.997  -0.972 
   -0.884  -0.841  -0.785  -0.755  -0.716  -0.712  -0.589  -0.562 
   -0.524 

Beta virtual
   -0.124  -0.083  -0.069  -0.055  -0.037  -0.034  -0.009   0.000 
    0.011   0.023   0.036   0.043   0.048   0.074   0.083   0.097 
    0.104   0.115   0.122   0.124   0.139   0.142   0.156   0.162 
    0.168   0.179   0.188   0.208   0.215   0.226   0.237   0.242 
    0.250   0.260   0.263   0.269   0.273   0.285   0.292   0.304 
    0.318   0.324   0.331   0.345   0.360   0.383   0.400   0.412 
    0.417   0.433   0.437   0.439   0.448   0.450   0.460   0.466 
    0.479   0.493   0.513   0.515   0.529   0.537   0.558   0.567 
    0.585   0.600   0.619   0.623   0.629   0.646   0.649   0.659 
    0.669   0.681   0.690   0.695   0.705   0.711   0.730   0.737 
    0.746   0.775   0.787   0.792   0.810   0.817   0.822   0.830 
    0.835   0.850   0.853   0.859   0.867   0.872   0.884   0.897 
    0.903   0.907   0.916   0.932   0.936   0.950   0.967   0.978 
    0.994   1.002   1.016   1.022   1.026   1.054   1.071   1.081 
    1.111   1.114   1.121   1.128   1.135   1.156   1.163   1.175 
    1.198   1.199   1.218   1.241   1.266   1.282   1.289   1.299 
    1.338   1.347   1.357   1.380   1.383   1.390   1.393   1.416 
    1.436   1.448   1.450   1.471   1.474   1.486   1.492   1.498 
    1.504   1.510   1.529   1.534   1.540   1.553   1.564   1.582 
    1.586   1.596   1.614   1.627   1.649   1.653   1.662   1.672 
    1.678   1.688   1.702   1.739   1.759   1.768   1.776   1.789 
    1.793   1.802   1.809   1.821   1.830   1.845   1.849   1.852 
    1.877   1.886   1.889   1.904   1.911   1.931   1.940   1.948 
    1.960   1.967   1.981   1.999   2.007   2.029   2.032   2.038 
    2.052   2.063   2.071   2.083   2.097   2.103   2.127   2.137 
    2.143   2.163   2.177   2.189   2.194   2.205   2.233   2.235 
    2.250   2.268   2.293   2.315   2.322   2.334   2.341   2.367 
    2.376   2.397   2.411   2.426   2.432   2.445   2.457   2.462 
    2.490   2.514   2.532   2.553   2.557   2.576   2.589   2.610 
    2.637   2.650   2.663   2.667   2.680   2.702   2.710   2.725 
    2.730   2.777   2.786   2.804   2.815   2.830   2.839   2.878 
    2.892   2.919   2.934   2.949   2.972   2.983   3.002   3.019 
    3.029   3.049   3.060   3.061   3.083   3.085   3.091   3.124 
    3.134   3.173   3.186   3.206   3.219   3.227   3.230   3.246 
    3.261   3.281   3.284   3.297   3.304   3.326   3.334   3.369 
    3.386   3.403   3.422   3.433   3.462   3.489   3.504   3.509 
    3.530   3.544   3.551   3.566   3.580   3.591   3.608   3.636 
    3.643   3.654   3.660   3.679   3.698   3.715   3.719   3.738 
    3.745   3.758   3.772   3.799   3.813   3.819   3.839   3.845 
    3.855   3.883   3.895   3.916   3.923   3.944   3.952   3.971 
    3.974   3.997   4.011   4.027   4.033   4.040   4.061   4.076 
    4.092   4.103   4.105   4.134   4.141   4.152   4.162   4.177 
    4.184   4.207   4.216   4.222   4.239   4.258   4.285   4.292 
    4.310   4.323   4.338   4.350   4.352   4.381   4.400   4.419 
    4.432   4.449   4.468   4.493   4.514   4.530   4.534   4.546 
    4.556   4.563   4.576   4.587   4.602   4.614   4.620   4.633 
    4.656   4.663   4.685   4.692   4.712   4.737   4.741   4.757 
    4.772   4.792   4.800   4.814   4.826   4.839   4.850   4.870 
    4.885   4.902   4.915   4.927   4.942   4.949   4.972   4.978 
    4.990   5.000   5.017   5.028   5.050   5.076   5.079   5.102 
    5.105   5.111   5.126   5.135   5.167   5.171   5.192   5.198 
    5.206   5.218   5.244   5.249   5.270   5.287   5.324   5.350 
    5.355   5.371   5.385   5.396   5.402   5.451   5.468   5.475 
    5.497   5.505   5.516   5.548   5.561   5.573   5.597   5.606 
    5.628   5.636   5.646   5.659   5.667   5.682   5.708   5.724 
    5.738   5.756   5.784   5.800   5.818   5.851   5.851   5.868 
    5.896   5.905   5.915   5.950   5.973   5.992   6.012   6.047 
    6.055   6.087   6.094   6.103   6.133   6.169   6.177   6.208 
    6.217   6.259   6.275   6.301   6.335   6.340   6.366   6.379 
    6.403   6.416   6.431   6.433   6.498   6.521   6.533   6.551 
    6.586   6.588   6.621   6.638   6.655   6.672   6.684   6.705 
    6.773   6.806   6.846   6.866   6.900   6.912   6.933   6.947 
    6.959   6.978   6.980   7.042   7.101   7.110   7.131   7.177 
    7.194   7.226   7.257   7.285   7.309   7.368   7.385   7.404 
    7.433   7.474   7.489   7.581   7.609   7.663   7.683   7.733 
    7.745   7.763   7.811   7.825   7.862   7.882   7.893   7.906 
    7.935   7.965   7.974   7.999   8.017   8.076   8.095   8.141 
    8.171   8.175   8.204   8.209   8.224   8.244   8.253   8.266 
    8.289   8.337   8.369   8.392   8.402   8.421   8.452   8.501 
    8.527   8.538   8.587   8.606   8.620   8.629   8.666   8.697 
    8.726   8.743   8.776   8.796   8.817   8.817   8.826   8.848 
    8.879   8.881   8.907   8.926   8.957   8.989   8.989   9.000 
    9.037   9.050   9.118   9.136   9.154   9.186   9.223   9.260 
    9.284   9.323   9.360   9.382   9.394   9.433   9.458   9.489 
    9.536   9.557   9.598   9.631   9.665   9.684   9.709   9.761 
    9.791   9.823   9.869   9.885   9.900   9.914   9.945   9.973 
   10.026  10.049  10.056  10.074  10.083  10.099  10.117  10.119 
   10.143  10.189  10.203  10.210  10.226  10.252  10.270  10.282 
   10.314  10.320  10.353  10.374  10.375  10.436  10.453  10.491 
   10.523  10.535  10.549  10.572  10.590  10.629  10.679  10.700 
   10.723  10.751  10.794  10.803  10.834  10.859  10.881  10.900 
   10.902  10.920  10.964  10.979  10.997  11.014  11.023  11.041 
   11.067  11.080  11.101  11.125  11.148  11.157  11.177  11.199 
   11.216  11.238  11.243  11.267  11.295  11.306  11.331  11.348 
   11.380  11.418  11.430  11.451  11.461  11.479  11.502  11.539 
   11.552  11.569  11.571  11.627  11.710  11.752  11.764  11.808 
   11.825  11.848  11.870  11.913  11.924  11.960  11.988  12.008 
   12.042  12.071  12.126  12.159  12.192  12.214  12.243  12.261 
   12.268  12.286  12.315  12.352  12.354  12.377  12.397  12.421 
   12.448  12.485  12.497  12.511  12.535  12.539  12.549  12.559 
   12.599  12.602  12.606  12.623  12.643  12.650  12.654  12.662 
   12.672  12.686  12.712  12.730  12.739  12.751  12.766  12.793 
   12.817  12.850  12.859  12.872  12.886  12.924  12.946  12.958 
   12.970  13.001  13.023  13.048  13.075  13.112  13.117  13.164 
   13.172  13.203  13.229  13.249  13.270  13.299  13.328  13.340 
   13.362  13.391  13.400  13.420  13.432  13.438  13.466  13.486 
   13.495  13.521  13.542  13.554  13.573  13.586  13.616  13.636 
   13.670  13.679  13.684  13.714  13.736  13.763  13.767  13.773 
   13.794  13.809  13.847  13.852  13.866  13.872  13.881  13.898 
   13.905  13.933  13.975  13.989  13.996  14.016  14.021  14.043 
   14.053  14.062  14.091  14.110  14.116  14.151  14.169  14.190 
   14.193  14.216  14.232  14.255  14.258  14.285  14.291  14.345 
   14.350  14.361  14.370  14.392  14.426  14.446  14.448  14.472 
   14.490  14.531  14.577  14.606  14.641  14.644  14.664  14.681 
   14.694  14.710  14.722  14.757  14.767  14.812  14.881  14.895 
   14.944  14.957  14.971  14.974  15.005  15.043  15.071  15.089 
   15.109  15.155  15.211  15.247  15.252  15.277  15.305  15.370 
   15.411  15.425  15.435  15.452  15.501  15.519  15.539  15.578 
   15.628  15.640  15.703  15.743  15.782  15.867  15.936  15.947 
   15.977  15.985  16.001  16.013  16.076  16.130  16.180  16.201 
   16.245  16.269  16.315  16.341  16.381  16.433  16.485  16.531 
   16.541  16.588  16.611  16.629  16.662  16.697  16.832  16.854 
   16.985  17.003  17.067  17.095  17.185  17.304  17.363  17.400 
   17.409  17.470  17.525  17.546  17.598  17.624  17.738  17.781 
   17.836  17.891  17.918  17.927  17.984  18.010  18.027  18.082 
   18.107  18.140  18.195  18.347  18.437  18.501  18.558  18.704 
   18.793  18.813  18.987  19.024  19.132  19.200  19.423  19.486 
   19.775  20.157  20.242  20.351  20.566  20.596  20.722  20.948 
   20.958  21.032  21.255  21.336  21.722  23.308  23.403  25.773 
   26.347  26.939  27.055  27.322  27.832  32.483  33.285  39.771 
   40.972  41.454  42.053  42.638  52.929  53.200  53.207  53.262 
   53.427  53.482  53.551  53.562  53.712  53.830  53.876  53.959 
   54.005  54.173  54.286  54.475  54.541  54.642  54.645  54.662 
   54.832  54.901  55.353  55.402  55.474  56.367  56.393  56.539 
   56.995  57.746  70.459  71.879  99.071  99.086  99.092  99.137 
   99.149  99.174  99.230  99.288  99.291 100.292 100.300 100.305 
  100.324 100.340 100.348 100.353 100.441 100.448 123.380 124.197 
  124.207 125.321 125.818 126.427 148.496 148.623 148.826 149.320 
  149.665 150.372 150.624 150.746 151.328 151.392 153.026 155.178 
  171.385 171.513 171.563 171.575 171.720 171.737 172.194 173.262 
  173.342 173.509 173.528 173.588 173.856 173.863 291.382 292.120 
  292.123 294.194 294.629 295.174 318.382 318.382 318.390 318.390 
  318.396 318.396 318.401 318.401 318.403 318.404 318.404 320.512 
  320.512 320.517 320.517 320.522 320.522 320.524 320.525 320.526 
  320.529 320.529 338.941 341.847 370.743 370.747 370.748 370.763 
  370.766 370.775 370.792 370.808 370.809 373.316 373.318 373.319 
  373.324 373.331 373.335 373.337 373.367 373.369 381.300 381.400 
  381.560 381.954 382.228 384.073 384.275 384.371 384.832 384.876 
  526.554 526.626 526.658 526.663 526.742 526.758 527.003 529.638 
  529.684 529.781 529.793 529.825 529.974 529.986 750.982 751.625 
  751.627 754.616 754.986 755.459 821.660 825.332 972.708 972.786 
  972.910 973.221 973.436 976.300 976.460 976.533 976.895 976.927 
  2436.150 2436.737 2436.741 2440.399 2440.733 2441.163 3191.188 3195.280 


  >>> Running UHF-MP2 <<<

MP2 correlation energy (UHF) : -1.5552294231
MP2 total energy       (UHF) : -288.5262396654

