	*********************************************** 
	***** Beginning CEBE Calculation with MOM ***** 
	*****       Calculation Details:          ***** 
	      Geometry:	 /home/am3939/core/calculations/mols/exp/n/hconh2.xyz
	      Core Basis:	 ccX-5Z
	      Full Basis:	 cc-pV5Z
	      DIIS (start, space):	 0 50
	      Level shift:	 0
	      Do localization?:	 False
	      Do SFX2C1E?:	 True
	      Freeze orbitals?:	 True
	      Use Cheng orbitals?:	 False
	      Do Special Basis?:	 True
	      Do Special Basis?:	 ccX-5Z
	*********************************************** 
	*********************************************** 

  >>> Running RHF <<<

init D/C      : minao
init ov       : zeros
no            : 12
nv            : 527
ov_size       : 6324
max_cycle     : 1000
conv          : 6
econv         : 9
method        : gdm
scale_stop    : 0
scale_factor  : 1.000000
init E        : -168.895386328572
init |[F,P]|  : 6.58e-03
init |dE|     : 1.86e-02
check file    : None

iter      total energy   |[F,P]|      |dE|         ∆E   comment
   1    -168.938855677  5.76e-03  1.69e-02  -4.35e-02  BFGS
   2    -169.017440273  5.09e-04  1.29e-03  -7.86e-02  BFGS
   3    -169.018515212  1.54e-04  3.69e-04  -1.07e-03  BFGS
   4    -169.018724268  7.07e-05  1.84e-04  -2.09e-04  BFGS
   5    -169.018746777  3.26e-05  8.35e-05  -2.25e-05  BFGS
   6    -169.018750612  6.74e-06  1.63e-05  -3.84e-06  BFGS
   7    -169.018750769  2.07e-06  4.63e-06  -1.57e-07  BFGS
   8    -169.018750783  7.39e-07  1.62e-06  -1.33e-08  BFGS
   9    -169.018750784  2.77e-07  6.30e-07  -1.55e-09  BFGS
  10    -169.018750784  5.00e-08  1.28e-07  -1.68e-10  BFGS
                                                                      gdm is converged!

SCF converged : True
final |[F,P]| : 5.00e-08
final |dE|    : 1.28e-07
final Escf    : -240.618401556558
final Etot    : -169.018750784221

  pxp & ewc             :::        0.441 (  0.20%)
  apply B               :::        0.002 (  0.00%)
  linsrch               :::      216.468 ( 99.79%)
  grad                  :::        0.015 (  0.01%)
  Total                 :::      216.925 (100.00%)

Alpha occupied
  -20.525 -15.594 -11.352  -1.387  -1.225  -0.855  -0.756  -0.680 
   -0.611  -0.575  -0.437  -0.423 

Alpha virtual
    0.072   0.101   0.132   0.135   0.158   0.164   0.190   0.249 
    0.261   0.272   0.306   0.356   0.376   0.401   0.433   0.437 
    0.445   0.462   0.492   0.502   0.502   0.520   0.578   0.626 
    0.633   0.665   0.668   0.689   0.735   0.747   0.803   0.810 
    0.823   0.879   0.890   0.905   0.951   0.970   0.992   1.015 
    1.018   1.045   1.074   1.087   1.088   1.175   1.181   1.243 
    1.284   1.288   1.316   1.361   1.386   1.441   1.454   1.473 
    1.514   1.534   1.564   1.607   1.611   1.652   1.655   1.724 
    1.749   1.774   1.776   1.821   1.826   1.842   1.873   1.933 
    1.945   1.971   2.005   2.046   2.060   2.075   2.091   2.122 
    2.139   2.151   2.164   2.196   2.273   2.274   2.289   2.316 
    2.364   2.375   2.438   2.450   2.528   2.532   2.601   2.619 
    2.641   2.715   2.792   2.814   2.860   2.900   2.911   2.960 
    2.983   3.012   3.078   3.150   3.161   3.170   3.189   3.248 
    3.272   3.289   3.321   3.351   3.409   3.409   3.437   3.439 
    3.460   3.564   3.631   3.650   3.753   3.773   3.782   3.818 
    3.867   3.903   3.946   3.969   3.972   4.024   4.025   4.075 
    4.100   4.154   4.192   4.265   4.288   4.313   4.372   4.397 
    4.447   4.491   4.493   4.544   4.570   4.576   4.602   4.667 
    4.672   4.717   4.765   4.767   4.852   4.862   4.889   4.918 
    5.005   5.024   5.028   5.076   5.093   5.151   5.164   5.183 
    5.230   5.242   5.298   5.320   5.345   5.413   5.454   5.463 
    5.513   5.534   5.615   5.631   5.648   5.730   5.772   5.783 
    5.852   5.890   5.893   6.029   6.058   6.078   6.135   6.202 
    6.213   6.246   6.282   6.336   6.340   6.356   6.425   6.553 
    6.580   6.672   6.675   6.782   6.832   6.897   6.900   7.039 
    7.109   7.153   7.216   7.219   7.242   7.245   7.292   7.323 
    7.340   7.369   7.489   7.497   7.586   7.650   7.654   7.688 
    7.728   7.756   7.850   7.885   7.910   8.040   8.115   8.168 
    8.299   8.429   8.488   8.527   8.553   8.746   8.766   8.854 
    8.878   8.930   8.988   8.998   9.016   9.052   9.143   9.185 
    9.216   9.323   9.458   9.486   9.586   9.628   9.726   9.919 
    9.954   9.963  10.063  10.122  10.144  10.162  10.263  10.409 
   10.444  10.666  10.693  10.781  10.905  11.003  11.021  11.316 
   11.429  11.459  11.507  11.560  11.637  11.681  11.721  11.748 
   11.765  11.827  11.933  12.053  12.142  12.193  12.297  12.417 
   12.567  12.622  12.667  12.682  12.693  12.765  12.779  12.783 
   12.823  12.826  12.850  12.870  12.888  12.965  12.984  13.053 
   13.115  13.138  13.164  13.316  13.352  13.401  13.480  13.519 
   13.533  13.574  13.623  13.654  13.665  13.694  13.719  13.755 
   13.833  13.848  13.880  13.891  13.927  13.957  14.007  14.018 
   14.121  14.171  14.232  14.290  14.298  14.308  14.321  14.321 
   14.334  14.409  14.457  14.476  14.536  14.588  14.625  14.636 
   14.644  14.687  14.750  14.836  14.951  14.968  15.024  15.052 
   15.099  15.113  15.163  15.329  15.420  15.586  15.624  15.641 
   15.727  15.783  15.826  16.083  16.119  16.193  16.211  16.325 
   16.340  16.368  16.445  16.628  16.639  16.658  16.827  16.867 
   16.870  16.927  16.976  17.100  17.134  17.288  17.379  17.441 
   17.468  17.639  17.646  17.844  17.897  18.057  18.063  18.113 
   18.304  18.442  18.452  18.631  18.632  18.646  18.720  18.863 
   18.935  18.960  19.038  19.180  19.190  19.241  19.461  19.538 
   19.604  19.808  19.857  19.892  20.016  20.224  20.622  20.816 
   20.930  21.038  21.176  21.532  21.811  21.952  22.302  22.349 
   22.441  22.512  23.442  23.769  23.873  24.052  24.243  26.528 
   27.898  28.419  33.515  41.674  54.111  54.325  54.445  54.556 
   54.561  54.695  54.783  55.024  55.138  55.665  56.041  56.119 
   56.542  57.832  58.173  64.125  72.067 100.470 100.487 100.510 
  100.525 100.541 100.562 100.621 100.741 100.756 125.475 126.365 
  126.530 150.696 150.710 151.325 151.842 151.988 155.341 173.640 
  173.685 173.720 173.746 173.977 174.024 174.429 294.340 295.138 
  295.291 320.659 320.659 320.662 320.662 320.665 320.666 320.668 
  320.668 320.669 320.669 320.670 342.033 373.469 373.475 373.482 
  373.486 373.490 373.498 373.517 373.556 373.561 384.351 384.366 
  384.850 385.261 385.378 529.913 529.942 529.962 529.970 530.109 
  530.127 530.353 754.753 755.445 755.580 825.522 976.542 976.555 
  976.933 977.256 977.349 2440.528 2441.159 2441.284 3195.527 


  >>> Running RHF-MP2 <<<


RMP2-TIMING
  rmp2                  :::      169.024 (100.00%)
  Total                 :::      169.024 (100.00%)

MP2 correlation energy (RHF) : -0.7933258574
MP2 total energy       (RHF) : -169.8120766416


  >>> Running UHF <<<

init D/C      : input mo_coeff
init ov       : zeros
no            : 11 12
nv            : 528 527
ov_size       : 12132
max_cycle     : 1000
conv          : 6
econv         : 9
method        : diis
mom_start     : 0
guess mix     : 0.000000
orb_swap      : [[[1, 11]], []]
init E        : -153.42511574334
init S2       : 0.750000000000085
init |[F,P]|  : 2.04e-02
init |dE|     : 4.67e-02
check file    : None

iter      total energy   |[F,P]|      |dE|         ∆E   S^2   comment
   1    -153.840095707  1.17e-02  2.55e-02  -4.15e-01  0.75  DIIS mom: 10.7/11 11.6/12
   2    -154.094053943  1.15e-03  3.14e-03  -2.54e-01  0.76  DIIS mom: 10.9/11 11.9/12
   3    -154.097935938  6.47e-04  1.95e-03  -3.88e-03  0.76  DIIS mom: 11.0/11 12.0/12
   4    -154.099905645  2.09e-04  4.44e-04  -1.97e-03  0.76  DIIS mom: 11.0/11 12.0/12
   5    -154.100324243  8.17e-05  1.73e-04  -4.19e-04  0.77  DIIS mom: 11.0/11 12.0/12
   6    -154.100398814  3.05e-05  6.96e-05  -7.46e-05  0.77  DIIS mom: 11.0/11 12.0/12
   7    -154.100414422  2.01e-05  4.93e-05  -1.56e-05  0.77  DIIS mom: 11.0/11 12.0/12
   8    -154.100424927  1.84e-05  4.56e-05  -1.05e-05  0.77  DIIS mom: 11.0/11 12.0/12
   9    -154.100438655  1.77e-05  4.40e-05  -1.37e-05  0.77  DIIS mom: 11.0/11 12.0/12
  10    -154.100487571  1.58e-05  3.92e-05  -4.89e-05  0.78  DIIS mom: 11.0/11 12.0/12
  11    -154.100585424  1.24e-05  3.26e-05  -9.79e-05  0.79  DIIS mom: 11.0/11 12.0/12
  12    -154.100604681  5.84e-06  1.41e-05  -1.93e-05  0.80  DIIS mom: 11.0/11 12.0/12
  13    -154.100614373  5.75e-06  1.54e-05  -9.69e-06  0.81  DIIS mom: 11.0/11 12.0/12
  14    -154.100614761  1.84e-06  4.69e-06  -3.88e-07  0.80  DIIS mom: 11.0/11 12.0/12
  15    -154.100614987  7.19e-07  1.94e-06  -2.25e-07  0.81  DIIS mom: 11.0/11 12.0/12
  16    -154.100615005  1.73e-07  4.59e-07  -1.83e-08  0.81  DIIS mom: 11.0/11 12.0/12
  17    -154.100615006  4.05e-08  1.07e-07  -7.83e-10  0.81  DIIS mom: 11.0/11 12.0/12
                                                                      diis is converged!

SCF converged : True
final |[F,P]| : 4.05e-08
final |dE|    : 1.07e-07
final Escf    : -225.700265777976
final Etot    : -154.100615005639
final S2      : 0.805522082342156

  diis prep             :::        0.215 (  0.05%)
  diis extrap           :::        0.209 (  0.05%)
  roothaan              :::        1.564 (  0.37%)
  fock build            :::      417.123 ( 99.53%)
  Total                 :::      419.110 (100.00%)

Alpha occupied
  -20.823 -11.648  -1.704  -1.614  -1.226  -1.168  -0.998  -0.969 
   -0.897  -0.775  -0.729 

Alpha virtual
  -14.228  -0.138  -0.099  -0.097  -0.055  -0.053  -0.016  -0.000 
    0.033   0.071   0.084   0.107   0.139   0.149   0.180   0.183 
    0.208   0.214   0.233   0.250   0.282   0.290   0.310   0.347 
    0.364   0.400   0.434   0.446   0.467   0.483   0.491   0.572 
    0.573   0.593   0.661   0.671   0.674   0.695   0.719   0.748 
    0.753   0.764   0.793   0.820   0.821   0.827   0.919   0.935 
    0.971   0.988   1.023   1.074   1.121   1.150   1.177   1.197 
    1.225   1.263   1.274   1.305   1.345   1.357   1.395   1.409 
    1.478   1.484   1.508   1.513   1.557   1.563   1.583   1.605 
    1.669   1.691   1.716   1.739   1.776   1.801   1.819   1.825 
    1.868   1.872   1.875   1.898   1.923   1.982   1.995   2.011 
    2.030   2.083   2.094   2.156   2.170   2.253   2.263   2.308 
    2.333   2.344   2.431   2.478   2.538   2.552   2.604   2.644 
    2.645   2.655   2.711   2.808   2.877   2.891   2.894   2.913 
    2.957   2.983   3.009   3.036   3.087   3.115   3.130   3.153 
    3.160   3.195   3.282   3.347   3.357   3.465   3.501   3.519 
    3.533   3.577   3.625   3.642   3.689   3.692   3.720   3.728 
    3.781   3.805   3.872   3.900   3.978   3.987   4.013   4.099 
    4.114   4.147   4.210   4.214   4.262   4.273   4.290   4.320 
    4.371   4.382   4.436   4.481   4.481   4.550   4.564   4.600 
    4.608   4.694   4.713   4.764   4.783   4.792   4.856   4.877 
    4.883   4.909   4.969   5.008   5.020   5.042   5.124   5.141 
    5.160   5.214   5.229   5.311   5.323   5.340   5.397   5.448 
    5.460   5.531   5.547   5.577   5.705   5.725   5.757   5.808 
    5.845   5.880   5.907   5.965   5.982   6.019   6.078   6.120 
    6.228   6.253   6.337   6.347   6.468   6.541   6.601   6.610 
    6.714   6.715   6.856   6.884   6.901   6.931   6.967   7.005 
    7.042   7.045   7.092   7.172   7.202   7.311   7.355   7.378 
    7.391   7.419   7.478   7.541   7.595   7.622   7.699   7.776 
    7.847   7.992   8.143   8.149   8.200   8.209   8.437   8.476 
    8.566   8.567   8.613   8.664   8.674   8.703   8.718   8.852 
    8.860   8.893   9.002   9.141   9.150   9.270   9.343   9.416 
    9.625   9.661   9.670   9.775   9.814   9.868   9.880   9.966 
   10.124  10.150  10.381  10.406  10.506  10.606  10.702  10.706 
   11.018  11.130  11.138  11.180  11.215  11.304  11.344  11.385 
   11.402  11.441  11.485  11.587  11.747  11.802  11.882  11.970 
   12.032  12.088  12.191  12.273  12.324  12.354  12.414  12.440 
   12.493  12.494  12.495  12.523  12.542  12.607  12.615  12.655 
   12.714  12.771  12.790  12.838  12.970  13.033  13.043  13.153 
   13.170  13.182  13.219  13.291  13.305  13.373  13.380  13.402 
   13.407  13.471  13.483  13.509  13.562  13.575  13.619  13.667 
   13.719  13.778  13.837  13.905  13.924  13.971  13.990  14.018 
   14.035  14.043  14.065  14.126  14.157  14.215  14.236  14.253 
   14.294  14.339  14.350  14.425  14.473  14.594  14.604  14.663 
   14.669  14.740  14.773  14.839  15.017  15.113  15.224  15.230 
   15.265  15.425  15.485  15.490  15.777  15.786  15.850  15.886 
   15.932  15.985  16.065  16.071  16.214  16.234  16.265  16.319 
   16.523  16.555  16.595  16.653  16.709  16.768  16.930  17.060 
   17.109  17.112  17.236  17.261  17.436  17.549  17.643  17.700 
   17.795  17.895  17.929  18.058  18.192  18.299  18.329  18.345 
   18.481  18.547  18.670  18.734  18.889  18.909  18.951  19.182 
   19.253  19.319  19.458  19.562  19.579  19.602  19.898  20.236 
   20.398  20.652  20.695  20.759  21.168  21.355  21.574  21.967 
   22.014  22.056  22.213  23.152  23.379  23.456  23.602  23.940 
   25.692  27.082  27.627  32.619  41.374  52.806  52.969  53.257 
   53.378  53.399  53.461  53.595  53.804  53.856  54.362  54.690 
   54.867  55.262  56.557  56.901  63.831  70.660  99.067  99.085 
   99.101  99.119  99.138  99.161  99.213  99.327  99.341 123.504 
  124.386 124.551 148.534 148.549 149.167 149.680 149.824 153.241 
  171.511 171.555 171.594 171.620 171.842 171.898 172.296 291.511 
  292.303 292.456 318.408 318.408 318.416 318.416 318.422 318.422 
  318.427 318.427 318.430 318.430 318.431 339.126 370.813 370.819 
  370.822 370.828 370.834 370.842 370.858 370.893 370.898 381.366 
  381.382 381.867 382.274 382.391 526.701 526.730 526.751 526.759 
  526.895 526.916 527.138 751.061 751.750 751.885 821.780 972.756 
  972.770 973.149 973.469 973.562 2436.135 2436.764 2436.889 3191.117 

Beta occupied
  -20.814 -18.510 -11.651  -1.775  -1.625  -1.268  -1.217  -1.049 
   -1.008  -0.889  -0.746  -0.723 

Beta virtual
   -0.147  -0.104  -0.098  -0.057  -0.054  -0.017   0.000   0.032 
    0.063   0.080   0.099   0.133   0.143   0.175   0.191   0.208 
    0.215   0.228   0.240   0.267   0.297   0.309   0.346   0.359 
    0.400   0.435   0.446   0.470   0.482   0.492   0.572   0.574 
    0.594   0.660   0.662   0.669   0.683   0.708   0.746   0.755 
    0.760   0.788   0.817   0.824   0.824   0.916   0.935   0.945 
    0.987   1.025   1.077   1.124   1.147   1.176   1.194   1.222 
    1.267   1.276   1.307   1.347   1.356   1.404   1.410   1.479 
    1.483   1.511   1.513   1.560   1.564   1.584   1.606   1.671 
    1.690   1.716   1.736   1.768   1.793   1.817   1.824   1.865 
    1.871   1.874   1.895   1.923   1.983   1.992   2.007   2.028 
    2.080   2.091   2.150   2.168   2.245   2.261   2.298   2.327 
    2.330   2.430   2.463   2.516   2.551   2.600   2.631   2.640 
    2.646   2.709   2.810   2.876   2.892   2.894   2.920   2.954 
    2.981   3.006   3.037   3.090   3.114   3.128   3.154   3.160 
    3.198   3.282   3.346   3.356   3.463   3.499   3.516   3.532 
    3.575   3.625   3.634   3.688   3.690   3.720   3.726   3.781 
    3.804   3.871   3.897   3.976   3.986   4.011   4.100   4.114 
    4.144   4.213   4.214   4.262   4.274   4.288   4.320   4.364 
    4.381   4.434   4.482   4.489   4.553   4.563   4.597   4.606 
    4.694   4.710   4.765   4.781   4.789   4.855   4.874   4.879 
    4.906   4.967   5.008   5.018   5.035   5.121   5.140   5.156 
    5.214   5.226   5.307   5.321   5.337   5.373   5.444   5.448 
    5.509   5.527   5.570   5.679   5.712   5.751   5.781   5.837 
    5.864   5.893   5.966   5.967   6.014   6.079   6.117   6.225 
    6.253   6.334   6.341   6.457   6.541   6.602   6.612   6.695 
    6.709   6.858   6.882   6.899   6.933   6.969   7.003   7.044 
    7.048   7.097   7.166   7.202   7.309   7.355   7.382   7.391 
    7.416   7.482   7.538   7.592   7.623   7.691   7.770   7.843 
    7.987   8.144   8.145   8.194   8.203   8.433   8.474   8.561 
    8.572   8.610   8.659   8.661   8.700   8.715   8.852   8.852 
    8.892   8.997   9.139   9.144   9.264   9.347   9.410   9.625 
    9.658   9.672   9.774   9.813   9.866   9.878   9.962  10.119 
   10.147  10.380  10.403  10.504  10.604  10.699  10.700  11.014 
   11.128  11.132  11.176  11.212  11.296  11.329  11.381  11.396 
   11.437  11.484  11.579  11.745  11.800  11.859  11.955  11.990 
   12.016  12.149  12.258  12.325  12.354  12.413  12.437  12.493 
   12.494  12.496  12.520  12.543  12.606  12.616  12.655  12.709 
   12.771  12.783  12.836  12.957  13.031  13.031  13.152  13.160 
   13.183  13.216  13.283  13.299  13.372  13.380  13.399  13.408 
   13.468  13.481  13.507  13.560  13.572  13.619  13.657  13.719 
   13.775  13.817  13.878  13.908  13.972  13.990  14.020  14.040 
   14.047  14.056  14.118  14.135  14.216  14.232  14.237  14.287 
   14.337  14.350  14.408  14.465  14.571  14.598  14.648  14.665 
   14.738  14.771  14.837  15.016  15.111  15.220  15.222  15.261 
   15.424  15.479  15.491  15.775  15.787  15.847  15.887  15.928 
   15.983  16.066  16.066  16.203  16.216  16.258  16.291  16.517 
   16.559  16.593  16.652  16.701  16.766  16.925  17.052  17.099 
   17.109  17.229  17.253  17.422  17.548  17.633  17.688  17.794 
   17.862  17.920  18.039  18.182  18.288  18.337  18.350  18.463 
   18.548  18.677  18.734  18.898  18.911  18.960  19.187  19.259 
   19.323  19.435  19.560  19.582  19.609  19.900  20.231  20.389 
   20.652  20.681  20.763  21.160  21.328  21.566  21.941  22.016 
   22.066  22.222  23.160  23.361  23.443  23.588  23.943  25.478 
   26.890  27.451  32.322  41.371  52.667  52.811  53.166  53.306 
   53.327  53.371  53.502  53.660  53.785  54.226  54.521  54.753 
   54.974  56.304  56.656  63.834  70.305  99.009  99.027  99.043 
   99.061  99.080  99.102  99.155  99.269  99.283 123.167 124.052 
  124.218 148.304 148.318 148.937 149.451 149.596 152.884 171.363 
  171.408 171.447 171.472 171.695 171.751 172.150 291.187 291.981 
  292.134 318.331 318.331 318.339 318.339 318.345 318.345 318.350 
  318.350 318.352 318.353 318.353 338.806 370.688 370.694 370.697 
  370.704 370.709 370.718 370.733 370.769 370.773 381.137 381.152 
  381.638 382.045 382.162 526.520 526.548 526.570 526.578 526.714 
  526.734 526.957 750.806 751.496 751.632 821.523 972.568 972.581 
  972.960 973.281 973.374 2435.985 2436.615 2436.740 3190.977 


  >>> Running UHF-MP2 <<<

MP2 correlation energy (UHF) : -0.7654629198
MP2 total energy       (UHF) : -154.8660779254

