	*********************************************** 
	***** Beginning CEBE Calculation with MOM ***** 
	*****       Calculation Details:          ***** 
	      Geometry:	 /work/morgunov/core/calculations/mols/exp/c/ch3-c-n.xyz
	      Core Basis:	 cc-pCV5Z
	      Full Basis:	 cc-pV5Z
	      Do SFX2C1E?:	 True
	      Freeze orbitals?:	 True
	      Use Cheng orbitals?:	 False
	      Do Special Basis?:	 False
	*********************************************** 
	*********************************************** 

  >>> Running RHF <<<

init D/C      : minao
init ov       : zeros
no            : 11
nv            : 535
ov_size       : 5885
max_cycle     : 1000
conv          : 6
econv         : 9
method        : gdm
scale_stop    : 0
scale_factor  : 1.000000
init E        : -131.725208385463
init |[F,P]|  : 5.99e-03
init |dE|     : 1.43e-02
check file    : None

iter      total energy   |[F,P]|      |dE|         ∆E   comment
   1    -131.769407045  4.70e-03  1.29e-02  -4.42e-02  BFGS
   2    -131.820443221  7.80e-04  1.76e-03  -5.10e-02  BFGS
   3    -131.821846186  1.93e-04  4.61e-04  -1.40e-03  BFGS
   4    -131.822000715  5.15e-05  1.40e-04  -1.55e-04  BFGS
   5    -131.822012325  1.47e-05  3.72e-05  -1.16e-05  BFGS
   6    -131.822013472  5.28e-06  1.37e-05  -1.15e-06  BFGS
   7    -131.822013692  2.69e-06  7.08e-06  -2.20e-07  BFGS
   8    -131.822013747  1.41e-06  3.48e-06  -5.51e-08  BFGS
   9    -131.822013759  4.68e-07  1.23e-06  -1.26e-08  BFGS
  10    -131.822013761  1.73e-07  4.77e-07  -1.42e-09  BFGS
  11    -131.822013761  7.21e-08  1.81e-07  -1.94e-10  BFGS
                                                                      gdm is converged!

SCF converged : True
final |[F,P]| : 7.21e-08
final |dE|    : 1.81e-07
final Escf    : -190.585328419401
final Etot    : -131.82201376082

  pxp & ewc             :::        0.466 (  0.04%)
  apply B               :::        0.004 (  0.00%)
  linsrch               :::     1133.052 ( 99.96%)
  grad                  :::        0.031 (  0.00%)
  Total                 :::     1133.553 (100.00%)

Alpha occupied
  -15.569 -11.292 -11.283  -1.222  -1.119  -0.775  -0.663  -0.562 
   -0.519  -0.466  -0.409 

Alpha virtual
    0.055   0.107   0.123   0.136   0.171   0.171   0.194   0.202 
    0.225   0.239   0.243   0.297   0.336   0.345   0.377   0.405 
    0.433   0.440   0.449   0.494   0.510   0.512   0.562   0.575 
    0.587   0.607   0.612   0.648   0.713   0.754   0.775   0.776 
    0.787   0.802   0.828   0.831   0.848   0.858   0.910   0.917 
    0.973   0.989   1.025   1.075   1.078   1.097   1.109   1.154 
    1.155   1.207   1.208   1.276   1.288   1.313   1.321   1.380 
    1.394   1.408   1.432   1.467   1.508   1.533   1.551   1.591 
    1.615   1.634   1.647   1.688   1.702   1.760   1.776   1.777 
    1.812   1.867   1.872   1.873   1.944   1.956   1.967   1.981 
    1.982   2.029   2.100   2.126   2.140   2.175   2.179   2.193 
    2.212   2.226   2.253   2.273   2.339   2.392   2.396   2.416 
    2.445   2.471   2.500   2.528   2.560   2.632   2.639   2.662 
    2.701   2.779   2.804   2.809   2.845   2.854   2.866   2.939 
    2.997   3.004   3.080   3.086   3.232   3.253   3.284   3.361 
    3.369   3.386   3.389   3.501   3.509   3.539   3.548   3.587 
    3.594   3.685   3.740   3.795   3.797   3.817   3.891   3.908 
    3.911   3.952   3.958   4.026   4.031   4.058   4.094   4.150 
    4.174   4.207   4.236   4.275   4.325   4.342   4.376   4.410 
    4.427   4.444   4.478   4.516   4.539   4.564   4.585   4.613 
    4.677   4.691   4.751   4.778   4.790   4.802   4.820   4.840 
    4.886   4.892   4.942   4.974   5.008   5.027   5.050   5.108 
    5.137   5.142   5.160   5.282   5.285   5.336   5.361   5.406 
    5.473   5.507   5.529   5.544   5.584   5.626   5.646   5.665 
    5.680   5.720   5.764   5.766   5.849   5.853   5.908   5.924 
    5.953   5.966   6.032   6.059   6.077   6.113   6.255   6.564 
    6.572   6.583   6.588   6.625   6.679   6.691   6.697   6.780 
    6.822   6.865   6.937   7.016   7.097   7.109   7.213   7.216 
    7.310   7.398   7.428   7.467   7.515   7.565   7.596   7.690 
    7.702   7.723   7.766   7.784   7.805   7.861   7.877   7.941 
    8.017   8.078   8.126   8.288   8.382   8.425   8.589   8.648 
    8.715   8.768   8.838   8.839   8.938   9.065   9.169   9.217 
    9.283   9.321   9.368   9.395   9.590   9.679   9.695   9.771 
    9.839   9.866   9.888   9.949   9.955   9.997  10.039  10.095 
   10.155  10.209  10.215  10.266  10.271  10.368  10.415  10.503 
   10.508  10.563  10.691  10.711  10.730  10.901  10.907  10.907 
   10.931  10.961  11.103  11.185  11.204  11.205  11.246  11.253 
   11.444  11.491  11.559  11.600  11.648  11.666  11.716  11.764 
   11.803  11.821  11.840  11.880  11.939  12.073  12.108  12.404 
   12.472  12.515  12.591  12.691  12.757  12.839  12.864  12.953 
   12.985  13.011  13.061  13.065  13.137  13.177  13.181  13.227 
   13.229  13.350  13.355  13.532  13.571  13.659  13.710  13.730 
   13.737  13.775  13.843  13.845  13.923  14.029  14.069  14.087 
   14.100  14.144  14.144  14.190  14.191  14.248  14.281  14.310 
   14.311  14.340  14.362  14.406  14.449  14.454  14.484  14.503 
   14.513  14.540  14.593  14.622  14.650  14.773  14.857  14.873 
   14.940  14.985  15.098  15.175  15.195  15.215  15.275  15.288 
   15.393  15.407  15.539  15.545  15.629  16.011  16.020  16.098 
   16.125  16.158  16.223  16.271  16.396  16.402  16.633  16.679 
   16.851  16.893  17.330  17.528  17.653  17.714  17.829  17.837 
   17.903  17.937  17.977  18.008  18.075  18.122  18.136  18.388 
   18.445  18.457  18.676  18.778  18.861  18.960  19.411  19.422 
   19.443  19.485  20.414  20.583  20.733  20.992  21.020  21.092 
   21.772  21.935  21.959  22.336  23.124  24.269  24.276  25.230 
   35.358  35.362  36.300  36.556  36.735  36.769  37.257  37.573 
   37.618  38.388  46.791  46.804  47.001  47.021  47.236  47.369 
   47.535  47.542  47.762  47.792  47.901  47.921  48.405  48.524 
   50.559  51.419  52.339  59.565  59.568  60.502  61.183  61.693 
   62.186 107.511 107.513 108.106 108.299 108.423 108.439 108.791 
  108.974 109.012 109.683 130.216 131.099 165.437 165.437 166.186 
  166.780 167.082 167.489 167.514 167.514 167.514 167.519 167.519 
  167.519 167.522 167.524 167.525 167.529 167.529 167.530 167.534 
  167.540 167.544 167.547 167.551 167.695 188.205 188.210 188.293 
  188.301 188.383 188.440 188.504 188.506 188.607 188.627 188.672 
  188.675 188.849 189.005 329.374 329.376 329.772 329.894 330.011 
  330.022 330.240 330.384 330.409 330.873 337.755 338.621 465.340 
  465.341 465.975 466.499 466.742 467.224 1175.063 1178.149 


  >>> Running RHF-MP2 <<<


RMP2-TIMING
  rmp2                  :::      612.854 (100.00%)
  Total                 :::      612.854 (100.00%)

MP2 correlation energy (RHF) : -0.7208887424
MP2 total energy       (RHF) : -132.5429025032


  >>> Running UHF <<<

init D/C      : input mo_coeff
init ov       : zeros
no            : 10 11
nv            : 536 535
ov_size       : 11245
max_cycle     : 1000
conv          : 6
econv         : 9
method        : diis
mom_start     : 0
guess mix     : 0.000000
orb_swap      : [[[2, 10]], []]
init E        : -120.539222493918
init S2       : 0.750000000000082
init |[F,P]|  : 1.27e-02
init |dE|     : 3.90e-02
check file    : None

iter      total energy   |[F,P]|      |dE|         ∆E   S^2   comment
   1    -120.740806421  9.30e-03  2.61e-02  -2.02e-01  0.76  DIIS mom: 9.7/10 10.6/11
   2    -121.040974914  2.10e-03  6.15e-03  -3.00e-01  0.76  DIIS mom: 9.9/10 10.9/11
   3    -121.060940410  6.12e-04  1.76e-03  -2.00e-02  0.77  DIIS mom: 10.0/10 11.0/11
   4    -121.063820790  3.16e-04  8.13e-04  -2.88e-03  0.78  DIIS mom: 10.0/10 11.0/11
   5    -121.065956362  3.06e-04  7.81e-04  -2.14e-03  0.80  DIIS mom: 10.0/10 11.0/11
   6    -121.068404163  3.03e-04  7.73e-04  -2.45e-03  0.83  DIIS mom: 10.0/10 11.0/11
   7    -121.071371093  2.97e-04  7.60e-04  -2.97e-03  0.87  DIIS mom: 10.0/10 11.0/11
   8    -121.081621908  2.80e-04  8.40e-04  -1.03e-02  1.58  DIIS mom: 9.9/10 10.9/11
   9    -121.080212671  2.22e-04  5.98e-04   1.41e-03  1.10  DIIS mom: 10.0/10 11.0/11
  10    -121.083282307  8.19e-05  2.19e-04  -3.07e-03  1.29  DIIS mom: 10.0/10 11.0/11
  11    -121.083628272  1.39e-05  3.64e-05  -3.46e-04  1.40  DIIS mom: 10.0/10 11.0/11
  12    -121.083634292  7.37e-06  1.90e-05  -6.02e-06  1.37  DIIS mom: 10.0/10 11.0/11
  13    -121.083636933  1.41e-06  3.89e-06  -2.64e-06  1.38  DIIS mom: 10.0/10 11.0/11
  14    -121.083636466  3.41e-06  9.28e-06   4.68e-07  1.39  DIIS mom: 10.0/10 11.0/11
  15    -121.083636984  4.73e-07  1.28e-06  -5.18e-07  1.38  DIIS mom: 10.0/10 11.0/11
  16    -121.083636993  1.00e-07  2.54e-07  -9.58e-09  1.38  DIIS mom: 10.0/10 11.0/11
  17    -121.083636993  1.06e-07  2.78e-07   1.26e-10  1.38  DIIS mom: 10.0/10 11.0/11
                                                                      diis is converged!

SCF converged : True
final |[F,P]| : 1.06e-07
final |dE|    : 2.78e-07
final Escf    : -179.846951651594
final Etot    : -121.083636993012
final S2      : 1.38202347490512

  diis prep             :::        0.348 (  0.02%)
  diis extrap           :::        0.281 (  0.01%)
  roothaan              :::        1.265 (  0.07%)
  fock build            :::     1890.801 ( 99.90%)
  Total                 :::     1892.696 (100.00%)

Alpha occupied
  -16.010 -11.561  -1.685  -1.395  -1.087  -0.975  -0.938  -0.923 
   -0.858  -0.682 

Alpha virtual
  -10.166  -0.152  -0.146  -0.114  -0.048  -0.048  -0.031  -0.010 
    0.018   0.026   0.045   0.051   0.080   0.142   0.158   0.179 
    0.181   0.207   0.209   0.233   0.278   0.280   0.307   0.360 
    0.360   0.380   0.402   0.409   0.445   0.480   0.518   0.521 
    0.533   0.561   0.570   0.597   0.621   0.633   0.651   0.663 
    0.711   0.732   0.746   0.811   0.824   0.833   0.843   0.864 
    0.871   0.908   0.981   1.000   1.038   1.039   1.048   1.061 
    1.142   1.159   1.172   1.202   1.208   1.265   1.297   1.300 
    1.333   1.334   1.366   1.371   1.425   1.450   1.479   1.489 
    1.523   1.568   1.603   1.639   1.651   1.685   1.703   1.743 
    1.747   1.750   1.802   1.864   1.866   1.870   1.913   1.915 
    1.936   1.953   1.979   2.032   2.034   2.055   2.087   2.121 
    2.174   2.182   2.203   2.216   2.242   2.293   2.331   2.401 
    2.423   2.453   2.505   2.515   2.567   2.578   2.595   2.616 
    2.677   2.699   2.724   2.789   2.789   2.966   3.004   3.026 
    3.054   3.091   3.104   3.108   3.209   3.227   3.238   3.285 
    3.319   3.337   3.430   3.479   3.514   3.549   3.564   3.596 
    3.603   3.612   3.633   3.668   3.759   3.773   3.775   3.837 
    3.865   3.885   3.898   3.962   4.006   4.025   4.054   4.112 
    4.114   4.159   4.186   4.194   4.245   4.280   4.306   4.323 
    4.348   4.385   4.394   4.444   4.455   4.490   4.519   4.573 
    4.581   4.644   4.647   4.679   4.708   4.761   4.785   4.794 
    4.848   4.870   4.885   4.915   5.005   5.041   5.063   5.107 
    5.143   5.217   5.221   5.245   5.262   5.282   5.300   5.306 
    5.341   5.357   5.436   5.461   5.495   5.523   5.571   5.620 
    5.639   5.642   5.660   5.713   5.780   5.815   5.817   6.012 
    6.220   6.224   6.229   6.271   6.349   6.367   6.443   6.450 
    6.469   6.523   6.634   6.666   6.761   6.764   6.804   6.880 
    6.954   6.999   7.026   7.090   7.116   7.197   7.229   7.291 
    7.368   7.399   7.432   7.441   7.493   7.503   7.564   7.588 
    7.649   7.691   7.796   7.849   7.984   8.094   8.115   8.323 
    8.378   8.442   8.454   8.555   8.562   8.674   8.716   8.774 
    8.843   8.986   9.004   9.072   9.093   9.302   9.362   9.367 
    9.392   9.502   9.554   9.576   9.607   9.621   9.648   9.742 
    9.770   9.831   9.844   9.852   9.933   9.968  10.064  10.125 
   10.214  10.221  10.263  10.362  10.390  10.428  10.503  10.503 
   10.559  10.593  10.687  10.761  10.810  10.812  10.855  10.856 
   10.944  11.127  11.185  11.203  11.253  11.254  11.329  11.373 
   11.422  11.423  11.478  11.505  11.605  11.689  11.805  11.847 
   12.041  12.093  12.242  12.315  12.410  12.434  12.463  12.507 
   12.684  12.690  12.701  12.749  12.795  12.814  12.859  12.909 
   12.962  12.969  12.986  13.112  13.292  13.309  13.353  13.378 
   13.429  13.479  13.518  13.597  13.608  13.668  13.693  13.721 
   13.725  13.730  13.831  13.846  13.868  13.907  13.953  13.969 
   14.006  14.015  14.047  14.076  14.076  14.094  14.101  14.137 
   14.171  14.237  14.280  14.289  14.342  14.347  14.499  14.578 
   14.615  14.681  14.712  14.790  14.819  14.864  14.868  15.013 
   15.023  15.106  15.152  15.222  15.302  15.379  15.592  15.597 
   15.814  15.826  15.904  15.910  15.922  16.123  16.156  16.384 
   16.398  16.441  16.658  17.091  17.280  17.385  17.407  17.409 
   17.461  17.544  17.547  17.685  17.735  17.748  17.860  17.887 
   17.923  18.144  18.204  18.436  18.543  18.621  18.721  18.959 
   18.971  19.208  19.248  19.879  20.098  20.323  20.754  20.780 
   20.836  21.055  21.089  21.522  22.094  22.762  23.467  24.017 
   24.958  34.179  34.185  35.552  35.574  36.040  36.307  36.975 
   37.228  37.308  37.359  45.568  45.583  45.784  45.794  46.453 
   46.454  46.955  47.107  47.190  47.404  47.432  47.591  47.667 
   48.160  49.194  51.128  51.850  57.955  57.965  60.096  60.236 
   60.913  61.911 105.526 105.530 106.435 106.448 107.691 107.837 
  108.036 108.522 108.708 108.748 128.099 130.794 163.041 163.049 
  164.683 165.525 165.525 165.528 165.528 165.535 165.535 165.549 
  165.550 165.550 165.910 166.508 167.218 167.246 167.249 167.252 
  167.255 167.255 167.259 167.269 167.275 167.420 185.891 185.897 
  185.983 185.987 186.269 186.269 186.677 188.108 188.175 188.288 
  188.296 188.370 188.392 188.584 326.495 326.498 327.131 327.140 
  327.985 329.504 329.628 329.973 330.117 330.143 334.869 338.314 
  462.166 462.174 463.563 465.695 466.226 466.952 1171.552 1177.779 

Beta occupied
  -15.972 -13.872 -11.560  -1.698  -1.412  -1.165  -1.014  -0.989 
   -0.921  -0.853  -0.680 

Beta virtual
   -0.140  -0.139  -0.110  -0.052  -0.043  -0.034  -0.016   0.010 
    0.013   0.044   0.054   0.076   0.133   0.151   0.170   0.184 
    0.206   0.212   0.232   0.277   0.279   0.310   0.351   0.362 
    0.380   0.396   0.410   0.445   0.474   0.494   0.500   0.542 
    0.549   0.578   0.594   0.629   0.632   0.645   0.657   0.711 
    0.732   0.748   0.809   0.831   0.839   0.845   0.864   0.875 
    0.905   0.977   0.997   1.031   1.045   1.054   1.058   1.134 
    1.157   1.158   1.196   1.201   1.255   1.281   1.295   1.310 
    1.326   1.360   1.365   1.421   1.445   1.493   1.495   1.525 
    1.556   1.600   1.636   1.652   1.683   1.696   1.740   1.748 
    1.755   1.807   1.865   1.868   1.877   1.912   1.919   1.943 
    1.967   1.981   2.033   2.036   2.040   2.049   2.137   2.166 
    2.185   2.202   2.215   2.253   2.299   2.336   2.398   2.421 
    2.450   2.500   2.502   2.569   2.581   2.602   2.612   2.668 
    2.702   2.729   2.792   2.803   2.955   2.986   3.024   3.036 
    3.081   3.097   3.097   3.212   3.228   3.240   3.280   3.316 
    3.329   3.428   3.471   3.501   3.547   3.559   3.573   3.587 
    3.599   3.620   3.660   3.743   3.750   3.765   3.819   3.850 
    3.859   3.884   3.963   3.987   4.038   4.049   4.083   4.111 
    4.158   4.183   4.196   4.234   4.279   4.291   4.320   4.347 
    4.389   4.391   4.464   4.471   4.483   4.517   4.570   4.580 
    4.640   4.646   4.678   4.708   4.762   4.786   4.791   4.843 
    4.868   4.887   4.915   5.002   5.043   5.067   5.109   5.139 
    5.218   5.223   5.252   5.279   5.296   5.312   5.315   5.349 
    5.362   5.425   5.465   5.497   5.533   5.576   5.613   5.631 
    5.641   5.656   5.713   5.779   5.811   5.816   6.011   6.219 
    6.257   6.267   6.271   6.350   6.368   6.444   6.448   6.474 
    6.525   6.630   6.654   6.718   6.764   6.802   6.873   6.925 
    6.972   6.993   7.039   7.094   7.208   7.241   7.272   7.372 
    7.377   7.414   7.422   7.490   7.492   7.555   7.580   7.628 
    7.687   7.793   7.844   7.966   8.090   8.103   8.315   8.375 
    8.438   8.447   8.550   8.553   8.670   8.697   8.749   8.828 
    8.979   9.001   9.062   9.089   9.295   9.348   9.351   9.375 
    9.488   9.520   9.551   9.565   9.584   9.624   9.733   9.744 
    9.818   9.831   9.841   9.923   9.956  10.051  10.116  10.205 
   10.216  10.250  10.343  10.373  10.417  10.530  10.530  10.541 
   10.578  10.684  10.746  10.828  10.831  10.831  10.842  10.927 
   11.124  11.134  11.179  11.192  11.245  11.319  11.364  11.419 
   11.419  11.468  11.497  11.604  11.688  11.801  11.844  12.050 
   12.103  12.241  12.315  12.405  12.437  12.472  12.506  12.690 
   12.697  12.698  12.750  12.792  12.809  12.861  12.909  12.961 
   12.968  12.989  13.112  13.292  13.311  13.357  13.380  13.427 
   13.477  13.517  13.596  13.608  13.665  13.692  13.724  13.759 
   13.761  13.830  13.845  13.868  13.907  13.960  13.982  14.025 
   14.027  14.058  14.076  14.083  14.128  14.130  14.146  14.171 
   14.238  14.276  14.280  14.343  14.347  14.498  14.574  14.615 
   14.683  14.710  14.812  14.830  14.865  14.868  15.011  15.021 
   15.106  15.151  15.221  15.301  15.378  15.609  15.615  15.821 
   15.824  15.915  15.916  15.922  16.124  16.155  16.381  16.397 
   16.440  16.657  17.089  17.274  17.378  17.438  17.450  17.458 
   17.513  17.530  17.681  17.731  17.735  17.805  17.866  17.886 
   18.143  18.204  18.436  18.542  18.620  18.720  18.955  18.968 
   19.207  19.247  19.750  20.044  20.309  20.753  20.771  20.811 
   20.832  20.900  21.519  22.092  22.706  23.329  24.016  24.958 
   34.026  34.032  35.413  35.435  36.040  36.307  36.974  37.098 
   37.308  37.358  45.470  45.485  45.693  45.703  46.368  46.369 
   46.954  47.107  47.109  47.404  47.429  47.591  47.650  48.160 
   48.828  51.125  51.844  57.593  57.604  59.774  60.224  60.912 
   61.911 105.298 105.302 106.212 106.225 107.473 107.837 108.035 
  108.522 108.708 108.748 127.730 130.792 162.703 162.712 164.352 
  165.422 165.422 165.426 165.426 165.434 165.434 165.449 165.449 
  165.449 165.909 166.507 167.218 167.246 167.249 167.252 167.255 
  167.256 167.259 167.269 167.275 167.420 185.722 185.728 185.816 
  185.819 186.103 186.103 186.511 188.108 188.175 188.289 188.296 
  188.370 188.392 188.584 326.264 326.267 326.901 326.910 327.756 
  329.504 329.628 329.972 330.117 330.143 334.574 338.313 461.909 
  461.917 463.307 465.695 466.226 466.952 1171.370 1177.776 


  >>> Running UHF-MP2 <<<

MP2 correlation energy (UHF) : -0.6449704291
MP2 total energy       (UHF) : -121.7286074222

