	*********************************************** 
	***** Beginning CEBE Calculation with MOM ***** 
	*****       Calculation Details:          ***** 
	      Geometry:	 /work/morgunov/core/calculations/mols/exp/c/c-h3oh.xyz
	      Core Basis:	 cc-pCV5Z
	      Full Basis:	 cc-pV5Z
	      Do SFX2C1E?:	 True
	      Freeze orbitals?:	 True
	      Use Cheng orbitals?:	 False
	      Do Special Basis?:	 False
	*********************************************** 
	*********************************************** 

  >>> Running RHF <<<

init D/C      : minao
init ov       : zeros
no            : 9
nv            : 447
ov_size       : 4023
max_cycle     : 1000
conv          : 6
econv         : 9
method        : gdm
scale_stop    : 0
scale_factor  : 1.000000
init E        : -115.051671531067
init |[F,P]|  : 5.38e-03
init |dE|     : 1.53e-02
check file    : None

iter      total energy   |[F,P]|      |dE|         ∆E   comment
   1    -115.086697516  3.08e-03  9.16e-03  -3.50e-02  BFGS
   2    -115.100483217  3.63e-04  9.58e-04  -1.38e-02  BFGS
   3    -115.100675895  9.76e-05  2.60e-04  -1.93e-04  BFGS
   4    -115.100694345  2.24e-05  6.26e-05  -1.85e-05  BFGS
   5    -115.100695242  6.10e-06  1.65e-05  -8.98e-07  BFGS
   6    -115.100695336  1.27e-06  3.85e-06  -9.38e-08  BFGS
   7    -115.100695341  2.81e-07  8.39e-07  -5.06e-09  BFGS
   8    -115.100695342  7.20e-08  2.02e-07  -3.30e-10  BFGS
                                                                      gdm is converged!

SCF converged : True
final |[F,P]| : 7.20e-08
final |dE|    : 2.02e-07
final Escf    : -155.294138386791
final Etot    : -115.100695341622

  pxp & ewc             :::        0.231 (  0.07%)
  apply B               :::        0.002 (  0.00%)
  linsrch               :::      347.497 ( 99.93%)
  grad                  :::        0.007 (  0.00%)
  Total                 :::      347.738 (100.00%)

Alpha occupied
  -20.553 -11.273  -1.354  -0.924  -0.688  -0.620  -0.595  -0.502 
   -0.450 

Alpha virtual
    0.089   0.120   0.140   0.147   0.190   0.217   0.224   0.330 
    0.375   0.389   0.411   0.415   0.439   0.448   0.472   0.493 
    0.542   0.547   0.568   0.598   0.611   0.664   0.690   0.734 
    0.759   0.797   0.820   0.869   0.885   0.890   0.925   0.939 
    0.958   0.999   1.040   1.041   1.082   1.116   1.167   1.202 
    1.213   1.275   1.336   1.408   1.435   1.448   1.457   1.502 
    1.529   1.565   1.601   1.641   1.645   1.675   1.745   1.755 
    1.777   1.825   1.864   1.887   1.914   1.933   1.975   2.001 
    2.005   2.026   2.046   2.064   2.085   2.147   2.161   2.208 
    2.243   2.247   2.254   2.283   2.334   2.338   2.395   2.442 
    2.467   2.496   2.541   2.626   2.661   2.663   2.741   2.767 
    2.834   2.865   2.895   3.004   3.059   3.147   3.159   3.212 
    3.231   3.243   3.288   3.333   3.340   3.404   3.424   3.468 
    3.524   3.529   3.665   3.721   3.736   3.802   3.830   3.839 
    3.857   3.929   3.953   4.022   4.026   4.061   4.107   4.155 
    4.183   4.189   4.230   4.236   4.263   4.357   4.422   4.486 
    4.492   4.519   4.570   4.605   4.679   4.688   4.715   4.729 
    4.749   4.783   4.796   4.832   4.854   4.859   4.920   4.934 
    4.948   4.958   5.031   5.073   5.127   5.149   5.214   5.253 
    5.281   5.321   5.388   5.408   5.420   5.470   5.495   5.512 
    5.548   5.618   5.631   5.691   5.725   5.775   5.811   5.883 
    5.890   5.948   5.967   6.039   6.084   6.129   6.150   6.349 
    6.376   6.399   6.469   6.509   6.628   6.660   6.725   6.790 
    6.913   6.954   7.040   7.043   7.088   7.118   7.173   7.215 
    7.266   7.396   7.435   7.474   7.499   7.585   7.670   7.705 
    7.773   7.818   7.896   7.916   7.953   8.019   8.048   8.113 
    8.214   8.339   8.354   8.492   8.546   8.760   8.977   9.037 
    9.156   9.160   9.174   9.413   9.545   9.558   9.670   9.724 
    9.840   9.882   9.902  10.000  10.105  10.207  10.220  10.378 
   10.401  10.452  10.475  10.494  10.593  10.779  10.871  10.899 
   11.154  11.165  11.316  11.359  11.368  11.526  11.683  11.721 
   11.799  11.877  12.382  12.396  12.472  12.511  12.646  12.647 
   12.652  12.696  12.717  12.733  12.738  12.763  12.782  12.799 
   12.840  12.843  12.850  12.868  12.941  12.971  12.986  12.990 
   13.032  13.057  13.071  13.139  13.178  13.187  13.315  13.361 
   13.411  13.422  13.478  13.536  13.558  13.602  13.689  13.691 
   13.753  13.763  13.823  13.829  14.032  14.047  14.068  14.075 
   14.103  14.114  14.151  14.215  14.219  14.263  14.319  14.328 
   14.342  14.359  14.383  14.395  14.452  14.480  14.517  14.544 
   14.589  14.692  14.728  14.754  14.820  14.834  14.887  14.929 
   14.933  15.033  15.178  15.354  15.369  15.537  15.561  15.686 
   15.750  15.791  15.846  15.937  15.992  16.076  16.177  16.247 
   16.398  16.405  16.699  16.768  16.811  16.816  17.038  17.347 
   17.448  17.567  17.583  17.724  17.785  17.878  17.902  17.948 
   17.950  17.995  18.044  18.210  18.296  18.311  18.400  18.414 
   18.483  18.577  18.660  18.663  18.909  18.925  19.049  19.097 
   19.315  19.470  19.492  19.675  19.722  19.859  20.049  20.197 
   20.216  20.351  20.353  20.387  20.760  21.041  21.450  22.157 
   22.700  22.935  23.132  23.356  23.796  23.894  24.249  24.251 
   24.361  25.457  26.259  36.533  36.555  37.118  37.426  37.453 
   47.425  47.473  47.500  47.580  47.689  47.702  48.418  51.585 
   60.778  61.137  61.169  65.034 108.253 108.269 108.630 108.887 
  108.911 131.193 166.455 166.746 166.773 167.533 167.533 167.536 
  167.537 167.538 167.542 167.554 167.567 167.567 188.470 188.481 
  188.493 188.527 188.580 188.585 188.881 329.877 329.888 330.133 
  330.327 330.343 338.695 466.212 466.475 466.499 1178.449 


  >>> Running RHF-MP2 <<<


RMP2-TIMING
  rmp2                  :::      263.616 (100.00%)
  Total                 :::      263.616 (100.00%)

MP2 correlation energy (RHF) : -0.5624791947
MP2 total energy       (RHF) : -115.6631745363


  >>> Running UHF <<<

init D/C      : input mo_coeff
init ov       : zeros
no            : 8 9
nv            : 448 447
ov_size       : 7607
max_cycle     : 1000
conv          : 6
econv         : 9
method        : diis
mom_start     : 0
guess mix     : 0.000000
orb_swap      : [[[1, 8]], []]
init E        : -103.8277396745
init S2       : 0.750000000000056
init |[F,P]|  : 1.66e-02
init |dE|     : 4.72e-02
check file    : None

iter      total energy   |[F,P]|      |dE|         ∆E   S^2   comment
   1    -104.179470324  9.45e-03  2.44e-02  -3.52e-01  0.75  DIIS mom: 7.7/8 8.7/9
   2    -104.354841381  1.04e-03  3.04e-03  -1.75e-01  0.76  DIIS mom: 8.0/8 9.0/9
   3    -104.358091873  4.47e-04  1.35e-03  -3.25e-03  0.76  DIIS mom: 8.0/8 9.0/9
   4    -104.358959627  2.51e-04  6.10e-04  -8.68e-04  0.77  DIIS mom: 8.0/8 9.0/9
   5    -104.359670158  1.40e-04  3.42e-04  -7.11e-04  0.78  DIIS mom: 8.0/8 9.0/9
   6    -104.360012655  5.17e-05  1.36e-04  -3.42e-04  0.79  DIIS mom: 8.0/8 9.0/9
   7    -104.360062393  2.15e-05  5.78e-05  -4.97e-05  0.80  DIIS mom: 8.0/8 9.0/9
   8    -104.360070036  1.06e-05  2.78e-05  -7.64e-06  0.80  DIIS mom: 8.0/8 9.0/9
   9    -104.360072120  3.49e-06  9.01e-06  -2.08e-06  0.80  DIIS mom: 8.0/8 9.0/9
  10    -104.360072307  7.50e-07  2.05e-06  -1.87e-07  0.80  DIIS mom: 8.0/8 9.0/9
  11    -104.360072314  1.86e-07  4.92e-07  -6.83e-09  0.80  DIIS mom: 8.0/8 9.0/9
  12    -104.360072314  4.52e-08  1.18e-07  -3.61e-10  0.80  DIIS mom: 8.0/8 9.0/9
                                                                      diis is converged!

SCF converged : True
final |[F,P]| : 4.52e-08
final |dE|    : 1.18e-07
final Escf    : -144.553515359359
final Etot    : -104.36007231419
final S2      : 0.798768319632929

  diis prep             :::        0.144 (  0.03%)
  diis extrap           :::        0.103 (  0.02%)
  roothaan              :::        0.570 (  0.10%)
  fock build            :::      563.234 ( 99.86%)
  Total                 :::      564.051 (100.00%)

Alpha occupied
  -20.879  -1.679  -1.313  -1.034  -1.003  -0.966  -0.840  -0.776 

Alpha virtual
  -10.175  -0.119  -0.084  -0.067  -0.061  -0.019   0.009   0.010 
    0.102   0.128   0.140   0.144   0.161   0.181   0.189   0.219 
    0.265   0.302   0.312   0.333   0.354   0.368   0.418   0.442 
    0.474   0.508   0.551   0.554   0.613   0.645   0.651   0.677 
    0.693   0.702   0.733   0.746   0.784   0.809   0.844   0.900 
    0.945   0.951   1.023   1.076   1.140   1.155   1.177   1.179 
    1.221   1.255   1.292   1.325   1.351   1.357   1.398   1.464 
    1.479   1.502   1.560   1.602   1.613   1.622   1.652   1.688 
    1.712   1.734   1.763   1.777   1.781   1.783   1.833   1.887 
    1.924   1.953   1.967   1.984   2.016   2.046   2.051   2.122 
    2.159   2.190   2.208   2.241   2.335   2.345   2.365   2.423 
    2.479   2.503   2.561   2.578   2.681   2.781   2.830   2.862 
    2.905   2.937   2.939   2.990   3.037   3.049   3.108   3.114 
    3.156   3.207   3.222   3.374   3.411   3.449   3.485   3.528 
    3.547   3.562   3.621   3.647   3.696   3.716   3.756   3.802 
    3.839   3.870   3.871   3.916   3.928   3.954   4.040   4.101 
    4.179   4.198   4.233   4.261   4.304   4.372   4.375   4.402 
    4.425   4.426   4.474   4.479   4.521   4.542   4.543   4.625 
    4.635   4.652   4.658   4.728   4.772   4.810   4.838   4.907 
    4.940   4.951   4.996   5.069   5.076   5.104   5.150   5.155 
    5.197   5.205   5.304   5.305   5.374   5.401   5.457   5.458 
    5.533   5.583   5.633   5.671   5.721   5.735   5.776   5.802 
    5.982   6.052   6.070   6.169   6.179   6.335   6.345   6.402 
    6.502   6.580   6.613   6.689   6.692   6.761   6.797   6.831 
    6.869   6.962   7.061   7.099   7.133   7.152   7.247   7.372 
    7.395   7.465   7.482   7.554   7.597   7.624   7.673   7.713 
    7.755   7.886   8.010   8.063   8.144   8.225   8.409   8.600 
    8.684   8.722   8.736   8.775   9.084   9.209   9.225   9.337 
    9.394   9.516   9.541   9.582   9.652   9.761   9.846   9.859 
   10.008  10.040  10.107  10.109  10.131  10.236  10.406  10.498 
   10.522  10.749  10.760  10.916  10.989  11.003  11.129  11.274 
   11.306  11.394  11.493  11.868  11.881  12.177  12.215  12.233 
   12.257  12.300  12.342  12.368  12.385  12.392  12.399  12.424 
   12.459  12.469  12.480  12.515  12.531  12.589  12.607  12.623 
   12.626  12.680  12.691  12.708  12.782  12.825  12.895  12.972 
   13.005  13.055  13.056  13.124  13.193  13.200  13.264  13.341 
   13.356  13.432  13.463  13.534  13.536  13.672  13.687  13.704 
   13.716  13.747  13.748  13.818  13.854  13.898  13.917  13.935 
   13.956  13.989  13.998  14.018  14.030  14.122  14.127  14.199 
   14.213  14.240  14.334  14.366  14.395  14.464  14.475  14.555 
   14.575  14.583  14.685  14.837  14.987  15.016  15.163  15.213 
   15.316  15.403  15.430  15.488  15.583  15.701  15.716  15.832 
   15.908  16.059  16.112  16.395  16.401  16.418  16.472  16.749 
   17.043  17.072  17.187  17.206  17.380  17.428  17.482  17.504 
   17.591  17.645  17.655  17.667  17.800  17.884  17.898  18.005 
   18.013  18.137  18.193  18.246  18.261  18.597  18.611  18.734 
   18.781  19.009  19.140  19.157  19.357  19.407  19.529  19.639 
   19.753  19.844  19.861  19.892  20.081  20.370  20.711  21.139 
   21.619  22.392  22.527  22.749  22.814  23.348  23.427  23.452 
   23.597  23.964  25.155  25.958  35.355  35.377  35.947  36.256 
   36.283  46.191  46.239  46.266  46.349  46.456  46.470  47.187 
   50.183  59.164  59.526  59.558  64.714 106.265 106.282 106.643 
  106.903 106.926 129.038 164.053 164.349 164.377 165.538 165.539 
  165.541 165.543 165.543 165.549 165.558 165.569 165.570 186.154 
  186.164 186.176 186.211 186.264 186.269 186.566 326.998 327.009 
  327.254 327.449 327.466 335.766 463.032 463.297 463.320 1174.834 

Beta occupied
  -20.874 -13.844  -1.687  -1.384  -1.064  -1.044  -0.990  -0.842 
   -0.777 

Beta virtual
   -0.128  -0.087  -0.076  -0.068  -0.017   0.013   0.014   0.070 
    0.123   0.132   0.136   0.146   0.180   0.186   0.221   0.267 
    0.305   0.314   0.334   0.356   0.372   0.421   0.437   0.460 
    0.510   0.547   0.553   0.607   0.647   0.652   0.674   0.685 
    0.693   0.727   0.739   0.771   0.808   0.839   0.898   0.946 
    0.952   1.023   1.078   1.134   1.153   1.180   1.182   1.218 
    1.256   1.294   1.323   1.350   1.358   1.398   1.467   1.480 
    1.505   1.554   1.603   1.610   1.621   1.650   1.688   1.708 
    1.729   1.762   1.768   1.772   1.783   1.817   1.883   1.923 
    1.949   1.967   1.985   2.015   2.046   2.049   2.124   2.153 
    2.188   2.208   2.237   2.327   2.340   2.365   2.413   2.480 
    2.494   2.546   2.572   2.668   2.782   2.817   2.862   2.901 
    2.935   2.935   2.988   3.036   3.053   3.102   3.112   3.153 
    3.205   3.220   3.374   3.409   3.447   3.483   3.528   3.547 
    3.561   3.619   3.644   3.668   3.712   3.752   3.792   3.841 
    3.858   3.869   3.918   3.927   3.952   4.036   4.096   4.179 
    4.193   4.231   4.259   4.301   4.367   4.372   4.397   4.418 
    4.425   4.473   4.476   4.522   4.541   4.543   4.626   4.636 
    4.651   4.659   4.728   4.770   4.807   4.835   4.906   4.929 
    4.950   4.984   5.060   5.077   5.100   5.148   5.150   5.187 
    5.200   5.299   5.305   5.372   5.396   5.444   5.456   5.520 
    5.582   5.622   5.671   5.716   5.726   5.775   5.784   5.969 
    6.052   6.068   6.169   6.181   6.330   6.345   6.396   6.501 
    6.585   6.602   6.680   6.689   6.759   6.795   6.830   6.859 
    6.957   7.050   7.088   7.125   7.144   7.243   7.368   7.395 
    7.465   7.481   7.539   7.598   7.621   7.668   7.706   7.747 
    7.881   8.010   8.064   8.118   8.223   8.380   8.560   8.644 
    8.677   8.730   8.752   9.078   9.206   9.222   9.333   9.387 
    9.512   9.535   9.580   9.644   9.755   9.837   9.849   9.997 
   10.031  10.101  10.102  10.123  10.229  10.395  10.486  10.510 
   10.732  10.743  10.901  10.983  10.997  11.112  11.258  11.290 
   11.383  11.477  11.839  11.851  12.173  12.206  12.211  12.241 
   12.302  12.340  12.370  12.387  12.387  12.400  12.423  12.458 
   12.467  12.478  12.516  12.528  12.590  12.607  12.625  12.625 
   12.671  12.693  12.707  12.776  12.826  12.896  12.973  13.007 
   13.055  13.057  13.126  13.194  13.202  13.264  13.343  13.356 
   13.432  13.464  13.534  13.536  13.674  13.689  13.706  13.718 
   13.749  13.749  13.816  13.854  13.896  13.909  13.924  13.953 
   13.991  13.998  14.019  14.030  14.123  14.128  14.200  14.214 
   14.239  14.334  14.366  14.395  14.464  14.474  14.554  14.575 
   14.583  14.683  14.837  14.978  15.016  15.160  15.214  15.318 
   15.404  15.431  15.489  15.582  15.701  15.712  15.832  15.909 
   16.059  16.112  16.391  16.397  16.418  16.473  16.749  17.043 
   17.073  17.187  17.206  17.372  17.428  17.473  17.495  17.550 
   17.644  17.655  17.667  17.774  17.871  17.888  17.996  18.003 
   18.135  18.189  18.227  18.254  18.599  18.612  18.737  18.785 
   19.008  19.132  19.160  19.361  19.409  19.529  19.549  19.735 
   19.803  19.819  19.891  20.082  20.353  20.712  21.140  21.534 
   22.394  22.424  22.700  22.818  23.264  23.264  23.354  23.598 
   23.957  25.156  25.959  35.228  35.250  35.820  36.129  36.156 
   46.114  46.162  46.190  46.272  46.379  46.392  47.104  49.815 
   58.821  59.185  59.217  64.715 106.047 106.063 106.425 106.686 
  106.709 128.675 163.722 164.021 164.049 165.441 165.441 165.444 
  165.446 165.446 165.452 165.460 165.471 165.471 185.990 186.000 
  186.012 186.048 186.100 186.105 186.403 326.770 326.781 327.026 
  327.221 327.238 335.473 462.777 463.042 463.066 1174.651 


  >>> Running UHF-MP2 <<<

MP2 correlation energy (UHF) : -0.5469793928
MP2 total energy       (UHF) : -104.9070517070

