	*********************************************** 
	***** Beginning CEBE Calculation with MOM ***** 
	*****       Calculation Details:          ***** 
	      Geometry:	 /home/am3939/core/calculations/mols/exp/c/c-cl2h2.xyz
	      Core Basis:	 ccX-5Z
	      Full Basis:	 cc-pV5Z
	      DIIS (start, space):	 0 50
	      Level shift:	 0
	      Do localization?:	 False
	      Do SFX2C1E?:	 True
	      Freeze orbitals?:	 True
	      Use Cheng orbitals?:	 False
	      Do Special Basis?:	 True
	      Do Special Basis?:	 ccX-5Z
	*********************************************** 
	*********************************************** 

  >>> Running RHF <<<

init D/C      : minao
init ov       : zeros
no            : 21
nv            : 471
ov_size       : 9891
max_cycle     : 1000
conv          : 6
econv         : 9
method        : gdm
scale_stop    : 0
scale_factor  : 1.000000
init E        : -958.004968257203
init |[F,P]|  : 6.05e-03
init |dE|     : 1.08e-02
check file    : None

iter      total energy   |[F,P]|      |dE|         ∆E   comment
   1    -958.053673110  4.45e-03  8.36e-03  -4.87e-02  BFGS
   2    -958.090621084  3.67e-04  7.33e-04  -3.69e-02  BFGS
   3    -958.091318738  1.20e-04  2.49e-04  -6.98e-04  BFGS
   4    -958.091443819  3.56e-05  7.11e-05  -1.25e-04  BFGS
   5    -958.091447835  1.36e-05  2.56e-05  -4.02e-06  BFGS
   6    -958.091448420  1.48e-06  4.36e-06  -5.85e-07  BFGS
   7    -958.091448434  5.24e-07  1.29e-06  -1.41e-08  BFGS
   8    -958.091448436  1.44e-07  2.96e-07  -1.76e-09  BFGS
   9    -958.091448436  4.54e-08  1.03e-07  -1.16e-10  BFGS
                                                                      gdm is converged!

SCF converged : True
final |[F,P]| : 4.54e-08
final |dE|    : 1.03e-07
final Escf    : -1092.82216827775
final Etot    : -958.091448435917

  pxp & ewc             :::        0.385 (  0.25%)
  apply B               :::        0.002 (  0.00%)
  linsrch               :::      154.587 ( 99.74%)
  grad                  :::        0.014 (  0.01%)
  Total                 :::      154.988 (100.00%)

Alpha occupied
  -104.848 -104.848 -11.363 -10.573 -10.573  -8.040  -8.040  -8.038 
   -8.038  -8.038  -8.038  -1.193  -1.096  -0.895  -0.678  -0.617 
   -0.586  -0.474  -0.471  -0.447  -0.446 

Alpha virtual
    0.077   0.092   0.103   0.115   0.141   0.179   0.182   0.205 
    0.260   0.271   0.297   0.298   0.339   0.346   0.357   0.363 
    0.385   0.410   0.413   0.444   0.454   0.464   0.467   0.491 
    0.546   0.576   0.597   0.653   0.691   0.700   0.706   0.711 
    0.751   0.760   0.775   0.837   0.851   0.859   0.897   0.904 
    0.919   0.964   0.993   1.003   1.043   1.079   1.110   1.117 
    1.140   1.178   1.195   1.229   1.266   1.276   1.282   1.296 
    1.303   1.315   1.344   1.366   1.440   1.451   1.460   1.463 
    1.471   1.494   1.495   1.505   1.521   1.547   1.593   1.629 
    1.634   1.636   1.653   1.667   1.695   1.704   1.720   1.755 
    1.796   1.818   1.840   1.844   1.894   1.971   2.022   2.045 
    2.076   2.086   2.133   2.151   2.166   2.170   2.213   2.225 
    2.238   2.319   2.338   2.367   2.394   2.522   2.530   2.603 
    2.619   2.622   2.647   2.717   2.720   2.736   2.742   2.775 
    2.793   2.852   2.870   2.916   2.925   2.949   2.952   2.961 
    3.011   3.032   3.068   3.075   3.099   3.125   3.144   3.161 
    3.179   3.210   3.242   3.266   3.293   3.345   3.346   3.348 
    3.443   3.464   3.480   3.496   3.541   3.567   3.616   3.631 
    3.803   3.846   3.889   3.901   3.949   3.987   3.999   4.053 
    4.058   4.117   4.122   4.129   4.135   4.149   4.163   4.178 
    4.182   4.199   4.205   4.352   4.371   4.395   4.419   4.446 
    4.450   4.523   4.549   4.556   4.590   4.595   4.697   4.746 
    4.793   4.800   4.811   4.883   4.990   5.046   5.060   5.120 
    5.126   5.160   5.267   5.292   5.316   5.326   5.353   5.371 
    5.456   5.521   5.523   5.547   5.588   5.637   5.720   5.783 
    5.884   5.961   6.091   6.159   6.161   6.202   6.205   6.211 
    6.224   6.227   6.227   6.234   6.249   6.264   6.305   6.322 
    6.336   6.354   6.356   6.362   6.371   6.378   6.403   6.415 
    6.422   6.434   6.454   6.466   6.491   6.535   6.565   6.571 
    6.632   6.636   6.636   6.762   6.878   6.901   7.010   7.014 
    7.024   7.031   7.073   7.139   7.180   7.189   7.258   7.258 
    7.269   7.281   7.333   7.336   7.362   7.407   7.480   7.494 
    7.548   7.570   7.618   7.645   7.662   7.708   7.717   7.798 
    7.801   7.840   7.885   7.885   7.889   8.037   8.133   8.361 
    8.396   8.891   9.060   9.101   9.139   9.168   9.334   9.548 
    9.682   9.684   9.887   9.923   9.976  10.226  10.290  10.438 
   10.451  10.452  10.506  10.528  10.574  10.703  10.718  10.745 
   10.767  10.826  10.842  10.908  11.038  11.136  11.179  11.321 
   11.429  11.541  11.625  11.626  11.646  11.752  11.846  11.945 
   12.450  12.583  12.682  12.724  12.744  12.791  12.807  12.817 
   12.861  12.939  12.952  13.037  13.167  13.285  13.368  13.369 
   13.452  13.506  13.551  13.672  13.741  13.744  13.994  14.037 
   14.098  14.100  14.136  14.257  14.316  14.458  14.500  14.504 
   14.623  14.646  14.804  14.830  14.927  15.245  15.381  15.523 
   15.658  15.863  16.038  16.485  16.839  17.443  17.612  17.637 
   17.888  18.216  18.373  18.376  18.440  18.582  18.973  19.422 
   19.425  19.447  21.164  21.859  24.510  38.158  38.159  38.218 
   38.222  38.534  38.592  38.640  39.084  39.327  39.519  39.742 
   40.213  40.329  40.444  40.477  40.508  40.740  41.031  41.077 
   41.740  41.989  52.343  81.763  82.168  86.891  86.892  86.903 
   86.931  86.944  86.960  87.006  87.045  87.053  89.773  89.832 
   90.073 107.665 107.734 107.854 108.443 108.726 112.684 129.928 
  130.009 130.047 130.061 130.168 130.320 130.798 210.092 210.139 
  210.379 247.877 251.545 251.545 251.548 251.548 251.550 251.551 
  251.551 251.553 251.553 251.555 251.555 276.477 276.530 276.625 
  277.092 277.316 310.928 310.928 310.933 310.943 310.947 310.953 
  310.969 310.986 310.988 396.197 396.243 396.266 396.274 396.334 
  396.419 396.688 538.067 538.107 538.317 598.893 706.991 707.031 
  707.106 707.472 707.649 1738.599 1738.636 1738.827 2327.431 


  >>> Running RHF-MP2 <<<


RMP2-TIMING
  rmp2                  :::      134.589 (100.00%)
  Total                 :::      134.589 (100.00%)

MP2 correlation energy (RHF) : -1.0236488468
MP2 total energy       (RHF) : -959.1150972827


  >>> Running UHF <<<

init D/C      : input mo_coeff
init ov       : zeros
no            : 20 21
nv            : 472 471
ov_size       : 19331
max_cycle     : 1000
conv          : 6
econv         : 9
method        : diis
mom_start     : 0
guess mix     : 0.000000
orb_swap      : [[[2, 20]], []]
init E        : -946.728034569987
init S2       : 0.750000000000128
init |[F,P]|  : 1.69e-02
init |dE|     : 3.01e-02
check file    : None

iter      total energy   |[F,P]|      |dE|         ∆E   S^2   comment
   1    -946.945451812  1.16e-02  2.03e-02  -2.17e-01  0.76  DIIS mom: 19.6/20 20.6/21
   2    -947.283220005  1.57e-03  3.15e-03  -3.38e-01  0.76  DIIS mom: 19.9/20 20.9/21
   3    -947.293167220  3.99e-04  7.92e-04  -9.95e-03  0.77  DIIS mom: 20.0/20 21.0/21
   4    -947.294512844  2.39e-04  4.22e-04  -1.35e-03  0.78  DIIS mom: 20.0/20 21.0/21
   5    -947.295700554  1.39e-04  2.56e-04  -1.19e-03  0.80  DIIS mom: 20.0/20 21.0/21
   6    -947.296345622  5.95e-05  1.22e-04  -6.45e-04  0.82  DIIS mom: 20.0/20 21.0/21
   7    -947.296487804  2.84e-05  6.07e-05  -1.42e-04  0.84  DIIS mom: 20.0/20 21.0/21
   8    -947.296513429  1.27e-05  2.60e-05  -2.56e-05  0.84  DIIS mom: 20.0/20 21.0/21
   9    -947.296518707  5.45e-06  1.02e-05  -5.28e-06  0.84  DIIS mom: 20.0/20 21.0/21
  10    -947.296519424  1.63e-06  3.66e-06  -7.17e-07  0.85  DIIS mom: 20.0/20 21.0/21
  11    -947.296519505  8.02e-07  2.01e-06  -8.08e-08  0.85  DIIS mom: 20.0/20 21.0/21
  12    -947.296519536  5.32e-07  1.34e-06  -3.07e-08  0.85  DIIS mom: 20.0/20 21.0/21
  13    -947.296519558  2.51e-07  6.25e-07  -2.20e-08  0.85  DIIS mom: 20.0/20 21.0/21
  14    -947.296519563  4.37e-08  1.10e-07  -5.34e-09  0.85  DIIS mom: 20.0/20 21.0/21
  15    -947.296519563  1.69e-08  4.15e-08  -7.00e-11  0.85  DIIS mom: 20.0/20 21.0/21
                                                                      diis is converged!

SCF converged : True
final |[F,P]| : 1.69e-08
final |dE|    : 4.15e-08
final Escf    : -1082.02723940521
final Etot    : -947.296519563375
final S2      : 0.845673051841761

  diis prep             :::        0.156 (  0.05%)
  diis extrap           :::        0.139 (  0.05%)
  roothaan              :::        1.248 (  0.44%)
  fock build            :::      282.846 ( 99.46%)
  Total                 :::      284.389 (100.00%)

Alpha occupied
  -105.128 -105.128 -10.849 -10.849  -8.320  -8.320  -8.313  -8.313 
   -8.313  -8.313  -1.488  -1.364  -1.210  -1.016  -0.921  -0.882 
   -0.728  -0.724  -0.708  -0.698 

Alpha virtual
  -10.186  -0.133  -0.101  -0.093  -0.076  -0.052  -0.042  -0.003 
    0.026   0.078   0.079   0.100   0.117   0.121   0.139   0.147 
    0.159   0.174   0.195   0.197   0.223   0.240   0.248   0.258 
    0.265   0.334   0.349   0.403   0.425   0.465   0.476   0.493 
    0.501   0.518   0.526   0.554   0.584   0.602   0.624   0.655 
    0.663   0.667   0.736   0.769   0.778   0.824   0.849   0.883 
    0.890   0.908   0.946   0.977   1.010   1.036   1.050   1.057 
    1.065   1.080   1.089   1.120   1.134   1.194   1.222   1.225 
    1.228   1.237   1.240   1.262   1.270   1.294   1.315   1.362 
    1.391   1.395   1.396   1.417   1.418   1.446   1.457   1.478 
    1.511   1.525   1.545   1.581   1.595   1.642   1.713   1.756 
    1.791   1.830   1.832   1.882   1.895   1.915   1.931   1.962 
    1.975   1.983   2.073   2.089   2.118   2.134   2.266   2.271 
    2.348   2.361   2.374   2.386   2.482   2.487   2.497   2.504 
    2.527   2.529   2.605   2.612   2.672   2.677   2.702   2.712 
    2.716   2.756   2.760   2.816   2.832   2.851   2.880   2.899 
    2.906   2.934   2.955   2.986   3.005   3.022   3.061   3.090 
    3.099   3.177   3.199   3.219   3.238   3.291   3.303   3.357 
    3.374   3.528   3.577   3.625   3.641   3.686   3.716   3.736 
    3.782   3.802   3.807   3.842   3.857   3.859   3.871   3.893 
    3.903   3.904   3.934   3.950   4.077   4.085   4.138   4.142 
    4.184   4.185   4.267   4.272   4.287   4.320   4.329   4.426 
    4.474   4.538   4.538   4.544   4.614   4.721   4.772   4.776 
    4.802   4.810   4.858   4.981   5.014   5.049   5.050   5.082 
    5.095   5.154   5.231   5.251   5.253   5.308   5.361   5.444 
    5.513   5.590   5.641   5.805   5.858   5.880   5.941   5.948 
    5.959   5.981   5.987   5.987   5.988   5.993   5.997   6.035 
    6.064   6.071   6.082   6.087   6.108   6.120   6.124   6.139 
    6.147   6.159   6.165   6.181   6.196   6.219   6.261   6.295 
    6.306   6.355   6.363   6.366   6.490   6.587   6.633   6.752 
    6.762   6.777   6.786   6.817   6.882   6.903   6.916   6.970 
    6.983   6.993   6.997   7.053   7.054   7.085   7.132   7.206 
    7.220   7.261   7.291   7.338   7.368   7.387   7.429   7.430 
    7.519   7.525   7.573   7.617   7.619   7.626   7.768   7.825 
    8.059   8.100   8.508   8.702   8.754   8.759   8.893   9.047 
    9.247   9.346   9.403   9.596   9.649   9.666   9.923   9.974 
   10.101  10.116  10.154  10.173  10.218  10.258  10.403  10.455 
   10.478  10.496  10.514  10.517  10.612  10.694  10.779  10.822 
   10.964  11.082  11.194  11.319  11.333  11.336  11.436  11.534 
   11.624  12.145  12.152  12.305  12.397  12.409  12.416  12.481 
   12.490  12.545  12.621  12.638  12.716  12.857  12.860  12.896 
   12.933  13.110  13.183  13.230  13.325  13.418  13.434  13.671 
   13.714  13.777  13.791  13.815  13.940  14.002  14.136  14.141 
   14.184  14.303  14.322  14.475  14.498  14.595  14.908  15.073 
   15.185  15.339  15.553  15.715  16.123  16.491  17.113  17.277 
   17.302  17.544  17.864  18.007  18.021  18.038  18.214  18.553 
   18.769  18.874  18.893  20.761  21.428  23.775  37.382  37.486 
   37.517  37.881  37.883  37.944  37.946  38.321  38.607  38.657 
   38.739  39.199  39.305  39.402  39.476  39.493  39.733  40.207 
   40.218  40.699  40.989  51.158  81.491  81.892  85.560  85.562 
   85.569  85.598  85.611  85.626  85.673  85.711  85.719  88.115 
   88.176  88.409 105.836 105.903 106.025 106.615 106.899 110.908 
  128.092 128.173 128.210 128.223 128.330 128.484 128.962 207.706 
  207.753 207.991 245.416 249.568 249.568 249.571 249.571 249.572 
  249.573 249.573 249.574 249.574 249.577 249.577 273.948 274.000 
  274.096 274.563 274.788 308.564 308.564 308.568 308.578 308.581 
  308.588 308.604 308.620 308.622 393.454 393.500 393.522 393.530 
  393.590 393.676 393.945 534.953 534.993 535.202 595.728 703.786 
  703.826 703.902 704.268 704.445 1734.892 1734.929 1735.119 2323.703 

Beta occupied
  -105.127 -105.127 -13.862 -10.848 -10.848  -8.312  -8.312  -8.312 
   -8.312  -8.311  -8.311  -1.547  -1.355  -1.246  -1.063  -0.968 
   -0.919  -0.729  -0.722  -0.709  -0.697 

Beta virtual
   -0.157  -0.128  -0.105  -0.082  -0.052  -0.045  -0.005   0.029 
    0.078   0.085   0.107   0.110   0.118   0.132   0.132   0.155 
    0.181   0.193   0.196   0.227   0.240   0.249   0.259   0.267 
    0.336   0.350   0.405   0.428   0.469   0.482   0.494   0.499 
    0.515   0.530   0.558   0.568   0.587   0.626   0.635   0.663 
    0.665   0.732   0.771   0.779   0.822   0.850   0.881   0.891 
    0.909   0.947   0.977   1.011   1.037   1.051   1.058   1.065 
    1.082   1.091   1.119   1.135   1.195   1.221   1.228   1.230 
    1.235   1.240   1.264   1.273   1.295   1.316   1.366   1.393 
    1.396   1.398   1.411   1.420   1.441   1.453   1.471   1.504 
    1.514   1.529   1.565   1.590   1.644   1.700   1.749   1.787 
    1.826   1.831   1.879   1.888   1.916   1.931   1.962   1.975 
    1.981   2.075   2.091   2.120   2.134   2.258   2.272   2.345 
    2.355   2.376   2.383   2.482   2.487   2.495   2.502   2.528 
    2.531   2.603   2.607   2.676   2.677   2.695   2.713   2.718 
    2.744   2.762   2.820   2.834   2.854   2.877   2.901   2.907 
    2.936   2.960   2.985   3.002   3.017   3.045   3.089   3.102 
    3.173   3.186   3.221   3.239   3.292   3.297   3.348   3.373 
    3.521   3.576   3.619   3.640   3.687   3.711   3.729   3.762 
    3.771   3.801   3.829   3.853   3.859   3.869   3.882   3.895 
    3.904   3.933   3.950   4.065   4.073   4.130   4.143   4.180 
    4.183   4.253   4.267   4.286   4.317   4.329   4.420   4.473 
    4.538   4.538   4.541   4.614   4.720   4.765   4.767   4.779 
    4.799   4.836   4.978   5.010   5.049   5.051   5.079   5.095 
    5.119   5.223   5.242   5.249   5.310   5.361   5.446   5.515 
    5.584   5.618   5.795   5.853   5.879   5.943   5.949   5.961 
    5.981   5.986   5.987   5.988   5.993   5.998   6.037   6.068 
    6.072   6.084   6.090   6.109   6.121   6.124   6.143   6.150 
    6.162   6.168   6.184   6.200   6.222   6.263   6.294   6.309 
    6.349   6.364   6.368   6.492   6.581   6.635   6.753   6.761 
    6.776   6.786   6.817   6.883   6.901   6.915   6.965   6.984 
    6.994   6.996   7.052   7.055   7.087   7.134   7.205   7.220 
    7.258   7.289   7.334   7.368   7.387   7.428   7.428   7.517 
    7.527   7.576   7.618   7.620   7.627   7.770   7.805   8.052 
    8.094   8.434   8.632   8.685   8.749   8.889   9.038   9.232 
    9.319   9.395   9.581   9.644   9.645   9.913   9.958  10.031 
   10.105  10.144  10.152  10.207  10.233  10.391  10.453  10.476 
   10.482  10.494  10.507  10.604  10.675  10.755  10.800  10.944 
   11.046  11.173  11.310  11.327  11.329  11.426  11.527  11.612 
   12.119  12.137  12.274  12.382  12.405  12.419  12.482  12.491 
   12.548  12.622  12.640  12.714  12.836  12.853  12.858  12.903 
   13.111  13.181  13.229  13.320  13.419  13.436  13.673  13.717 
   13.780  13.793  13.819  13.941  14.003  14.128  14.135  14.185 
   14.304  14.321  14.475  14.488  14.590  14.905  15.073  15.182 
   15.338  15.553  15.714  16.121  16.490  17.115  17.278  17.302 
   17.537  17.860  17.980  17.994  17.999  18.188  18.491  18.617 
   18.771  18.831  20.735  21.399  23.526  37.243  37.348  37.384 
   37.881  37.883  37.944  37.945  38.195  38.470  38.615  38.669 
   39.085  39.128  39.239  39.391  39.413  39.663  40.116  40.127 
   40.562  40.919  50.850  81.491  81.891  85.500  85.502  85.510 
   85.539  85.552  85.567  85.614  85.651  85.660  87.825  87.887 
   88.120 105.636 105.704 105.826 106.417 106.701 110.598 127.963 
  128.044 128.081 128.095 128.201 128.355 128.834 207.424 207.471 
  207.710 245.139 249.499 249.499 249.501 249.502 249.503 249.504 
  249.504 249.505 249.505 249.508 249.508 273.748 273.800 273.897 
  274.364 274.589 308.454 308.454 308.458 308.469 308.472 308.478 
  308.494 308.511 308.513 393.298 393.343 393.366 393.374 393.434 
  393.520 393.789 534.730 534.771 534.980 595.505 703.622 703.662 
  703.738 704.104 704.281 1734.760 1734.797 1734.988 2323.582 


  >>> Running UHF-MP2 <<<

MP2 correlation energy (UHF) : -1.0069279550
MP2 total energy       (UHF) : -948.3034475184

