	*********************************************** 
	***** Beginning CEBE Calculation with MOM ***** 
	*****       Calculation Details:          ***** 
	      Geometry:	 /home/am3939/core/calculations/mols/exp/c/c2h6-c-o.xyz
	      Core Basis:	 pcX-4
	      Full Basis:	 pc-4
	      DIIS (start, space):	 15 50
	      Level shift:	 0
	      Do localization?:	 False
	      Do SFX2C1E?:	 True
	      Freeze orbitals?:	 True
	      Use Cheng orbitals?:	 False
	      Do Special Basis?:	 True
	      Do Special Basis?:	 pcX-4
	*********************************************** 
	*********************************************** 

  >>> Running RHF <<<

init D/C      : minao
init ov       : zeros
no            : 16
nv            : 864
ov_size       : 13824
max_cycle     : 1000
conv          : 6
econv         : 9
method        : gdm
scale_stop    : 0
scale_factor  : 1.000000
init E        : -191.917444747582
init |[F,P]|  : 5.31e-03
init |dE|     : 1.27e-02
check file    : None

iter      total energy   |[F,P]|      |dE|         ∆E   comment
   1    -191.967533875  4.63e-03  1.17e-02  -5.01e-02  BFGS
   2    -192.049903724  4.25e-04  9.25e-04  -8.24e-02  BFGS
   3    -192.051239985  1.25e-04  2.81e-04  -1.34e-03  BFGS
   4    -192.051460784  5.81e-05  1.31e-04  -2.21e-04  BFGS
   5    -192.051485429  2.60e-05  5.75e-05  -2.46e-05  BFGS
   6    -192.051490231  4.60e-06  9.03e-06  -4.80e-06  BFGS
   7    -192.051490387  1.43e-06  2.90e-06  -1.57e-07  BFGS
   8    -192.051490400  3.75e-07  8.02e-07  -1.23e-08  BFGS
   9    -192.051490400  1.00e-07  1.99e-07  -6.78e-10  BFGS
                                                                      gdm is converged!

SCF converged : True
final |[F,P]| : 1.00e-07
final |dE|    : 1.99e-07
final Escf    : -312.1244173784
final Etot    : -192.051490400375

  pxp & ewc             :::        1.432 (  0.08%)
  apply B               :::        0.003 (  0.00%)
  linsrch               :::     1697.657 ( 99.91%)
  grad                  :::        0.044 (  0.00%)
  Total                 :::     1699.137 (100.00%)

Alpha occupied
  -20.541 -11.329 -11.232 -11.232  -1.383  -1.048  -0.971  -0.743 
   -0.647  -0.639  -0.628  -0.564  -0.563  -0.540  -0.488  -0.415 

Alpha virtual
    0.041   0.059   0.070   0.079   0.087   0.098   0.101   0.110 
    0.111   0.133   0.142   0.142   0.143   0.148   0.152   0.181 
    0.205   0.217   0.218   0.239   0.242   0.256   0.265   0.275 
    0.284   0.290   0.296   0.317   0.318   0.322   0.329   0.337 
    0.368   0.368   0.373   0.391   0.394   0.414   0.439   0.454 
    0.460   0.474   0.476   0.484   0.491   0.500   0.502   0.517 
    0.544   0.553   0.559   0.560   0.571   0.582   0.585   0.608 
    0.614   0.625   0.627   0.639   0.643   0.648   0.653   0.660 
    0.674   0.681   0.691   0.699   0.711   0.718   0.722   0.727 
    0.749   0.751   0.799   0.804   0.838   0.854   0.874   0.889 
    0.904   0.915   0.927   0.930   0.939   0.940   0.954   0.967 
    0.988   0.989   0.995   1.057   1.061   1.076   1.097   1.108 
    1.126   1.138   1.153   1.160   1.173   1.182   1.193   1.195 
    1.199   1.227   1.228   1.254   1.263   1.282   1.283   1.316 
    1.333   1.344   1.356   1.362   1.376   1.388   1.403   1.408 
    1.408   1.424   1.439   1.459   1.466   1.473   1.485   1.502 
    1.502   1.520   1.531   1.539   1.556   1.572   1.602   1.611 
    1.624   1.626   1.641   1.649   1.661   1.678   1.697   1.737 
    1.749   1.767   1.773   1.791   1.795   1.847   1.854   1.873 
    1.941   1.943   1.962   1.968   1.973   1.988   2.032   2.050 
    2.052   2.060   2.067   2.079   2.098   2.122   2.124   2.149 
    2.158   2.189   2.213   2.226   2.230   2.262   2.266   2.276 
    2.317   2.318   2.329   2.353   2.367   2.389   2.449   2.466 
    2.480   2.482   2.485   2.505   2.505   2.545   2.574   2.595 
    2.602   2.605   2.605   2.632   2.641   2.652   2.653   2.697 
    2.709   2.733   2.766   2.768   2.772   2.776   2.817   2.827 
    2.853   2.866   2.877   2.905   2.937   2.949   2.979   3.036 
    3.108   3.146   3.154   3.171   3.205   3.208   3.242   3.297 
    3.304   3.318   3.353   3.380   3.402   3.423   3.434   3.444 
    3.460   3.523   3.557   3.559   3.587   3.606   3.606   3.613 
    3.651   3.654   3.656   3.721   3.724   3.740   3.741   3.782 
    3.803   3.804   3.826   3.854   3.855   3.866   3.904   3.925 
    3.928   3.991   3.995   4.049   4.071   4.102   4.119   4.138 
    4.149   4.167   4.201   4.221   4.255   4.298   4.314   4.338 
    4.343   4.349   4.362   4.388   4.392   4.393   4.424   4.445 
    4.453   4.473   4.497   4.523   4.523   4.533   4.548   4.565 
    4.571   4.582   4.633   4.665   4.675   4.728   4.735   4.762 
    4.774   4.782   4.784   4.837   4.838   4.841   4.869   4.871 
    4.892   4.911   4.932   4.958   4.968   4.970   4.992   4.999 
    5.023   5.039   5.074   5.097   5.101   5.112   5.162   5.181 
    5.195   5.198   5.202   5.246   5.257   5.285   5.309   5.348 
    5.361   5.386   5.460   5.471   5.485   5.532   5.544   5.568 
    5.575   5.593   5.608   5.633   5.681   5.687   5.745   5.745 
    5.761   5.762   5.833   5.844   5.849   5.850   5.864   5.902 
    5.936   5.940   5.947   6.030   6.056   6.069   6.115   6.150 
    6.155   6.192   6.225   6.263   6.288   6.291   6.324   6.332 
    6.351   6.378   6.423   6.444   6.478   6.494   6.500   6.568 
    6.578   6.596   6.639   6.666   6.721   6.733   6.775   6.792 
    6.856   6.888   6.937   6.959   6.983   7.085   7.088   7.132 
    7.138   7.160   7.193   7.205   7.232   7.252   7.277   7.286 
    7.315   7.324   7.355   7.364   7.401   7.410   7.448   7.532 
    7.602   7.653   7.669   7.708   7.804   7.818   7.892   7.919 
    7.936   7.997   8.001   8.107   8.259   8.287   8.464   8.488 
    8.540   8.727   8.743   8.848   8.855   9.057   9.137   9.202 
    9.203   9.294   9.311   9.329   9.362   9.381   9.391   9.403 
    9.406   9.460   9.470   9.472   9.480   9.499   9.517   9.531 
    9.553   9.625   9.679   9.691   9.698   9.731   9.784   9.787 
    9.807   9.940  10.044  10.054  10.083  10.089  10.098  10.135 
   10.157  10.178  10.188  10.226  10.269  10.285  10.291  10.312 
   10.403  10.619  10.835  10.943  10.945  10.973  11.068  11.078 
   11.108  11.129  11.248  11.279  11.283  11.311  11.336  11.360 
   11.365  11.380  11.463  11.494  11.585  11.589  11.613  11.635 
   11.689  11.697  11.701  11.730  11.735  11.749  11.762  11.806 
   11.821  11.864  11.927  11.933  11.962  11.976  12.014  12.061 
   12.138  12.203  12.205  12.209  12.237  12.283  12.291  12.383 
   12.393  12.421  12.422  12.426  12.439  12.507  12.513  12.574 
   12.588  12.644  12.669  12.690  12.695  12.713  12.714  12.722 
   12.734  12.741  12.753  12.776  12.792  12.815  12.835  12.866 
   12.883  12.912  12.950  13.002  13.007  13.034  13.040  13.085 
   13.099  13.106  13.111  13.182  13.204  13.206  13.212  13.227 
   13.230  13.266  13.287  13.297  13.299  13.334  13.376  13.376 
   13.382  13.398  13.398  13.401  13.417  13.425  13.471  13.473 
   13.481  13.506  13.531  13.542  13.654  13.668  13.669  13.764 
   13.791  13.801  13.835  13.890  13.917  13.919  13.929  13.966 
   13.978  13.995  14.043  14.062  14.077  14.095  14.146  14.157 
   14.190  14.212  14.247  14.307  14.378  14.484  14.493  14.501 
   14.506  14.569  14.663  14.700  14.753  14.881  14.903  14.922 
   15.010  15.084  15.123  15.125  15.235  15.255  15.287  15.300 
   15.304  15.416  15.490  15.507  15.612  15.619  15.630  15.731 
   15.817  15.827  15.893  15.937  16.000  16.052  16.170  16.227 
   16.252  16.354  16.386  16.387  16.496  16.515  16.530  16.676 
   17.061  17.218  17.219  17.233  17.237  17.238  17.258  17.259 
   17.281  17.290  17.293  17.302  17.304  17.371  17.402  17.416 
   17.606  17.743  17.751  17.771  17.830  17.840  17.848  17.896 
   17.902  17.937  17.966  18.124  18.135  18.161  18.182  18.185 
   18.263  18.312  18.482  18.756  18.781  18.836  18.874  18.909 
   18.934  19.012  19.094  19.167  19.175  19.242  19.249  19.401 
   19.414  19.445  19.456  19.558  19.699  19.705  19.718  19.918 
   20.383  20.400  20.556  20.583  20.608  20.655  20.701  20.894 
   20.919  20.928  20.937  21.290  21.317  21.511  21.513  21.572 
   21.604  21.656  21.666  23.823  23.924  23.951  24.030  24.127 
   24.197  24.253  24.347  24.590  24.624  24.674  24.746  24.772 
   24.809  24.910  25.386  26.157  26.184  26.237  26.241  26.352 
   26.364  27.144  29.378  30.528  30.588  31.397  33.095  33.271 
   33.566  33.590  33.619  33.667  33.854  33.866  34.024  34.315 
   34.359  34.605  34.661  34.665  34.767  34.820  35.384  35.817 
   35.942  36.629  37.088  37.443  37.472  37.564  37.581  37.655 
   38.109  41.865  41.923  41.931  41.939  42.330  42.394  62.311 
   63.172  63.262  68.155  68.216  68.698  69.041  70.244  91.655 
   91.728  91.857  91.892  91.931  92.009  92.144  92.192  92.234 
   92.288  92.310  92.327  93.250  93.255  93.305  93.306  93.326 
   93.334  94.384  95.002  95.153  95.319  95.325  95.467  95.496 
   95.622  95.721 136.475 137.318 137.402 146.512 288.627 289.124 
  289.252 289.382 289.388 289.500 289.517 289.597 289.691 310.815 
  311.623 311.703 739.232 740.004 740.086 1137.730 1138.101 1138.197 
  1138.293 1138.297 1138.371 1138.382 1138.427 1138.493 1851.079 1851.818 
  1851.896 4946.538 4947.241 4947.315 14407.900 14408.563 14408.632 47393.313 
  47393.931 47393.994 188468.101 188468.664 188468.720 1077044.181 1077044.666 1077044.712 


  >>> Running RHF-MP2 <<<


RMP2-TIMING
  rmp2                  :::     1256.570 (100.00%)
  Total                 :::     1256.570 (100.00%)

MP2 correlation energy (RHF) : -1.0099474997
MP2 total energy       (RHF) : -193.0614379001


  >>> Running UHF <<<

init D/C      : input mo_coeff
init ov       : zeros
no            : 15 16
nv            : 865 864
ov_size       : 26799
max_cycle     : 1000
conv          : 6
econv         : 9
method        : diis
mom_start     : 0
guess mix     : 0.000000
orb_swap      : [[[1, 15]], []]
init E        : -180.722410044324
init S2       : 0.750000000000046
init |[F,P]|  : 9.85e-03
init |dE|     : 2.54e-02
check file    : None

iter      total energy   |[F,P]|      |dE|         ∆E   S^2   comment
   1    -180.967635500  6.93e-03  1.65e-02  -2.45e-01  0.76  DIIS mom: 14.7/15 15.6/16
   2    -181.045178134  5.58e-03  1.34e-02  -7.75e-02  0.76  DIIS mom: 14.8/15 15.8/16
   3    -181.054609307  5.42e-03  1.37e-02  -9.43e-03  0.77  DIIS mom: 14.8/15 15.8/16
   4    -181.075713115  5.05e-03  1.29e-02  -2.11e-02  0.77  DIIS mom: 14.8/15 15.8/16
   5    -181.080129934  5.00e-03  1.28e-02  -4.42e-03  0.79  DIIS mom: 14.8/15 15.8/16
   6    -181.097973281  4.73e-03  1.23e-02  -1.78e-02  0.79  DIIS mom: 14.8/15 15.9/16
   7    -181.106789445  4.63e-03  1.19e-02  -8.82e-03  0.81  DIIS mom: 14.9/15 15.8/16
   8    -181.125906776  4.34e-03  1.13e-02  -1.91e-02  0.82  DIIS mom: 14.9/15 15.9/16
   9    -181.139227676  4.17e-03  1.07e-02  -1.33e-02  0.84  DIIS mom: 14.9/15 15.9/16
  10    -181.159536689  3.83e-03  9.99e-03  -2.03e-02  0.86  DIIS mom: 14.9/15 15.9/16
  11    -181.176071882  3.58e-03  9.24e-03  -1.65e-02  0.89  DIIS mom: 14.9/15 15.9/16
  12    -181.196157254  3.20e-03  8.33e-03  -2.01e-02  0.91  DIIS mom: 14.9/15 15.9/16
  13    -181.213294304  2.88e-03  7.43e-03  -1.71e-02  0.94  DIIS mom: 14.9/15 15.9/16
  14    -181.230720391  2.47e-03  6.42e-03  -1.74e-02  0.97  DIIS mom: 14.9/15 16.0/16
  15    -181.265241286  2.95e-04  6.81e-04  -3.45e-02  0.83  DIIS mom: 15.0/15 16.0/16
  16    -181.259536097  9.53e-04  2.48e-03   5.71e-03  0.84  DIIS mom: 15.0/15 16.0/16
  17    -181.276947766  4.77e-04  1.20e-03  -1.74e-02  1.06  DIIS mom: 15.0/15 16.0/16
  18    -181.246633551  8.19e-04  2.18e-03   3.03e-02  0.76  DIIS mom: 14.9/15 15.9/16
  19    -181.264157323  9.62e-04  2.26e-03  -1.75e-02  1.65  DIIS mom: 14.7/15 15.6/16
  20    -181.267897361  1.00e-03  2.52e-03  -3.74e-03  1.58  DIIS mom: 15.0/15 16.0/16
  21    -181.271244072  9.71e-04  2.60e-03  -3.35e-03  1.52  DIIS mom: 15.0/15 16.0/16
  22    -181.248442780  4.68e-04  1.30e-03   2.28e-02  1.01  DIIS mom: 14.5/15 15.5/16
  23    -181.281588862  3.42e-04  8.20e-04  -3.31e-02  1.17  DIIS mom: 14.6/15 15.7/16
  24    -181.282521478  3.47e-04  8.24e-04  -9.33e-04  1.27  DIIS mom: 15.0/15 16.0/16
  25    -181.282489854  3.18e-04  7.34e-04   3.16e-05  1.19  DIIS mom: 15.0/15 16.0/16
  26    -181.283607207  1.58e-04  3.60e-04  -1.12e-03  1.42  DIIS mom: 15.0/15 16.0/16
  27    -181.280225715  3.39e-04  8.02e-04   3.38e-03  1.51  DIIS mom: 15.0/15 16.0/16
  28    -181.269893988  6.86e-04  1.64e-03   1.03e-02  1.63  DIIS mom: 15.0/15 16.0/16
  29    -181.284712924  5.24e-05  1.26e-04  -1.48e-02  1.35  DIIS mom: 15.0/15 16.0/16
  30    -181.284124902  1.26e-04  3.04e-04   5.88e-04  1.39  DIIS mom: 15.0/15 16.0/16
  31    -181.284183782  1.20e-04  2.88e-04  -5.89e-05  1.39  DIIS mom: 15.0/15 16.0/16
  32    -181.284838708  1.14e-05  2.75e-05  -6.55e-04  1.31  DIIS mom: 15.0/15 16.0/16
  33    -181.284840040  5.24e-06  1.21e-05  -1.33e-06  1.32  DIIS mom: 15.0/15 16.0/16
  34    -181.284840690  3.62e-06  8.34e-06  -6.50e-07  1.32  DIIS mom: 15.0/15 16.0/16
  35    -181.284841429  6.79e-07  1.56e-06  -7.39e-07  1.32  DIIS mom: 15.0/15 16.0/16
  36    -181.284841456  1.93e-07  4.48e-07  -2.66e-08  1.31  DIIS mom: 15.0/15 16.0/16
  37    -181.284841458  9.24e-08  2.15e-07  -1.91e-09  1.31  DIIS mom: 15.0/15 16.0/16
  38    -181.284841458  4.94e-08  1.25e-07  -6.00e-10  1.31  DIIS mom: 15.0/15 16.0/16
                                                                      diis is converged!

SCF converged : True
final |[F,P]| : 4.94e-08
final |dE|    : 1.25e-07
final Escf    : -301.357768436388
final Etot    : -181.284841458363
final S2      : 1.31455948257322

  diis prep             :::        1.861 (  0.02%)
  diis extrap           :::        2.790 (  0.03%)
  roothaan              :::       12.823 (  0.16%)
  fock build            :::     8141.297 ( 99.79%)
  Total                 :::     8158.771 (100.00%)

Alpha occupied
  -20.945 -11.495 -11.495  -1.803  -1.338  -1.237  -1.069  -0.972 
   -0.969  -0.955  -0.820  -0.818  -0.788  -0.785  -0.757 

Alpha virtual
  -10.172  -0.162  -0.098  -0.066  -0.062  -0.060  -0.044  -0.032 
   -0.028  -0.026  -0.024   0.002   0.009   0.011   0.016   0.024 
    0.050   0.062   0.067   0.079   0.079   0.084   0.094   0.104 
    0.113   0.119   0.125   0.141   0.149   0.153   0.160   0.160 
    0.167   0.201   0.206   0.206   0.208   0.235   0.249   0.266 
    0.272   0.276   0.284   0.289   0.300   0.311   0.319   0.341 
    0.349   0.354   0.360   0.364   0.390   0.392   0.395   0.397 
    0.409   0.434   0.441   0.454   0.462   0.475   0.482   0.486 
    0.488   0.494   0.501   0.504   0.516   0.526   0.526   0.545 
    0.550   0.554   0.578   0.593   0.600   0.664   0.678   0.681 
    0.685   0.695   0.713   0.721   0.722   0.728   0.745   0.747 
    0.755   0.767   0.781   0.784   0.853   0.857   0.873   0.893 
    0.904   0.909   0.923   0.947   0.962   0.977   0.985   0.990 
    0.990   0.996   1.008   1.033   1.035   1.059   1.091   1.092 
    1.119   1.119   1.132   1.160   1.172   1.186   1.189   1.198 
    1.206   1.211   1.230   1.251   1.262   1.280   1.284   1.295 
    1.315   1.316   1.322   1.344   1.346   1.369   1.372   1.411 
    1.417   1.427   1.432   1.441   1.455   1.460   1.472   1.498 
    1.509   1.530   1.560   1.564   1.575   1.595   1.621   1.642 
    1.650   1.694   1.698   1.707   1.728   1.759   1.780   1.782 
    1.799   1.805   1.823   1.824   1.834   1.862   1.866   1.873 
    1.917   1.921   1.959   1.993   2.003   2.003   2.020   2.031 
    2.039   2.084   2.097   2.100   2.100   2.116   2.160   2.222 
    2.226   2.247   2.260   2.261   2.272   2.278   2.331   2.351 
    2.358   2.361   2.369   2.392   2.410   2.426   2.428   2.441 
    2.463   2.487   2.502   2.514   2.519   2.525   2.555   2.579 
    2.593   2.608   2.623   2.657   2.672   2.695   2.698   2.733 
    2.794   2.858   2.888   2.897   2.945   2.982   2.996   3.032 
    3.058   3.081   3.090   3.129   3.138   3.150   3.167   3.212 
    3.220   3.236   3.259   3.319   3.336   3.356   3.380   3.385 
    3.391   3.411   3.422   3.425   3.475   3.498   3.519   3.525 
    3.560   3.571   3.573   3.599   3.626   3.632   3.640   3.674 
    3.697   3.699   3.761   3.771   3.818   3.819   3.857   3.863 
    3.910   3.931   3.940   3.977   3.996   4.025   4.077   4.078 
    4.086   4.112   4.121   4.136   4.137   4.151   4.173   4.203 
    4.210   4.227   4.240   4.259   4.264   4.274   4.284   4.303 
    4.334   4.334   4.349   4.402   4.406   4.423   4.446   4.477 
    4.506   4.527   4.553   4.554   4.577   4.578   4.605   4.621 
    4.635   4.647   4.668   4.688   4.702   4.712   4.713   4.739 
    4.751   4.753   4.794   4.835   4.841   4.849   4.867   4.894 
    4.927   4.933   4.946   4.951   5.001   5.005   5.051   5.061 
    5.082   5.086   5.147   5.191   5.208   5.227   5.250   5.298 
    5.306   5.328   5.334   5.361   5.373   5.409   5.430   5.463 
    5.501   5.511   5.525   5.558   5.585   5.589   5.602   5.603 
    5.647   5.665   5.683   5.710   5.781   5.796   5.811   5.820 
    5.873   5.891   5.934   5.964   5.987   6.004   6.021   6.061 
    6.075   6.088   6.106   6.160   6.163   6.195   6.210   6.213 
    6.293   6.298   6.302   6.320   6.373   6.479   6.488   6.502 
    6.520   6.618   6.641   6.668   6.701   6.730   6.811   6.819 
    6.864   6.880   6.905   6.952   6.961   6.997   7.006   7.025 
    7.041   7.056   7.063   7.119   7.128   7.141   7.164   7.194 
    7.255   7.316   7.379   7.416   7.425   7.501   7.569   7.663 
    7.678   7.699   7.732   7.760   7.831   7.946   7.969   8.169 
    8.173   8.220   8.401   8.466   8.532   8.634   8.833   8.910 
    8.933   8.934   9.043   9.077   9.081   9.106   9.154   9.159 
    9.175   9.178   9.229   9.236   9.237   9.249   9.273   9.281 
    9.304   9.323   9.387   9.447   9.462   9.465   9.485   9.558 
    9.563   9.578   9.686   9.721   9.809   9.820   9.838   9.854 
    9.895   9.910   9.944   9.947   9.985  10.004  10.020  10.043 
   10.085  10.167  10.265  10.509  10.572  10.673  10.691  10.696 
   10.810  10.814  10.848  10.906  10.973  11.035  11.042  11.050 
   11.051  11.087  11.102  11.147  11.169  11.222  11.294  11.318 
   11.356  11.374  11.438  11.448  11.459  11.480  11.481  11.490 
   11.496  11.545  11.603  11.652  11.672  11.696  11.711  11.754 
   11.776  11.802  11.851  11.873  11.916  11.930  11.939  12.013 
   12.089  12.103  12.139  12.142  12.154  12.161  12.242  12.244 
   12.288  12.303  12.303  12.330  12.342  12.381  12.414  12.439 
   12.453  12.459  12.470  12.472  12.483  12.545  12.554  12.561 
   12.568  12.630  12.652  12.687  12.721  12.732  12.750  12.770 
   12.791  12.797  12.822  12.842  12.890  12.894  12.929  12.933 
   12.962  12.981  12.990  13.001  13.010  13.016  13.020  13.076 
   13.098  13.114  13.118  13.131  13.142  13.144  13.162  13.187 
   13.192  13.235  13.237  13.245  13.266  13.351  13.375  13.400 
   13.480  13.483  13.522  13.533  13.604  13.625  13.641  13.654 
   13.667  13.700  13.707  13.758  13.779  13.791  13.808  13.835 
   13.866  13.894  13.897  13.932  13.991  13.995  14.187  14.218 
   14.238  14.248  14.333  14.411  14.427  14.431  14.559  14.615 
   14.620  14.708  14.781  14.808  14.896  14.900  14.940  15.017 
   15.050  15.055  15.127  15.136  15.203  15.375  15.378  15.384 
   15.417  15.500  15.522  15.590  15.676  15.729  15.771  15.924 
   15.959  15.971  16.105  16.126  16.136  16.263  16.282  16.282 
   16.382  16.774  16.983  16.991  16.995  16.996  17.012  17.016 
   17.034  17.047  17.057  17.065  17.077  17.079  17.132  17.145 
   17.152  17.178  17.442  17.465  17.517  17.532  17.542  17.609 
   17.653  17.676  17.707  17.729  17.761  17.802  17.806  17.860 
   17.879  17.949  17.963  18.091  18.493  18.548  18.567  18.588 
   18.642  18.652  18.778  18.794  18.937  18.947  19.013  19.020 
   19.151  19.175  19.201  19.212  19.226  19.292  19.477  19.486 
   19.551  20.161  20.178  20.239  20.332  20.358  20.382  20.427 
   20.667  20.694  20.697  20.704  21.062  21.089  21.276  21.278 
   21.345  21.377  21.429  21.439  23.539  23.599  23.640  23.725 
   23.902  23.965  24.025  24.119  24.363  24.397  24.448  24.483 
   24.535  24.547  24.585  25.003  25.929  25.956  26.011  26.015 
   26.122  26.135  26.728  28.541  30.257  30.304  30.988  32.005 
   32.657  32.931  32.973  33.215  33.328  33.338  33.423  33.518 
   33.678  34.018  34.036  34.320  34.350  34.403  34.506  34.526 
   34.717  35.515  35.826  36.656  37.019  37.115  37.186  37.216 
   37.350  37.358  41.640  41.696  41.703  41.712  42.102  42.165 
   60.990  62.911  62.982  67.763  67.824  68.295  68.657  69.848 
   91.426  91.500  91.627  91.664  91.700  91.777  91.915  91.958 
   92.005  92.053  92.080  92.099  92.478  93.024  93.027  93.071 
   93.076  93.095  93.101  93.461  93.677  94.951  94.976  95.060 
   95.062  95.253  95.265 134.506 137.056 137.117 146.126 285.782 
  286.551 286.752 289.029 289.035 289.121 289.123 289.276 289.282 
  308.160 311.360 311.416 735.983 739.742 739.798 1134.081 1134.631 
  1134.777 1137.962 1137.962 1138.031 1138.032 1138.141 1138.144 1847.400 
  1851.556 1851.609 4942.595 4946.979 4947.028 14403.817 14408.301 14408.347 
  47389.167 47393.669 47393.711 188463.929 188468.402 188468.439 1077039.997 1077044.404 
  1077044.434 

Beta occupied
  -20.912 -13.868 -11.491 -11.491  -1.772  -1.380  -1.249  -1.078 
   -1.005  -0.991  -0.975  -0.818  -0.797  -0.785  -0.772  -0.748 

Beta virtual
   -0.150  -0.098  -0.066  -0.060  -0.058  -0.045  -0.032  -0.026 
   -0.026  -0.024  -0.002   0.009   0.011   0.016   0.024   0.049 
    0.061   0.061   0.074   0.079   0.088   0.090   0.104   0.107 
    0.116   0.123   0.136   0.148   0.152   0.157   0.160   0.167 
    0.179   0.201   0.206   0.207   0.231   0.247   0.261   0.266 
    0.267   0.285   0.289   0.298   0.307   0.317   0.340   0.348 
    0.353   0.358   0.365   0.383   0.388   0.391   0.396   0.401 
    0.431   0.440   0.460   0.462   0.473   0.479   0.485   0.490 
    0.491   0.494   0.497   0.516   0.524   0.526   0.543   0.549 
    0.554   0.581   0.598   0.599   0.663   0.675   0.677   0.688 
    0.695   0.704   0.718   0.719   0.729   0.751   0.753   0.755 
    0.764   0.779   0.783   0.846   0.856   0.872   0.889   0.890 
    0.904   0.917   0.946   0.960   0.973   0.978   0.987   0.991 
    0.992   1.007   1.032   1.034   1.057   1.090   1.091   1.115 
    1.119   1.129   1.157   1.172   1.185   1.190   1.195   1.206 
    1.208   1.229   1.252   1.261   1.279   1.284   1.295   1.314 
    1.315   1.321   1.344   1.344   1.370   1.373   1.411   1.416 
    1.427   1.429   1.443   1.453   1.459   1.473   1.502   1.509 
    1.531   1.558   1.560   1.575   1.594   1.622   1.640   1.657 
    1.699   1.705   1.712   1.726   1.756   1.777   1.793   1.809 
    1.817   1.818   1.821   1.836   1.861   1.874   1.875   1.917 
    1.922   1.960   1.984   1.994   2.003   2.019   2.024   2.041 
    2.089   2.092   2.101   2.102   2.104   2.162   2.216   2.225 
    2.240   2.254   2.257   2.271   2.277   2.328   2.331   2.344 
    2.353   2.366   2.391   2.406   2.425   2.426   2.441   2.457 
    2.481   2.502   2.510   2.514   2.517   2.555   2.581   2.594 
    2.609   2.621   2.656   2.665   2.687   2.698   2.728   2.795 
    2.842   2.875   2.875   2.943   2.983   2.995   3.031   3.054 
    3.079   3.090   3.127   3.135   3.147   3.166   3.210   3.219 
    3.234   3.252   3.316   3.336   3.357   3.379   3.380   3.391 
    3.406   3.420   3.423   3.474   3.496   3.517   3.524   3.558 
    3.567   3.572   3.597   3.623   3.630   3.637   3.676   3.692 
    3.695   3.759   3.770   3.812   3.813   3.856   3.860   3.912 
    3.929   3.937   3.980   3.995   4.031   4.076   4.082   4.097 
    4.113   4.119   4.133   4.135   4.151   4.172   4.201   4.206 
    4.228   4.235   4.263   4.270   4.287   4.287   4.300   4.328 
    4.334   4.351   4.402   4.407   4.421   4.456   4.480   4.500 
    4.527   4.551   4.553   4.573   4.588   4.598   4.629   4.633 
    4.644   4.666   4.683   4.696   4.711   4.724   4.744   4.752 
    4.755   4.793   4.828   4.829   4.841   4.857   4.889   4.924 
    4.931   4.943   4.945   5.000   5.000   5.049   5.059   5.069 
    5.083   5.142   5.195   5.209   5.225   5.242   5.298   5.307 
    5.327   5.331   5.363   5.373   5.415   5.428   5.472   5.498 
    5.509   5.525   5.556   5.580   5.584   5.598   5.599   5.643 
    5.663   5.686   5.709   5.756   5.790   5.811   5.817   5.836 
    5.887   5.907   5.960   5.981   6.003   6.025   6.063   6.080 
    6.089   6.101   6.154   6.169   6.197   6.208   6.214   6.241 
    6.302   6.305   6.322   6.374   6.477   6.487   6.498   6.514 
    6.618   6.639   6.669   6.699   6.727   6.801   6.818   6.860 
    6.875   6.906   6.951   6.959   6.995   7.004   7.026   7.031 
    7.056   7.057   7.118   7.127   7.138   7.163   7.187   7.250 
    7.296   7.380   7.409   7.419   7.493   7.567   7.663   7.678 
    7.697   7.727   7.759   7.826   7.947   7.951   8.167   8.169 
    8.208   8.383   8.473   8.535   8.632   8.830   8.908   8.926 
    8.931   9.041   9.073   9.079   9.105   9.153   9.158   9.175 
    9.177   9.229   9.235   9.237   9.248   9.272   9.280   9.303 
    9.322   9.385   9.447   9.460   9.463   9.483   9.557   9.562 
    9.576   9.697   9.753   9.820   9.820   9.840   9.853   9.894 
    9.912   9.942   9.944   9.985  10.010  10.026  10.041  10.085 
   10.167  10.287  10.513  10.573  10.667  10.677  10.681  10.802 
   10.806  10.829  10.881  10.959  11.026  11.029  11.048  11.049 
   11.081  11.098  11.146  11.166  11.210  11.287  11.308  11.346 
   11.371  11.439  11.449  11.474  11.478  11.481  11.490  11.508 
   11.546  11.602  11.654  11.655  11.679  11.706  11.748  11.773 
   11.780  11.812  11.868  11.898  11.926  11.938  12.005  12.085 
   12.097  12.136  12.139  12.153  12.161  12.240  12.244  12.272 
   12.282  12.294  12.349  12.359  12.386  12.411  12.439  12.456 
   12.459  12.469  12.471  12.485  12.545  12.550  12.554  12.569 
   12.627  12.649  12.683  12.697  12.713  12.741  12.765  12.776 
   12.787  12.808  12.837  12.872  12.904  12.927  12.929  12.950 
   12.979  12.993  12.993  13.015  13.017  13.026  13.073  13.101 
   13.107  13.117  13.130  13.142  13.149  13.158  13.190  13.198 
   13.237  13.238  13.243  13.267  13.345  13.369  13.399  13.475 
   13.479  13.515  13.526  13.599  13.622  13.631  13.647  13.652 
   13.696  13.708  13.755  13.774  13.789  13.803  13.839  13.864 
   13.879  13.895  13.928  13.957  13.972  14.168  14.213  14.235 
   14.249  14.333  14.407  14.418  14.427  14.498  14.611  14.612 
   14.693  14.748  14.783  14.896  14.899  14.936  15.016  15.048 
   15.054  15.085  15.129  15.201  15.374  15.378  15.383  15.411 
   15.502  15.517  15.587  15.671  15.724  15.771  15.922  15.949 
   15.967  16.105  16.125  16.133  16.263  16.282  16.282  16.381 
   16.755  16.960  16.965  16.995  16.995  17.011  17.015  17.034 
   17.034  17.056  17.065  17.076  17.078  17.110  17.139  17.149 
   17.177  17.470  17.492  17.516  17.532  17.542  17.608  17.657 
   17.675  17.705  17.726  17.757  17.792  17.821  17.848  17.876 
   17.953  17.963  18.071  18.502  18.548  18.577  18.591  18.641 
   18.660  18.777  18.798  18.937  18.947  19.013  19.020  19.166 
   19.175  19.206  19.212  19.226  19.294  19.477  19.486  19.557 
   20.160  20.178  20.225  20.331  20.357  20.382  20.427  20.667 
   20.693  20.697  20.704  21.062  21.089  21.274  21.278  21.345 
   21.377  21.429  21.439  23.570  23.598  23.672  23.724  23.901 
   23.964  24.024  24.118  24.362  24.396  24.448  24.501  24.545 
   24.546  24.584  25.010  25.927  25.955  26.010  26.014  26.122 
   26.134  26.736  28.278  30.254  30.299  30.997  31.856  32.533 
   32.833  32.940  33.206  33.324  33.338  33.422  33.445  33.632 
   33.985  34.034  34.210  34.248  34.404  34.496  34.506  34.527 
   35.522  35.606  36.535  36.976  37.019  37.187  37.217  37.344 
   37.358  41.639  41.695  41.702  41.711  42.101  42.164  60.674 
   62.912  62.980  67.778  67.839  68.312  68.663  69.858  91.425 
   91.499  91.625  91.663  91.699  91.776  91.914  91.953  92.004 
   92.021  92.080  92.098  92.144  93.021  93.027  93.033  93.073 
   93.094  93.097  93.160  93.327  94.948  94.968  95.060  95.062 
   95.254  95.265 134.192 137.057 137.116 146.132 285.458 286.233 
  286.433 289.028 289.033 289.122 289.124 289.276 289.282 307.895 
  311.360 311.416 735.794 739.742 739.798 1133.897 1134.447 1134.594 
  1137.962 1137.962 1138.031 1138.032 1138.141 1138.144 1847.286 1851.557 
  1851.609 4942.536 4946.979 4947.028 14403.791 14408.301 14408.347 47389.157 
  47393.669 47393.711 188463.926 188468.402 188468.439 1077039.997 1077044.404 1077044.434 


  >>> Running UHF-MP2 <<<

MP2 correlation energy (UHF) : -0.9395742285
MP2 total energy       (UHF) : -182.2244156868

