	*********************************************** 
	***** Beginning CEBE Calculation with MOM ***** 
	*****       Calculation Details:          ***** 
	      Geometry:	 /home/am3939/core/calculations/mols/exp/f/nh2ch2f.xyz
	      Core Basis:	 ccX-5Z
	      Full Basis:	 cc-pV5Z
	      DIIS (start, space):	 0 50
	      Level shift:	 0
	      Do localization?:	 False
	      Do SFX2C1E?:	 True
	      Freeze orbitals?:	 True
	      Use Cheng orbitals?:	 False
	      Do Special Basis?:	 True
	      Do Special Basis?:	 ccX-5Z
	*********************************************** 
	*********************************************** 

  >>> Running RHF <<<

init D/C      : minao
init ov       : zeros
no            : 13
nv            : 581
ov_size       : 7553
max_cycle     : 1000
conv          : 6
econv         : 9
method        : gdm
scale_stop    : 0
scale_factor  : 1.000000
init E        : -194.108295042371
init |[F,P]|  : 5.14e-03
init |dE|     : 1.30e-02
check file    : None

iter      total energy   |[F,P]|      |dE|         ∆E   comment
   1    -194.158478989  3.25e-03  8.14e-03  -5.02e-02  BFGS
   2    -194.176560742  3.80e-04  9.62e-04  -1.81e-02  BFGS
   3    -194.176972025  1.32e-04  3.32e-04  -4.11e-04  BFGS
   4    -194.177031750  3.39e-05  8.37e-05  -5.97e-05  BFGS
   5    -194.177035424  1.08e-05  2.58e-05  -3.67e-06  BFGS
   6    -194.177035885  3.31e-06  9.03e-06  -4.61e-07  BFGS
   7    -194.177035914  8.11e-07  2.06e-06  -2.87e-08  BFGS
   8    -194.177035916  1.69e-07  4.31e-07  -2.07e-09  BFGS
   9    -194.177035916  3.94e-08  9.69e-08  -1.34e-10  BFGS
                                                                      gdm is converged!

SCF converged : True
final |[F,P]| : 3.94e-08
final |dE|    : 9.69e-08
final Escf    : -274.227949093495
final Etot    : -194.177035916228

  pxp & ewc             :::        0.293 (  0.18%)
  apply B               :::        0.001 (  0.00%)
  linsrch               :::      160.758 ( 99.81%)
  grad                  :::        0.008 (  0.00%)
  Total                 :::      161.060 (100.00%)

Alpha occupied
  -26.263 -15.560 -11.333  -1.576  -1.208  -0.911  -0.733  -0.689 
   -0.683  -0.641  -0.561  -0.518  -0.439 

Alpha virtual
    0.093   0.116   0.117   0.159   0.166   0.200   0.225   0.234 
    0.240   0.305   0.308   0.342   0.344   0.381   0.393   0.417 
    0.423   0.442   0.487   0.515   0.540   0.556   0.604   0.628 
    0.661   0.677   0.679   0.679   0.737   0.742   0.766   0.785 
    0.793   0.809   0.809   0.811   0.862   0.872   0.902   0.927 
    0.979   0.987   1.024   1.051   1.088   1.092   1.096   1.123 
    1.164   1.200   1.237   1.246   1.305   1.431   1.438   1.483 
    1.502   1.504   1.535   1.570   1.607   1.623   1.636   1.656 
    1.677   1.730   1.750   1.770   1.819   1.838   1.843   1.845 
    1.868   1.883   1.901   1.906   1.918   1.950   1.982   1.992 
    2.000   2.017   2.067   2.125   2.160   2.167   2.176   2.188 
    2.243   2.258   2.281   2.298   2.322   2.342   2.344   2.412 
    2.461   2.471   2.490   2.500   2.565   2.572   2.641   2.694 
    2.723   2.782   2.824   2.825   2.842   2.850   2.885   2.933 
    2.983   3.003   3.029   3.106   3.173   3.246   3.261   3.310 
    3.351   3.440   3.505   3.517   3.540   3.580   3.584   3.604 
    3.685   3.688   3.734   3.739   3.805   3.806   3.846   3.913 
    3.920   3.959   3.980   4.067   4.073   4.087   4.101   4.127 
    4.147   4.181   4.231   4.252   4.261   4.261   4.294   4.341 
    4.359   4.380   4.380   4.397   4.451   4.483   4.486   4.563 
    4.596   4.603   4.609   4.665   4.694   4.702   4.713   4.797 
    4.823   4.868   4.888   4.906   4.914   4.962   4.968   5.001 
    5.006   5.044   5.049   5.158   5.170   5.182   5.196   5.232 
    5.261   5.312   5.316   5.358   5.374   5.409   5.426   5.470 
    5.499   5.547   5.579   5.597   5.640   5.666   5.701   5.728 
    5.795   5.803   5.879   5.909   5.922   5.969   5.994   6.004 
    6.067   6.119   6.195   6.207   6.216   6.304   6.398   6.439 
    6.521   6.525   6.614   6.634   6.641   6.709   6.724   6.804 
    6.816   6.922   6.953   6.985   7.006   7.161   7.172   7.296 
    7.322   7.381   7.414   7.424   7.495   7.548   7.615   7.729 
    7.773   7.803   7.819   7.862   7.963   8.001   8.095   8.183 
    8.277   8.285   8.374   8.416   8.420   8.428   8.484   8.599 
    8.615   8.769   8.792   8.881   9.125   9.156   9.158   9.196 
    9.511   9.540   9.599   9.628   9.642   9.652   9.745   9.785 
    9.823   9.871  10.002  10.027  10.081  10.112  10.157  10.284 
   10.364  10.371  10.401  10.445  10.475  10.523  10.573  10.605 
   10.661  10.769  10.831  10.909  10.952  10.980  11.032  11.066 
   11.143  11.185  11.304  11.306  11.412  11.436  11.442  11.514 
   11.544  11.622  11.681  11.761  11.789  11.918  12.166  12.262 
   12.272  12.276  12.514  12.519  12.568  12.611  12.652  12.678 
   12.710  12.724  12.775  12.793  12.820  12.831  12.861  12.881 
   12.884  12.904  12.928  12.935  12.984  13.005  13.005  13.092 
   13.146  13.179  13.202  13.220  13.261  13.324  13.364  13.430 
   13.528  13.569  13.589  13.597  13.654  13.666  13.699  13.706 
   13.749  13.749  13.818  13.849  13.889  13.905  13.910  13.941 
   13.949  14.042  14.091  14.108  14.123  14.164  14.175  14.240 
   14.250  14.290  14.308  14.372  14.376  14.395  14.460  14.511 
   14.575  14.579  14.659  14.682  14.735  14.767  14.797  14.845 
   14.884  14.892  14.947  15.007  15.032  15.108  15.235  15.284 
   15.337  15.389  15.403  15.446  15.544  15.614  15.722  15.758 
   15.883  16.019  16.037  16.147  16.274  16.315  16.386  16.429 
   16.463  16.718  16.800  16.809  16.914  16.975  17.028  17.084 
   17.203  17.327  17.435  17.528  17.579  17.651  17.673  17.708 
   17.728  17.870  17.998  18.106  18.133  18.285  18.330  18.346 
   18.396  18.398  18.411  18.413  18.495  18.551  18.589  18.639 
   18.768  18.798  18.836  18.928  18.981  18.999  19.045  19.066 
   19.068  19.082  19.123  19.318  19.634  20.678  20.858  20.906 
   21.009  21.074  21.328  21.759  22.075  23.071  23.801  23.816 
   23.829  23.981  24.010  24.364  24.404  24.569  24.655  24.792 
   24.799  25.343  25.382  25.649  25.670  26.071  26.100  26.767 
   28.441  28.444  29.209  29.221  30.500  39.746  39.759  40.150 
   42.351  53.740  54.469  84.027  84.032  84.454  84.469  85.330 
   85.359  85.375  85.729  93.713  93.726  93.820  93.823  93.953 
   93.969  94.272 118.918 145.162 145.162 145.164 145.167 145.199 
  145.203 145.246 145.259 145.260 190.323 190.334 190.651 231.310 
  231.313 231.632 231.647 232.304 258.132 297.585 297.592 297.644 
  297.646 297.718 297.727 297.891 414.715 414.716 414.716 414.719 
  414.719 414.724 414.724 414.730 414.730 414.739 414.739 448.105 
  448.115 448.400 547.405 547.406 547.407 547.407 547.415 547.416 
  547.429 547.434 547.434 570.407 592.544 592.546 592.798 592.810 
  593.329 896.503 896.507 896.539 896.540 896.583 896.588 896.685 
  1152.618 1152.627 1152.876 1383.878 1517.711 1517.713 1517.911 1517.921 
  1518.325 3735.253 3735.261 3735.490 5407.490 


  >>> Running RHF-MP2 <<<


RMP2-TIMING
  rmp2                  :::      159.817 (100.00%)
  Total                 :::      159.817 (100.00%)

MP2 correlation energy (RHF) : -0.8492327815
MP2 total energy       (RHF) : -195.0262686977


  >>> Running UHF <<<

init D/C      : input mo_coeff
init ov       : zeros
no            : 12 13
nv            : 582 581
ov_size       : 14537
max_cycle     : 1000
conv          : 6
econv         : 9
method        : diis
mom_start     : 0
guess mix     : 0.000000
orb_swap      : [[[0, 12]], []]
init E        : -167.913661027149
init S2       : 0.750000000000089
init |[F,P]|  : 2.13e-02
init |dE|     : 5.94e-02
check file    : None

iter      total energy   |[F,P]|      |dE|         ∆E   S^2   comment
   1    -168.570105522  9.59e-03  2.80e-02  -6.56e-01  0.75  DIIS mom: 11.7/12 12.7/13
   2    -168.803785217  8.12e-04  2.22e-03  -2.34e-01  0.75  DIIS mom: 12.0/12 13.0/13
   3    -168.806102654  2.27e-04  6.07e-04  -2.32e-03  0.76  DIIS mom: 12.0/12 13.0/13
   4    -168.806403428  1.01e-04  2.76e-04  -3.01e-04  0.76  DIIS mom: 12.0/12 13.0/13
   5    -168.806504528  3.14e-05  8.24e-05  -1.01e-04  0.76  DIIS mom: 12.0/12 13.0/13
   6    -168.806517200  1.18e-05  2.81e-05  -1.27e-05  0.76  DIIS mom: 12.0/12 13.0/13
   7    -168.806519313  6.13e-06  1.41e-05  -2.11e-06  0.76  DIIS mom: 12.0/12 13.0/13
   8    -168.806520054  3.04e-06  6.81e-06  -7.41e-07  0.76  DIIS mom: 12.0/12 13.0/13
   9    -168.806520294  1.08e-06  2.46e-06  -2.39e-07  0.76  DIIS mom: 12.0/12 13.0/13
  10    -168.806520320  2.99e-07  6.74e-07  -2.61e-08  0.76  DIIS mom: 12.0/12 13.0/13
  11    -168.806520321  1.05e-07  2.27e-07  -1.44e-09  0.76  DIIS mom: 12.0/12 13.0/13
  12    -168.806520321  3.46e-08  7.92e-08  -1.56e-10  0.76  DIIS mom: 12.0/12 13.0/13
                                                                      diis is converged!

SCF converged : True
final |[F,P]| : 3.46e-08
final |dE|    : 7.92e-08
final Escf    : -248.857433498751
final Etot    : -168.806520321485
final S2      : 0.76260369192633

  diis prep             :::        0.111 (  0.05%)
  diis extrap           :::        0.095 (  0.04%)
  roothaan              :::        0.838 (  0.36%)
  fock build            :::      233.280 ( 99.55%)
  Total                 :::      234.325 (100.00%)

Alpha occupied
  -15.816 -11.630  -2.131  -1.480  -1.332  -1.260  -1.255  -1.100 
   -0.958  -0.877  -0.816  -0.703 

Alpha virtual
  -24.485  -0.092  -0.060  -0.055  -0.053  -0.001  -0.001   0.017 
    0.030   0.050   0.065   0.117   0.145   0.155   0.172   0.178 
    0.187   0.210   0.238   0.282   0.284   0.314   0.342   0.385 
    0.388   0.404   0.426   0.458   0.475   0.495   0.504   0.513 
    0.553   0.556   0.585   0.592   0.599   0.633   0.656   0.678 
    0.706   0.740   0.759   0.816   0.841   0.865   0.865   0.885 
    0.902   0.938   0.972   1.007   1.018   1.086   1.169   1.176 
    1.212   1.223   1.275   1.282   1.319   1.351   1.360   1.387 
    1.393   1.425   1.451   1.500   1.515   1.517   1.531   1.533 
    1.574   1.577   1.600   1.614   1.659   1.659   1.716   1.725 
    1.748   1.778   1.787   1.837   1.884   1.909   1.927   1.937 
    1.951   2.008   2.010   2.035   2.043   2.049   2.090   2.101 
    2.170   2.221   2.224   2.248   2.266   2.305   2.316   2.373 
    2.437   2.481   2.516   2.565   2.587   2.610   2.610   2.632 
    2.689   2.704   2.736   2.767   2.868   2.915   2.959   3.007 
    3.047   3.092   3.173   3.188   3.190   3.246   3.257   3.302 
    3.345   3.387   3.399   3.462   3.492   3.505   3.563   3.567 
    3.639   3.639   3.648   3.707   3.728   3.759   3.766   3.785 
    3.820   3.827   3.848   3.890   3.890   3.919   3.933   4.005 
    4.021   4.030   4.087   4.094   4.120   4.192   4.195   4.223 
    4.300   4.328   4.346   4.363   4.392   4.405   4.442   4.457 
    4.532   4.537   4.586   4.625   4.657   4.661   4.691   4.696 
    4.743   4.751   4.783   4.791   4.898   4.917   4.923   4.949 
    4.955   5.018   5.018   5.061   5.119   5.121   5.152   5.164 
    5.202   5.250   5.286   5.316   5.340   5.386   5.391   5.439 
    5.456   5.534   5.543   5.611   5.619   5.640   5.705   5.728 
    5.763   5.808   5.869   5.933   5.943   5.960   6.063   6.138 
    6.182   6.240   6.252   6.359   6.368   6.376   6.439   6.459 
    6.464   6.550   6.654   6.679   6.732   6.745   6.906   6.914 
    7.029   7.059   7.104   7.127   7.164   7.182   7.266   7.330 
    7.347   7.437   7.520   7.536   7.577   7.626   7.710   7.785 
    7.875   7.953   7.971   8.054   8.092   8.130   8.148   8.149 
    8.263   8.371   8.500   8.514   8.577   8.594   8.642   8.691 
    8.880   9.178   9.184   9.216   9.242   9.322   9.327   9.393 
    9.474   9.476   9.533   9.631   9.700   9.715   9.757   9.767 
    9.902   9.974  10.025  10.093  10.111  10.143  10.153  10.238 
   10.265  10.271  10.454  10.476  10.525  10.568  10.576  10.687 
   10.693  10.827  10.845  10.963  11.022  11.138  11.169  11.184 
   11.227  11.238  11.348  11.420  11.496  11.526  11.656  11.880 
   11.956  12.010  12.023  12.190  12.225  12.280  12.324  12.378 
   12.399  12.433  12.476  12.499  12.551  12.558  12.574  12.590 
   12.618  12.623  12.653  12.661  12.666  12.733  12.744  12.747 
   12.814  12.878  12.920  12.928  12.942  12.999  13.087  13.109 
   13.182  13.258  13.297  13.299  13.332  13.395  13.418  13.451 
   13.470  13.504  13.514  13.559  13.568  13.635  13.661  13.672 
   13.690  13.693  13.785  13.842  13.848  13.863  13.897  13.904 
   13.980  14.007  14.025  14.063  14.112  14.114  14.137  14.210 
   14.245  14.295  14.319  14.371  14.409  14.475  14.500  14.524 
   14.589  14.605  14.629  14.654  14.730  14.768  14.837  14.973 
   15.042  15.086  15.122  15.130  15.187  15.294  15.361  15.467 
   15.484  15.627  15.766  15.773  15.873  15.996  16.069  16.139 
   16.181  16.224  16.482  16.554  16.563  16.642  16.728  16.792 
   16.837  16.960  17.082  17.188  17.285  17.306  17.394  17.423 
   17.434  17.456  17.604  17.734  17.852  17.890  17.947  17.951 
   17.958  17.958  18.019  18.020  18.057  18.121  18.174  18.233 
   18.235  18.303  18.351  18.388  18.464  18.523  18.547  18.634 
   18.651  18.700  18.791  18.803  18.994  19.065  20.442  20.575 
   20.628  20.766  20.827  21.090  21.518  21.835  22.830  23.313 
   23.313  23.462  23.515  23.597  23.805  23.871  23.908  24.147 
   24.281  24.284  24.711  24.749  25.030  25.052  25.467  25.494 
   26.156  27.537  27.540  28.331  28.342  29.635  38.704  38.717 
   39.128  42.046  53.308  53.488  82.338  82.342  82.774  82.790 
   83.662  83.779  83.795  84.159  92.187  92.199  92.301  92.304 
   92.438  92.453  92.759 117.107 143.525 143.525 143.533 143.536 
  143.573 143.576 143.623 143.635 143.636 187.877 187.888 188.214 
  228.626 228.629 228.954 228.970 229.630 255.423 294.816 294.824 
  294.880 294.882 294.956 294.965 295.130 412.187 412.188 412.188 
  412.189 412.189 412.192 412.192 412.197 412.197 412.203 412.203 
  444.539 444.550 444.839 544.142 544.142 544.142 544.144 544.154 
  544.155 544.169 544.174 544.174 566.635 588.765 588.767 589.022 
  589.034 589.555 892.330 892.334 892.368 892.369 892.413 892.418 
  892.515 1147.891 1147.900 1148.151 1378.997 1512.843 1512.845 1513.045 
  1513.054 1513.460 3729.559 3729.567 3729.797 5401.722 

Beta occupied
  -29.999 -15.815 -11.631  -2.267  -1.495  -1.395  -1.351  -1.344 
   -1.114  -0.960  -0.879  -0.817  -0.702 

Beta virtual
   -0.093  -0.065  -0.056  -0.055  -0.006  -0.002   0.015   0.027 
    0.050   0.058   0.117   0.143   0.156   0.172   0.177   0.188 
    0.211   0.239   0.281   0.283   0.315   0.340   0.383   0.384 
    0.397   0.425   0.458   0.474   0.494   0.503   0.510   0.552 
    0.554   0.585   0.593   0.599   0.634   0.657   0.678   0.707 
    0.740   0.759   0.816   0.841   0.865   0.865   0.885   0.902 
    0.938   0.973   1.008   1.017   1.086   1.172   1.179   1.212 
    1.224   1.275   1.281   1.319   1.345   1.358   1.387   1.393 
    1.424   1.436   1.491   1.507   1.511   1.522   1.527   1.575 
    1.576   1.598   1.614   1.659   1.660   1.717   1.724   1.748 
    1.778   1.788   1.837   1.883   1.910   1.927   1.936   1.951 
    2.008   2.010   2.036   2.044   2.047   2.089   2.101   2.169 
    2.221   2.224   2.248   2.266   2.306   2.316   2.372   2.435 
    2.481   2.515   2.563   2.587   2.610   2.611   2.633   2.689 
    2.705   2.737   2.769   2.869   2.916   2.956   3.007   3.047 
    3.093   3.173   3.189   3.191   3.249   3.259   3.302   3.345 
    3.387   3.400   3.462   3.491   3.504   3.563   3.566   3.633 
    3.635   3.645   3.702   3.707   3.738   3.750   3.761   3.802 
    3.824   3.831   3.875   3.890   3.919   3.928   3.997   4.019 
    4.020   4.085   4.093   4.119   4.191   4.194   4.223   4.300 
    4.328   4.343   4.363   4.389   4.395   4.443   4.457   4.532 
    4.538   4.586   4.625   4.657   4.662   4.691   4.696   4.743 
    4.750   4.783   4.789   4.897   4.917   4.924   4.949   4.954 
    5.017   5.018   5.061   5.119   5.121   5.152   5.164   5.202 
    5.250   5.286   5.316   5.339   5.386   5.391   5.439   5.456 
    5.534   5.543   5.609   5.619   5.638   5.704   5.728   5.763 
    5.808   5.869   5.933   5.943   5.961   6.063   6.137   6.183 
    6.239   6.252   6.360   6.369   6.376   6.435   6.458   6.461 
    6.551   6.654   6.680   6.732   6.746   6.905   6.914   7.029 
    7.060   7.104   7.127   7.165   7.183   7.266   7.331   7.350 
    7.439   7.521   7.536   7.578   7.626   7.711   7.781   7.875 
    7.954   7.971   8.041   8.082   8.131   8.145   8.148   8.261 
    8.369   8.478   8.488   8.512   8.547   8.627   8.646   8.880 
    9.174   9.177   9.214   9.241   9.320   9.322   9.384   9.471 
    9.472   9.530   9.624   9.697   9.708   9.736   9.766   9.859 
    9.963  10.020  10.090  10.108  10.133  10.147  10.235  10.263 
   10.264  10.433  10.471  10.513  10.549  10.575  10.686  10.689 
   10.826  10.845  10.947  11.022  11.137  11.169  11.184  11.223 
   11.238  11.348  11.420  11.496  11.525  11.656  11.876  11.951 
   12.010  12.023  12.186  12.221  12.276  12.322  12.376  12.399 
   12.432  12.476  12.499  12.551  12.558  12.574  12.588  12.618 
   12.622  12.652  12.660  12.666  12.733  12.744  12.747  12.813 
   12.878  12.918  12.928  12.942  12.998  13.087  13.109  13.182 
   13.259  13.296  13.298  13.331  13.395  13.418  13.451  13.470 
   13.504  13.514  13.559  13.566  13.635  13.661  13.672  13.690 
   13.693  13.786  13.842  13.848  13.863  13.897  13.904  13.978 
   14.007  14.024  14.063  14.112  14.114  14.137  14.210  14.245 
   14.293  14.319  14.368  14.409  14.475  14.499  14.524  14.588 
   14.603  14.629  14.653  14.730  14.768  14.836  14.973  15.042 
   15.086  15.122  15.129  15.187  15.294  15.361  15.467  15.484 
   15.627  15.766  15.773  15.873  15.995  16.069  16.140  16.181 
   16.224  16.482  16.554  16.563  16.642  16.728  16.792  16.838 
   16.960  17.082  17.188  17.285  17.305  17.394  17.423  17.433 
   17.454  17.603  17.734  17.852  17.889  17.947  17.951  17.958 
   17.959  18.014  18.021  18.056  18.077  18.081  18.122  18.172 
   18.298  18.348  18.386  18.464  18.471  18.529  18.634  18.650 
   18.699  18.791  18.803  18.919  19.062  20.442  20.575  20.628 
   20.766  20.828  21.090  21.518  21.835  22.830  23.306  23.306 
   23.455  23.507  23.542  23.596  23.861  23.899  24.135  24.268 
   24.271  24.691  24.728  25.009  25.032  25.447  25.474  26.133 
   27.466  27.468  28.262  28.272  29.566  38.442  38.454  38.869 
   42.044  52.919  53.488  82.143  82.148  82.579  82.594  83.416 
   83.433  83.462  83.803  92.097  92.110  92.211  92.215  92.348 
   92.364  92.669 116.651 143.461 143.462 143.469 143.472 143.508 
  143.511 143.558 143.570 143.571 187.447 187.458 187.785 228.338 
  228.341 228.666 228.681 229.342 254.965 294.626 294.633 294.690 
  294.692 294.766 294.775 294.940 412.102 412.102 412.103 412.104 
  412.104 412.107 412.107 412.112 412.112 412.118 412.118 444.117 
  444.127 444.417 543.987 543.987 543.988 543.989 543.999 544.000 
  544.014 544.019 544.019 566.226 588.468 588.470 588.725 588.737 
  589.258 892.100 892.104 892.138 892.139 892.183 892.188 892.285 
  1147.553 1147.562 1147.813 1378.670 1512.595 1512.597 1512.796 1512.806 
  1513.211 3729.358 3729.366 3729.596 5401.545 


  >>> Running UHF-MP2 <<<

MP2 correlation energy (UHF) : -0.7864813837
MP2 total energy       (UHF) : -169.5930017052

