	*********************************************** 
	***** Beginning CEBE Calculation with MOM ***** 
	*****       Calculation Details:          ***** 
	      Geometry:	 /work/morgunov/core/calculations/mols/exp/c/c-f3h.xyz
	      Core Basis:	 cc-pCV5Z
	      Full Basis:	 cc-pV5Z
	      Do SFX2C1E?:	 True
	      Freeze orbitals?:	 True
	      Use Cheng orbitals?:	 False
	      Do Special Basis?:	 False
	*********************************************** 
	*********************************************** 

  >>> Running RHF <<<

init D/C      : minao
init ov       : zeros
no            : 17
nv            : 456
ov_size       : 7752
max_cycle     : 1000
conv          : 6
econv         : 9
method        : gdm
scale_stop    : 0
scale_factor  : 1.000000
init E        : -336.795622404397
init |[F,P]|  : 8.45e-03
init |dE|     : 2.02e-02
check file    : None

iter      total energy   |[F,P]|      |dE|         ∆E   comment
   1    -336.897087396  5.16e-03  1.27e-02  -1.01e-01  BFGS
   2    -336.941040724  4.48e-04  1.26e-03  -4.40e-02  BFGS
   3    -336.941813587  1.45e-04  3.85e-04  -7.73e-04  BFGS
   4    -336.941911810  4.54e-05  1.03e-04  -9.82e-05  BFGS
   5    -336.941916517  1.06e-05  2.37e-05  -4.71e-06  BFGS
   6    -336.941916936  1.56e-06  4.00e-06  -4.19e-07  BFGS
   7    -336.941916945  3.97e-07  9.72e-07  -9.60e-09  BFGS
   8    -336.941916946  7.58e-08  1.81e-07  -6.70e-10  BFGS
                                                                      gdm is converged!

SCF converged : True
final |[F,P]| : 7.58e-08
final |dE|    : 1.81e-07
final Escf    : -471.171892802918
final Etot    : -336.941916945783

  pxp & ewc             :::        0.226 (  0.05%)
  apply B               :::        0.002 (  0.00%)
  linsrch               :::      456.887 ( 99.95%)
  grad                  :::        0.009 (  0.00%)
  Total                 :::      457.125 (100.00%)

Alpha occupied
  -26.341 -26.341 -26.341 -11.506  -1.739  -1.643  -1.643  -0.992 
   -0.851  -0.830  -0.830  -0.715  -0.715  -0.672  -0.672  -0.655 
   -0.597 

Alpha virtual
    0.100   0.183   0.183   0.188   0.280   0.342   0.342   0.379 
    0.379   0.400   0.435   0.441   0.441   0.501   0.572   0.595 
    0.595   0.611   0.648   0.648   0.695   0.729   0.729   0.795 
    0.885   0.885   0.894   0.906   0.906   1.019   1.075   1.075 
    1.110   1.352   1.387   1.387   1.432   1.432   1.458   1.474 
    1.500   1.500   1.562   1.562   1.675   1.681   1.681   1.710 
    1.711   1.790   1.819   1.819   1.833   1.891   1.894   1.894 
    1.934   2.044   2.083   2.083   2.102   2.102   2.154   2.202 
    2.202   2.263   2.279   2.357   2.357   2.390   2.538   2.554 
    2.554   2.799   2.799   2.867   2.867   2.873   2.946   2.946 
    3.247   3.252   3.254   3.254   3.297   3.297   3.381   3.445 
    3.445   3.489   3.543   3.543   3.543   3.557   3.640   3.640 
    3.767   3.853   3.853   3.918   3.947   4.006   4.006   4.018 
    4.027   4.027   4.057   4.057   4.074   4.157   4.211   4.211 
    4.283   4.372   4.372   4.406   4.438   4.438   4.471   4.587 
    4.587   4.659   4.661   4.680   4.680   4.720   4.720   4.831 
    4.997   4.997   5.048   5.117   5.117   5.165   5.276   5.276 
    5.388   5.388   5.395   5.476   5.560   5.560   5.591   5.710 
    5.710   5.762   5.776   5.804   5.805   5.939   5.939   6.177 
    6.177   6.219   6.308   6.308   6.439   6.537   6.673   6.673 
    7.026   7.106   7.106   7.346   7.422   7.422   7.510   7.510 
    7.596   7.608   7.636   7.636   7.687   7.687   7.714   7.922 
    7.923   7.962   7.962   8.008   8.079   8.079   8.350   8.350 
    8.362   8.554   8.554   8.563   8.776   8.776   8.830   8.917 
    8.917   9.149   9.215   9.215   9.397   9.475   9.477   9.477 
    9.539   9.539   9.579   9.672   9.739   9.739   9.823   9.823 
    9.898   9.898   9.961   9.975   9.975   9.986  10.084  10.084 
   10.204  10.204  10.210  10.295  10.361  10.361  10.495  10.498 
   10.534  10.534  10.557  10.602  10.602  10.710  10.736  10.736 
   10.808  10.808  10.842  10.965  10.965  10.972  11.018  11.074 
   11.074  11.114  11.143  11.328  11.328  11.457  11.457  11.561 
   11.664  11.664  12.113  12.281  12.281  12.460  12.514  12.514 
   12.754  12.754  12.907  12.966  13.077  13.077  13.191  13.258 
   13.258  13.270  13.441  13.635  13.714  13.714  13.853  13.987 
   13.987  14.323  14.323  14.402  14.402  14.432  14.707  14.707 
   14.863  15.223  15.223  15.287  15.554  15.554  16.345  17.558 
   17.558  17.950  17.950  18.039  18.292  18.316  18.316  18.321 
   18.321  18.322  18.322  18.323  18.323  18.323  18.328  18.328 
   18.332  18.445  18.445  18.477  18.494  18.494  18.631  18.631 
   18.693  18.898  19.033  19.048  19.048  19.068  19.068  19.109 
   19.156  19.156  19.169  19.295  19.295  19.785  19.825  19.825 
   19.870  19.888  19.888  19.929  20.422  21.729  21.729  22.280 
   22.635  22.636  23.426  23.728  23.736  23.736  23.754  23.754 
   23.777  23.791  23.909  23.909  23.996  23.996  24.065  24.327 
   24.396  24.396  24.461  24.555  24.555  24.715  24.715  24.749 
   24.828  24.828  24.879  25.044  25.246  25.246  25.339  25.382 
   25.382  25.414  25.414  25.444  25.624  25.624  25.712  25.818 
   25.818  25.890  26.024  26.121  26.121  26.179  26.222  26.222 
   26.537  26.537  26.845  28.848  28.864  28.864  28.864  28.901 
   28.901  29.689  29.689  29.774  29.774  29.780  29.806  30.265 
   30.265  30.379  35.992  35.992  37.050  37.106  37.106  47.098 
   47.197  47.197  47.223  47.223  47.305  47.805  51.009  60.437 
   60.437  60.802  79.665  79.665  80.262 107.767 107.767 108.403 
  108.403 108.480 130.562 166.099 166.100 166.422 167.292 167.292 
  167.294 167.297 167.297 167.298 167.312 167.312 167.315 188.189 
  188.230 188.230 188.237 188.237 188.276 188.494 329.461 329.461 
  329.891 329.891 329.958 338.064 465.863 465.864 466.153 1176.715 


  >>> Running RHF-MP2 <<<


RMP2-TIMING
  rmp2                  :::      398.339 (100.00%)
  Total                 :::      398.339 (100.00%)

MP2 correlation energy (RHF) : -1.1958683940
MP2 total energy       (RHF) : -338.1377853398


  >>> Running UHF <<<

init D/C      : input mo_coeff
init ov       : zeros
no            : 16 17
nv            : 457 456
ov_size       : 15064
max_cycle     : 1000
conv          : 6
econv         : 9
method        : diis
mom_start     : 0
guess mix     : 0.000000
orb_swap      : [[[3, 16]], []]
init E        : -325.43600171945
init S2       : 0.749999999999972
init |[F,P]|  : 1.37e-02
init |dE|     : 3.36e-02
check file    : None

iter      total energy   |[F,P]|      |dE|         ∆E   S^2   comment
   1    -325.731967405  8.40e-03  1.96e-02  -2.96e-01  0.75  DIIS mom: 15.8/16 16.7/17
   2    -325.926314191  1.51e-03  4.07e-03  -1.94e-01  0.76  DIIS mom: 15.9/16 17.0/17
   3    -325.935539072  4.16e-04  1.16e-03  -9.22e-03  0.76  DIIS mom: 16.0/16 17.0/17
   4    -325.936822910  2.25e-04  5.14e-04  -1.28e-03  0.77  DIIS mom: 16.0/16 17.0/17
   5    -325.937722507  1.38e-04  3.19e-04  -9.00e-04  0.78  DIIS mom: 16.0/16 17.0/17
   6    -325.938277124  6.22e-05  1.50e-04  -5.55e-04  0.80  DIIS mom: 16.0/16 17.0/17
   7    -325.938403507  1.76e-05  4.07e-05  -1.26e-04  0.81  DIIS mom: 16.0/16 17.0/17
   8    -325.938409341  6.73e-06  1.45e-05  -5.83e-06  0.81  DIIS mom: 16.0/16 17.0/17
   9    -325.938410102  2.78e-06  5.96e-06  -7.61e-07  0.81  DIIS mom: 16.0/16 17.0/17
  10    -325.938410223  6.44e-07  1.47e-06  -1.21e-07  0.81  DIIS mom: 16.0/16 17.0/17
  11    -325.938410229  1.68e-07  4.04e-07  -5.73e-09  0.81  DIIS mom: 16.0/16 17.0/17
  12    -325.938410229  7.16e-08  1.78e-07  -4.50e-10  0.81  DIIS mom: 16.0/16 17.0/17
                                                                      diis is converged!

SCF converged : True
final |[F,P]| : 7.16e-08
final |dE|    : 1.78e-07
final Escf    : -460.168386086505
final Etot    : -325.93841022937
final S2      : 0.809026000371951

  diis prep             :::        0.173 (  0.02%)
  diis extrap           :::        0.119 (  0.02%)
  roothaan              :::        0.620 (  0.09%)
  fock build            :::      724.409 ( 99.87%)
  Total                 :::      725.322 (100.00%)

Alpha occupied
  -26.706 -26.706 -26.706  -2.100  -1.992  -1.992  -1.381  -1.233 
   -1.193  -1.193  -1.049  -1.049  -1.006  -1.006  -0.991  -0.963 

Alpha virtual
  -10.453  -0.129  -0.067  -0.067  -0.022   0.035   0.035   0.053 
    0.079   0.127   0.135   0.135   0.203   0.203   0.242   0.352 
    0.352   0.353   0.363   0.401   0.401   0.443   0.443   0.462 
    0.532   0.587   0.587   0.610   0.643   0.643   0.727   0.837 
    0.837   0.852   1.070   1.107   1.107   1.134   1.134   1.172 
    1.187   1.220   1.220   1.273   1.273   1.389   1.396   1.396 
    1.408   1.408   1.521   1.547   1.547   1.547   1.606   1.606 
    1.606   1.639   1.757   1.760   1.760   1.814   1.814   1.839 
    1.909   1.909   1.957   1.972   2.062   2.062   2.075   2.257 
    2.257   2.266   2.498   2.498   2.511   2.513   2.513   2.631 
    2.631   2.914   2.938   2.947   2.947   2.996   2.996   3.081 
    3.109   3.109   3.165   3.233   3.234   3.234   3.240   3.326 
    3.326   3.442   3.517   3.517   3.597   3.616   3.674   3.674 
    3.703   3.703   3.704   3.719   3.747   3.747   3.837   3.905 
    3.905   3.973   4.061   4.061   4.081   4.114   4.114   4.149 
    4.245   4.245   4.350   4.350   4.356   4.359   4.405   4.405 
    4.455   4.650   4.650   4.733   4.766   4.766   4.834   4.945 
    4.945   5.028   5.047   5.047   5.094   5.231   5.231   5.268 
    5.385   5.385   5.437   5.454   5.464   5.464   5.610   5.610 
    5.843   5.843   5.891   5.973   5.973   6.040   6.203   6.314 
    6.314   6.654   6.741   6.741   7.001   7.001   7.017   7.153 
    7.153   7.174   7.304   7.317   7.317   7.339   7.339   7.383 
    7.544   7.600   7.601   7.601   7.658   7.744   7.744   7.987 
    8.016   8.016   8.193   8.193   8.205   8.429   8.429   8.479 
    8.569   8.569   8.722   8.833   8.833   9.024   9.153   9.154 
    9.160   9.221   9.221   9.260   9.301   9.390   9.390   9.472 
    9.472   9.550   9.550   9.628   9.628   9.631   9.633   9.741 
    9.741   9.866   9.866   9.874   9.945   9.998   9.998  10.135 
   10.141  10.141  10.142  10.172  10.229  10.229  10.309  10.356 
   10.356  10.449  10.449  10.482  10.621  10.624  10.624  10.629 
   10.679  10.679  10.712  10.761  10.970  10.970  11.113  11.113 
   11.209  11.211  11.211  11.645  11.741  11.741  12.015  12.075 
   12.075  12.375  12.375  12.497  12.586  12.705  12.705  12.816 
   12.850  12.850  12.871  12.999  13.263  13.330  13.330  13.474 
   13.590  13.590  13.871  13.871  13.968  13.968  14.007  14.301 
   14.301  14.445  14.854  14.854  14.933  15.174  15.174  15.910 
   17.148  17.149  17.529  17.529  17.546  17.963  17.987  17.987 
   17.993  17.998  17.999  17.999  18.006  18.006  18.006  18.006 
   18.007  18.007  18.108  18.108  18.133  18.151  18.151  18.284 
   18.284  18.317  18.546  18.653  18.662  18.662  18.719  18.719 
   18.752  18.796  18.796  18.821  18.900  18.900  19.286  19.440 
   19.476  19.476  19.534  19.534  19.544  19.881  21.182  21.182 
   21.813  21.956  21.956  22.637  23.402  23.411  23.411  23.428 
   23.428  23.442  23.451  23.566  23.566  23.655  23.655  23.720 
   23.973  24.042  24.043  24.109  24.200  24.200  24.350  24.350 
   24.382  24.465  24.465  24.516  24.634  24.841  24.841  25.007 
   25.044  25.044  25.072  25.072  25.110  25.281  25.281  25.363 
   25.471  25.471  25.543  25.669  25.763  25.763  25.818  25.864 
   25.864  26.151  26.151  26.464  28.507  28.524  28.524  28.524 
   28.559  28.559  29.322  29.322  29.411  29.411  29.419  29.443 
   29.857  29.857  29.989  34.776  34.776  35.848  35.921  35.921 
   45.815  45.919  45.919  45.946  45.946  46.024  46.529  49.565 
   58.777  58.777  59.147  79.309  79.309  79.906 105.730 105.730 
  106.369 106.369 106.449 128.358 163.648 163.649 163.976 165.246 
  165.246 165.250 165.254 165.254 165.254 165.270 165.270 165.272 
  185.821 185.865 185.865 185.873 185.873 185.909 186.131 326.532 
  326.532 326.964 326.964 327.032 335.086 462.635 462.635 462.927 
  1173.053 

Beta occupied
  -26.701 -26.700 -26.700 -14.127  -2.114  -1.979  -1.979  -1.438 
   -1.261  -1.200  -1.200  -1.044  -1.044  -0.994  -0.994  -0.988 
   -0.964 

Beta virtual
   -0.144  -0.089  -0.089  -0.032   0.014   0.014   0.017   0.076 
    0.106   0.138   0.138   0.203   0.203   0.247   0.349   0.349 
    0.354   0.362   0.400   0.400   0.436   0.436   0.462   0.538 
    0.579   0.579   0.597   0.643   0.643   0.713   0.839   0.839 
    0.851   1.070   1.107   1.107   1.129   1.129   1.164   1.182 
    1.218   1.218   1.273   1.273   1.389   1.395   1.395   1.404 
    1.404   1.525   1.543   1.551   1.551   1.604   1.604   1.606 
    1.633   1.747   1.747   1.750   1.815   1.815   1.824   1.909 
    1.909   1.946   1.974   2.061   2.061   2.067   2.254   2.254 
    2.269   2.480   2.480   2.486   2.506   2.506   2.630   2.630 
    2.907   2.938   2.949   2.949   2.995   2.995   3.081   3.105 
    3.105   3.163   3.233   3.233   3.235   3.236   3.323   3.323 
    3.435   3.513   3.513   3.594   3.602   3.672   3.672   3.699 
    3.703   3.703   3.705   3.746   3.746   3.832   3.908   3.908 
    3.975   4.063   4.063   4.077   4.112   4.112   4.140   4.233 
    4.233   4.348   4.348   4.354   4.361   4.409   4.409   4.439 
    4.635   4.635   4.736   4.758   4.758   4.830   4.943   4.943 
    5.000   5.044   5.044   5.080   5.230   5.230   5.267   5.384 
    5.384   5.433   5.451   5.464   5.464   5.610   5.610   5.843 
    5.843   5.891   5.972   5.972   6.009   6.201   6.309   6.309 
    6.645   6.730   6.730   6.952   6.952   7.017   7.112   7.150 
    7.150   7.304   7.314   7.314   7.335   7.335   7.374   7.529 
    7.598   7.598   7.601   7.656   7.741   7.742   7.969   8.017 
    8.017   8.190   8.190   8.199   8.429   8.429   8.481   8.568 
    8.568   8.680   8.824   8.824   9.018   9.154   9.154   9.161 
    9.221   9.221   9.261   9.288   9.386   9.386   9.469   9.469 
    9.548   9.548   9.626   9.626   9.628   9.635   9.740   9.740 
    9.866   9.866   9.874   9.944   9.995   9.995  10.131  10.133 
   10.133  10.141  10.171  10.226  10.226  10.295  10.352  10.352 
   10.447  10.447  10.480  10.621  10.622  10.624  10.624  10.675 
   10.675  10.703  10.759  10.966  10.966  11.114  11.114  11.198 
   11.198  11.207  11.613  11.711  11.711  12.005  12.050  12.050 
   12.377  12.377  12.490  12.589  12.705  12.705  12.816  12.844 
   12.844  12.860  12.975  13.265  13.331  13.331  13.472  13.591 
   13.591  13.855  13.855  13.966  13.966  13.997  14.300  14.300 
   14.435  14.849  14.849  14.933  15.174  15.174  15.907  17.148 
   17.148  17.474  17.524  17.524  17.965  17.988  17.988  17.994 
   18.000  18.000  18.001  18.006  18.006  18.006  18.006  18.007 
   18.007  18.111  18.111  18.132  18.154  18.154  18.286  18.286 
   18.307  18.549  18.640  18.645  18.645  18.722  18.722  18.753 
   18.797  18.797  18.824  18.888  18.888  19.165  19.441  19.476 
   19.476  19.535  19.535  19.544  19.819  21.082  21.082  21.772 
   21.881  21.881  22.490  23.403  23.412  23.412  23.428  23.428 
   23.440  23.454  23.568  23.568  23.657  23.658  23.723  23.977 
   24.047  24.047  24.114  24.204  24.205  24.355  24.355  24.388 
   24.471  24.471  24.522  24.627  24.830  24.830  25.008  25.044 
   25.044  25.072  25.072  25.111  25.285  25.285  25.368  25.476 
   25.476  25.548  25.676  25.769  25.769  25.824  25.871  25.871 
   26.156  26.156  26.467  28.508  28.524  28.524  28.525  28.560 
   28.560  29.327  29.327  29.417  29.417  29.425  29.449  29.858 
   29.858  29.992  34.648  34.648  35.722  35.799  35.799  45.739 
   45.841  45.841  45.869  45.869  45.947  46.445  49.195  58.433 
   58.433  58.805  79.311  79.311  79.908 105.510 105.510 106.151 
  106.151 106.230 127.993 163.317 163.317 163.646 165.149 165.149 
  165.152 165.156 165.157 165.157 165.172 165.172 165.174 185.657 
  185.700 185.700 185.708 185.708 185.745 185.967 326.303 326.303 
  326.735 326.735 326.804 334.791 462.380 462.380 462.672 1172.869 


  >>> Running UHF-MP2 <<<

MP2 correlation energy (UHF) : -1.1902262909
MP2 total energy       (UHF) : -327.1286365203

