	*********************************************** 
	***** Beginning CEBE Calculation with MOM ***** 
	*****       Calculation Details:          ***** 
	      Geometry:	 /home/am3939/core/calculations/mols/exp/f/ch3nhcof.xyz
	      Core Basis:	 pcX-4
	      Full Basis:	 pc-4
	      DIIS (start, space):	 0 50
	      Level shift:	 0
	      Do localization?:	 False
	      Do SFX2C1E?:	 True
	      Freeze orbitals?:	 True
	      Use Cheng orbitals?:	 False
	      Do Special Basis?:	 True
	      Do Special Basis?:	 pcX-4
	*********************************************** 
	*********************************************** 

  >>> Running RHF <<<

init D/C      : minao
init ov       : zeros
no            : 20
nv            : 799
ov_size       : 15980
max_cycle     : 1000
conv          : 6
econv         : 9
method        : gdm
scale_stop    : 0
scale_factor  : 1.000000
init E        : -306.819993613611
init |[F,P]|  : 6.43e-03
init |dE|     : 1.42e-02
check file    : None

iter      total energy   |[F,P]|      |dE|         ∆E   comment
   1    -306.901489672  4.94e-03  1.12e-02  -8.15e-02  BFGS
   2    -306.985166875  5.36e-04  1.17e-03  -8.37e-02  BFGS
   3    -306.986596328  2.19e-04  5.34e-04  -1.43e-03  BFGS
   4    -306.986881420  8.76e-05  2.04e-04  -2.85e-04  BFGS
   5    -306.986920769  3.12e-05  6.45e-05  -3.93e-05  BFGS
   6    -306.986928461  8.79e-06  1.86e-05  -7.69e-06  BFGS
   7    -306.986928854  2.47e-06  5.20e-06  -3.93e-07  BFGS
   8    -306.986928894  6.47e-07  1.43e-06  -4.07e-08  BFGS
   9    -306.986928897  2.15e-07  4.73e-07  -2.95e-09  BFGS
  10    -306.986928897  6.65e-08  1.33e-07  -2.66e-10  BFGS
                                                                      gdm is converged!

SCF converged : True
final |[F,P]| : 6.65e-08
final |dE|    : 1.33e-07
final Escf    : -487.797533057439
final Etot    : -306.986928897401

  pxp & ewc             :::        1.527 (  0.10%)
  apply B               :::        0.003 (  0.00%)
  linsrch               :::     1513.209 ( 99.89%)
  grad                  :::        0.067 (  0.00%)
  Total                 :::     1514.807 (100.00%)

Alpha occupied
  -26.324 -20.549 -15.612 -11.439 -11.278  -1.652  -1.415  -1.269 
   -0.988  -0.845  -0.796  -0.727  -0.727  -0.651  -0.636  -0.626 
   -0.572  -0.550  -0.491  -0.425 

Alpha virtual
    0.035   0.058   0.072   0.077   0.096   0.104   0.106   0.108 
    0.131   0.142   0.169   0.170   0.180   0.197   0.205   0.216 
    0.237   0.247   0.248   0.268   0.275   0.283   0.288   0.296 
    0.302   0.309   0.315   0.320   0.335   0.345   0.373   0.382 
    0.402   0.414   0.416   0.435   0.443   0.445   0.451   0.471 
    0.483   0.500   0.505   0.507   0.528   0.539   0.547   0.560 
    0.570   0.576   0.584   0.596   0.602   0.613   0.633   0.635 
    0.646   0.666   0.686   0.693   0.709   0.730   0.751   0.762 
    0.769   0.791   0.804   0.809   0.842   0.851   0.860   0.868 
    0.877   0.883   0.900   0.916   0.921   0.952   0.957   0.980 
    0.989   0.992   1.008   1.014   1.027   1.027   1.040   1.065 
    1.068   1.111   1.127   1.131   1.152   1.167   1.182   1.205 
    1.221   1.228   1.236   1.248   1.256   1.282   1.295   1.314 
    1.320   1.347   1.357   1.369   1.383   1.385   1.395   1.399 
    1.408   1.432   1.456   1.477   1.481   1.495   1.508   1.518 
    1.526   1.557   1.567   1.582   1.595   1.615   1.646   1.678 
    1.701   1.709   1.739   1.763   1.771   1.778   1.787   1.823 
    1.835   1.857   1.875   1.906   1.927   1.946   1.959   1.965 
    1.974   2.002   2.012   2.032   2.056   2.083   2.090   2.105 
    2.144   2.165   2.181   2.188   2.209   2.216   2.245   2.254 
    2.281   2.309   2.318   2.334   2.338   2.364   2.382   2.386 
    2.404   2.433   2.459   2.479   2.483   2.515   2.523   2.530 
    2.551   2.578   2.586   2.594   2.605   2.617   2.634   2.644 
    2.654   2.675   2.696   2.707   2.709   2.736   2.755   2.759 
    2.809   2.836   2.866   2.895   2.933   2.948   2.959   3.019 
    3.045   3.086   3.118   3.139   3.145   3.182   3.201   3.209 
    3.242   3.249   3.273   3.339   3.348   3.360   3.366   3.395 
    3.405   3.424   3.431   3.466   3.526   3.550   3.578   3.593 
    3.602   3.618   3.633   3.656   3.675   3.696   3.718   3.723 
    3.772   3.796   3.805   3.833   3.887   3.900   3.913   3.934 
    3.951   3.978   4.011   4.045   4.058   4.072   4.084   4.123 
    4.169   4.199   4.232   4.242   4.274   4.285   4.319   4.347 
    4.358   4.368   4.405   4.410   4.432   4.461   4.487   4.496 
    4.502   4.572   4.578   4.613   4.628   4.636   4.649   4.682 
    4.718   4.729   4.734   4.770   4.804   4.823   4.828   4.840 
    4.886   4.905   4.925   4.927   4.946   4.980   4.991   5.006 
    5.024   5.061   5.089   5.100   5.126   5.202   5.208   5.233 
    5.279   5.299   5.330   5.369   5.385   5.415   5.442   5.446 
    5.475   5.490   5.530   5.553   5.594   5.600   5.617   5.635 
    5.652   5.671   5.724   5.728   5.757   5.759   5.786   5.814 
    5.841   5.863   5.881   5.903   5.938   5.952   5.975   6.009 
    6.032   6.042   6.047   6.058   6.072   6.127   6.131   6.176 
    6.194   6.257   6.291   6.326   6.346   6.388   6.409   6.444 
    6.469   6.519   6.529   6.563   6.591   6.600   6.626   6.643 
    6.654   6.668   6.707   6.775   6.806   6.822   6.829   6.850 
    6.877   6.888   6.938   6.964   6.996   7.017   7.042   7.084 
    7.127   7.152   7.183   7.192   7.219   7.242   7.270   7.300 
    7.308   7.367   7.402   7.422   7.493   7.533   7.566   7.613 
    7.665   7.678   7.720   7.778   7.818   7.849   7.921   8.018 
    8.061   8.090   8.131   8.158   8.178   8.191   8.298   8.320 
    8.467   8.498   8.605   8.652   8.744   8.749   8.812   8.829 
    8.937   8.973   9.008   9.103   9.141   9.178   9.250   9.260 
    9.386   9.397   9.446   9.456   9.486   9.504   9.514   9.519 
    9.542   9.574   9.602   9.629   9.660   9.704   9.769   9.813 
    9.842   9.901   9.955  10.008  10.028  10.093  10.102  10.133 
   10.197  10.221  10.244  10.292  10.356  10.401  10.447  10.548 
   10.559  10.768  10.820  10.839  10.916  10.941  11.055  11.094 
   11.200  11.215  11.242  11.260  11.298  11.354  11.378  11.486 
   11.513  11.537  11.591  11.632  11.656  11.705  11.713  11.740 
   11.755  11.786  11.798  11.919  11.937  11.989  12.013  12.020 
   12.076  12.094  12.124  12.158  12.164  12.183  12.215  12.296 
   12.306  12.358  12.368  12.390  12.411  12.434  12.458  12.514 
   12.533  12.559  12.618  12.638  12.656  12.669  12.693  12.698 
   12.709  12.720  12.744  12.758  12.786  12.793  12.804  12.868 
   12.891  12.909  12.913  12.926  12.970  12.979  13.024  13.039 
   13.046  13.084  13.098  13.154  13.182  13.218  13.242  13.272 
   13.277  13.313  13.320  13.328  13.336  13.339  13.359  13.369 
   13.406  13.416  13.450  13.475  13.496  13.517  13.544  13.568 
   13.611  13.639  13.654  13.664  13.684  13.702  13.718  13.789 
   13.833  13.858  13.893  13.897  13.913  13.942  13.966  13.977 
   14.001  14.035  14.059  14.101  14.165  14.214  14.310  14.334 
   14.432  14.447  14.467  14.498  14.519  14.550  14.610  14.627 
   14.656  14.696  14.729  14.781  14.808  14.928  14.966  15.104 
   15.125  15.129  15.196  15.237  15.259  15.319  15.456  15.528 
   15.664  15.731  15.759  15.774  15.846  15.901  15.956  15.965 
   16.056  16.106  16.170  16.216  16.261  16.313  16.325  16.375 
   16.419  16.484  16.520  16.562  16.600  16.637  16.655  16.679 
   16.841  16.861  16.912  16.985  17.183  17.210  17.226  17.233 
   17.247  17.261  17.287  17.305  17.335  17.345  17.402  17.484 
   17.623  17.716  17.773  17.808  17.811  17.868  17.872  17.901 
   17.928  17.941  17.975  18.013  18.128  18.274  18.297  18.320 
   18.332  18.623  18.754  18.870  18.930  18.936  19.089  19.106 
   19.108  19.233  19.313  19.373  19.431  19.440  19.662  19.673 
   19.693  19.851  19.855  19.885  19.955  20.130  20.379  20.503 
   20.530  20.598  20.722  20.768  20.961  20.988  21.022  21.162 
   21.264  21.324  21.360  21.370  21.734  21.829  21.912  21.925 
   22.039  22.277  22.290  22.413  22.727  22.817  23.034  23.609 
   23.842  23.906  23.949  24.007  24.057  24.184  24.239  24.489 
   24.660  24.695  24.755  24.974  25.239  25.686  26.309  26.315 
   26.396  26.864  27.470  27.566  30.075  30.183  31.348  31.440 
   31.462  31.626  32.143  32.385  33.178  33.203  33.585  33.653 
   33.780  33.835  34.202  34.576  34.794  34.802  34.930  35.047 
   35.330  35.785  35.952  36.185  38.251  41.841  41.894  42.247 
   42.388  49.358  49.397  49.936  50.446  50.742  68.128  68.225 
   68.702  69.037  70.318  78.744  80.982  85.066  85.213  85.734 
   88.082  91.665  91.720  91.888  91.903  92.054  92.186  92.245 
   92.287  93.078  93.156  93.252  93.288  93.290  93.332  93.658 
   93.803  94.266 108.426 146.556 202.966 227.838 227.968 228.645 
  469.168 696.220 696.323 696.858 1100.572 2654.820 2738.538 2738.611 
  2738.997 6681.136 17849.219 51827.858 169672.830 670600.666 3802079.617 


  >>> Running RHF-MP2 <<<


RMP2-TIMING
  rmp2                  :::      990.963 (100.00%)
  Total                 :::      990.963 (100.00%)

MP2 correlation energy (RHF) : -1.3633340591
MP2 total energy       (RHF) : -308.3502629565


  >>> Running UHF <<<

init D/C      : input mo_coeff
init ov       : zeros
no            : 19 20
nv            : 800 799
ov_size       : 31180
max_cycle     : 1000
conv          : 6
econv         : 9
method        : diis
mom_start     : 0
guess mix     : 0.000000
orb_swap      : [[[0, 19]], []]
init E        : -280.662884506624
init S2       : 0.750000000000092
init |[F,P]|  : 1.45e-02
init |dE|     : 4.07e-02
check file    : None

iter      total energy   |[F,P]|      |dE|         ∆E   S^2   comment
   1    -281.308460527  6.49e-03  1.92e-02  -6.46e-01  0.75  DIIS mom: 18.7/19 19.7/20
   2    -281.547534860  8.76e-04  2.27e-03  -2.39e-01  0.75  DIIS mom: 19.0/19 20.0/20
   3    -281.551917766  4.23e-04  1.04e-03  -4.38e-03  0.76  DIIS mom: 19.0/19 20.0/20
   4    -281.553303298  9.15e-05  2.30e-04  -1.39e-03  0.76  DIIS mom: 19.0/19 20.0/20
   5    -281.553441458  4.08e-05  9.85e-05  -1.38e-04  0.76  DIIS mom: 19.0/19 20.0/20
   6    -281.553474036  1.75e-05  4.06e-05  -3.26e-05  0.76  DIIS mom: 19.0/19 20.0/20
   7    -281.553482267  9.34e-06  2.03e-05  -8.23e-06  0.76  DIIS mom: 19.0/19 20.0/20
   8    -281.553485522  6.07e-06  1.27e-05  -3.25e-06  0.76  DIIS mom: 19.0/19 20.0/20
   9    -281.553487502  3.71e-06  7.70e-06  -1.98e-06  0.76  DIIS mom: 19.0/19 20.0/20
  10    -281.553488507  2.34e-06  4.90e-06  -1.01e-06  0.76  DIIS mom: 19.0/19 20.0/20
  11    -281.553488959  1.74e-06  3.60e-06  -4.52e-07  0.76  DIIS mom: 19.0/19 20.0/20
  12    -281.553489258  1.28e-06  2.60e-06  -2.98e-07  0.76  DIIS mom: 19.0/19 20.0/20
  13    -281.553489509  6.81e-07  1.31e-06  -2.51e-07  0.76  DIIS mom: 19.0/19 20.0/20
  14    -281.553489564  3.76e-07  6.88e-07  -5.45e-08  0.76  DIIS mom: 19.0/19 20.0/20
  15    -281.553489575  1.75e-07  3.37e-07  -1.14e-08  0.76  DIIS mom: 19.0/19 20.0/20
  16    -281.553489577  4.51e-08  9.21e-08  -1.82e-09  0.76  DIIS mom: 19.0/19 20.0/20
  17    -281.553489577  1.42e-08  2.84e-08  -6.40e-11  0.76  DIIS mom: 19.0/19 20.0/20
                                                                      diis is converged!

SCF converged : True
final |[F,P]| : 1.42e-08
final |dE|    : 2.84e-08
final Escf    : -462.364093737023
final Etot    : -281.553489576985
final S2      : 0.763189768971991

  diis prep             :::        0.724 (  0.03%)
  diis extrap           :::        0.735 (  0.03%)
  roothaan              :::        7.207 (  0.26%)
  fock build            :::     2734.667 ( 99.68%)
  Total                 :::     2743.333 (100.00%)

Alpha occupied
  -20.832 -15.863 -11.734 -11.460  -2.201  -1.693  -1.523  -1.387 
   -1.313  -1.309  -1.165  -1.051  -0.928  -0.880  -0.873  -0.789 
   -0.774  -0.755  -0.649 

Alpha virtual
  -24.547  -0.115  -0.076  -0.074  -0.063  -0.062  -0.035  -0.029 
   -0.021  -0.018  -0.005  -0.001   0.018   0.032   0.034   0.045 
    0.056   0.083   0.086   0.097   0.108   0.109   0.115   0.133 
    0.139   0.139   0.142   0.158   0.167   0.169   0.177   0.189 
    0.213   0.219   0.229   0.232   0.243   0.272   0.283   0.285 
    0.291   0.313   0.323   0.333   0.347   0.356   0.362   0.372 
    0.380   0.392   0.418   0.423   0.426   0.443   0.452   0.481 
    0.483   0.492   0.498   0.505   0.513   0.522   0.551   0.558 
    0.564   0.578   0.599   0.606   0.612   0.629   0.641   0.651 
    0.661   0.674   0.695   0.702   0.708   0.714   0.719   0.731 
    0.752   0.763   0.791   0.796   0.813   0.815   0.841   0.854 
    0.876   0.879   0.893   0.931   0.949   0.962   0.984   0.992 
    1.006   1.025   1.043   1.046   1.058   1.063   1.090   1.097 
    1.120   1.125   1.152   1.168   1.178   1.182   1.199   1.208 
    1.215   1.232   1.240   1.264   1.282   1.294   1.322   1.330 
    1.336   1.349   1.371   1.384   1.396   1.415   1.430   1.454 
    1.472   1.486   1.522   1.525   1.544   1.577   1.597   1.614 
    1.616   1.633   1.639   1.667   1.684   1.706   1.721   1.741 
    1.757   1.765   1.781   1.804   1.820   1.829   1.853   1.870 
    1.880   1.900   1.935   1.938   1.984   1.988   1.989   2.008 
    2.017   2.025   2.044   2.056   2.070   2.097   2.103   2.121 
    2.146   2.154   2.173   2.182   2.212   2.240   2.265   2.272 
    2.277   2.306   2.347   2.354   2.374   2.380   2.387   2.392 
    2.407   2.437   2.445   2.461   2.477   2.495   2.512   2.519 
    2.547   2.573   2.601   2.614   2.691   2.707   2.731   2.740 
    2.801   2.830   2.851   2.869   2.906   2.924   2.933   2.966 
    2.985   3.005   3.042   3.058   3.120   3.122   3.136   3.142 
    3.152   3.164   3.190   3.230   3.254   3.287   3.307   3.336 
    3.362   3.387   3.391   3.406   3.456   3.469   3.487   3.520 
    3.530   3.560   3.585   3.592   3.626   3.650   3.684   3.700 
    3.713   3.738   3.777   3.801   3.818   3.837   3.863   3.873 
    3.901   3.977   3.989   4.016   4.053   4.063   4.078   4.103 
    4.128   4.151   4.183   4.190   4.199   4.223   4.238   4.260 
    4.281   4.295   4.366   4.374   4.392   4.403   4.421   4.423 
    4.443   4.483   4.495   4.507   4.539   4.560   4.596   4.613 
    4.631   4.666   4.679   4.707   4.717   4.731   4.746   4.763 
    4.767   4.790   4.834   4.854   4.875   4.877   4.957   4.991 
    5.016   5.050   5.074   5.104   5.121   5.135   5.147   5.189 
    5.234   5.250   5.260   5.275   5.299   5.317   5.331   5.344 
    5.353   5.391   5.398   5.447   5.462   5.469   5.501   5.531 
    5.543   5.565   5.597   5.614   5.646   5.655   5.681   5.706 
    5.726   5.730   5.749   5.759   5.794   5.810   5.868   5.895 
    5.916   5.932   5.997   6.018   6.067   6.078   6.112   6.140 
    6.151   6.196   6.230   6.251   6.278   6.317   6.343   6.356 
    6.379   6.407   6.434   6.455   6.477   6.522   6.555   6.568 
    6.614   6.645   6.664   6.683   6.722   6.726   6.776   6.799 
    6.849   6.881   6.889   6.915   6.936   6.974   7.027   7.045 
    7.077   7.108   7.120   7.148   7.186   7.222   7.247   7.272 
    7.282   7.343   7.370   7.422   7.468   7.548   7.601   7.624 
    7.734   7.808   7.840   7.872   7.901   7.922   7.965   8.056 
    8.082   8.225   8.252   8.266   8.376   8.466   8.536   8.562 
    8.571   8.677   8.689   8.762   8.862   8.895   8.989   9.049 
    9.057   9.142   9.173   9.207   9.235   9.257   9.272   9.301 
    9.316   9.342   9.373   9.396   9.419   9.477   9.480   9.530 
    9.589   9.612   9.649   9.723   9.782   9.792   9.885   9.890 
    9.917   9.937  10.025  10.037  10.046  10.145  10.187  10.192 
   10.297  10.307  10.507  10.528  10.567  10.646  10.656  10.787 
   10.840  10.936  10.966  10.984  11.022  11.067  11.148  11.157 
   11.261  11.268  11.294  11.355  11.425  11.444  11.486  11.499 
   11.505  11.519  11.543  11.572  11.687  11.716  11.741  11.759 
   11.771  11.802  11.850  11.867  11.889  11.923  11.955  11.975 
   12.009  12.058  12.105  12.115  12.141  12.179  12.218  12.228 
   12.264  12.280  12.298  12.334  12.344  12.380  12.405  12.431 
   12.433  12.452  12.464  12.476  12.489  12.508  12.521  12.551 
   12.584  12.610  12.610  12.623  12.644  12.663  12.700  12.727 
   12.785  12.790  12.845  12.851  12.888  12.899  12.905  12.937 
   12.945  12.979  12.981  12.995  12.997  13.060  13.095  13.099 
   13.124  13.149  13.203  13.210  13.233  13.238  13.263  13.281 
   13.297  13.308  13.343  13.354  13.385  13.405  13.421  13.509 
   13.520  13.533  13.575  13.627  13.631  13.649  13.670  13.685 
   13.732  13.762  13.765  13.821  13.841  13.879  13.893  13.978 
   13.979  14.075  14.097  14.134  14.168  14.191  14.236  14.356 
   14.376  14.386  14.426  14.444  14.477  14.524  14.559  14.663 
   14.700  14.754  14.807  14.945  14.988  15.073  15.093  15.130 
   15.262  15.274  15.341  15.439  15.497  15.506  15.626  15.667 
   15.678  15.718  15.750  15.854  15.989  15.994  16.046  16.066 
   16.110  16.118  16.184  16.261  16.310  16.344  16.406  16.416 
   16.481  16.586  16.641  16.707  16.736  16.937  16.950  16.991 
   17.001  17.038  17.061  17.068  17.081  17.110  17.147  17.222 
   17.234  17.338  17.494  17.534  17.543  17.571  17.601  17.621 
   17.637  17.733  17.746  17.761  17.780  17.864  18.024  18.028 
   18.068  18.081  18.377  18.530  18.614  18.668  18.752  18.833 
   18.922  18.933  18.939  19.079  19.169  19.199  19.254  19.408 
   19.415  19.483  19.593  19.596  19.640  19.699  19.892  20.207 
   20.239  20.327  20.370  20.510  20.545  20.550  20.591  20.693 
   20.720  20.934  21.064  21.157  21.166  21.273  21.438  21.602 
   21.683  21.817  21.980  22.113  22.233  22.357  22.464  22.632 
   23.219  23.623  23.632  23.668  23.779  23.790  23.999  24.049 
   24.272  24.469  24.519  24.579  24.700  24.981  25.415  26.134 
   26.138  26.219  26.630  27.221  27.289  29.827  29.936  30.413 
   30.531  30.711  31.106  31.273  31.534  32.857  32.926  33.360 
   33.398  33.482  33.533  33.603  33.672  33.742  34.604  34.748 
   34.844  34.870  35.340  35.535  35.776  37.320  41.664  41.713 
   42.040  42.191  49.107  49.148  49.685  50.198  50.494  67.846 
   67.944  68.423  68.755  70.037  78.441  80.800  83.293  83.438 
   83.987  86.465  91.141  91.218  91.355  91.483  91.498  91.702 
   91.709  91.717  91.862  92.003  92.066  92.108  92.341  93.075 
   93.111  93.154  93.580 108.176 146.276 200.453 224.887 225.016 
  225.700 465.602 691.837 691.940 692.478 1096.009 2649.466 2732.918 
  2732.991 2733.378 6675.249 17843.022 51821.506 169666.409 670594.219 3802073.162 

Beta occupied
  -30.061 -20.830 -15.862 -11.735 -11.460  -2.334  -1.694  -1.533 
   -1.460  -1.406  -1.396  -1.171  -1.050  -0.927  -0.882  -0.875 
   -0.787  -0.771  -0.754  -0.646 

Beta virtual
   -0.116  -0.080  -0.076  -0.064  -0.062  -0.038  -0.029  -0.021 
   -0.018  -0.012  -0.004   0.017   0.031   0.032   0.044   0.053 
    0.083   0.086   0.095   0.106   0.107   0.114   0.132   0.139 
    0.139   0.142   0.158   0.166   0.168   0.177   0.189   0.213 
    0.218   0.229   0.232   0.243   0.270   0.283   0.285   0.290 
    0.313   0.323   0.333   0.347   0.356   0.363   0.372   0.379 
    0.392   0.418   0.423   0.426   0.442   0.452   0.481   0.483 
    0.491   0.498   0.505   0.512   0.522   0.551   0.558   0.564 
    0.575   0.599   0.603   0.610   0.626   0.640   0.648   0.660 
    0.672   0.696   0.704   0.707   0.713   0.719   0.727   0.752 
    0.764   0.791   0.796   0.813   0.816   0.841   0.854   0.876 
    0.879   0.893   0.931   0.949   0.962   0.984   0.992   1.006 
    1.025   1.043   1.045   1.058   1.063   1.090   1.097   1.120 
    1.126   1.151   1.167   1.178   1.182   1.199   1.208   1.216 
    1.232   1.240   1.264   1.281   1.294   1.322   1.330   1.336 
    1.349   1.371   1.384   1.396   1.415   1.430   1.454   1.471 
    1.486   1.521   1.525   1.544   1.576   1.597   1.614   1.617 
    1.633   1.639   1.666   1.684   1.707   1.723   1.739   1.757 
    1.765   1.782   1.805   1.819   1.825   1.854   1.871   1.881 
    1.901   1.931   1.938   1.975   1.983   1.990   2.008   2.015 
    2.019   2.024   2.056   2.062   2.095   2.102   2.118   2.145 
    2.152   2.173   2.181   2.207   2.241   2.263   2.267   2.272 
    2.305   2.346   2.355   2.374   2.377   2.387   2.392   2.406 
    2.437   2.444   2.460   2.476   2.495   2.511   2.519   2.548 
    2.573   2.601   2.613   2.691   2.707   2.732   2.740   2.801 
    2.829   2.848   2.870   2.906   2.925   2.933   2.967   2.986 
    3.006   3.041   3.059   3.120   3.123   3.136   3.142   3.152 
    3.164   3.190   3.230   3.254   3.286   3.306   3.334   3.361 
    3.386   3.391   3.405   3.456   3.470   3.487   3.520   3.530 
    3.559   3.585   3.592   3.625   3.648   3.684   3.700   3.711 
    3.738   3.777   3.801   3.818   3.837   3.863   3.873   3.902 
    3.977   3.988   4.016   4.053   4.063   4.078   4.103   4.129 
    4.151   4.183   4.190   4.199   4.223   4.238   4.259   4.282 
    4.296   4.367   4.374   4.392   4.403   4.421   4.424   4.443 
    4.483   4.495   4.507   4.539   4.561   4.596   4.613   4.631 
    4.666   4.680   4.707   4.717   4.731   4.746   4.760   4.767 
    4.791   4.834   4.851   4.874   4.877   4.956   4.991   5.016 
    5.050   5.072   5.104   5.119   5.133   5.145   5.187   5.234 
    5.246   5.258   5.272   5.295   5.310   5.328   5.331   5.350 
    5.380   5.398   5.417   5.444   5.459   5.490   5.504   5.540 
    5.546   5.579   5.603   5.630   5.648   5.677   5.701   5.721 
    5.730   5.745   5.757   5.791   5.809   5.866   5.886   5.915 
    5.929   5.995   6.012   6.061   6.077   6.112   6.139   6.153 
    6.197   6.230   6.251   6.276   6.315   6.343   6.356   6.376 
    6.407   6.432   6.454   6.472   6.522   6.554   6.568   6.615 
    6.645   6.664   6.683   6.721   6.726   6.776   6.798   6.849 
    6.882   6.889   6.916   6.936   6.971   7.027   7.045   7.072 
    7.108   7.120   7.147   7.185   7.222   7.247   7.275   7.282 
    7.343   7.372   7.423   7.468   7.549   7.601   7.623   7.735 
    7.808   7.842   7.873   7.902   7.923   7.964   8.057   8.082 
    8.225   8.249   8.256   8.374   8.465   8.536   8.563   8.571 
    8.678   8.689   8.762   8.862   8.895   8.989   9.049   9.057 
    9.144   9.172   9.207   9.235   9.257   9.272   9.301   9.316 
    9.342   9.373   9.396   9.419   9.477   9.480   9.530   9.590 
    9.613   9.649   9.724   9.783   9.792   9.884   9.890   9.918 
    9.936  10.024  10.037  10.046  10.145  10.187  10.193  10.298 
   10.307  10.508  10.528  10.567  10.646  10.656  10.787  10.840 
   10.937  10.966  10.985  11.023  11.068  11.148  11.158  11.262 
   11.268  11.294  11.355  11.425  11.444  11.486  11.499  11.505 
   11.519  11.543  11.572  11.685  11.716  11.740  11.759  11.772 
   11.802  11.850  11.867  11.889  11.923  11.954  11.975  12.007 
   12.058  12.103  12.113  12.141  12.178  12.218  12.227  12.257 
   12.273  12.293  12.322  12.337  12.375  12.404  12.432  12.433 
   12.450  12.462  12.474  12.487  12.507  12.516  12.551  12.581 
   12.600  12.606  12.619  12.641  12.662  12.699  12.726  12.785 
   12.790  12.845  12.851  12.889  12.901  12.906  12.934  12.946 
   12.976  12.979  12.992  12.996  13.058  13.087  13.095  13.122 
   13.148  13.202  13.206  13.228  13.237  13.263  13.273  13.289 
   13.308  13.342  13.345  13.373  13.399  13.413  13.475  13.510 
   13.529  13.565  13.601  13.628  13.632  13.666  13.684  13.726 
   13.757  13.758  13.821  13.829  13.855  13.872  13.924  13.937 
   14.043  14.089  14.113  14.165  14.181  14.236  14.353  14.373 
   14.384  14.411  14.436  14.450  14.521  14.554  14.631  14.659 
   14.747  14.797  14.945  14.983  15.064  15.074  15.128  15.251 
   15.272  15.330  15.436  15.490  15.505  15.620  15.658  15.673 
   15.710  15.749  15.850  15.988  15.992  16.045  16.064  16.099 
   16.117  16.183  16.261  16.309  16.344  16.406  16.416  16.481 
   16.584  16.641  16.706  16.734  16.931  16.949  16.988  17.000 
   17.038  17.061  17.068  17.081  17.110  17.147  17.222  17.231 
   17.332  17.491  17.535  17.544  17.572  17.599  17.620  17.637 
   17.733  17.746  17.761  17.780  17.865  18.024  18.029  18.067 
   18.081  18.378  18.530  18.614  18.669  18.752  18.833  18.921 
   18.933  18.934  19.078  19.169  19.199  19.254  19.405  19.416 
   19.483  19.593  19.595  19.640  19.699  19.892  20.207  20.227 
   20.327  20.369  20.505  20.540  20.550  20.591  20.688  20.718 
   20.931  21.064  21.157  21.166  21.268  21.433  21.600  21.683 
   21.816  21.978  22.113  22.233  22.350  22.461  22.629  23.207 
   23.620  23.634  23.668  23.779  23.791  23.999  24.049  24.272 
   24.469  24.519  24.579  24.701  24.982  25.416  26.134  26.138 
   26.219  26.630  27.221  27.290  29.827  29.936  30.339  30.457 
   30.636  31.068  31.226  31.453  32.836  32.926  33.250  33.345 
   33.402  33.441  33.498  33.526  33.658  34.598  34.734  34.754 
   34.866  35.256  35.522  35.763  37.048  41.664  41.713  42.040 
   42.191  49.108  49.148  49.685  50.198  50.494  67.847  67.945 
   68.423  68.755  70.038  78.437  80.800  82.856  83.002  83.551 
   86.000  90.892  90.969  91.108  91.467  91.483  91.497  91.707 
   91.717  91.849  91.999  92.066  92.094  92.109  93.075  93.111 
   93.154  93.579 108.176 146.277 199.954 224.356 224.485 225.171 
  465.161 691.375 691.478 692.016 1095.675 2649.248 2732.656 2732.729 
  2733.116 6675.126 17842.961 51821.479 169666.399 670594.216 3802073.161 


  >>> Running UHF-MP2 <<<

MP2 correlation energy (UHF) : -1.3182674602
MP2 total energy       (UHF) : -282.8717570372

