	*********************************************** 
	***** Beginning CEBE Calculation with MOM ***** 
	*****       Calculation Details:          ***** 
	      Geometry:	 /home/am3939/core/calculations/mols/exp/n/pfpyridine.xyz
	      Core Basis:	 ccX-5Z
	      Full Basis:	 cc-pV5Z
	      DIIS (start, space):	 0 50
	      Level shift:	 0
	      Do localization?:	 False
	      Do SFX2C1E?:	 True
	      Freeze orbitals?:	 True
	      Use Cheng orbitals?:	 False
	      Do Special Basis?:	 True
	      Do Special Basis?:	 ccX-5Z
	*********************************************** 
	*********************************************** 

  >>> Running RHF <<<

init D/C      : minao
init ov       : zeros
no            : 25
nv            : 933
ov_size       : 23325
max_cycle     : 1000
conv          : 6
econv         : 9
method        : gdm
scale_stop    : 0
scale_factor  : 1.000000
init E        : -345.576610659793
init |[F,P]|  : 3.76e-03
init |dE|     : 8.80e-03
check file    : None

iter      total energy   |[F,P]|      |dE|         ∆E   comment
   1    -345.669269899  2.10e-03  5.01e-03  -9.27e-02  BFGS
   2    -345.696649520  3.94e-04  8.90e-04  -2.74e-02  BFGS
   3    -345.697551499  1.59e-04  3.52e-04  -9.02e-04  BFGS
   4    -345.697718277  3.65e-05  9.45e-05  -1.67e-04  BFGS
   5    -345.697731840  1.62e-05  4.14e-05  -1.36e-05  BFGS
   6    -345.697734618  5.61e-06  1.31e-05  -2.78e-06  BFGS
   7    -345.697734937  1.85e-06  3.96e-06  -3.18e-07  BFGS
   8    -345.697735000  9.02e-07  2.00e-06  -6.27e-08  BFGS
   9    -345.697735018  3.20e-07  7.11e-07  -1.88e-08  BFGS
  10    -345.697735020  1.31e-07  2.79e-07  -1.42e-09  BFGS
  11    -345.697735020  4.53e-08  1.00e-07  -1.95e-10  BFGS
                                                                      gdm is converged!

SCF converged : True
final |[F,P]| : 4.53e-08
final |dE|    : 1.00e-07
final Escf    : -618.659040753575
final Etot    : -345.697735020065

  pxp & ewc             :::        1.041 (  0.09%)
  apply B               :::        0.003 (  0.00%)
  linsrch               :::     1176.914 ( 99.91%)
  grad                  :::        0.041 (  0.00%)
  Total                 :::     1177.999 (100.00%)

Alpha occupied
  -26.326 -15.570 -11.354 -11.290 -11.290 -11.250 -11.250  -1.648 
   -1.271  -1.103  -1.053  -0.887  -0.878  -0.769  -0.735  -0.714 
   -0.682  -0.645  -0.634  -0.615  -0.552  -0.532  -0.434  -0.389 
   -0.365 

Alpha virtual
    0.088   0.097   0.101   0.103   0.110   0.129   0.152   0.155 
    0.176   0.205   0.210   0.219   0.230   0.238   0.259   0.262 
    0.281   0.289   0.304   0.313   0.333   0.354   0.358   0.364 
    0.381   0.389   0.411   0.416   0.416   0.431   0.440   0.445 
    0.452   0.456   0.494   0.496   0.526   0.538   0.544   0.558 
    0.567   0.570   0.583   0.587   0.598   0.599   0.618   0.639 
    0.653   0.656   0.680   0.687   0.714   0.721   0.728   0.731 
    0.774   0.785   0.789   0.791   0.796   0.805   0.824   0.837 
    0.839   0.854   0.917   0.921   0.929   0.937   0.944   0.957 
    0.967   0.977   0.979   0.991   0.995   1.007   1.010   1.029 
    1.047   1.048   1.054   1.059   1.103   1.105   1.109   1.141 
    1.143   1.146   1.188   1.194   1.223   1.224   1.245   1.252 
    1.255   1.282   1.310   1.312   1.319   1.365   1.385   1.409 
    1.413   1.445   1.446   1.462   1.469   1.473   1.486   1.502 
    1.502   1.542   1.566   1.596   1.597   1.604   1.608   1.615 
    1.616   1.619   1.621   1.633   1.645   1.646   1.661   1.691 
    1.713   1.724   1.728   1.734   1.741   1.771   1.795   1.804 
    1.833   1.855   1.856   1.856   1.879   1.884   1.912   1.924 
    1.943   1.953   1.956   1.966   1.977   1.990   1.996   2.057 
    2.065   2.068   2.081   2.087   2.093   2.114   2.123   2.123 
    2.145   2.161   2.170   2.185   2.204   2.213   2.238   2.245 
    2.263   2.273   2.289   2.302   2.333   2.339   2.354   2.361 
    2.377   2.385   2.397   2.439   2.449   2.454   2.515   2.516 
    2.520   2.545   2.565   2.579   2.589   2.600   2.607   2.611 
    2.658   2.663   2.690   2.707   2.725   2.767   2.767   2.821 
    2.843   2.859   2.887   2.896   2.931   2.932   2.949   2.984 
    2.992   3.028   3.036   3.093   3.093   3.100   3.118   3.131 
    3.141   3.149   3.174   3.183   3.185   3.216   3.225   3.231 
    3.291   3.298   3.302   3.335   3.363   3.366   3.375   3.380 
    3.404   3.406   3.427   3.436   3.501   3.503   3.507   3.567 
    3.568   3.581   3.605   3.608   3.614   3.619   3.637   3.674 
    3.686   3.705   3.723   3.743   3.754   3.760   3.761   3.787 
    3.813   3.853   3.854   3.864   3.867   3.882   3.887   3.905 
    3.915   3.931   3.942   4.005   4.013   4.024   4.045   4.045 
    4.056   4.066   4.067   4.110   4.112   4.129   4.164   4.166 
    4.175   4.204   4.224   4.243   4.266   4.269   4.286   4.288 
    4.300   4.308   4.335   4.349   4.361   4.390   4.399   4.425 
    4.426   4.435   4.461   4.465   4.471   4.473   4.514   4.522 
    4.540   4.544   4.564   4.644   4.646   4.660   4.679   4.687 
    4.691   4.716   4.722   4.736   4.745   4.765   4.792   4.810 
    4.827   4.843   4.849   4.882   4.883   4.895   4.910   4.912 
    4.938   4.955   4.980   4.980   5.019   5.043   5.096   5.101 
    5.101   5.132   5.132   5.136   5.175   5.177   5.182   5.192 
    5.230   5.239   5.251   5.251   5.264   5.292   5.311   5.321 
    5.340   5.393   5.398   5.443   5.444   5.458   5.458   5.491 
    5.510   5.519   5.566   5.572   5.581   5.611   5.615   5.662 
    5.685   5.685   5.703   5.738   5.757   5.806   5.815   5.824 
    5.832   5.864   5.888   5.897   5.943   6.001   6.004   6.006 
    6.006   6.089   6.102   6.123   6.128   6.162   6.162   6.213 
    6.214   6.244   6.268   6.286   6.344   6.364   6.383   6.385 
    6.390   6.400   6.498   6.509   6.522   6.584   6.586   6.613 
    6.637   6.649   6.698   6.724   6.739   6.826   6.853   6.862 
    6.866   6.928   6.979   6.987   7.015   7.046   7.083   7.150 
    7.165   7.197   7.200   7.205   7.240   7.340   7.357   7.428 
    7.462   7.466   7.531   7.575   7.594   7.644   7.689   7.692 
    7.700   7.756   7.788   7.814   7.844   7.860   7.862   7.912 
    7.916   7.955   7.961   8.063   8.080   8.082   8.115   8.138 
    8.155   8.205   8.208   8.252   8.270   8.319   8.346   8.354 
    8.364   8.388   8.420   8.468   8.484   8.495   8.509   8.559 
    8.584   8.600   8.629   8.639   8.677   8.726   8.796   8.827 
    8.842   8.852   8.855   8.895   8.957   8.964   8.966   8.985 
    9.023   9.037   9.080   9.085   9.092   9.153   9.161   9.178 
    9.185   9.212   9.245   9.269   9.314   9.349   9.386   9.410 
    9.430   9.473   9.506   9.551   9.552   9.570   9.574   9.589 
    9.622   9.633   9.647   9.690   9.734   9.781   9.824   9.833 
    9.885   9.892   9.928   9.937   9.950   9.995  10.009  10.031 
   10.056  10.083  10.122  10.130  10.160  10.194  10.219  10.228 
   10.247  10.253  10.257  10.259  10.303  10.316  10.346  10.357 
   10.364  10.372  10.399  10.425  10.452  10.467  10.490  10.527 
   10.532  10.575  10.594  10.607  10.628  10.635  10.659  10.671 
   10.698  10.728  10.757  10.788  10.861  10.891  10.896  10.906 
   10.925  10.928  10.934  11.004  11.008  11.029  11.054  11.063 
   11.087  11.101  11.114  11.125  11.168  11.169  11.182  11.238 
   11.239  11.258  11.279  11.320  11.322  11.338  11.353  11.394 
   11.417  11.434  11.468  11.468  11.525  11.548  11.558  11.590 
   11.593  11.615  11.621  11.664  11.722  11.784  11.808  11.818 
   11.886  11.910  12.002  12.026  12.047  12.112  12.140  12.181 
   12.186  12.203  12.235  12.242  12.318  12.356  12.417  12.444 
   12.468  12.490  12.527  12.584  12.637  12.662  12.692  12.701 
   12.712  12.766  12.775  12.778  12.790  12.816  12.827  12.834 
   12.854  12.856  12.886  12.893  12.907  12.917  12.970  12.972 
   12.996  13.013  13.066  13.071  13.116  13.157  13.162  13.182 
   13.210  13.255  13.257  13.275  13.385  13.395  13.418  13.485 
   13.498  13.553  13.560  13.563  13.586  13.606  13.614  13.649 
   13.695  13.725  13.743  13.770  13.820  13.849  13.885  13.891 
   13.894  13.928  13.953  13.973  13.993  14.080  14.080  14.114 
   14.119  14.151  14.191  14.205  14.222  14.236  14.238  14.268 
   14.292  14.297  14.364  14.395  14.405  14.450  14.463  14.463 
   14.491  14.500  14.504  14.539  14.547  14.549  14.586  14.602 
   14.611  14.673  14.718  14.754  14.792  14.844  14.868  14.932 
   15.015  15.018  15.022  15.041  15.074  15.090  15.116  15.130 
   15.155  15.206  15.302  15.309  15.341  15.395  15.407  15.471 
   15.479  15.483  15.582  15.589  15.589  15.600  15.749  15.776 
   15.803  15.912  15.952  15.983  16.060  16.062  16.067  16.137 
   16.256  16.286  16.330  16.438  16.467  16.517  16.637  16.758 
   16.769  16.780  16.812  17.071  17.367  17.377  17.489  17.563 
   17.612  17.653  17.729  17.867  17.995  18.042  18.051  18.091 
   18.140  18.288  18.339  18.340  18.341  18.342  18.343  18.367 
   18.436  18.497  18.518  18.646  18.648  18.806  18.840  18.879 
   18.946  19.023  19.078  19.170  19.185  19.205  19.321  19.452 
   19.682  19.727  19.776  19.834  20.173  20.286  20.501  20.884 
   20.994  21.293  21.348  22.266  23.766  23.767  23.922  23.974 
   24.420  24.499  24.777  24.860  24.980  25.371  25.458  25.688 
   25.881  26.075  26.378  26.504  26.729  27.142  27.962  28.863 
   29.012  29.707  30.087  30.346  33.402  39.649  41.113  41.363 
   42.194  42.750  53.876  54.030  54.118  54.166  54.434  54.632 
   54.708  54.818  54.971  55.053  55.549  55.625  56.528  57.129 
   57.885  71.997  80.124 100.457 100.464 100.470 100.487 100.503 
  100.511 100.516 100.603 100.610 125.480 125.961 126.565 150.537 
  150.782 150.905 151.473 151.550 155.300 173.426 173.506 173.674 
  173.687 173.744 174.010 174.022 294.354 294.775 295.315 320.677 
  320.677 320.682 320.682 320.686 320.686 320.688 320.689 320.690 
  320.693 320.693 341.970 373.481 373.483 373.483 373.488 373.495 
  373.498 373.501 373.530 373.533 384.237 384.434 384.531 384.981 
  385.034 529.802 529.848 529.945 529.954 529.983 530.132 530.147 
  754.776 755.134 755.603 825.454 976.463 976.620 976.693 977.047 
  977.087 2440.558 2440.882 2441.308 3195.364 


  >>> Running RHF-MP2 <<<


RMP2-TIMING
  rmp2                  :::     1112.267 (100.00%)
  Total                 :::     1112.267 (100.00%)

MP2 correlation energy (RHF) : -1.6063294742
MP2 total energy       (RHF) : -347.3040644943


  >>> Running UHF <<<

init D/C      : input mo_coeff
init ov       : zeros
no            : 24 25
nv            : 934 933
ov_size       : 45741
max_cycle     : 1000
conv          : 6
econv         : 9
method        : diis
mom_start     : 0
guess mix     : 0.000000
orb_swap      : [[[1, 24]], []]
init E        : -330.127302370777
init S2       : 0.750000000000192
init |[F,P]|  : 1.08e-02
init |dE|     : 2.42e-02
check file    : None

iter      total energy   |[F,P]|      |dE|         ∆E   S^2   comment
   1    -330.439438991  7.27e-03  1.55e-02  -3.12e-01  0.75  DIIS mom: 23.6/24 24.5/25
   2    -330.836637753  7.89e-04  1.66e-03  -3.97e-01  0.76  DIIS mom: 23.9/24 24.9/25
   3    -330.843853005  2.83e-04  5.89e-04  -7.22e-03  0.76  DIIS mom: 24.0/24 25.0/25
   4    -330.845248628  1.42e-04  2.87e-04  -1.40e-03  0.77  DIIS mom: 24.0/24 25.0/25
   5    -330.846021960  7.62e-05  1.52e-04  -7.73e-04  0.78  DIIS mom: 24.0/24 25.0/25
   6    -330.846326095  4.67e-05  9.03e-05  -3.04e-04  0.79  DIIS mom: 24.0/24 25.0/25
   7    -330.846472455  3.63e-05  6.78e-05  -1.46e-04  0.79  DIIS mom: 24.0/24 25.0/25
   8    -330.846615430  2.98e-05  5.65e-05  -1.43e-04  0.80  DIIS mom: 24.0/24 25.0/25
   9    -330.846763612  2.28e-05  4.32e-05  -1.48e-04  0.81  DIIS mom: 24.0/24 25.0/25
  10    -330.846889284  1.55e-05  2.87e-05  -1.26e-04  0.82  DIIS mom: 24.0/24 25.0/25
  11    -330.846956958  9.01e-06  1.64e-05  -6.77e-05  0.84  DIIS mom: 24.0/24 25.0/25
  12    -330.846974065  5.54e-06  1.02e-05  -1.71e-05  0.85  DIIS mom: 24.0/24 25.0/25
  13    -330.846978668  2.74e-06  5.12e-06  -4.60e-06  0.85  DIIS mom: 24.0/24 25.0/25
  14    -330.846979578  1.07e-06  1.97e-06  -9.10e-07  0.85  DIIS mom: 24.0/24 25.0/25
  15    -330.846979669  3.91e-07  7.75e-07  -9.03e-08  0.85  DIIS mom: 24.0/24 25.0/25
  16    -330.846979677  1.18e-07  2.41e-07  -8.60e-09  0.85  DIIS mom: 24.0/24 25.0/25
  17    -330.846979678  2.58e-08  5.79e-08  -6.60e-10  0.85  DIIS mom: 24.0/24 25.0/25
                                                                      diis is converged!

SCF converged : True
final |[F,P]| : 2.58e-08
final |dE|    : 5.79e-08
final Escf    : -603.808285411442
final Etot    : -330.846979677932
final S2      : 0.852145654433656

  diis prep             :::        0.572 (  0.03%)
  diis extrap           :::        0.539 (  0.03%)
  roothaan              :::        3.194 (  0.16%)
  fock build            :::     2052.584 ( 99.79%)
  Total                 :::     2056.889 (100.00%)

Alpha occupied
  -26.528 -11.597 -11.576 -11.576 -11.471 -11.471  -1.846  -1.597 
   -1.348  -1.307  -1.149  -1.113  -0.998  -0.981  -0.926  -0.911 
   -0.885  -0.871  -0.865  -0.839  -0.765  -0.761  -0.644  -0.595 

Alpha virtual
  -14.113  -0.166  -0.108  -0.061  -0.043  -0.032  -0.007  -0.006 
   -0.006   0.018   0.044   0.044   0.055   0.066   0.083   0.090 
    0.103   0.119   0.125   0.139   0.148   0.158   0.188   0.200 
    0.200   0.212   0.213   0.223   0.229   0.238   0.241   0.246 
    0.254   0.285   0.291   0.308   0.325   0.337   0.341   0.345 
    0.376   0.385   0.397   0.401   0.404   0.413   0.432   0.442 
    0.448   0.467   0.484   0.499   0.502   0.509   0.513   0.539 
    0.541   0.577   0.585   0.589   0.605   0.606   0.631   0.632 
    0.639   0.639   0.666   0.724   0.728   0.736   0.746   0.754 
    0.769   0.772   0.780   0.786   0.787   0.796   0.812   0.827 
    0.842   0.847   0.855   0.858   0.876   0.916   0.920   0.932 
    0.937   0.948   0.951   0.989   1.012   1.022   1.026   1.027 
    1.034   1.040   1.061   1.072   1.094   1.122   1.157   1.191 
    1.213   1.225   1.243   1.252   1.264   1.267   1.275   1.276 
    1.295   1.304   1.338   1.361   1.394   1.398   1.399   1.408 
    1.416   1.420   1.421   1.424   1.429   1.445   1.448   1.455 
    1.498   1.518   1.519   1.532   1.537   1.539   1.560   1.597 
    1.599   1.624   1.637   1.651   1.654   1.662   1.668   1.708 
    1.712   1.739   1.745   1.751   1.766   1.778   1.788   1.798 
    1.852   1.859   1.861   1.874   1.876   1.887   1.909   1.913 
    1.928   1.944   1.946   1.978   1.987   1.991   2.002   2.039 
    2.054   2.060   2.061   2.084   2.091   2.122   2.132   2.146 
    2.162   2.171   2.176   2.182   2.224   2.234   2.239   2.293 
    2.305   2.308   2.336   2.338   2.356   2.367   2.382   2.396 
    2.398   2.429   2.458   2.474   2.488   2.504   2.553   2.561 
    2.581   2.622   2.630   2.670   2.674   2.691   2.719   2.738 
    2.747   2.770   2.802   2.813   2.864   2.869   2.879   2.888 
    2.906   2.925   2.932   2.938   2.966   2.971   2.993   2.994 
    3.005   3.062   3.067   3.084   3.127   3.143   3.151   3.152 
    3.152   3.190   3.199   3.200   3.206   3.272   3.273   3.288 
    3.334   3.342   3.349   3.382   3.383   3.397   3.397   3.410 
    3.458   3.467   3.494   3.501   3.519   3.531   3.537   3.541 
    3.563   3.590   3.630   3.633   3.637   3.649   3.659   3.659 
    3.688   3.700   3.714   3.722   3.787   3.793   3.804   3.816 
    3.825   3.834   3.835   3.860   3.887   3.890   3.892   3.945 
    3.953   3.964   3.996   4.005   4.034   4.034   4.046   4.055 
    4.072   4.078   4.081   4.101   4.114   4.133   4.167   4.186 
    4.188   4.211   4.224   4.246   4.247   4.255   4.263   4.297 
    4.300   4.315   4.326   4.341   4.423   4.426   4.433   4.456 
    4.458   4.472   4.503   4.507   4.518   4.526   4.543   4.572 
    4.600   4.614   4.621   4.625   4.661   4.662   4.668   4.682 
    4.709   4.715   4.746   4.748   4.765   4.794   4.817   4.874 
    4.880   4.886   4.915   4.922   4.923   4.944   4.952   4.962 
    4.970   5.013   5.020   5.023   5.026   5.036   5.064   5.091 
    5.105   5.118   5.167   5.187   5.216   5.228   5.235   5.240 
    5.265   5.278   5.292   5.334   5.351   5.356   5.391   5.398 
    5.435   5.442   5.463   5.477   5.514   5.525   5.588   5.589 
    5.593   5.605   5.640   5.643   5.648   5.688   5.739   5.755 
    5.762   5.779   5.870   5.880   5.883   5.891   5.906   5.921 
    5.921   5.945   6.021   6.048   6.053   6.104   6.135   6.149 
    6.161   6.163   6.170   6.241   6.271   6.281   6.340   6.349 
    6.357   6.412   6.425   6.450   6.481   6.498   6.578   6.632 
    6.634   6.635   6.696   6.738   6.749   6.792   6.826   6.835 
    6.916   6.933   6.961   6.976   6.977   7.014   7.113   7.117 
    7.214   7.215   7.243   7.302   7.334   7.371   7.428   7.469 
    7.478   7.485   7.523   7.559   7.581   7.630   7.633   7.641 
    7.668   7.693   7.700   7.719   7.813   7.827   7.847   7.856 
    7.892   7.915   7.982   7.984   8.019   8.036   8.053   8.081 
    8.099   8.122   8.154   8.204   8.235   8.255   8.261   8.286 
    8.327   8.353   8.363   8.399   8.409   8.432   8.488   8.540 
    8.572   8.587   8.610   8.620   8.660   8.720   8.722   8.726 
    8.727   8.786   8.799   8.828   8.846   8.860   8.921   8.921 
    8.937   8.947   8.973   9.011   9.012   9.078   9.122   9.141 
    9.174   9.204   9.221   9.283   9.314   9.326   9.330   9.341 
    9.359   9.398   9.408   9.445   9.462   9.477   9.534   9.592 
    9.606   9.643   9.660   9.688   9.704   9.711   9.754   9.780 
    9.781   9.819   9.854   9.893   9.914   9.927   9.950   9.985 
    9.996   9.996  10.014  10.021  10.029  10.069  10.077  10.104 
   10.109  10.122  10.128  10.165  10.187  10.189  10.232  10.241 
   10.283  10.285  10.337  10.344  10.373  10.398  10.402  10.425 
   10.434  10.467  10.490  10.527  10.553  10.631  10.661  10.664 
   10.687  10.688  10.692  10.707  10.758  10.763  10.806  10.818 
   10.838  10.855  10.866  10.881  10.892  10.936  10.937  10.937 
   11.004  11.008  11.023  11.041  11.080  11.086  11.110  11.125 
   11.157  11.174  11.191  11.234  11.235  11.284  11.306  11.323 
   11.354  11.359  11.382  11.385  11.434  11.481  11.550  11.558 
   11.565  11.658  11.660  11.771  11.775  11.797  11.871  11.877 
   11.924  11.928  11.949  11.995  12.006  12.079  12.109  12.181 
   12.211  12.218  12.229  12.251  12.311  12.358  12.384  12.414 
   12.459  12.466  12.544  12.548  12.554  12.558  12.580  12.601 
   12.615  12.633  12.634  12.666  12.670  12.676  12.693  12.748 
   12.759  12.763  12.765  12.825  12.848  12.865  12.879  12.922 
   12.930  12.940  13.007  13.026  13.035  13.132  13.145  13.195 
   13.216  13.279  13.284  13.289  13.302  13.335  13.351  13.387 
   13.413  13.455  13.490  13.520  13.522  13.588  13.636  13.644 
   13.662  13.673  13.683  13.728  13.751  13.775  13.845  13.851 
   13.888  13.889  13.927  13.970  13.971  14.000  14.000  14.012 
   14.035  14.058  14.064  14.147  14.151  14.160  14.214  14.220 
   14.249  14.261  14.277  14.279  14.295  14.296  14.321  14.349 
   14.376  14.390  14.436  14.460  14.503  14.543  14.582  14.610 
   14.642  14.727  14.736  14.745  14.794  14.822  14.831  14.885 
   14.893  14.906  14.946  15.044  15.066  15.104  15.110  15.138 
   15.243  15.248  15.250  15.297  15.302  15.352  15.362  15.509 
   15.524  15.541  15.666  15.713  15.755  15.830  15.830  15.840 
   15.897  15.995  16.063  16.092  16.186  16.214  16.262  16.360 
   16.396  16.432  16.528  16.536  16.798  17.113  17.154  17.272 
   17.314  17.398  17.436  17.443  17.639  17.701  17.748  17.782 
   17.821  17.867  17.915  18.014  18.136  18.148  18.149  18.150 
   18.155  18.219  18.289  18.297  18.299  18.321  18.423  18.567 
   18.611  18.670  18.742  18.824  18.872  18.956  18.966  19.103 
   19.238  19.466  19.499  19.576  19.579  19.757  19.938  19.976 
   20.656  20.769  21.066  21.119  22.065  23.571  23.572  23.726 
   23.777  24.222  24.300  24.577  24.661  24.783  25.175  25.261 
   25.492  25.684  25.763  25.879  26.181  26.388  26.530  27.214 
   28.665  28.813  29.506  29.888  30.146  32.592  39.413  40.870 
   41.100  41.933  42.502  52.670  52.902  52.910  53.054  53.329 
   53.514  53.530  53.667  53.786  53.944  54.335  54.392  55.343 
   55.933  56.687  70.679  79.924  99.152  99.158  99.159  99.174 
   99.191  99.191  99.196  99.273  99.280 123.600 124.070 124.670 
  148.466 148.709 148.835 149.396 149.471 153.288 171.389 171.471 
  171.633 171.647 171.706 171.962 171.973 291.613 292.027 292.564 
  318.522 318.522 318.526 318.526 318.527 318.530 318.530 318.534 
  318.535 318.540 318.540 339.149 370.913 370.915 370.917 370.918 
  370.925 370.926 370.928 370.952 370.955 381.340 381.535 381.634 
  382.080 382.132 526.678 526.724 526.819 526.828 526.858 527.003 
  527.017 751.169 751.525 751.991 821.796 972.764 972.919 972.993 
  973.345 973.384 2436.248 2436.570 2436.996 3191.037 

Beta occupied
  -26.527 -18.401 -11.593 -11.569 -11.569 -11.475 -11.475  -1.844 
   -1.680  -1.360  -1.309  -1.169  -1.117  -1.012  -0.992  -0.955 
   -0.952  -0.898  -0.889  -0.875  -0.838  -0.795  -0.768  -0.672 
   -0.597 

Beta virtual
   -0.158  -0.098  -0.061  -0.043  -0.032  -0.009  -0.006  -0.006 
    0.018   0.042   0.044   0.053   0.067   0.083   0.087   0.095 
    0.119   0.126   0.139   0.149   0.159   0.187   0.197   0.199 
    0.211   0.214   0.223   0.225   0.232   0.242   0.244   0.255 
    0.284   0.289   0.307   0.322   0.330   0.338   0.346   0.376 
    0.385   0.398   0.402   0.405   0.410   0.433   0.440   0.441 
    0.465   0.484   0.501   0.502   0.505   0.509   0.540   0.541 
    0.575   0.585   0.586   0.605   0.606   0.629   0.634   0.640 
    0.642   0.668   0.722   0.730   0.735   0.746   0.755   0.771 
    0.772   0.777   0.787   0.788   0.798   0.811   0.827   0.843 
    0.846   0.854   0.857   0.876   0.912   0.919   0.931   0.938 
    0.950   0.951   0.988   1.012   1.015   1.024   1.029   1.032 
    1.038   1.045   1.068   1.093   1.119   1.154   1.192   1.212 
    1.225   1.245   1.249   1.264   1.267   1.276   1.277   1.295 
    1.302   1.338   1.363   1.394   1.399   1.399   1.408   1.417 
    1.421   1.422   1.424   1.431   1.446   1.449   1.456   1.498 
    1.516   1.520   1.532   1.537   1.539   1.562   1.596   1.597 
    1.622   1.637   1.651   1.651   1.660   1.667   1.710   1.712 
    1.743   1.747   1.748   1.768   1.780   1.786   1.798   1.852 
    1.858   1.862   1.874   1.876   1.888   1.909   1.914   1.926 
    1.946   1.946   1.979   1.986   1.990   2.000   2.038   2.055 
    2.059   2.063   2.082   2.093   2.123   2.131   2.146   2.162 
    2.169   2.174   2.183   2.225   2.233   2.237   2.294   2.301 
    2.305   2.326   2.332   2.357   2.364   2.378   2.395   2.399 
    2.425   2.459   2.468   2.485   2.494   2.553   2.555   2.561 
    2.619   2.631   2.665   2.669   2.682   2.718   2.737   2.738 
    2.770   2.796   2.815   2.863   2.864   2.880   2.884   2.903 
    2.924   2.932   2.934   2.967   2.971   2.988   2.995   3.002 
    3.054   3.066   3.084   3.127   3.143   3.149   3.151   3.152 
    3.191   3.197   3.200   3.207   3.267   3.272   3.287   3.332 
    3.339   3.350   3.382   3.384   3.396   3.397   3.410   3.458 
    3.465   3.493   3.501   3.519   3.533   3.537   3.542   3.564 
    3.587   3.628   3.634   3.638   3.649   3.658   3.659   3.689 
    3.700   3.714   3.721   3.786   3.793   3.805   3.819   3.826 
    3.835   3.836   3.861   3.888   3.890   3.891   3.946   3.953 
    3.965   3.996   4.006   4.034   4.034   4.047   4.050   4.072 
    4.078   4.082   4.102   4.111   4.132   4.168   4.187   4.191 
    4.211   4.224   4.247   4.249   4.256   4.264   4.297   4.300 
    4.314   4.327   4.341   4.424   4.426   4.433   4.457   4.460 
    4.472   4.503   4.507   4.519   4.527   4.543   4.571   4.599 
    4.614   4.621   4.625   4.660   4.661   4.668   4.683   4.708 
    4.713   4.745   4.749   4.765   4.793   4.814   4.872   4.880 
    4.885   4.916   4.921   4.923   4.946   4.949   4.960   4.971 
    5.012   5.019   5.019   5.022   5.037   5.064   5.088   5.105 
    5.117   5.165   5.186   5.216   5.226   5.234   5.238   5.256 
    5.275   5.291   5.333   5.351   5.355   5.390   5.397   5.426 
    5.435   5.462   5.477   5.506   5.525   5.585   5.587   5.593 
    5.600   5.629   5.644   5.644   5.676   5.707   5.749   5.761 
    5.776   5.840   5.843   5.873   5.886   5.905   5.911   5.921 
    5.944   6.019   6.046   6.051   6.093   6.135   6.148   6.160 
    6.163   6.168   6.225   6.265   6.280   6.336   6.337   6.357 
    6.410   6.425   6.442   6.477   6.495   6.569   6.629   6.632 
    6.636   6.692   6.728   6.749   6.792   6.825   6.828   6.914 
    6.930   6.950   6.976   6.977   7.015   7.111   7.117   7.209 
    7.213   7.244   7.297   7.328   7.371   7.423   7.466   7.477 
    7.485   7.516   7.558   7.580   7.629   7.631   7.642   7.655 
    7.692   7.698   7.717   7.805   7.826   7.844   7.848   7.888 
    7.914   7.982   7.984   8.017   8.036   8.038   8.080   8.099 
    8.120   8.154   8.204   8.234   8.254   8.260   8.285   8.324 
    8.349   8.363   8.399   8.406   8.429   8.489   8.543   8.564 
    8.589   8.605   8.620   8.660   8.720   8.724   8.725   8.726 
    8.783   8.799   8.828   8.847   8.860   8.920   8.922   8.940 
    8.947   8.973   9.006   9.010   9.078   9.120   9.143   9.174 
    9.204   9.219   9.283   9.315   9.326   9.331   9.340   9.359 
    9.399   9.408   9.445   9.462   9.473   9.534   9.593   9.605 
    9.642   9.660   9.689   9.703   9.711   9.756   9.782   9.783 
    9.819   9.854   9.894   9.914   9.928   9.951   9.986   9.997 
    9.999  10.015  10.021  10.029  10.070  10.079  10.106  10.112 
   10.122  10.128  10.164  10.188  10.191  10.233  10.242  10.282 
   10.282  10.338  10.343  10.374  10.397  10.402  10.426  10.435 
   10.469  10.490  10.526  10.553  10.631  10.661  10.664  10.688 
   10.689  10.693  10.707  10.759  10.764  10.806  10.817  10.838 
   10.855  10.865  10.879  10.893  10.936  10.937  10.939  11.005 
   11.009  11.022  11.041  11.079  11.086  11.109  11.125  11.157 
   11.174  11.192  11.234  11.234  11.283  11.306  11.324  11.354 
   11.359  11.380  11.384  11.434  11.480  11.550  11.554  11.566 
   11.657  11.658  11.770  11.775  11.785  11.866  11.869  11.919 
   11.930  11.937  11.994  12.002  12.079  12.110  12.125  12.180 
   12.211  12.228  12.245  12.301  12.356  12.374  12.413  12.453 
   12.464  12.535  12.548  12.550  12.559  12.564  12.600  12.614 
   12.633  12.633  12.658  12.669  12.675  12.692  12.748  12.752 
   12.758  12.763  12.815  12.824  12.855  12.878  12.916  12.922 
   12.940  13.002  13.027  13.035  13.123  13.142  13.193  13.211 
   13.249  13.283  13.284  13.290  13.334  13.349  13.387  13.411 
   13.453  13.486  13.512  13.521  13.585  13.635  13.636  13.660 
   13.673  13.679  13.728  13.750  13.775  13.843  13.851  13.885 
   13.888  13.925  13.969  13.971  13.993  14.000  14.013  14.034 
   14.058  14.063  14.141  14.147  14.158  14.214  14.214  14.248 
   14.253  14.276  14.279  14.290  14.293  14.319  14.335  14.375 
   14.389  14.404  14.452  14.493  14.503  14.541  14.608  14.641 
   14.709  14.723  14.735  14.792  14.815  14.830  14.883  14.890 
   14.905  14.941  15.038  15.061  15.092  15.109  15.133  15.241 
   15.248  15.249  15.288  15.293  15.349  15.361  15.507  15.521 
   15.535  15.664  15.710  15.754  15.827  15.829  15.838  15.893 
   15.989  16.062  16.091  16.183  16.207  16.257  16.353  16.377 
   16.407  16.524  16.536  16.794  17.106  17.153  17.272  17.309 
   17.397  17.433  17.436  17.638  17.690  17.730  17.741  17.820 
   17.866  17.915  18.007  18.135  18.148  18.149  18.150  18.155 
   18.219  18.236  18.271  18.299  18.321  18.423  18.548  18.581 
   18.670  18.741  18.824  18.866  18.954  18.965  19.103  19.237 
   19.463  19.499  19.568  19.577  19.717  19.891  19.976  20.655 
   20.769  21.065  21.119  22.066  23.571  23.573  23.726  23.777 
   24.222  24.301  24.577  24.661  24.783  25.176  25.262  25.492 
   25.543  25.685  25.879  26.177  26.180  26.530  27.013  28.666 
   28.814  29.507  29.888  30.146  32.291  39.412  40.869  41.101 
   41.934  42.502  52.526  52.773  52.793  52.971  53.238  53.392 
   53.446  53.569  53.663  53.855  54.213  54.261  55.050  55.653 
   56.412  70.321  79.925  99.091  99.097  99.098  99.113  99.130 
   99.132  99.137  99.214  99.222 123.262 123.734 124.336 148.234 
  148.477 148.604 149.166 149.241 152.930 171.240 171.322 171.485 
  171.498 171.557 171.815 171.826 291.288 291.704 292.242 318.445 
  318.445 318.448 318.449 318.450 318.452 318.453 318.457 318.457 
  318.462 318.462 338.829 370.788 370.790 370.792 370.793 370.800 
  370.801 370.803 370.828 370.830 381.110 381.305 381.404 381.850 
  381.903 526.496 526.543 526.638 526.647 526.677 526.821 526.835 
  750.915 751.270 751.737 821.539 972.575 972.730 972.804 973.156 
  973.195 2436.099 2436.421 2436.846 3190.897 


  >>> Running UHF-MP2 <<<

MP2 correlation energy (UHF) : -1.5611997777
MP2 total energy       (UHF) : -332.4081794556

