	*********************************************** 
	***** Beginning CEBE Calculation with MOM ***** 
	*****       Calculation Details:          ***** 
	      Geometry:	 /home/am3939/core/calculations/mols/exp/c/c-f4.xyz
	      Core Basis:	 ccX-5Z
	      Full Basis:	 cc-pV5Z
	      DIIS (start, space):	 0 50
	      Level shift:	 0
	      Do localization?:	 False
	      Do SFX2C1E?:	 True
	      Freeze orbitals?:	 True
	      Use Cheng orbitals?:	 False
	      Do Special Basis?:	 True
	      Do Special Basis?:	 ccX-5Z
	*********************************************** 
	*********************************************** 

  >>> Running RHF <<<

init D/C      : minao
init ov       : zeros
no            : 21
nv            : 535
ov_size       : 11235
max_cycle     : 1000
conv          : 6
econv         : 9
method        : gdm
scale_stop    : 0
scale_factor  : 1.000000
init E        : -435.66365186586
init |[F,P]|  : 9.05e-03
init |dE|     : 2.01e-02
check file    : None

iter      total energy   |[F,P]|      |dE|         ∆E   comment
   1    -435.795733344  5.68e-03  1.29e-02  -1.32e-01  BFGS
   2    -435.859551607  4.82e-04  1.28e-03  -6.38e-02  BFGS
   3    -435.860586509  1.35e-04  3.45e-04  -1.03e-03  BFGS
   4    -435.860688416  4.35e-05  9.88e-05  -1.02e-04  BFGS
   5    -435.860693625  7.56e-06  1.82e-05  -5.21e-06  BFGS
   6    -435.860693864  1.16e-06  2.65e-06  -2.40e-07  BFGS
   7    -435.860693870  1.59e-07  3.94e-07  -5.53e-09  BFGS
   8    -435.860693870  2.11e-08  5.22e-08  -9.80e-11  BFGS
                                                                      gdm is converged!

SCF converged : True
final |[F,P]| : 2.11e-08
final |dE|    : 5.22e-08
final Escf    : -642.523878026634
final Etot    : -435.860693869901

  pxp & ewc             :::        0.219 (  0.16%)
  apply B               :::        0.001 (  0.00%)
  linsrch               :::      135.035 ( 99.82%)
  grad                  :::        0.023 (  0.02%)
  Total                 :::      135.279 (100.00%)

Alpha occupied
  -26.371 -26.371 -26.371 -26.371 -11.607  -1.807  -1.680  -1.680 
   -1.680  -1.011  -0.891  -0.891  -0.891  -0.766  -0.766  -0.713 
   -0.713  -0.713  -0.685  -0.685  -0.685 

Alpha virtual
    0.101   0.101   0.101   0.139   0.330   0.330   0.330   0.368 
    0.368   0.368   0.382   0.401   0.401   0.451   0.451   0.451 
    0.526   0.561   0.561   0.561   0.608   0.654   0.654   0.654 
    0.680   0.680   0.680   0.850   0.850   0.914   0.914   0.914 
    1.092   1.126   1.126   1.126   1.334   1.334   1.334   1.397 
    1.397   1.446   1.446   1.446   1.464   1.464   1.605   1.651 
    1.651   1.651   1.701   1.749   1.749   1.749   1.770   1.770 
    1.770   1.877   1.877   1.877   1.881   1.881   1.983   1.983 
    1.983   2.089   2.089   2.089   2.131   2.240   2.240   2.240 
    2.351   2.351   2.351   2.562   2.594   2.594   2.594   2.750 
    2.750   2.842   2.842   2.842   3.177   3.177   3.212   3.212 
    3.212   3.252   3.252   3.252   3.281   3.452   3.452   3.452 
    3.574   3.574   3.574   3.630   3.712   3.712   3.712   3.824 
    3.824   3.824   3.853   3.868   3.868   3.868   3.964   3.964 
    4.066   4.111   4.111   4.138   4.138   4.138   4.253   4.253 
    4.253   4.265   4.265   4.265   4.397   4.458   4.458   4.458 
    4.498   4.498   4.498   4.552   4.552   4.736   4.736   4.736 
    4.910   4.910   4.910   4.960   5.007   5.007   5.007   5.261 
    5.261   5.429   5.441   5.441   5.441   5.532   5.532   5.662 
    5.662   5.662   5.760   5.760   5.760   5.949   6.148   6.148 
    6.148   6.170   6.170   6.170   6.244   6.244   6.495   6.495 
    6.495   7.226   7.226   7.226   7.465   7.465   7.465   7.577 
    7.583   7.583   7.583   7.598   7.598   7.670   7.670   7.670 
    7.854   7.854   7.854   8.028   8.028   8.028   8.028   8.094 
    8.257   8.257   8.257   8.337   8.337   8.420   8.420   8.420 
    8.825   8.825   8.825   8.877   8.877   8.877   9.009   9.009 
    9.189   9.407   9.407   9.407   9.432   9.494   9.494   9.494 
    9.585   9.585   9.585   9.602   9.653   9.653   9.824   9.824 
    9.824   9.904   9.904   9.904   9.936   9.936  10.069  10.074 
   10.074  10.074  10.239  10.239  10.239  10.369  10.369  10.369 
   10.514  10.514  10.514  10.578  10.578  10.578  10.582  10.582 
   10.582  10.622  10.622  10.695  10.774  10.774  10.774  10.997 
   10.997  11.057  11.057  11.057  11.067  11.067  11.067  11.132 
   11.243  11.243  11.243  11.599  11.599  11.599  11.609  11.609 
   11.609  11.611  11.611  11.998  11.998  12.730  12.730  12.730 
   13.080  13.204  13.204  13.204  13.285  13.285  13.285  13.427 
   13.427  14.201  14.708  14.708  14.708  15.298  15.298  15.298 
   15.301  18.238  18.268  18.268  18.268  18.276  18.276  18.276 
   18.285  18.285  18.293  18.293  18.293  18.294  18.294  18.294 
   18.295  18.295  18.377  18.377  18.377  18.414  18.414  18.414 
   18.461  18.548  18.548  18.548  18.617  18.617  18.627  18.627 
   18.627  18.904  18.904  18.904  19.134  19.134  19.205  19.205 
   19.205  19.239  19.239  19.239  19.323  19.778  19.778  19.778 
   19.838  19.838  19.838  19.927  19.927  20.386  20.386  20.386 
   22.050  22.050  22.050  22.179  23.687  23.701  23.701  23.701 
   23.710  23.710  23.727  23.727  23.727  23.794  23.878  23.878 
   23.878  23.955  23.955  23.955  24.188  24.320  24.320  24.320 
   24.474  24.474  24.474  24.539  24.539  24.687  24.687  24.717 
   24.717  24.717  24.872  24.872  24.872  24.967  25.023  25.023 
   25.023  25.300  25.337  25.337  25.337  25.349  25.349  25.349 
   25.454  25.530  25.530  25.749  25.749  25.749  25.885  25.885 
   25.885  26.035  26.035  26.035  26.240  26.240  26.243  26.243 
   26.243  26.760  26.760  26.760  26.965  28.835  28.835  28.835 
   28.858  28.858  28.858  28.886  28.886  29.689  29.689  29.795 
   29.795  29.795  29.812  29.812  29.812  30.316  30.316  30.316 
   30.661  38.154  38.154  39.277  39.277  39.277  40.115  40.115 
   40.115  40.250  40.250  40.250  41.256  41.335  41.335  41.335 
   52.037  79.958  79.958  79.958  80.453  86.658  86.658  86.668 
   86.668  86.668  86.728  86.732  86.732  86.732  89.748  89.748 
   89.748 107.247 107.247 108.130 108.130 108.130 112.281 129.815 
  129.815 129.815 129.915 129.915 129.915 130.356 210.047 210.047 
  210.047 247.494 251.302 251.302 251.302 251.302 251.302 251.302 
  251.302 251.302 251.302 251.302 251.302 276.082 276.082 276.757 
  276.757 276.757 310.681 310.681 310.685 310.685 310.685 310.704 
  310.707 310.707 310.707 396.024 396.024 396.024 396.077 396.077 
  396.077 396.320 537.988 537.988 537.988 598.502 706.620 706.620 
  707.144 707.144 707.144 1738.501 1738.501 1738.501 2326.915 


  >>> Running RHF-MP2 <<<


RMP2-TIMING
  rmp2                  :::      163.777 (100.00%)
  Total                 :::      163.777 (100.00%)

MP2 correlation energy (RHF) : -1.5052736143
MP2 total energy       (RHF) : -437.3659674842


  >>> Running UHF <<<

init D/C      : input mo_coeff
init ov       : zeros
no            : 20 21
nv            : 536 535
ov_size       : 21955
max_cycle     : 1000
conv          : 6
econv         : 9
method        : diis
mom_start     : 0
guess mix     : 0.000000
orb_swap      : [[[4, 20]], []]
init E        : -424.254083455685
init S2       : 0.750000000000128
init |[F,P]|  : 1.31e-02
init |dE|     : 2.79e-02
check file    : None

iter      total energy   |[F,P]|      |dE|         ∆E   S^2   comment
   1    -424.510831484  8.19e-03  1.76e-02  -2.57e-01  0.75  DIIS mom: 19.8/20 20.7/21
   2    -424.731627622  1.67e-03  3.98e-03  -2.21e-01  0.76  DIIS mom: 19.9/20 20.9/21
   3    -424.744675405  3.68e-04  9.35e-04  -1.30e-02  0.76  DIIS mom: 20.0/20 21.0/21
   4    -424.746097386  2.08e-04  4.52e-04  -1.42e-03  0.77  DIIS mom: 20.0/20 21.0/21
   5    -424.747050130  1.30e-04  2.77e-04  -9.53e-04  0.78  DIIS mom: 20.0/20 21.0/21
   6    -424.747638736  5.78e-05  1.27e-04  -5.89e-04  0.80  DIIS mom: 20.0/20 21.0/21
   7    -424.747764547  8.28e-06  1.94e-05  -1.26e-04  0.81  DIIS mom: 20.0/20 21.0/21
   8    -424.747765416  1.56e-06  3.64e-06  -8.69e-07  0.81  DIIS mom: 20.0/20 21.0/21
   9    -424.747765432  1.44e-07  3.73e-07  -1.58e-08  0.81  DIIS mom: 20.0/20 21.0/21
  10    -424.747765432  3.32e-08  8.73e-08  -2.71e-10  0.81  DIIS mom: 20.0/20 21.0/21
                                                                      diis is converged!

SCF converged : True
final |[F,P]| : 3.32e-08
final |dE|    : 8.73e-08
final Escf    : -631.410949589147
final Etot    : -424.747765432415
final S2      : 0.8109574602123

  diis prep             :::        0.076 (  0.04%)
  diis extrap           :::        0.057 (  0.03%)
  roothaan              :::        0.550 (  0.29%)
  fock build            :::      187.385 ( 99.64%)
  Total                 :::      188.067 (100.00%)

Alpha occupied
  -26.738 -26.738 -26.738 -26.738  -2.173  -2.032  -2.032  -2.032 
   -1.383  -1.259  -1.259  -1.259  -1.099  -1.099  -1.046  -1.046 
   -1.046  -1.022  -1.022  -1.022 

Alpha virtual
  -10.564  -0.070  -0.063  -0.063  -0.063  -0.018  -0.018  -0.018 
    0.059   0.143   0.143   0.143   0.185   0.185   0.195   0.195 
    0.195   0.255   0.343   0.343   0.343   0.358   0.390   0.390 
    0.390   0.453   0.453   0.453   0.569   0.569   0.634   0.634 
    0.634   0.862   0.896   0.896   0.896   1.055   1.055   1.055 
    1.104   1.104   1.161   1.161   1.161   1.193   1.193   1.318 
    1.341   1.341   1.341   1.417   1.472   1.472   1.472   1.501 
    1.501   1.501   1.589   1.589   1.593   1.593   1.593   1.700 
    1.700   1.700   1.787   1.787   1.787   1.832   1.953   1.953 
    1.953   2.043   2.043   2.043   2.301   2.305   2.305   2.305 
    2.451   2.451   2.538   2.538   2.538   2.868   2.868   2.897 
    2.897   2.897   2.955   2.955   2.955   2.993   3.142   3.142 
    3.142   3.244   3.244   3.244   3.335   3.414   3.414   3.414 
    3.452   3.452   3.452   3.534   3.535   3.535   3.535   3.659 
    3.659   3.688   3.797   3.797   3.797   3.805   3.805   3.925 
    3.925   3.925   3.956   3.956   3.956   4.045   4.164   4.164 
    4.164   4.172   4.172   4.182   4.182   4.182   4.425   4.425 
    4.425   4.601   4.601   4.601   4.643   4.681   4.681   4.681 
    4.945   4.945   5.081   5.113   5.113   5.113   5.207   5.207 
    5.325   5.325   5.325   5.439   5.439   5.439   5.643   5.818 
    5.818   5.818   5.826   5.826   5.826   5.917   5.917   6.158 
    6.158   6.158   6.895   6.895   6.895   7.137   7.137   7.137 
    7.262   7.278   7.278   7.278   7.290   7.290   7.290   7.291 
    7.291   7.501   7.501   7.501   7.640   7.640   7.640   7.643 
    7.748   7.913   7.913   7.913   7.962   7.962   8.093   8.093 
    8.093   8.444   8.444   8.444   8.531   8.531   8.531   8.673 
    8.673   8.823   9.071   9.071   9.071   9.116   9.177   9.177 
    9.177   9.230   9.230   9.230   9.284   9.322   9.322   9.413 
    9.413   9.413   9.558   9.558   9.558   9.612   9.612   9.673 
    9.748   9.748   9.748   9.900   9.900   9.900  10.018  10.018 
   10.018  10.112  10.112  10.112  10.225  10.225  10.225  10.241 
   10.241  10.241  10.244  10.244  10.267  10.408  10.408  10.408 
   10.658  10.658  10.676  10.676  10.676  10.703  10.703  10.703 
   10.708  10.881  10.881  10.881  11.165  11.165  11.165  11.253 
   11.253  11.262  11.262  11.262  11.461  11.461  12.315  12.315 
   12.315  12.634  12.832  12.832  12.832  12.902  12.902  12.902 
   12.990  12.990  13.820  14.194  14.194  14.194  14.920  14.920 
   14.920  14.943  17.853  17.853  17.853  17.901  17.938  17.938 
   17.938  17.956  17.956  17.957  17.957  17.957  17.976  17.976 
   17.976  17.976  17.976  17.976  17.977  17.977  18.076  18.076 
   18.076  18.118  18.118  18.118  18.122  18.268  18.268  18.268 
   18.271  18.271  18.550  18.550  18.550  18.778  18.778  18.856 
   18.856  18.856  18.865  18.865  18.865  18.929  19.430  19.430 
   19.430  19.468  19.468  19.468  19.569  19.569  19.896  19.896 
   19.896  21.665  21.665  21.665  21.816  23.065  23.344  23.374 
   23.374  23.374  23.383  23.383  23.398  23.398  23.398  23.537 
   23.537  23.537  23.613  23.613  23.613  23.783  23.964  23.964 
   23.964  24.121  24.121  24.121  24.180  24.180  24.320  24.320 
   24.352  24.352  24.352  24.507  24.507  24.507  24.565  24.657 
   24.657  24.657  24.966  25.002  25.002  25.002  25.011  25.011 
   25.011  25.120  25.184  25.184  25.401  25.401  25.401  25.535 
   25.535  25.535  25.680  25.680  25.680  25.880  25.880  25.882 
   25.882  25.882  26.372  26.372  26.372  26.570  28.492  28.492 
   28.492  28.515  28.515  28.515  28.541  28.541  29.321  29.321 
   29.430  29.430  29.430  29.448  29.448  29.448  29.917  29.917 
   29.917  30.284  36.876  36.876  38.026  38.026  38.026  38.958 
   38.958  38.958  39.116  39.116  39.116  40.130  40.167  40.167 
   40.167  50.725  79.600  79.600  79.600  80.094  85.188  85.188 
   85.199  85.199  85.199  85.259  85.263  85.263  85.263  87.953 
   87.953  87.953 105.279 105.279 106.166 106.166 106.166 110.370 
  127.840 127.840 127.840 127.940 127.940 127.940 128.383 207.524 
  207.524 207.524 244.896 249.185 249.185 249.185 249.185 249.185 
  249.185 249.185 249.185 249.185 249.185 249.185 273.414 273.414 
  274.091 274.091 274.091 308.177 308.177 308.180 308.180 308.180 
  308.200 308.203 308.203 308.203 393.142 393.142 393.142 393.195 
  393.195 393.195 393.438 534.737 534.737 534.737 595.200 703.277 
  703.277 703.802 703.802 703.802 1734.658 1734.658 1734.658 2323.050 

Beta occupied
  -26.733 -26.733 -26.733 -26.733 -14.241  -2.195  -2.022  -2.022 
   -2.022  -1.422  -1.272  -1.272  -1.272  -1.096  -1.096  -1.028 
   -1.028  -1.028  -1.019  -1.019  -1.019 

Beta virtual
   -0.083  -0.083  -0.083  -0.072  -0.051  -0.051  -0.051   0.010 
    0.144   0.144   0.144   0.185   0.185   0.195   0.195   0.195 
    0.261   0.343   0.343   0.343   0.351   0.383   0.383   0.383 
    0.455   0.455   0.455   0.567   0.567   0.624   0.624   0.624 
    0.866   0.898   0.898   0.898   1.055   1.055   1.055   1.098 
    1.098   1.157   1.157   1.157   1.193   1.193   1.300   1.329 
    1.329   1.329   1.417   1.476   1.476   1.476   1.505   1.505 
    1.505   1.586   1.586   1.594   1.594   1.594   1.696   1.696 
    1.696   1.780   1.780   1.780   1.817   1.954   1.954   1.954 
    2.038   2.038   2.038   2.298   2.298   2.298   2.306   2.445 
    2.445   2.541   2.541   2.541   2.869   2.869   2.896   2.896 
    2.896   2.956   2.956   2.956   2.992   3.144   3.144   3.144 
    3.235   3.235   3.235   3.331   3.415   3.415   3.415   3.420 
    3.420   3.420   3.532   3.535   3.535   3.535   3.625   3.658 
    3.658   3.783   3.783   3.783   3.813   3.813   3.920   3.920 
    3.920   3.958   3.958   3.958   4.021   4.154   4.154   4.164 
    4.164   4.164   4.182   4.182   4.182   4.425   4.425   4.425 
    4.604   4.604   4.604   4.639   4.680   4.680   4.680   4.944 
    4.944   5.081   5.108   5.108   5.108   5.207   5.207   5.321 
    5.321   5.321   5.436   5.436   5.436   5.649   5.811   5.811 
    5.811   5.828   5.828   5.828   5.917   5.917   6.157   6.157 
    6.157   6.895   6.895   6.895   7.137   7.137   7.137   7.261 
    7.261   7.261   7.264   7.278   7.278   7.278   7.291   7.291 
    7.494   7.494   7.494   7.600   7.622   7.622   7.622   7.748 
    7.911   7.911   7.911   7.958   7.958   8.094   8.094   8.094 
    8.433   8.433   8.433   8.532   8.532   8.532   8.677   8.677 
    8.809   9.062   9.062   9.062   9.116   9.178   9.178   9.178 
    9.221   9.221   9.221   9.285   9.325   9.325   9.391   9.391 
    9.391   9.558   9.558   9.558   9.613   9.613   9.630   9.751 
    9.751   9.751   9.900   9.900   9.900  10.015  10.015  10.015 
   10.105  10.105  10.105  10.224  10.224  10.224  10.230  10.237 
   10.237  10.244  10.244  10.244  10.406  10.406  10.406  10.659 
   10.659  10.668  10.669  10.669  10.669  10.701  10.701  10.701 
   10.878  10.878  10.878  11.158  11.158  11.158  11.250  11.250 
   11.260  11.260  11.260  11.432  11.432  12.301  12.301  12.301 
   12.605  12.832  12.832  12.832  12.898  12.898  12.898  12.980 
   12.980  13.821  14.173  14.173  14.173  14.914  14.914  14.914 
   14.942  17.751  17.751  17.751  17.903  17.940  17.940  17.940 
   17.955  17.955  17.955  17.957  17.957  17.976  17.976  17.976 
   17.976  17.976  17.976  17.977  17.977  18.078  18.078  18.078 
   18.111  18.111  18.111  18.124  18.270  18.270  18.270  18.274 
   18.274  18.552  18.552  18.552  18.780  18.780  18.859  18.859 
   18.859  18.861  18.861  18.861  18.915  19.431  19.431  19.431 
   19.462  19.462  19.462  19.570  19.570  19.862  19.862  19.862 
   21.668  21.668  21.668  21.822  22.851  23.347  23.374  23.374 
   23.374  23.383  23.383  23.398  23.398  23.398  23.539  23.539 
   23.539  23.615  23.615  23.615  23.774  23.969  23.969  23.969 
   24.126  24.126  24.126  24.185  24.185  24.325  24.325  24.358 
   24.358  24.358  24.513  24.513  24.513  24.559  24.661  24.661 
   24.661  24.967  25.002  25.002  25.002  25.013  25.013  25.013 
   25.120  25.189  25.189  25.405  25.405  25.405  25.540  25.540 
   25.540  25.686  25.686  25.686  25.886  25.886  25.888  25.888 
   25.888  26.376  26.376  26.376  26.568  28.493  28.493  28.493 
   28.515  28.515  28.515  28.542  28.542  29.327  29.327  29.436 
   29.436  29.436  29.453  29.453  29.453  29.920  29.920  29.920 
   30.292  36.741  36.741  37.880  37.880  37.880  38.828  38.828 
   38.828  39.055  39.055  39.055  40.006  40.006  40.006  40.068 
   50.418  79.602  79.602  79.602  80.096  85.130  85.130  85.140 
   85.140  85.140  85.200  85.204  85.204  85.204  87.664  87.664 
   87.664 105.080 105.080 105.969 105.969 105.969 110.059 127.712 
  127.712 127.712 127.812 127.812 127.812 128.255 207.242 207.242 
  207.242 244.618 249.116 249.116 249.116 249.116 249.116 249.116 
  249.116 249.116 249.116 249.116 249.116 273.214 273.214 273.891 
  273.891 273.891 308.068 308.068 308.071 308.071 308.071 308.091 
  308.094 308.094 308.094 392.986 392.986 392.986 393.039 393.039 
  393.039 393.282 534.515 534.515 534.515 594.976 703.113 703.113 
  703.638 703.638 703.638 1734.526 1734.526 1734.526 2322.929 


  >>> Running UHF-MP2 <<<

MP2 correlation energy (UHF) : -1.5056170984
MP2 total energy       (UHF) : -426.2533825308

