	*********************************************** 
	***** Beginning CEBE Calculation with MOM ***** 
	*****       Calculation Details:          ***** 
	      Geometry:	 /work/morgunov/rev2calcs/mols/exp/o/ch3oh.xyz
	      Core Basis:	 pcX-4
	      Full Basis:	 pc-4
	      DIIS (start, space):	 0 50
	      Level shift:	 0
	      Do localization?:	 False
	      Do SFX2C1E?:	 True
	      Freeze orbitals?:	 True
	      Use Cheng orbitals?:	 False
	      Do Special Basis?:	 True
	      Do Special Basis?:	 pcX-4
	*********************************************** 
	*********************************************** 

  >>> Running RHF <<<

init D/C      : minao
init ov       : zeros
no            : 9
nv            : 483
ov_size       : 4347
max_cycle     : 1000
conv          : 6
econv         : 9
method        : gdm
scale_stop    : 0
scale_factor  : 1.000000
init E        : -115.052025035925
init |[F,P]|  : 6.35e-03
init |dE|     : 1.47e-02
check file    : None

iter      total energy   |[F,P]|      |dE|         ∆E   comment
   1    -115.086973951  3.78e-03  8.82e-03  -3.49e-02  BFGS
   2    -115.100800581  4.21e-04  9.29e-04  -1.38e-02  BFGS
   3    -115.100994581  1.12e-04  2.53e-04  -1.94e-04  BFGS
   4    -115.101013325  2.51e-05  6.05e-05  -1.87e-05  BFGS
   5    -115.101014233  7.24e-06  1.61e-05  -9.08e-07  BFGS
   6    -115.101014329  1.53e-06  3.78e-06  -9.66e-08  BFGS
   7    -115.101014335  3.55e-07  8.32e-07  -5.36e-09  BFGS
   8    -115.101014335  9.08e-08  2.03e-07  -3.56e-10  BFGS
                                                                      gdm is converged!

SCF converged : True
final |[F,P]| : 9.08e-08
final |dE|    : 2.03e-07
final Escf    : -155.294457380116
final Etot    : -115.101014334948

  pxp & ewc             :::        0.244 (  0.05%)
  apply B               :::        0.002 (  0.00%)
  linsrch               :::      451.212 ( 99.94%)
  grad                  :::        0.014 (  0.00%)
  Total                 :::      451.472 (100.00%)

Alpha occupied
  -20.554 -11.273  -1.355  -0.925  -0.688  -0.620  -0.596  -0.503 
   -0.451 

Alpha virtual
    0.048   0.071   0.087   0.087   0.111   0.116   0.117   0.185 
    0.199   0.215   0.231   0.254   0.289   0.290   0.294   0.303 
    0.303   0.334   0.348   0.358   0.380   0.384   0.449   0.476 
    0.492   0.507   0.510   0.535   0.543   0.558   0.581   0.582 
    0.596   0.604   0.616   0.642   0.661   0.691   0.715   0.734 
    0.784   0.786   0.792   0.819   0.820   0.892   0.895   0.919 
    0.971   0.980   1.024   1.041   1.057   1.089   1.116   1.116 
    1.183   1.224   1.225   1.231   1.241   1.249   1.259   1.290 
    1.311   1.341   1.355   1.370   1.378   1.408   1.454   1.458 
    1.473   1.475   1.500   1.506   1.515   1.560   1.565   1.611 
    1.640   1.739   1.747   1.791   1.803   1.811   1.829   1.879 
    1.917   1.944   2.001   2.019   2.042   2.109   2.116   2.136 
    2.206   2.246   2.253   2.277   2.318   2.371   2.397   2.405 
    2.449   2.507   2.515   2.526   2.550   2.608   2.623   2.699 
    2.713   2.722   2.758   2.768   2.852   2.936   2.937   3.027 
    3.071   3.125   3.148   3.152   3.172   3.203   3.263   3.274 
    3.339   3.367   3.411   3.420   3.484   3.545   3.552   3.591 
    3.650   3.661   3.703   3.729   3.759   3.760   3.775   3.792 
    3.864   3.914   3.927   3.942   4.038   4.083   4.110   4.118 
    4.148   4.206   4.269   4.272   4.298   4.341   4.350   4.379 
    4.391   4.440   4.478   4.511   4.536   4.549   4.608   4.665 
    4.676   4.734   4.742   4.758   4.835   4.858   4.878   4.891 
    4.959   4.966   4.994   5.076   5.088   5.119   5.168   5.194 
    5.248   5.299   5.300   5.431   5.491   5.499   5.556   5.567 
    5.612   5.635   5.688   5.705   5.753   5.760   5.906   5.948 
    5.971   6.018   6.084   6.126   6.186   6.237   6.242   6.286 
    6.395   6.461   6.577   6.591   6.598   6.661   6.709   6.796 
    6.935   6.991   7.035   7.099   7.109   7.170   7.175   7.195 
    7.217   7.253   7.331   7.451   7.840   7.910   7.917   7.992 
    8.035   8.070   8.090   8.129   8.318   8.400   8.464   8.707 
    8.787   8.812   9.013   9.132   9.230   9.261   9.296   9.311 
    9.362   9.377   9.386   9.439   9.441   9.521   9.556   9.571 
    9.607   9.635   9.800   9.951   9.971   9.975  10.067  10.082 
   10.085  10.227  10.290  10.351  10.377  10.553  10.929  10.990 
   11.147  11.195  11.196  11.383  11.388  11.462  11.499  11.516 
   11.544  11.565  11.596  11.607  11.771  11.842  11.923  11.940 
   12.010  12.074  12.147  12.333  12.368  12.395  12.422  12.441 
   12.491  12.559  12.567  12.582  12.625  12.668  12.697  12.726 
   12.837  12.880  12.888  12.940  12.994  13.022  13.118  13.126 
   13.136  13.185  13.197  13.276  13.277  13.291  13.316  13.427 
   13.444  13.472  13.488  13.535  13.580  13.588  13.665  13.804 
   13.814  13.830  13.937  13.944  13.992  14.013  14.095  14.223 
   14.348  14.425  14.442  14.476  14.655  14.666  14.938  15.029 
   15.057  15.087  15.120  15.285  15.302  15.426  15.839  16.018 
   16.024  16.182  16.393  16.437  16.439  16.696  16.738  16.790 
   17.227  17.245  17.251  17.262  17.265  17.286  17.286  17.298 
   17.345  17.692  17.700  17.738  17.783  17.833  17.882  17.906 
   17.933  18.073  18.139  18.156  18.468  18.482  18.586  18.811 
   18.826  18.882  19.022  19.048  19.229  19.269  19.348  19.403 
   19.551  19.572  19.981  20.267  20.373  20.437  20.449  20.503 
   20.641  20.645  20.673  21.234  21.237  21.525  21.706  21.751 
   21.891  22.183  22.208  22.359  23.825  24.065  24.167  24.171 
   24.229  24.424  24.530  24.622  24.646  24.651  24.711  25.645 
   26.164  26.195  26.196  26.286  26.612  26.824  28.330  29.081 
   30.069  33.531  33.571  34.753  34.840  34.888  41.783  41.797 
   41.992  42.170  61.494  65.380  66.015  66.440  68.363  68.526 
   68.583  69.317  70.687  80.385  91.663  91.755  91.829  91.894 
   92.019  92.115  92.214  92.224  93.202  93.203  93.211  94.511 
  140.056 175.334 175.962 176.384 320.613 536.728 537.237 537.580 
  747.363 1796.468 2112.538 2112.905 2113.151 4514.679 12060.644 35044.828 
  114859.542 454595.098 2579392.756 


  >>> Running RHF-MP2 <<<


RMP2-TIMING
  rmp2                  :::      324.983 (100.00%)
  Total                 :::      324.983 (100.00%)

MP2 correlation energy (RHF) : -0.5709533171
MP2 total energy       (RHF) : -115.6719676521


  >>> Running UHF <<<

init D/C      : input mo_coeff
init ov       : zeros
no            : 8 9
nv            : 484 483
ov_size       : 8219
max_cycle     : 1000
conv          : 6
econv         : 9
method        : diis
mom_start     : 0
guess mix     : 0.000000
orb_swap      : [[[0, 8]], []]
init E        : -94.5471536121277
init S2       : 0.749999999999993
init |[F,P]|  : 2.39e-02
init |dE|     : 6.74e-02
check file    : None

iter      total energy   |[F,P]|      |dE|         ∆E   S^2   comment
   1     -95.064857086  1.27e-02  3.56e-02  -5.18e-01  0.75  DIIS mom: 7.7/8 8.7/9
   2     -95.334386826  9.91e-04  2.64e-03  -2.70e-01  0.76  DIIS mom: 7.9/8 9.0/9
   3     -95.336676677  2.69e-04  6.68e-04  -2.29e-03  0.76  DIIS mom: 8.0/8 9.0/9
   4     -95.337060274  1.50e-04  3.61e-04  -3.84e-04  0.76  DIIS mom: 8.0/8 9.0/9
   5     -95.337224800  5.51e-05  1.26e-04  -1.65e-04  0.77  DIIS mom: 8.0/8 9.0/9
   6     -95.337248833  1.50e-05  3.52e-05  -2.40e-05  0.77  DIIS mom: 8.0/8 9.0/9
   7     -95.337250407  3.86e-06  9.65e-06  -1.57e-06  0.77  DIIS mom: 8.0/8 9.0/9
   8     -95.337250508  9.06e-07  2.09e-06  -1.00e-07  0.77  DIIS mom: 8.0/8 9.0/9
   9     -95.337250512  3.50e-07  6.91e-07  -4.61e-09  0.77  DIIS mom: 8.0/8 9.0/9
  10     -95.337250513  1.51e-07  2.87e-07  -7.63e-10  0.77  DIIS mom: 8.0/8 9.0/9
                                                                      diis is converged!

SCF converged : True
final |[F,P]| : 1.51e-07
final |dE|    : 2.87e-07
final Escf    : -135.530693558336
final Etot    : -95.337250513167
final S2      : 0.769823938907121

  diis prep             :::        0.158 (  0.03%)
  diis extrap           :::        0.103 (  0.02%)
  roothaan              :::        0.634 (  0.10%)
  fock build            :::      606.790 ( 99.85%)
  Total                 :::      607.685 (100.00%)

Alpha occupied
  -11.581  -1.837  -1.285  -1.139  -1.069  -1.030  -0.834  -0.826 

Alpha virtual
  -18.967  -0.147  -0.091  -0.071  -0.068  -0.045  -0.038  -0.030 
    0.004   0.006   0.008   0.046   0.062   0.074   0.096   0.097 
    0.117   0.118   0.143   0.146   0.158   0.171   0.192   0.232 
    0.258   0.275   0.275   0.311   0.321   0.334   0.345   0.373 
    0.381   0.388   0.395   0.395   0.429   0.438   0.462   0.465 
    0.488   0.546   0.548   0.559   0.579   0.603   0.658   0.660 
    0.684   0.735   0.745   0.770   0.796   0.807   0.848   0.874 
    0.875   0.963   0.976   0.984   0.999   1.003   1.009   1.022 
    1.048   1.083   1.083   1.108   1.121   1.140   1.187   1.214 
    1.226   1.234   1.248   1.250   1.275   1.282   1.294   1.297 
    1.358   1.382   1.472   1.502   1.506   1.543   1.544   1.562 
    1.594   1.608   1.674   1.718   1.726   1.767   1.810   1.840 
    1.861   1.933   1.969   1.975   1.981   2.033   2.096   2.111 
    2.114   2.160   2.220   2.231   2.239   2.284   2.354   2.368 
    2.421   2.428   2.452   2.476   2.479   2.547   2.637   2.637 
    2.742   2.755   2.800   2.867   2.878   2.892   2.893   2.983 
    2.994   3.053   3.056   3.091   3.157   3.209   3.252   3.269 
    3.305   3.346   3.346   3.418   3.430   3.471   3.489   3.495 
    3.524   3.575   3.613   3.629   3.650   3.748   3.763   3.819 
    3.839   3.855   3.902   3.971   3.981   3.994   4.046   4.049 
    4.070   4.106   4.125   4.153   4.168   4.215   4.275   4.306 
    4.324   4.375   4.389   4.424   4.445   4.536   4.543   4.558 
    4.598   4.655   4.668   4.698   4.751   4.756   4.828   4.863 
    4.878   4.954   4.994   4.997   5.141   5.195   5.205   5.247 
    5.257   5.303   5.324   5.404   5.406   5.434   5.445   5.587 
    5.623   5.672   5.695   5.748   5.829   5.877   5.915   5.934 
    5.960   6.083   6.134   6.264   6.271   6.281   6.345   6.391 
    6.469   6.631   6.651   6.725   6.771   6.823   6.834   6.867 
    6.888   6.926   6.978   6.994   7.106   7.489   7.551   7.574 
    7.643   7.718   7.759   7.765   7.810   7.999   8.057   8.109 
    8.351   8.435   8.471   8.706   8.808   8.891   8.939   8.978 
    9.022   9.080   9.081   9.096   9.147   9.158   9.186   9.250 
    9.261   9.304   9.356   9.388   9.567   9.619   9.647   9.756 
    9.764   9.766   9.916   9.950   9.972  10.028  10.143  10.435 
   10.474  10.687  10.888  10.912  10.977  11.034  11.078  11.125 
   11.151  11.216  11.261  11.288  11.288  11.410  11.534  11.599 
   11.634  11.686  11.702  11.786  11.903  11.922  12.035  12.087 
   12.113  12.139  12.213  12.247  12.268  12.316  12.338  12.366 
   12.408  12.502  12.524  12.567  12.650  12.665  12.706  12.776 
   12.777  12.818  12.825  12.856  12.937  12.960  12.983  13.016 
   13.085  13.125  13.139  13.145  13.199  13.206  13.238  13.334 
   13.465  13.488  13.508  13.639  13.641  13.665  13.702  13.780 
   13.864  13.984  14.010  14.050  14.186  14.309  14.321  14.599 
   14.665  14.749  14.759  14.782  14.979  14.993  15.061  15.475 
   15.695  15.696  15.810  16.082  16.127  16.138  16.339  16.449 
   16.484  16.840  16.849  16.953  16.974  16.977  17.005  17.011 
   17.018  17.064  17.319  17.375  17.403  17.433  17.531  17.551 
   17.603  17.630  17.659  17.730  17.754  18.055  18.083  18.187 
   18.423  18.491  18.591  18.740  18.760  18.826  18.944  18.985 
   19.072  19.183  19.292  19.542  19.975  19.997  20.058  20.154 
   20.206  20.312  20.362  20.364  20.931  20.952  21.045  21.251 
   21.446  21.523  21.797  21.917  22.020  23.455  23.542  23.684 
   23.737  23.780  23.898  23.982  24.075  24.236  24.361  24.365 
   24.906  25.471  25.864  25.900  25.909  25.915  25.919  27.533 
   28.405  29.372  33.223  33.263  34.424  34.539  34.586  41.476 
   41.497  41.562  41.885  60.189  63.836  64.477  64.900  66.746 
   66.907  66.969  67.716  69.087  80.070  91.260  91.386  91.535 
   91.540  91.610  91.823  91.928  91.935  92.913  92.920  92.921 
   94.027 137.995 172.752 173.383 173.803 317.633 532.883 533.392 
  533.734 743.481 1791.850 2107.599 2107.966 2108.211 4509.553 12055.217 
  35039.247 114853.893 454589.424 2579387.073 

Beta occupied
  -23.866 -11.579  -1.954  -1.324  -1.208  -1.148  -1.075  -0.838 
   -0.834 

Beta virtual
   -0.154  -0.093  -0.073  -0.068  -0.047  -0.039  -0.031  -0.000 
    0.004   0.006   0.035   0.062   0.073   0.096   0.096   0.117 
    0.118   0.142   0.146   0.159   0.170   0.193   0.230   0.257 
    0.273   0.275   0.312   0.317   0.335   0.344   0.370   0.376 
    0.387   0.391   0.392   0.427   0.436   0.460   0.461   0.488 
    0.550   0.550   0.560   0.581   0.605   0.659   0.661   0.684 
    0.736   0.745   0.766   0.798   0.809   0.847   0.875   0.876 
    0.964   0.973   0.985   0.998   1.004   1.009   1.023   1.046 
    1.077   1.083   1.110   1.120   1.139   1.187   1.213   1.226 
    1.234   1.247   1.251   1.270   1.283   1.289   1.296   1.358 
    1.383   1.464   1.501   1.503   1.537   1.538   1.561   1.592 
    1.601   1.676   1.714   1.722   1.763   1.811   1.840   1.860 
    1.935   1.966   1.976   1.983   2.031   2.096   2.109   2.115 
    2.161   2.219   2.229   2.240   2.282   2.354   2.369   2.423 
    2.428   2.453   2.477   2.479   2.541   2.638   2.638   2.742 
    2.745   2.798   2.869   2.879   2.890   2.893   2.983   2.995 
    3.055   3.055   3.091   3.157   3.209   3.253   3.265   3.298 
    3.344   3.345   3.414   3.430   3.470   3.488   3.496   3.524 
    3.574   3.608   3.629   3.650   3.746   3.746   3.815   3.839 
    3.852   3.896   3.970   3.980   3.983   4.041   4.044   4.059 
    4.106   4.123   4.135   4.160   4.198   4.274   4.300   4.311 
    4.362   4.390   4.419   4.435   4.525   4.543   4.558   4.598 
    4.652   4.668   4.695   4.742   4.754   4.828   4.861   4.876 
    4.953   4.994   4.997   5.142   5.195   5.205   5.245   5.258 
    5.304   5.320   5.397   5.407   5.434   5.441   5.584   5.617 
    5.672   5.696   5.730   5.829   5.876   5.914   5.934   5.956 
    6.082   6.129   6.261   6.269   6.280   6.344   6.389   6.469 
    6.631   6.638   6.724   6.768   6.824   6.828   6.867   6.888 
    6.926   6.979   6.992   7.107   7.486   7.551   7.568   7.640 
    7.718   7.758   7.765   7.809   7.995   8.058   8.109   8.355 
    8.426   8.471   8.706   8.810   8.892   8.937   8.978   9.022 
    9.080   9.081   9.096   9.145   9.157   9.186   9.247   9.262 
    9.297   9.355   9.379   9.551   9.606   9.642   9.751   9.760 
    9.762   9.907   9.948   9.958  10.017  10.123  10.341  10.401 
   10.635  10.882  10.912  10.959  10.982  11.077  11.106  11.147 
   11.216  11.259  11.286  11.288  11.386  11.531  11.587  11.616 
   11.683  11.686  11.783  11.848  11.902  12.037  12.087  12.114 
   12.140  12.209  12.246  12.268  12.317  12.331  12.366  12.408 
   12.502  12.522  12.567  12.651  12.664  12.706  12.773  12.775 
   12.816  12.824  12.853  12.934  12.958  12.982  13.016  13.081 
   13.120  13.138  13.144  13.192  13.205  13.235  13.333  13.463 
   13.486  13.504  13.638  13.641  13.664  13.702  13.780  13.861 
   13.975  14.001  14.042  14.186  14.307  14.319  14.599  14.665 
   14.746  14.759  14.779  14.979  14.992  15.057  15.466  15.693 
   15.693  15.803  16.076  16.125  16.138  16.333  16.449  16.483 
   16.842  16.850  16.953  16.974  16.977  17.005  17.011  17.018 
   17.063  17.317  17.372  17.400  17.433  17.530  17.551  17.603 
   17.629  17.657  17.725  17.754  18.051  18.078  18.182  18.415 
   18.488  18.590  18.740  18.760  18.817  18.940  18.977  19.071 
   19.178  19.292  19.525  19.976  19.996  20.058  20.154  20.205 
   20.308  20.362  20.364  20.926  20.952  21.031  21.242  21.443 
   21.520  21.784  21.917  22.018  23.388  23.542  23.663  23.671 
   23.778  23.896  23.934  24.072  24.232  24.360  24.364  24.823 
   25.238  25.680  25.712  25.886  25.911  25.916  27.374  28.302 
   29.281  33.224  33.264  34.423  34.539  34.586  41.477  41.497 
   41.563  41.885  59.786  63.450  64.103  64.526  66.539  66.701 
   66.759  67.505  68.878  80.068  91.262  91.386  91.537  91.540 
   91.610  91.823  91.928  91.935  92.913  92.920  92.921  94.028 
  137.554 172.275 172.909 173.331 317.229 532.466 532.976 533.318 
  743.165 1791.638 2107.362 2107.729 2107.975 4509.430 12055.155 35039.220 
  114853.884 454589.421 2579387.073 


  >>> Running UHF-MP2 <<<

MP2 correlation energy (UHF) : -0.5240112092
MP2 total energy       (UHF) : -95.8612617224

