	*********************************************** 
	***** Beginning CEBE Calculation with MOM ***** 
	*****       Calculation Details:          ***** 
	      Geometry:	 /home/am3939/core/calculations/mols/exp/n/hco-n-hch3.xyz
	      Core Basis:	 ccX-5Z
	      Full Basis:	 cc-pV5Z
	      DIIS (start, space):	 0 50
	      Level shift:	 0
	      Do localization?:	 False
	      Do SFX2C1E?:	 True
	      Freeze orbitals?:	 True
	      Use Cheng orbitals?:	 False
	      Do Special Basis?:	 True
	      Do Special Basis?:	 ccX-5Z
	*********************************************** 
	*********************************************** 

  >>> Running RHF <<<

init D/C      : minao
init ov       : zeros
no            : 16
nv            : 724
ov_size       : 11584
max_cycle     : 1000
conv          : 6
econv         : 9
method        : gdm
scale_stop    : 0
scale_factor  : 1.000000
init E        : -207.922350010576
init |[F,P]|  : 5.22e-03
init |dE|     : 1.43e-02
check file    : None

iter      total energy   |[F,P]|      |dE|         ∆E   comment
   1    -207.973068290  4.47e-03  1.30e-02  -5.07e-02  BFGS
   2    -208.060480657  4.52e-04  1.11e-03  -8.74e-02  BFGS
   3    -208.061756770  1.29e-04  3.12e-04  -1.28e-03  BFGS
   4    -208.061961665  7.20e-05  1.76e-04  -2.05e-04  BFGS
   5    -208.061993103  2.85e-05  7.08e-05  -3.14e-05  BFGS
   6    -208.061998993  8.17e-06  1.86e-05  -5.89e-06  BFGS
   7    -208.061999280  3.60e-06  7.91e-06  -2.87e-07  BFGS
   8    -208.061999322  6.79e-07  1.63e-06  -4.25e-08  BFGS
   9    -208.061999326  1.82e-07  4.44e-07  -3.14e-09  BFGS
  10    -208.061999326  5.78e-08  1.30e-07  -2.48e-10  BFGS
                                                                      gdm is converged!

SCF converged : True
final |[F,P]| : 5.78e-08
final |dE|    : 1.30e-07
final Escf    : -330.316481323949
final Etot    : -208.061999325772

  pxp & ewc             :::        0.960 (  0.16%)
  apply B               :::        0.003 (  0.00%)
  linsrch               :::      613.853 ( 99.84%)
  grad                  :::        0.031 (  0.01%)
  Total                 :::      614.847 (100.00%)

Alpha occupied
  -20.520 -15.591 -11.345 -11.262  -1.380  -1.239  -0.970  -0.812 
   -0.748  -0.645  -0.630  -0.595  -0.560  -0.531  -0.432  -0.398 

Alpha virtual
    0.073   0.101   0.120   0.127   0.147   0.164   0.171   0.175 
    0.203   0.212   0.239   0.254   0.281   0.290   0.315   0.330 
    0.356   0.389   0.400   0.405   0.432   0.442   0.449   0.465 
    0.484   0.493   0.501   0.505   0.515   0.537   0.568   0.606 
    0.610   0.626   0.642   0.646   0.671   0.687   0.714   0.733 
    0.739   0.748   0.810   0.810   0.818   0.824   0.837   0.864 
    0.882   0.907   0.918   0.939   0.952   0.958   0.978   0.994 
    1.017   1.028   1.044   1.051   1.084   1.098   1.099   1.124 
    1.134   1.177   1.204   1.208   1.264   1.270   1.305   1.311 
    1.335   1.363   1.376   1.384   1.420   1.421   1.445   1.530 
    1.533   1.552   1.570   1.597   1.614   1.616   1.639   1.664 
    1.678   1.683   1.711   1.724   1.727   1.738   1.762   1.770 
    1.815   1.826   1.837   1.853   1.892   1.922   1.946   1.961 
    1.963   1.973   1.992   2.011   2.013   2.058   2.085   2.112 
    2.113   2.128   2.129   2.144   2.159   2.163   2.210   2.235 
    2.253   2.258   2.285   2.289   2.316   2.318   2.355   2.411 
    2.412   2.438   2.460   2.469   2.477   2.506   2.528   2.556 
    2.559   2.609   2.659   2.670   2.677   2.757   2.787   2.813 
    2.833   2.849   2.872   2.903   2.910   2.962   2.963   2.982 
    2.997   3.028   3.043   3.137   3.158   3.171   3.175   3.180 
    3.216   3.224   3.267   3.289   3.299   3.319   3.352   3.377 
    3.390   3.393   3.422   3.448   3.470   3.489   3.497   3.591 
    3.617   3.632   3.641   3.716   3.744   3.775   3.799   3.823 
    3.834   3.854   3.880   3.887   3.908   3.986   4.004   4.027 
    4.032   4.045   4.055   4.103   4.132   4.134   4.145   4.194 
    4.215   4.216   4.277   4.294   4.335   4.336   4.352   4.381 
    4.382   4.399   4.428   4.494   4.530   4.534   4.549   4.580 
    4.582   4.634   4.647   4.659   4.695   4.706   4.740   4.749 
    4.750   4.775   4.813   4.829   4.839   4.869   4.875   4.899 
    4.957   4.971   4.987   5.008   5.018   5.027   5.049   5.067 
    5.118   5.125   5.154   5.165   5.174   5.227   5.249   5.255 
    5.265   5.278   5.322   5.335   5.374   5.383   5.442   5.459 
    5.501   5.502   5.517   5.536   5.573   5.606   5.641   5.684 
    5.686   5.715   5.755   5.756   5.803   5.809   5.835   5.845 
    5.903   5.912   5.929   5.947   5.987   6.018   6.057   6.077 
    6.085   6.124   6.155   6.189   6.208   6.224   6.245   6.300 
    6.331   6.336   6.367   6.398   6.415   6.457   6.521   6.584 
    6.597   6.598   6.663   6.750   6.773   6.821   6.855   6.867 
    6.977   7.002   7.025   7.093   7.106   7.184   7.192   7.217 
    7.227   7.251   7.280   7.304   7.356   7.359   7.428   7.430 
    7.433   7.473   7.535   7.550   7.611   7.632   7.633   7.717 
    7.743   7.749   7.775   7.821   7.840   7.905   7.936   8.022 
    8.038   8.040   8.154   8.156   8.217   8.294   8.313   8.325 
    8.437   8.480   8.569   8.574   8.663   8.763   8.808   8.839 
    8.886   8.918   8.988   9.030   9.092   9.147   9.252   9.324 
    9.337   9.431   9.459   9.480   9.534   9.566   9.609   9.673 
    9.691   9.753   9.807   9.813   9.887   9.959   9.988  10.030 
   10.077  10.099  10.109  10.141  10.163  10.217  10.284  10.308 
   10.349  10.405  10.422  10.475  10.480  10.513  10.556  10.568 
   10.618  10.706  10.712  10.769  10.802  10.845  10.968  11.026 
   11.099  11.219  11.263  11.274  11.369  11.413  11.510  11.533 
   11.557  11.573  11.613  11.631  11.722  11.789  11.800  11.821 
   11.840  11.859  12.064  12.114  12.127  12.222  12.232  12.276 
   12.343  12.422  12.447  12.618  12.655  12.666  12.670  12.726 
   12.729  12.749  12.767  12.774  12.778  12.798  12.816  12.836 
   12.840  12.862  12.876  12.907  12.917  12.953  12.958  12.987 
   13.028  13.033  13.047  13.097  13.114  13.147  13.156  13.194 
   13.228  13.245  13.277  13.391  13.401  13.441  13.470  13.486 
   13.495  13.550  13.552  13.595  13.605  13.614  13.651  13.686 
   13.711  13.727  13.754  13.784  13.857  13.882  13.964  13.975 
   13.993  14.023  14.033  14.088  14.088  14.111  14.132  14.148 
   14.176  14.189  14.225  14.231  14.245  14.270  14.299  14.324 
   14.326  14.331  14.340  14.391  14.411  14.433  14.447  14.468 
   14.475  14.503  14.521  14.593  14.608  14.642  14.657  14.676 
   14.695  14.722  14.780  14.827  14.835  14.900  14.902  14.938 
   14.942  14.995  15.033  15.076  15.101  15.111  15.184  15.232 
   15.299  15.312  15.392  15.426  15.428  15.518  15.635  15.669 
   15.724  15.768  15.818  15.831  15.877  15.934  15.992  16.011 
   16.049  16.088  16.170  16.182  16.289  16.308  16.354  16.417 
   16.460  16.510  16.555  16.683  16.789  16.807  16.860  16.939 
   16.993  17.017  17.032  17.140  17.176  17.321  17.376  17.453 
   17.458  17.545  17.615  17.708  17.756  17.864  17.915  17.950 
   17.981  18.026  18.072  18.165  18.314  18.407  18.440  18.512 
   18.533  18.593  18.608  18.646  18.648  18.721  18.728  18.780 
   18.838  18.964  18.972  19.012  19.092  19.147  19.200  19.221 
   19.286  19.358  19.483  19.547  19.653  19.819  19.855  19.879 
   19.960  20.163  20.237  20.889  20.959  20.976  21.013  21.028 
   21.038  21.310  21.635  22.179  22.345  22.365  22.539  23.455 
   23.788  23.964  24.216  26.580  27.832  28.143  33.613  41.784 
   43.067  54.146  54.267  54.468  54.555  54.576  54.606  54.706 
   54.999  55.096  55.548  55.580  56.065  56.592  57.734  57.988 
   64.093  72.171 100.471 100.487 100.489 100.497 100.520 100.522 
  100.602 100.694 100.705 125.525 126.426 126.498 150.748 150.767 
  151.285 151.566 151.936 155.444 173.599 173.664 173.715 173.735 
  173.810 173.960 174.306 294.384 295.187 295.255 320.660 320.660 
  320.664 320.664 320.667 320.668 320.670 320.670 320.671 320.672 
  320.672 342.128 373.471 373.476 373.477 373.479 373.486 373.487 
  373.512 373.542 373.546 384.397 384.409 384.818 385.040 385.338 
  529.889 529.927 529.960 529.966 530.007 530.101 530.285 754.791 
  755.485 755.547 825.617 976.580 976.588 976.908 977.084 977.318 
  2440.563 2441.195 2441.252 3195.702 


  >>> Running RHF-MP2 <<<


RMP2-TIMING
  rmp2                  :::      557.800 (100.00%)
  Total                 :::      557.800 (100.00%)

MP2 correlation energy (RHF) : -1.0155402517
MP2 total energy       (RHF) : -209.0775395774


  >>> Running UHF <<<

init D/C      : input mo_coeff
init ov       : zeros
no            : 15 16
nv            : 725 724
ov_size       : 22459
max_cycle     : 1000
conv          : 6
econv         : 9
method        : diis
mom_start     : 0
guess mix     : 0.000000
orb_swap      : [[[1, 15]], []]
init E        : -192.470671201872
init S2       : 0.75000000000016
init |[F,P]|  : 1.48e-02
init |dE|     : 3.46e-02
check file    : None

iter      total energy   |[F,P]|      |dE|         ∆E   S^2   comment
   1    -192.857958317  8.88e-03  1.99e-02  -3.87e-01  0.75  DIIS mom: 14.7/15 15.6/16
   2    -193.154179409  9.41e-04  2.52e-03  -2.96e-01  0.76  DIIS mom: 14.9/15 15.9/16
   3    -193.159108971  4.80e-04  1.46e-03  -4.93e-03  0.76  DIIS mom: 15.0/15 16.0/16
   4    -193.161182570  1.55e-04  3.43e-04  -2.07e-03  0.76  DIIS mom: 15.0/15 16.0/16
   5    -193.161621477  6.51e-05  1.41e-04  -4.39e-04  0.77  DIIS mom: 15.0/15 16.0/16
   6    -193.161716322  2.48e-05  5.69e-05  -9.48e-05  0.77  DIIS mom: 15.0/15 16.0/16
   7    -193.161735991  1.53e-05  3.77e-05  -1.97e-05  0.78  DIIS mom: 15.0/15 16.0/16
   8    -193.161747226  1.37e-05  3.43e-05  -1.12e-05  0.78  DIIS mom: 15.0/15 16.0/16
   9    -193.161760275  1.31e-05  3.28e-05  -1.30e-05  0.78  DIIS mom: 15.0/15 16.0/16
  10    -193.161794446  1.18e-05  2.96e-05  -3.42e-05  0.78  DIIS mom: 15.0/15 16.0/16
  11    -193.161875987  8.75e-06  2.25e-05  -8.15e-05  0.79  DIIS mom: 15.0/15 16.0/16
  12    -193.161907355  3.67e-06  9.03e-06  -3.14e-05  0.80  DIIS mom: 15.0/15 16.0/16
  13    -193.161913643  1.97e-06  5.19e-06  -6.29e-06  0.80  DIIS mom: 15.0/15 16.0/16
  14    -193.161913653  8.36e-07  2.11e-06  -9.93e-09  0.80  DIIS mom: 15.0/15 16.0/16
  15    -193.161913715  2.58e-07  6.77e-07  -6.21e-08  0.80  DIIS mom: 15.0/15 16.0/16
  16    -193.161913717  4.23e-08  9.76e-08  -2.59e-09  0.80  DIIS mom: 15.0/15 16.0/16
  17    -193.161913718  1.95e-08  5.28e-08  -4.30e-11  0.80  DIIS mom: 15.0/15 16.0/16
                                                                      diis is converged!

SCF converged : True
final |[F,P]| : 1.95e-08
final |dE|    : 5.28e-08
final Escf    : -315.416395715711
final Etot    : -193.161913717534
final S2      : 0.802496403458761

  diis prep             :::        0.484 (  0.04%)
  diis extrap           :::        0.575 (  0.05%)
  roothaan              :::        3.318 (  0.29%)
  fock build            :::     1155.643 ( 99.62%)
  Total                 :::     1160.021 (100.00%)

Alpha occupied
  -20.804 -11.630 -11.528  -1.682  -1.591  -1.273  -1.169  -1.034 
   -0.971  -0.951  -0.873  -0.812  -0.792  -0.741  -0.709 

Alpha virtual
  -14.191  -0.121  -0.087  -0.061  -0.045  -0.038  -0.020   0.004 
    0.009   0.028   0.048   0.055   0.076   0.100   0.103   0.122 
    0.148   0.168   0.173   0.202   0.216   0.223   0.225   0.242 
    0.255   0.270   0.272   0.292   0.306   0.310   0.336   0.360 
    0.398   0.405   0.417   0.431   0.447   0.465   0.476   0.486 
    0.524   0.538   0.538   0.579   0.600   0.604   0.617   0.624 
    0.656   0.685   0.691   0.708   0.730   0.738   0.756   0.764 
    0.774   0.803   0.818   0.820   0.844   0.853   0.873   0.885 
    0.895   0.897   0.941   0.984   0.989   1.012   1.036   1.087 
    1.090   1.112   1.129   1.146   1.159   1.181   1.190   1.220 
    1.292   1.309   1.335   1.346   1.366   1.378   1.392   1.412 
    1.428   1.445   1.447   1.478   1.492   1.496   1.512   1.534 
    1.537   1.581   1.592   1.618   1.625   1.656   1.685   1.720 
    1.728   1.736   1.736   1.756   1.773   1.789   1.830   1.856 
    1.878   1.887   1.897   1.899   1.905   1.924   1.934   1.986 
    2.000   2.020   2.022   2.045   2.061   2.085   2.086   2.095 
    2.163   2.177   2.208   2.209   2.222   2.242   2.260   2.280 
    2.307   2.320   2.354   2.407   2.424   2.431   2.491   2.536 
    2.567   2.590   2.605   2.619   2.641   2.643   2.680   2.717 
    2.739   2.745   2.776   2.791   2.877   2.902   2.911   2.921 
    2.933   2.962   2.968   3.014   3.038   3.049   3.070   3.092 
    3.121   3.132   3.138   3.180   3.181   3.193   3.235   3.246 
    3.343   3.366   3.376   3.387   3.460   3.504   3.523   3.549 
    3.585   3.587   3.611   3.614   3.634   3.655   3.733   3.748 
    3.761   3.788   3.790   3.802   3.853   3.875   3.885   3.895 
    3.953   3.968   3.972   4.039   4.054   4.075   4.088   4.092 
    4.126   4.135   4.152   4.179   4.236   4.257   4.288   4.301 
    4.331   4.339   4.381   4.394   4.397   4.438   4.465   4.489 
    4.502   4.509   4.523   4.567   4.579   4.601   4.626   4.626 
    4.647   4.677   4.717   4.747   4.756   4.760   4.769   4.795 
    4.811   4.841   4.870   4.895   4.912   4.922   4.957   4.999 
    5.006   5.018   5.019   5.061   5.087   5.109   5.138   5.178 
    5.209   5.244   5.246   5.269   5.286   5.302   5.355   5.380 
    5.413   5.417   5.461   5.491   5.503   5.541   5.550   5.565 
    5.566   5.642   5.652   5.667   5.684   5.727   5.748   5.772 
    5.801   5.822   5.851   5.889   5.898   5.914   5.965   5.973 
    6.023   6.063   6.067   6.071   6.117   6.129   6.192   6.257 
    6.292   6.301   6.309   6.398   6.477   6.496   6.552   6.586 
    6.590   6.692   6.718   6.748   6.831   6.836   6.899   6.930 
    6.956   6.973   6.997   7.011   7.042   7.069   7.092   7.171 
    7.175   7.176   7.217   7.255   7.283   7.345   7.360   7.371 
    7.454   7.490   7.492   7.516   7.542   7.572   7.648   7.662 
    7.748   7.762   7.775   7.843   7.865   7.946   8.023   8.026 
    8.057   8.160   8.191   8.266   8.304   8.373   8.445   8.535 
    8.554   8.608   8.634   8.691   8.757   8.810   8.872   8.975 
    9.007   9.058   9.125   9.193   9.195   9.265   9.307   9.353 
    9.393   9.428   9.490   9.530   9.553   9.622   9.700   9.719 
    9.758   9.806   9.823   9.841   9.864   9.891   9.941  10.007 
   10.032  10.066  10.145  10.155  10.216  10.226  10.258  10.297 
   10.305  10.338  10.431  10.444  10.508  10.548  10.583  10.697 
   10.770  10.816  10.947  10.978  11.003  11.086  11.137  11.255 
   11.260  11.301  11.321  11.352  11.363  11.428  11.491  11.502 
   11.528  11.536  11.581  11.736  11.812  11.827  11.943  11.948 
   11.966  12.049  12.129  12.138  12.257  12.284  12.371  12.408 
   12.426  12.443  12.473  12.507  12.523  12.531  12.539  12.561 
   12.562  12.579  12.594  12.597  12.632  12.655  12.677  12.688 
   12.703  12.765  12.780  12.783  12.852  12.872  12.883  12.894 
   12.898  12.931  12.983  13.000  13.112  13.113  13.151  13.175 
   13.229  13.234  13.270  13.280  13.319  13.323  13.344  13.376 
   13.425  13.430  13.453  13.455  13.507  13.570  13.584  13.658 
   13.678  13.721  13.730  13.779  13.780  13.844  13.853  13.861 
   13.893  13.906  13.912  13.965  13.977  13.982  13.985  14.015 
   14.036  14.057  14.061  14.094  14.129  14.145  14.158  14.173 
   14.187  14.205  14.211  14.269  14.326  14.351  14.351  14.375 
   14.418  14.428  14.475  14.503  14.536  14.557  14.582  14.617 
   14.647  14.689  14.721  14.727  14.754  14.813  14.825  14.912 
   14.960  14.980  14.994  15.097  15.116  15.143  15.233  15.368 
   15.392  15.427  15.494  15.500  15.547  15.626  15.687  15.735 
   15.756  15.757  15.813  15.881  15.907  15.990  16.016  16.057 
   16.059  16.166  16.176  16.245  16.308  16.451  16.501  16.556 
   16.680  16.681  16.728  16.742  16.834  16.852  16.981  16.999 
   17.080  17.198  17.291  17.353  17.357  17.460  17.563  17.627 
   17.700  17.710  17.771  17.778  17.847  17.903  18.117  18.151 
   18.183  18.247  18.272  18.285  18.314  18.358  18.379  18.394 
   18.476  18.567  18.596  18.688  18.739  18.830  18.878  18.929 
   18.945  19.022  19.098  19.216  19.275  19.373  19.425  19.549 
   19.579  19.608  19.704  19.890  20.588  20.631  20.700  20.725 
   20.772  20.788  20.879  21.358  21.811  21.995  22.087  22.259 
   23.179  23.430  23.590  23.944  25.776  27.037  27.368  32.750 
   41.495  42.798  52.886  53.003  53.322  53.381  53.410  53.437 
   53.507  53.813  53.859  54.254  54.340  54.789  55.345  56.488 
   56.745  63.813  70.798  99.104  99.117  99.122  99.126  99.148 
   99.148  99.229  99.313  99.325 123.587 124.480 124.554 148.621 
  148.640 149.162 149.435 149.806 153.379 171.505 171.569 171.621 
  171.644 171.716 171.860 172.208 291.589 292.387 292.456 318.444 
  318.444 318.452 318.452 318.458 318.458 318.463 318.463 318.465 
  318.466 318.467 339.255 370.850 370.853 370.855 370.856 370.862 
  370.862 370.888 370.913 370.917 381.447 381.459 381.870 382.087 
  382.385 526.712 526.750 526.783 526.790 526.831 526.921 527.105 
  751.133 751.825 751.887 821.909 972.829 972.837 973.159 973.332 
  973.566 2436.204 2436.835 2436.892 3191.327 

Beta occupied
  -20.796 -18.474 -11.633 -11.526  -1.750  -1.603  -1.295  -1.211 
   -1.051  -1.039  -0.971  -0.868  -0.813  -0.794  -0.724  -0.705 

Beta virtual
   -0.128  -0.087  -0.061  -0.047  -0.038  -0.024   0.001   0.009 
    0.029   0.047   0.051   0.076   0.094   0.100   0.121   0.138 
    0.162   0.169   0.201   0.213   0.225   0.227   0.244   0.250 
    0.261   0.268   0.293   0.299   0.316   0.328   0.358   0.398 
    0.404   0.414   0.431   0.448   0.466   0.475   0.486   0.525 
    0.536   0.539   0.573   0.600   0.604   0.617   0.622   0.655 
    0.683   0.691   0.706   0.717   0.736   0.756   0.763   0.774 
    0.798   0.818   0.821   0.843   0.851   0.874   0.886   0.894 
    0.897   0.933   0.983   0.988   1.001   1.038   1.088   1.093 
    1.111   1.130   1.144   1.159   1.179   1.188   1.220   1.287 
    1.311   1.334   1.346   1.363   1.379   1.392   1.414   1.436 
    1.444   1.445   1.478   1.493   1.498   1.511   1.534   1.537 
    1.582   1.595   1.618   1.625   1.656   1.686   1.718   1.730 
    1.735   1.736   1.756   1.770   1.789   1.830   1.850   1.876 
    1.887   1.897   1.898   1.902   1.922   1.935   1.986   1.998 
    2.019   2.022   2.044   2.060   2.083   2.085   2.094   2.158 
    2.177   2.203   2.207   2.217   2.241   2.256   2.269   2.301 
    2.320   2.350   2.400   2.423   2.428   2.485   2.529   2.564 
    2.591   2.603   2.615   2.630   2.640   2.675   2.715   2.736 
    2.746   2.773   2.790   2.872   2.900   2.907   2.917   2.933 
    2.954   2.970   3.012   3.043   3.049   3.070   3.088   3.121 
    3.130   3.142   3.179   3.181   3.189   3.235   3.244   3.345 
    3.367   3.375   3.388   3.459   3.505   3.523   3.548   3.585 
    3.587   3.610   3.612   3.634   3.656   3.733   3.745   3.755 
    3.788   3.789   3.801   3.853   3.875   3.884   3.895   3.950 
    3.967   3.971   4.038   4.054   4.071   4.088   4.091   4.126 
    4.136   4.150   4.179   4.235   4.258   4.288   4.302   4.331 
    4.339   4.378   4.392   4.398   4.439   4.464   4.492   4.503 
    4.508   4.529   4.566   4.577   4.601   4.626   4.627   4.649 
    4.672   4.712   4.747   4.753   4.759   4.770   4.792   4.810 
    4.837   4.868   4.895   4.909   4.921   4.949   4.998   5.005 
    5.017   5.019   5.057   5.085   5.105   5.139   5.174   5.205 
    5.239   5.243   5.268   5.282   5.302   5.350   5.375   5.406 
    5.416   5.460   5.485   5.499   5.539   5.551   5.555   5.561 
    5.631   5.651   5.665   5.677   5.726   5.735   5.760   5.801 
    5.820   5.843   5.880   5.895   5.904   5.965   5.967   6.017 
    6.037   6.065   6.070   6.113   6.125   6.188   6.257   6.284 
    6.293   6.303   6.396   6.474   6.497   6.552   6.582   6.590 
    6.683   6.713   6.741   6.830   6.835   6.897   6.930   6.957 
    6.969   6.997   7.007   7.042   7.063   7.095   7.171   7.177 
    7.180   7.216   7.242   7.283   7.341   7.362   7.373   7.452 
    7.493   7.493   7.517   7.536   7.573   7.647   7.660   7.742 
    7.757   7.775   7.834   7.858   7.942   8.017   8.024   8.055 
    8.155   8.190   8.262   8.303   8.367   8.433   8.538   8.552 
    8.609   8.630   8.687   8.753   8.811   8.871   8.973   8.998 
    9.057   9.120   9.192   9.195   9.265   9.308   9.353   9.391 
    9.432   9.490   9.528   9.553   9.623   9.700   9.718   9.756 
    9.805   9.824   9.841   9.864   9.890   9.940  10.004  10.032 
   10.060  10.146  10.151  10.215  10.226  10.258  10.295  10.305 
   10.337  10.429  10.443  10.506  10.548  10.581  10.697  10.769 
   10.814  10.946  10.975  11.003  11.081  11.137  11.253  11.261 
   11.300  11.321  11.353  11.363  11.419  11.481  11.499  11.518 
   11.534  11.581  11.715  11.809  11.827  11.940  11.944  11.945 
   12.046  12.080  12.136  12.216  12.269  12.359  12.408  12.426 
   12.437  12.466  12.506  12.521  12.531  12.539  12.558  12.562 
   12.573  12.591  12.597  12.627  12.653  12.672  12.688  12.699 
   12.765  12.776  12.779  12.848  12.872  12.875  12.893  12.895 
   12.925  12.982  12.992  13.108  13.111  13.149  13.165  13.225 
   13.234  13.265  13.279  13.318  13.321  13.340  13.375  13.424 
   13.425  13.448  13.454  13.505  13.566  13.583  13.644  13.676 
   13.721  13.726  13.772  13.780  13.844  13.853  13.858  13.891 
   13.903  13.910  13.961  13.978  13.980  13.986  14.010  14.036 
   14.061  14.065  14.094  14.130  14.136  14.146  14.173  14.179 
   14.202  14.211  14.264  14.310  14.337  14.352  14.373  14.415 
   14.427  14.474  14.501  14.515  14.536  14.581  14.613  14.623 
   14.687  14.714  14.725  14.745  14.809  14.823  14.912  14.957 
   14.974  14.985  15.091  15.112  15.140  15.231  15.366  15.390 
   15.424  15.490  15.498  15.544  15.625  15.687  15.733  15.751 
   15.756  15.809  15.885  15.905  15.986  16.014  16.054  16.056 
   16.157  16.171  16.241  16.298  16.446  16.501  16.559  16.676 
   16.681  16.724  16.745  16.831  16.848  16.966  16.990  17.061 
   17.198  17.288  17.345  17.351  17.450  17.559  17.624  17.699 
   17.703  17.768  17.771  17.846  17.887  18.114  18.139  18.144 
   18.240  18.268  18.283  18.300  18.362  18.381  18.396  18.475 
   18.558  18.597  18.693  18.739  18.829  18.877  18.930  18.953 
   19.027  19.099  19.221  19.281  19.366  19.405  19.536  19.586 
   19.608  19.681  19.892  20.576  20.631  20.706  20.725  20.765 
   20.788  20.868  21.359  21.788  21.991  22.096  22.267  23.186 
   23.412  23.587  23.947  25.562  26.837  27.182  32.452  41.493 
   42.797  52.748  52.860  53.237  53.290  53.311  53.366  53.418 
   53.677  53.787  54.103  54.233  54.645  55.056  56.214  56.492 
   63.816  70.443  99.046  99.059  99.064  99.068  99.089  99.090 
   99.171  99.255  99.267 123.250 124.147 124.220 148.391 148.410 
  148.932 149.207 149.578 153.022 171.357 171.422 171.474 171.496 
  171.569 171.713 172.061 291.265 292.064 292.133 318.367 318.367 
  318.375 318.375 318.381 318.381 318.386 318.386 318.388 318.389 
  318.390 338.935 370.725 370.729 370.731 370.732 370.737 370.738 
  370.763 370.789 370.793 381.217 381.229 381.640 381.858 382.156 
  526.531 526.569 526.601 526.609 526.649 526.740 526.924 750.879 
  751.571 751.633 821.653 972.641 972.649 972.970 973.143 973.378 
  2436.054 2436.686 2436.743 3191.187 


  >>> Running UHF-MP2 <<<

MP2 correlation energy (UHF) : -0.9811629065
MP2 total energy       (UHF) : -194.1430766241

