	*********************************************** 
	***** Beginning CEBE Calculation with MOM ***** 
	*****       Calculation Details:          ***** 
	      Geometry:	 /work/morgunov/rev2calcs/mols/exp/o/hnc-o.xyz
	      Core Basis:	 ccX-5Z
	      Full Basis:	 cc-pV5Z
	      DIIS (start, space):	 0 50
	      Level shift:	 0
	      Do localization?:	 False
	      Do SFX2C1E?:	 True
	      Freeze orbitals?:	 True
	      Use Cheng orbitals?:	 False
	      Do Special Basis?:	 True
	      Do Special Basis?:	 ccX-5Z
	*********************************************** 
	*********************************************** 

  >>> Running RHF <<<

init D/C      : minao
init ov       : zeros
no            : 11
nv            : 418
ov_size       : 4598
max_cycle     : 1000
conv          : 6
econv         : 9
method        : gdm
scale_stop    : 0
scale_factor  : 1.000000
init E        : -167.758623310266
init |[F,P]|  : 8.15e-03
init |dE|     : 1.91e-02
check file    : None

iter      total energy   |[F,P]|      |dE|         ∆E   comment
   1    -167.803681914  6.39e-03  1.45e-02  -4.51e-02  BFGS
   2    -167.844443354  7.11e-04  1.71e-03  -4.08e-02  BFGS
   3    -167.845101860  3.52e-04  8.55e-04  -6.59e-04  BFGS
   4    -167.845300013  9.99e-05  2.43e-04  -1.98e-04  BFGS
   5    -167.845321909  3.97e-05  9.25e-05  -2.19e-05  BFGS
   6    -167.845329054  1.70e-05  4.00e-05  -7.15e-06  BFGS
   7    -167.845329866  5.44e-06  1.31e-05  -8.12e-07  BFGS
   8    -167.845329959  1.60e-06  3.85e-06  -9.35e-08  BFGS
   9    -167.845329967  4.48e-07  1.08e-06  -7.82e-09  BFGS
  10    -167.845329968  9.52e-08  2.42e-07  -5.33e-10  BFGS
                                                                      gdm is converged!

SCF converged : True
final |[F,P]| : 9.52e-08
final |dE|    : 2.42e-07
final Escf    : -227.19347691177
final Etot    : -167.845329967651

  pxp & ewc             :::        0.207 (  0.09%)
  apply B               :::        0.002 (  0.00%)
  linsrch               :::      229.952 ( 99.91%)
  grad                  :::        0.008 (  0.00%)
  Total                 :::      230.169 (100.00%)

Alpha occupied
  -20.623 -15.591 -11.414  -1.479  -1.266  -0.818  -0.735  -0.661 
   -0.649  -0.490  -0.455 

Alpha virtual
    0.080   0.129   0.154   0.155   0.155   0.200   0.209   0.211 
    0.247   0.282   0.335   0.344   0.385   0.404   0.451   0.481 
    0.545   0.560   0.560   0.564   0.592   0.622   0.642   0.670 
    0.776   0.798   0.811   0.833   0.863   0.918   0.965   0.971 
    0.988   1.085   1.089   1.096   1.162   1.178   1.267   1.299 
    1.324   1.365   1.392   1.408   1.430   1.447   1.467   1.477 
    1.554   1.569   1.584   1.589   1.631   1.671   1.702   1.744 
    1.788   1.821   1.920   1.941   1.973   2.011   2.045   2.107 
    2.150   2.150   2.174   2.303   2.347   2.402   2.421   2.520 
    2.521   2.537   2.576   2.598   2.679   2.805   2.857   2.867 
    2.884   2.965   3.021   3.036   3.079   3.080   3.180   3.185 
    3.250   3.273   3.278   3.286   3.303   3.344   3.358   3.387 
    3.466   3.549   3.608   3.618   3.669   3.744   3.765   3.823 
    3.835   3.852   3.865   3.944   4.020   4.071   4.187   4.189 
    4.254   4.267   4.307   4.351   4.405   4.441   4.473   4.508 
    4.657   4.754   4.764   4.823   4.924   4.943   4.952   5.027 
    5.051   5.176   5.245   5.270   5.418   5.539   5.567   5.581 
    5.684   5.717   5.806   5.845   5.925   5.970   5.990   6.022 
    6.095   6.144   6.187   6.341   6.377   6.476   6.482   6.573 
    6.581   6.661   6.748   6.798   6.905   6.931   6.964   7.083 
    7.095   7.106   7.119   7.167   7.256   7.276   7.414   7.434 
    7.468   7.515   7.527   7.532   7.644   7.647   7.711   7.863 
    7.873   7.898   7.954   8.093   8.258   8.361   8.415   8.491 
    8.603   8.693   8.741   8.845   8.898   9.039   9.122   9.145 
    9.349   9.466   9.594   9.629   9.842   9.844   9.888   9.889 
    9.979  10.005  10.032  10.032  10.124  10.279  10.341  10.416 
   10.563  10.626  10.686  10.893  10.940  11.177  11.177  11.289 
   11.395  11.426  11.611  11.706  11.744  11.825  11.851  11.976 
   11.991  12.215  12.503  12.520  12.610  12.677  12.704  12.783 
   12.838  12.947  13.041  13.126  13.128  13.236  13.416  13.466 
   13.577  13.638  13.693  13.788  13.800  13.917  13.954  14.079 
   14.194  14.215  14.230  14.230  14.341  14.358  14.408  14.412 
   14.473  14.512  14.539  14.699  14.774  14.802  14.838  15.012 
   15.020  15.130  15.166  15.339  15.382  15.414  15.568  15.757 
   15.886  16.042  16.157  16.340  16.390  16.596  16.677  16.735 
   16.787  16.908  17.056  17.143  17.268  17.404  17.473  17.815 
   17.954  18.134  18.180  18.491  18.491  18.510  18.796  18.798 
   18.870  18.945  18.949  18.966  19.216  19.372  19.372  19.546 
   19.733  19.734  20.065  20.157  20.176  20.759  21.128  21.517 
   21.738  21.830  21.978  21.982  22.100  23.558  23.724  23.736 
   24.092  25.166  30.858  30.858  31.820  40.074  43.438  53.132 
   65.941  65.949  66.117  66.119  66.646  66.931  66.948  67.886 
   70.415  70.416  70.743  70.748  71.447  71.457  71.956  94.072 
  118.526 118.526 118.550 118.550 118.608 118.608 118.645 118.648 
  118.685 147.428 147.429 148.051 183.860 183.866 184.636 184.644 
  185.304 203.542 225.414 225.414 225.593 225.596 225.973 225.979 
  226.180 347.094 347.097 347.649 385.953 385.953 385.955 385.955 
  385.957 385.957 385.958 385.959 385.959 385.961 385.961 449.052 
  449.944 449.944 449.951 449.951 449.970 449.970 449.980 449.982 
  449.993 472.931 472.936 473.544 473.550 474.068 685.367 685.367 
  685.471 685.473 685.695 685.698 685.808 892.624 892.628 893.103 
  1087.497 1213.157 1213.160 1213.635 1213.640 1214.044 2892.014 2892.018 
  2892.450 4236.853 


  >>> Running RHF-MP2 <<<


RMP2-TIMING
  rmp2                  :::      189.061 (100.00%)
  Total                 :::      189.061 (100.00%)

MP2 correlation energy (RHF) : -0.7662047848
MP2 total energy       (RHF) : -168.6115347525


  >>> Running UHF <<<

init D/C      : input mo_coeff
init ov       : zeros
no            : 10 11
nv            : 419 418
ov_size       : 8788
max_cycle     : 1000
conv          : 6
econv         : 9
method        : diis
mom_start     : 0
guess mix     : 0.000000
orb_swap      : [[[0, 10]], []]
init E        : -147.22217218945
init S2       : 0.750000000000036
init |[F,P]|  : 2.64e-02
init |dE|     : 6.54e-02
check file    : None

iter      total energy   |[F,P]|      |dE|         ∆E   S^2   comment
   1    -147.690848995  1.49e-02  3.67e-02  -4.69e-01  0.75  DIIS mom: 9.6/10 10.6/11
   2    -148.019740132  1.88e-03  4.78e-03  -3.29e-01  0.76  DIIS mom: 9.9/10 10.9/11
   3    -148.026784506  9.68e-04  2.43e-03  -7.04e-03  0.76  DIIS mom: 10.0/10 11.0/11
   4    -148.029436560  2.31e-04  5.55e-04  -2.65e-03  0.76  DIIS mom: 10.0/10 11.0/11
   5    -148.029758537  1.10e-04  2.53e-04  -3.22e-04  0.77  DIIS mom: 10.0/10 11.0/11
   6    -148.029868483  5.46e-05  1.22e-04  -1.10e-04  0.77  DIIS mom: 10.0/10 11.0/11
   7    -148.029916671  4.30e-05  9.49e-05  -4.82e-05  0.77  DIIS mom: 10.0/10 11.0/11
   8    -148.029957319  3.91e-05  8.58e-05  -4.06e-05  0.77  DIIS mom: 10.0/10 11.0/11
   9    -148.030044016  3.16e-05  6.92e-05  -8.67e-05  0.78  DIIS mom: 10.0/10 11.0/11
  10    -148.030170413  1.37e-05  3.36e-05  -1.26e-04  0.80  DIIS mom: 10.0/10 11.0/11
  11    -148.030174521  4.66e-06  1.07e-05  -4.11e-06  0.80  DIIS mom: 10.0/10 11.0/11
  12    -148.030175212  2.43e-06  5.53e-06  -6.91e-07  0.80  DIIS mom: 10.0/10 11.0/11
  13    -148.030175336  1.28e-06  2.89e-06  -1.24e-07  0.80  DIIS mom: 10.0/10 11.0/11
  14    -148.030175374  8.41e-07  1.85e-06  -3.73e-08  0.80  DIIS mom: 10.0/10 11.0/11
  15    -148.030175396  4.28e-07  9.82e-07  -2.23e-08  0.80  DIIS mom: 10.0/10 11.0/11
  16    -148.030175401  1.81e-07  4.15e-07  -5.05e-09  0.80  DIIS mom: 10.0/10 11.0/11
  17    -148.030175402  3.15e-08  7.36e-08  -5.69e-10  0.80  DIIS mom: 10.0/10 11.0/11
                                                                      diis is converged!

SCF converged : True
final |[F,P]| : 3.15e-08
final |dE|    : 7.36e-08
final Escf    : -207.378322345681
final Etot    : -148.030175401561
final S2      : 0.800597412710832

  diis prep             :::        0.157 (  0.04%)
  diis extrap           :::        0.161 (  0.04%)
  roothaan              :::        0.655 (  0.16%)
  fock build            :::      413.200 ( 99.76%)
  Total                 :::      414.174 (100.00%)

Alpha occupied
  -15.949 -11.794  -1.945  -1.595  -1.222  -1.129  -1.118  -1.095 
   -0.850  -0.818 

Alpha virtual
  -19.003  -0.170  -0.123  -0.116  -0.057  -0.031  -0.031   0.001 
    0.033   0.055   0.093   0.106   0.128   0.144   0.185   0.204 
    0.230   0.303   0.316   0.320   0.325   0.369   0.404   0.409 
    0.429   0.534   0.551   0.553   0.582   0.614   0.673   0.707 
    0.728   0.734   0.804   0.837   0.840   0.883   0.904   0.964 
    1.024   1.045   1.087   1.111   1.122   1.130   1.156   1.169 
    1.203   1.276   1.281   1.283   1.312   1.357   1.386   1.434 
    1.463   1.527   1.549   1.657   1.666   1.721   1.725   1.753 
    1.832   1.864   1.880   1.896   2.022   2.056   2.126   2.140 
    2.221   2.221   2.239   2.280   2.313   2.378   2.505   2.551 
    2.572   2.587   2.660   2.675   2.721   2.771   2.792   2.829 
    2.850   2.928   2.940   2.946   2.980   2.981   3.020   3.047 
    3.075   3.128   3.244   3.293   3.301   3.366   3.429   3.455 
    3.515   3.518   3.537   3.547   3.647   3.721   3.762   3.861 
    3.864   3.934   3.944   3.989   4.037   4.076   4.132   4.144 
    4.222   4.399   4.452   4.456   4.539   4.617   4.619   4.678 
    4.714   4.748   4.870   4.925   4.971   5.107   5.227   5.262 
    5.274   5.370   5.403   5.494   5.526   5.612   5.645   5.659 
    5.700   5.775   5.811   5.864   6.008   6.033   6.148   6.162 
    6.247   6.268   6.317   6.382   6.464   6.570   6.575   6.642 
    6.647   6.669   6.771   6.786   6.794   6.902   6.940   7.058 
    7.075   7.104   7.159   7.190   7.195   7.311   7.314   7.345 
    7.494   7.541   7.555   7.580   7.758   7.927   8.022   8.064 
    8.163   8.289   8.351   8.395   8.454   8.526   8.716   8.779 
    8.803   8.999   9.116   9.263   9.292   9.497   9.498   9.521 
    9.531   9.635   9.666   9.671   9.682   9.714   9.929   9.976 
   10.033  10.149  10.248  10.350  10.569  10.613  10.805  10.815 
   10.917  11.056  11.088  11.292  11.315  11.408  11.476  11.496 
   11.628  11.670  11.889  12.183  12.187  12.282  12.368  12.403 
   12.463  12.511  12.620  12.723  12.785  12.799  12.928  13.074 
   13.152  13.276  13.344  13.351  13.463  13.499  13.606  13.650 
   13.734  13.861  13.896  13.896  13.907  14.000  14.017  14.063 
   14.068  14.089  14.129  14.200  14.231  14.258  14.432  14.469 
   14.652  14.673  14.781  14.815  14.989  15.050  15.073  15.227 
   15.334  15.565  15.642  15.834  16.014  16.052  16.254  16.312 
   16.373  16.418  16.556  16.740  16.819  16.948  17.038  17.114 
   17.477  17.623  17.771  17.854  18.111  18.111  18.154  18.382 
   18.383  18.484  18.488  18.524  18.604  18.856  18.943  18.969 
   19.019  19.301  19.306  19.673  19.688  19.700  20.301  20.803 
   21.144  21.240  21.265  21.347  21.429  21.671  23.022  23.034 
   23.212  23.618  24.484  29.991  29.995  30.958  39.697  42.458 
   52.782  64.484  64.492  64.775  64.781  65.279  65.467  65.489 
   66.436  69.156  69.156  69.474  69.479  70.170  70.182  70.679 
   92.510 117.094 117.094 117.108 117.108 117.160 117.160 117.194 
  117.196 117.231 145.322 145.326 145.934 181.511 181.517 182.279 
  182.288 182.947 201.184 223.049 223.049 223.220 223.223 223.596 
  223.602 223.803 343.999 344.003 344.546 383.539 383.539 383.541 
  383.543 383.543 383.547 383.547 383.553 383.553 383.561 383.561 
  445.757 447.048 447.048 447.050 447.050 447.065 447.065 447.074 
  447.075 447.085 469.614 469.619 470.221 470.228 470.745 681.746 
  681.746 681.847 681.848 682.068 682.072 682.181 888.502 888.506 
  888.977 1083.228 1208.885 1208.888 1209.360 1209.366 1209.768 2887.037 
  2887.041 2887.471 4231.805 

Beta occupied
  -23.903 -15.939 -11.796  -2.052  -1.584  -1.303  -1.206  -1.201 
   -1.108  -0.833  -0.809 

Beta virtual
   -0.183  -0.130  -0.124  -0.059  -0.033  -0.032  -0.002   0.035 
    0.057   0.086   0.096   0.127   0.144   0.188   0.204   0.228 
    0.293   0.312   0.314   0.323   0.371   0.406   0.411   0.432 
    0.530   0.551   0.553   0.580   0.612   0.676   0.709   0.726 
    0.732   0.796   0.839   0.845   0.889   0.907   0.963   1.024 
    1.044   1.079   1.094   1.105   1.121   1.147   1.161   1.203 
    1.274   1.280   1.283   1.314   1.359   1.384   1.434   1.457 
    1.528   1.551   1.658   1.665   1.721   1.725   1.750   1.833 
    1.865   1.880   1.900   2.025   2.061   2.127   2.142   2.226 
    2.231   2.244   2.284   2.316   2.378   2.505   2.551   2.572 
    2.586   2.660   2.669   2.718   2.761   2.795   2.799   2.829 
    2.906   2.925   2.940   2.981   2.984   3.012   3.045   3.066 
    3.097   3.240   3.288   3.299   3.363   3.429   3.455   3.513 
    3.514   3.532   3.544   3.646   3.721   3.762   3.857   3.863 
    3.930   3.939   3.990   4.038   4.074   4.132   4.145   4.223 
    4.401   4.449   4.456   4.536   4.614   4.618   4.678   4.714 
    4.748   4.873   4.926   4.969   5.111   5.231   5.265   5.276 
    5.373   5.409   5.494   5.525   5.614   5.647   5.662   5.698 
    5.774   5.809   5.866   6.004   6.020   6.150   6.164   6.231 
    6.271   6.310   6.371   6.449   6.522   6.563   6.626   6.636 
    6.647   6.767   6.781   6.783   6.897   6.938   7.049   7.067 
    7.100   7.154   7.190   7.191   7.291   7.308   7.311   7.478 
    7.539   7.541   7.574   7.752   7.926   8.020   8.058   8.162 
    8.291   8.333   8.387   8.440   8.516   8.714   8.776   8.801 
    8.998   9.115   9.262   9.289   9.492   9.494   9.516   9.529 
    9.632   9.643   9.663   9.682   9.699   9.929   9.975  10.025 
   10.136  10.242  10.347  10.573  10.616  10.800  10.812  10.914 
   11.054  11.087  11.294  11.305  11.408  11.474  11.493  11.627 
   11.671  11.889  12.179  12.185  12.282  12.368  12.402  12.461 
   12.510  12.622  12.720  12.789  12.797  12.929  13.067  13.155 
   13.276  13.338  13.351  13.463  13.500  13.608  13.649  13.724 
   13.856  13.895  13.895  13.907  13.982  13.999  14.016  14.044 
   14.067  14.082  14.189  14.208  14.232  14.423  14.466  14.647 
   14.672  14.782  14.815  14.973  15.053  15.071  15.231  15.290 
   15.567  15.620  15.833  16.015  16.051  16.253  16.310  16.370 
   16.416  16.554  16.743  16.823  16.949  17.030  17.111  17.481 
   17.628  17.770  17.856  18.100  18.100  18.144  18.367  18.369 
   18.469  18.470  18.524  18.594  18.815  18.854  18.957  18.977 
   19.287  19.294  19.654  19.674  19.692  20.258  20.804  21.138 
   21.182  21.201  21.329  21.422  21.661  22.965  22.978  23.206 
   23.597  24.425  29.758  29.761  30.738  39.692  42.118  52.785 
   64.306  64.314  64.452  64.457  64.976  65.292  65.311  66.254 
   69.077  69.077  69.396  69.401  70.092  70.104  70.597  92.103 
  117.033 117.033 117.048 117.048 117.100 117.100 117.134 117.136 
  117.171 144.938 144.941 145.552 181.251 181.257 182.021 182.030 
  182.689 200.777 222.880 222.881 223.053 223.055 223.429 223.435 
  223.636 343.621 343.625 344.168 383.455 383.455 383.457 383.458 
  383.459 383.463 383.463 383.469 383.469 383.476 383.476 445.393 
  446.908 446.908 446.910 446.910 446.925 446.925 446.934 446.935 
  446.946 469.349 469.354 469.957 469.964 470.481 681.539 681.539 
  681.640 681.641 681.861 681.865 681.974 888.199 888.203 888.674 
  1082.937 1208.664 1208.668 1209.140 1209.146 1209.548 2886.855 2886.859 
  2887.289 4231.647 


  >>> Running UHF-MP2 <<<

MP2 correlation energy (UHF) : -0.7213237314
MP2 total energy       (UHF) : -148.7514991330

