	*********************************************** 
	***** Beginning CEBE Calculation with MOM ***** 
	*****       Calculation Details:          ***** 
	      Geometry:	 /home/am3939/core/calculations/mols/exp/n/pfpyridine.xyz
	      Core Basis:	 pcX-4
	      Full Basis:	 pc-4
	      DIIS (start, space):	 0 50
	      Level shift:	 0
	      Do localization?:	 False
	      Do SFX2C1E?:	 True
	      Freeze orbitals?:	 True
	      Use Cheng orbitals?:	 False
	      Do Special Basis?:	 True
	      Do Special Basis?:	 pcX-4
	*********************************************** 
	*********************************************** 

  >>> Running RHF <<<

init D/C      : minao
init ov       : zeros
no            : 25
nv            : 1012
ov_size       : 25300
max_cycle     : 1000
conv          : 6
econv         : 9
method        : gdm
scale_stop    : 0
scale_factor  : 1.000000
init E        : -345.577025103956
init |[F,P]|  : 4.21e-03
init |dE|     : 8.46e-03
check file    : None

iter      total energy   |[F,P]|      |dE|         ∆E   comment
   1    -345.669730246  2.28e-03  4.81e-03  -9.27e-02  BFGS
   2    -345.697128234  4.21e-04  8.56e-04  -2.74e-02  BFGS
   3    -345.698031692  1.72e-04  3.39e-04  -9.03e-04  BFGS
   4    -345.698198674  3.96e-05  9.09e-05  -1.67e-04  BFGS
   5    -345.698212252  1.75e-05  3.99e-05  -1.36e-05  BFGS
   6    -345.698215037  5.95e-06  1.27e-05  -2.78e-06  BFGS
   7    -345.698215356  2.07e-06  3.82e-06  -3.19e-07  BFGS
   8    -345.698215419  1.01e-06  1.93e-06  -6.29e-08  BFGS
   9    -345.698215438  3.57e-07  6.83e-07  -1.88e-08  BFGS
  10    -345.698215439  1.44e-07  2.67e-07  -1.42e-09  BFGS
  11    -345.698215440  4.96e-08  9.65e-08  -1.94e-10  BFGS
                                                                      gdm is converged!

SCF converged : True
final |[F,P]| : 4.96e-08
final |dE|    : 9.65e-08
final Escf    : -618.659521173016
final Etot    : -345.698215439506

  pxp & ewc             :::        1.279 (  0.04%)
  apply B               :::        0.004 (  0.00%)
  linsrch               :::     3420.874 ( 99.96%)
  grad                  :::        0.056 (  0.00%)
  Total                 :::     3422.213 (100.00%)

Alpha occupied
  -26.326 -15.570 -11.354 -11.290 -11.290 -11.250 -11.250  -1.648 
   -1.271  -1.103  -1.053  -0.887  -0.878  -0.770  -0.735  -0.714 
   -0.682  -0.645  -0.634  -0.615  -0.552  -0.533  -0.435  -0.389 
   -0.365 

Alpha virtual
    0.051   0.058   0.065   0.080   0.082   0.086   0.094   0.110 
    0.112   0.115   0.115   0.118   0.121   0.132   0.153   0.157 
    0.162   0.166   0.181   0.191   0.214   0.219   0.227   0.238 
    0.238   0.243   0.243   0.252   0.269   0.269   0.282   0.286 
    0.303   0.310   0.320   0.329   0.336   0.342   0.349   0.358 
    0.358   0.365   0.373   0.378   0.391   0.401   0.433   0.435 
    0.439   0.446   0.458   0.458   0.464   0.476   0.487   0.490 
    0.500   0.502   0.511   0.517   0.518   0.538   0.542   0.553 
    0.560   0.561   0.564   0.568   0.573   0.574   0.578   0.597 
    0.599   0.618   0.619   0.621   0.644   0.659   0.681   0.682 
    0.697   0.697   0.703   0.715   0.726   0.730   0.732   0.735 
    0.757   0.770   0.773   0.780   0.781   0.784   0.786   0.798 
    0.801   0.828   0.837   0.855   0.861   0.885   0.900   0.904 
    0.909   0.911   0.926   0.939   0.951   0.955   0.974   0.978 
    0.988   0.995   1.014   1.025   1.035   1.047   1.068   1.074 
    1.081   1.088   1.101   1.103   1.108   1.116   1.121   1.125 
    1.171   1.177   1.177   1.209   1.214   1.228   1.238   1.258 
    1.259   1.267   1.284   1.315   1.322   1.322   1.327   1.331 
    1.344   1.346   1.350   1.366   1.396   1.401   1.425   1.430 
    1.434   1.439   1.457   1.463   1.469   1.486   1.499   1.504 
    1.509   1.515   1.518   1.539   1.550   1.560   1.570   1.572 
    1.607   1.613   1.616   1.625   1.634   1.645   1.655   1.669 
    1.679   1.719   1.731   1.740   1.761   1.783   1.797   1.800 
    1.823   1.827   1.842   1.857   1.868   1.881   1.900   1.935 
    1.949   1.951   1.960   1.996   2.007   2.016   2.049   2.063 
    2.068   2.069   2.113   2.123   2.133   2.156   2.157   2.159 
    2.190   2.197   2.218   2.233   2.246   2.250   2.258   2.264 
    2.282   2.297   2.307   2.320   2.359   2.362   2.384   2.395 
    2.412   2.414   2.425   2.432   2.436   2.455   2.467   2.493 
    2.514   2.532   2.533   2.533   2.538   2.552   2.566   2.573 
    2.577   2.600   2.606   2.616   2.633   2.650   2.658   2.666 
    2.669   2.692   2.703   2.714   2.721   2.729   2.738   2.757 
    2.762   2.764   2.776   2.780   2.820   2.858   2.861   2.880 
    2.914   2.915   2.942   2.968   3.000   3.018   3.021   3.027 
    3.075   3.098   3.099   3.131   3.137   3.138   3.140   3.171 
    3.201   3.227   3.246   3.262   3.272   3.289   3.325   3.330 
    3.347   3.376   3.452   3.471   3.487   3.523   3.524   3.541 
    3.552   3.557   3.557   3.577   3.593   3.601   3.639   3.678 
    3.679   3.683   3.686   3.710   3.734   3.754   3.758   3.779 
    3.784   3.817   3.841   3.870   3.880   3.895   3.896   3.906 
    3.910   3.944   3.965   3.996   4.008   4.020   4.066   4.103 
    4.121   4.143   4.144   4.153   4.196   4.202   4.211   4.214 
    4.259   4.260   4.296   4.313   4.345   4.351   4.387   4.410 
    4.411   4.420   4.428   4.438   4.448   4.506   4.521   4.522 
    4.525   4.531   4.547   4.566   4.567   4.609   4.632   4.635 
    4.635   4.670   4.676   4.686   4.726   4.734   4.763   4.782 
    4.791   4.813   4.816   4.819   4.841   4.844   4.856   4.885 
    4.925   4.939   4.964   4.970   4.978   4.983   4.985   4.998 
    5.035   5.037   5.040   5.052   5.057   5.083   5.096   5.103 
    5.134   5.134   5.162   5.165   5.165   5.178   5.188   5.206 
    5.207   5.225   5.237   5.254   5.264   5.300   5.308   5.360 
    5.375   5.376   5.390   5.447   5.464   5.497   5.518   5.524 
    5.547   5.560   5.569   5.585   5.625   5.635   5.677   5.681 
    5.691   5.702   5.717   5.742   5.750   5.777   5.782   5.783 
    5.834   5.842   5.847   5.865   5.889   5.896   5.899   5.930 
    5.935   5.964   6.010   6.021   6.057   6.064   6.101   6.141 
    6.148   6.157   6.163   6.196   6.281   6.290   6.340   6.347 
    6.382   6.410   6.441   6.451   6.454   6.480   6.492   6.505 
    6.511   6.536   6.575   6.594   6.599   6.618   6.646   6.659 
    6.683   6.707   6.720   6.732   6.753   6.757   6.810   6.834 
    6.894   6.917   6.929   6.951   6.958   6.988   6.998   7.003 
    7.066   7.068   7.088   7.125   7.128   7.141   7.174   7.190 
    7.201   7.221   7.290   7.306   7.317   7.324   7.375   7.399 
    7.415   7.447   7.451   7.472   7.520   7.570   7.582   7.639 
    7.652   7.710   7.716   7.727   7.766   7.774   7.864   7.874 
    7.959   7.975   8.015   8.066   8.089   8.108   8.112   8.113 
    8.200   8.230   8.278   8.329   8.404   8.423   8.486   8.496 
    8.502   8.537   8.641   8.654   8.727   8.835   8.844   8.845 
    8.862   8.960   9.006   9.043   9.098   9.179   9.217   9.221 
    9.266   9.311   9.359   9.392   9.451   9.466   9.472   9.486 
    9.502   9.533   9.549   9.573   9.583   9.601   9.695   9.713 
    9.726   9.776   9.788   9.923   9.933   9.946  10.011  10.023 
   10.086  10.120  10.263  10.387  10.409  10.421  10.499  10.534 
   10.594  10.613  10.673  10.673  10.714  10.729  10.767  10.821 
   10.871  10.882  10.913  10.968  10.988  10.997  11.040  11.085 
   11.137  11.163  11.179  11.204  11.285  11.292  11.307  11.376 
   11.377  11.394  11.426  11.438  11.453  11.471  11.484  11.498 
   11.507  11.553  11.573  11.593  11.595  11.618  11.624  11.626 
   11.637  11.638  11.645  11.683  11.702  11.737  11.759  11.831 
   11.879  11.896  11.975  12.002  12.019  12.056  12.066  12.075 
   12.082  12.119  12.122  12.136  12.144  12.161  12.162  12.170 
   12.214  12.215  12.229  12.232  12.235  12.259  12.267  12.285 
   12.291  12.302  12.322  12.325  12.350  12.356  12.374  12.416 
   12.417  12.437  12.444  12.457  12.479  12.523  12.550  12.569 
   12.597  12.631  12.669  12.678  12.690  12.696  12.749  12.779 
   12.797  12.804  12.840  12.850  12.877  12.878  12.882  12.922 
   12.930  12.948  12.949  12.963  12.971  12.978  13.003  13.048 
   13.051  13.102  13.119  13.134  13.174  13.176  13.182  13.221 
   13.223  13.228  13.254  13.280  13.282  13.294  13.311  13.319 
   13.320  13.340  13.352  13.361  13.368  13.390  13.397  13.475 
   13.478  13.488  13.502  13.527  13.537  13.574  13.606  13.627 
   13.654  13.664  13.665  13.690  13.698  13.705  13.723  13.726 
   13.775  13.779  13.806  13.851  13.855  13.864  13.911  13.937 
   13.975  13.985  14.021  14.031  14.042  14.046  14.101  14.119 
   14.165  14.179  14.234  14.241  14.251  14.267  14.275  14.295 
   14.321  14.361  14.376  14.459  14.466  14.540  14.563  14.655 
   14.664  14.719  14.745  14.765  14.833  14.859  14.876  14.877 
   14.950  14.959  15.031  15.117  15.163  15.247  15.251  15.257 
   15.343  15.399  15.416  15.422  15.440  15.491  15.552  15.610 
   15.619  15.670  15.671  15.693  15.747  15.820  15.841  15.856 
   15.878  15.930  15.958  16.000  16.051  16.056  16.076  16.103 
   16.108  16.156  16.159  16.232  16.272  16.306  16.353  16.369 
   16.398  16.432  16.504  16.567  16.655  16.702  16.800  16.802 
   16.883  16.918  16.925  16.927  17.169  17.206  17.215  17.216 
   17.229  17.246  17.247  17.253  17.309  17.352  17.378  17.488 
   17.541  17.614  17.616  17.644  17.684  17.733  17.746  17.765 
   17.787  17.812  17.902  18.008  18.040  18.214  18.243  18.337 
   18.355  18.749  18.852  18.943  19.016  19.034  19.043  19.058 
   19.144  19.197  19.204  19.223  19.237  19.463  19.474  19.476 
   19.544  19.630  19.883  20.037  20.247  20.406  20.658  20.767 
   20.784  20.851  20.879  20.914  20.918  20.979  21.004  21.034 
   21.154  21.227  21.247  21.285  21.431  21.490  21.689  21.774 
   21.780  21.857  21.896  22.020  22.588  22.764  22.843  22.900 
   22.951  23.029  23.229  23.430  23.788  23.841  23.993  24.022 
   24.190  24.207  24.265  24.510  24.606  24.821  24.855  26.157 
   26.212  26.506  26.534  31.392  31.502  31.699  32.253  32.497 
   32.896  33.067  33.104  33.145  33.310  33.354  33.413  33.424 
   33.472  33.572  33.611  33.614  33.776  33.818  34.784  34.788 
   34.922  34.959  35.187  35.298  35.328  35.521  35.549  35.634 
   35.674  41.677  42.016  42.104  42.184  43.137  43.378  43.492 
   44.682  45.773  49.112  49.303  49.328  50.167  50.225  52.532 
   53.498  54.140  77.018  77.867  78.436  79.520  80.250  91.772 
   91.788  91.899  91.907  92.119  92.172  92.317  92.332  93.108 
   93.178  93.214  93.259  93.338  93.453  93.489  93.707  94.191 
  100.293 140.313 141.052 141.431 206.177 227.970 429.694 430.285 
  430.597 529.401 1271.111 1691.184 1691.605 1691.831 3195.034 8539.897 
  24825.172 81391.235 322259.787 1830823.703 


  >>> Running RHF-MP2 <<<


RMP2-TIMING
  rmp2                  :::     1886.355 (100.00%)
  Total                 :::     1886.355 (100.00%)

MP2 correlation energy (RHF) : -1.6593016922
MP2 total energy       (RHF) : -347.3575171317


  >>> Running UHF <<<

init D/C      : input mo_coeff
init ov       : zeros
no            : 24 25
nv            : 1013 1012
ov_size       : 49612
max_cycle     : 1000
conv          : 6
econv         : 9
method        : diis
mom_start     : 0
guess mix     : 0.000000
orb_swap      : [[[1, 24]], []]
init E        : -330.127717136256
init S2       : 0.750000000000231
init |[F,P]|  : 9.96e-03
init |dE|     : 2.33e-02
check file    : None

iter      total energy   |[F,P]|      |dE|         ∆E   S^2   comment
   1    -330.439896515  6.76e-03  1.49e-02  -3.12e-01  0.75  DIIS mom: 23.6/24 24.5/25
   2    -330.837528331  7.61e-04  1.53e-03  -3.98e-01  0.76  DIIS mom: 23.9/24 24.9/25
   3    -330.844370506  2.90e-04  5.40e-04  -6.84e-03  0.76  DIIS mom: 24.0/24 25.0/25
   4    -330.845706546  1.39e-04  2.72e-04  -1.34e-03  0.77  DIIS mom: 24.0/24 25.0/25
   5    -330.846463781  7.79e-05  1.47e-04  -7.57e-04  0.78  DIIS mom: 24.0/24 25.0/25
   6    -330.846775557  4.96e-05  8.65e-05  -3.12e-04  0.79  DIIS mom: 24.0/24 25.0/25
   7    -330.846929585  3.96e-05  6.52e-05  -1.54e-04  0.79  DIIS mom: 24.0/24 25.0/25
   8    -330.847067993  3.35e-05  5.44e-05  -1.38e-04  0.80  DIIS mom: 24.0/24 25.0/25
   9    -330.847231244  2.55e-05  4.08e-05  -1.63e-04  0.81  DIIS mom: 24.0/24 25.0/25
  10    -330.847359746  1.71e-05  2.68e-05  -1.29e-04  0.83  DIIS mom: 24.0/24 25.0/25
  11    -330.847420238  1.01e-05  1.55e-05  -6.05e-05  0.84  DIIS mom: 24.0/24 25.0/25
  12    -330.847435890  6.13e-06  9.61e-06  -1.57e-05  0.85  DIIS mom: 24.0/24 25.0/25
  13    -330.847440243  2.92e-06  4.81e-06  -4.35e-06  0.85  DIIS mom: 24.0/24 25.0/25
  14    -330.847441019  1.16e-06  1.89e-06  -7.76e-07  0.85  DIIS mom: 24.0/24 25.0/25
  15    -330.847441103  4.38e-07  7.64e-07  -8.39e-08  0.85  DIIS mom: 24.0/24 25.0/25
  16    -330.847441112  1.29e-07  2.45e-07  -9.37e-09  0.85  DIIS mom: 24.0/24 25.0/25
  17    -330.847441113  2.73e-08  5.55e-08  -6.40e-10  0.85  DIIS mom: 24.0/24 25.0/25
                                                                      diis is converged!

SCF converged : True
final |[F,P]| : 2.73e-08
final |dE|    : 5.55e-08
final Escf    : -603.808746846272
final Etot    : -330.847441112762
final S2      : 0.852188461609728

  diis prep             :::        0.678 (  0.01%)
  diis extrap           :::        0.657 (  0.01%)
  roothaan              :::        3.770 (  0.07%)
  fock build            :::     5383.645 ( 99.91%)
  Total                 :::     5388.751 (100.00%)

Alpha occupied
  -26.528 -11.597 -11.576 -11.576 -11.471 -11.471  -1.846  -1.597 
   -1.348  -1.307  -1.149  -1.113  -0.998  -0.981  -0.926  -0.911 
   -0.885  -0.871  -0.865  -0.839  -0.765  -0.761  -0.644  -0.595 

Alpha virtual
  -14.113  -0.167  -0.109  -0.083  -0.065  -0.058  -0.048  -0.043 
   -0.034  -0.021  -0.017  -0.015   0.000   0.004   0.016   0.033 
    0.034   0.035   0.050   0.054   0.067   0.071   0.083   0.084 
    0.089   0.100   0.103   0.105   0.111   0.112   0.122   0.126 
    0.136   0.137   0.158   0.173   0.176   0.179   0.198   0.198 
    0.200   0.202   0.208   0.217   0.225   0.227   0.240   0.255 
    0.272   0.272   0.273   0.285   0.290   0.299   0.311   0.321 
    0.328   0.329   0.333   0.339   0.348   0.357   0.375   0.380 
    0.385   0.394   0.395   0.397   0.403   0.404   0.410   0.412 
    0.421   0.428   0.447   0.452   0.470   0.484   0.488   0.504 
    0.520   0.522   0.538   0.540   0.545   0.560   0.569   0.570 
    0.570   0.572   0.578   0.586   0.586   0.596   0.612   0.616 
    0.627   0.632   0.656   0.658   0.689   0.700   0.706   0.708 
    0.714   0.718   0.723   0.755   0.755   0.759   0.769   0.783 
    0.796   0.804   0.806   0.827   0.830   0.850   0.872   0.875 
    0.890   0.891   0.913   0.915   0.921   0.921   0.937   0.945 
    0.955   0.976   0.979   0.985   1.016   1.021   1.044   1.050 
    1.068   1.075   1.077   1.085   1.123   1.125   1.128   1.143 
    1.144   1.144   1.159   1.162   1.176   1.210   1.213   1.241 
    1.243   1.248   1.250   1.265   1.278   1.294   1.299   1.316 
    1.316   1.317   1.327   1.338   1.349   1.358   1.369   1.380 
    1.385   1.397   1.415   1.423   1.445   1.450   1.452   1.461 
    1.480   1.497   1.534   1.536   1.542   1.553   1.571   1.590 
    1.599   1.618   1.636   1.639   1.649   1.649   1.664   1.691 
    1.719   1.739   1.748   1.752   1.785   1.798   1.801   1.840 
    1.849   1.859   1.865   1.903   1.909   1.921   1.931   1.955 
    1.962   1.968   1.978   2.008   2.017   2.036   2.043   2.056 
    2.065   2.070   2.089   2.099   2.115   2.155   2.168   2.170 
    2.171   2.206   2.213   2.224   2.231   2.232   2.243   2.278 
    2.280   2.318   2.319   2.324   2.329   2.329   2.359   2.361 
    2.362   2.364   2.388   2.396   2.410   2.431   2.445   2.451 
    2.452   2.459   2.475   2.498   2.503   2.505   2.521   2.540 
    2.544   2.549   2.553   2.566   2.572   2.609   2.643   2.656 
    2.659   2.676   2.711   2.733   2.753   2.791   2.809   2.811 
    2.827   2.863   2.878   2.887   2.915   2.921   2.924   2.928 
    2.943   2.984   3.011   3.041   3.045   3.059   3.063   3.100 
    3.120   3.134   3.147   3.214   3.227   3.268   3.294   3.305 
    3.321   3.342   3.347   3.347   3.370   3.383   3.386   3.416 
    3.460   3.469   3.475   3.476   3.490   3.511   3.531   3.539 
    3.559   3.577   3.593   3.623   3.636   3.673   3.679   3.684 
    3.689   3.693   3.734   3.738   3.772   3.779   3.798   3.847 
    3.870   3.891   3.909   3.911   3.934   3.941   3.964   3.987 
    4.004   4.030   4.054   4.079   4.098   4.124   4.139   4.161 
    4.190   4.196   4.197   4.208   4.209   4.222   4.292   4.298 
    4.298   4.299   4.304   4.331   4.340   4.344   4.391   4.406 
    4.414   4.416   4.436   4.450   4.454   4.492   4.498   4.534 
    4.548   4.560   4.582   4.585   4.587   4.612   4.616   4.636 
    4.647   4.704   4.716   4.733   4.736   4.742   4.757   4.770 
    4.785   4.812   4.816   4.824   4.830   4.846   4.860   4.867 
    4.878   4.906   4.910   4.933   4.934   4.936   4.944   4.958 
    4.972   4.982   5.001   5.020   5.028   5.044   5.074   5.076 
    5.131   5.145   5.154   5.167   5.213   5.228   5.270   5.289 
    5.295   5.323   5.327   5.335   5.356   5.407   5.408   5.458 
    5.460   5.460   5.479   5.487   5.510   5.520   5.542   5.544 
    5.559   5.616   5.626   5.628   5.645   5.653   5.664   5.668 
    5.698   5.709   5.743   5.790   5.801   5.838   5.841   5.872 
    5.918   5.931   5.934   5.945   5.977   6.067   6.081   6.119 
    6.121   6.155   6.184   6.205   6.210   6.245   6.255   6.264 
    6.273   6.291   6.313   6.357   6.360   6.371   6.386   6.431 
    6.441   6.465   6.466   6.488   6.489   6.513   6.521   6.592 
    6.605   6.678   6.685   6.700   6.726   6.731   6.764   6.769 
    6.771   6.839   6.842   6.845   6.882   6.889   6.898   6.938 
    6.943   6.976   6.978   7.040   7.054   7.083   7.094   7.148 
    7.168   7.195   7.223   7.228   7.251   7.294   7.295   7.341 
    7.429   7.432   7.456   7.485   7.527   7.532   7.549   7.625 
    7.649   7.696   7.723   7.789   7.807   7.852   7.871   7.882 
    7.892   7.965   8.007   8.049   8.095   8.115   8.177   8.250 
    8.273   8.277   8.305   8.365   8.392   8.503   8.596   8.596 
    8.637   8.640   8.724   8.747   8.792   8.841   8.917   8.999 
    9.006   9.007   9.099   9.135   9.152   9.154   9.193   9.236 
    9.240   9.261   9.287   9.296   9.361   9.362   9.388   9.443 
    9.451   9.494   9.554   9.575   9.696   9.712   9.728   9.776 
    9.792   9.822   9.869  10.029  10.167  10.167  10.176  10.253 
   10.300  10.344  10.371  10.430  10.432  10.470  10.493  10.524 
   10.580  10.610  10.624  10.651  10.726  10.733  10.761  10.804 
   10.848  10.865  10.911  10.928  10.961  11.048  11.056  11.078 
   11.135  11.148  11.157  11.177  11.191  11.216  11.225  11.229 
   11.256  11.268  11.306  11.337  11.352  11.358  11.372  11.393 
   11.400  11.400  11.401  11.407  11.454  11.459  11.502  11.523 
   11.590  11.643  11.655  11.719  11.747  11.771  11.772  11.807 
   11.822  11.832  11.844  11.883  11.898  11.902  11.920  11.925 
   11.926  11.967  11.976  11.984  11.989  11.993  12.009  12.022 
   12.044  12.047  12.057  12.062  12.097  12.100  12.124  12.133 
   12.173  12.181  12.197  12.203  12.215  12.221  12.240  12.254 
   12.338  12.356  12.374  12.424  12.433  12.456  12.457  12.511 
   12.528  12.558  12.585  12.612  12.614  12.625  12.657  12.657 
   12.688  12.697  12.700  12.726  12.738  12.738  12.756  12.796 
   12.800  12.806  12.864  12.889  12.916  12.939  12.945  12.956 
   12.995  13.000  13.007  13.021  13.035  13.050  13.060  13.086 
   13.087  13.106  13.117  13.127  13.141  13.145  13.155  13.157 
   13.225  13.249  13.255  13.268  13.293  13.299  13.342  13.376 
   13.379  13.417  13.431  13.446  13.447  13.461  13.462  13.480 
   13.484  13.538  13.541  13.585  13.623  13.624  13.629  13.667 
   13.693  13.750  13.763  13.789  13.792  13.805  13.813  13.870 
   13.882  13.928  13.944  13.992  14.012  14.019  14.024  14.040 
   14.064  14.084  14.088  14.132  14.229  14.244  14.317  14.327 
   14.408  14.424  14.476  14.484  14.544  14.607  14.619  14.629 
   14.644  14.717  14.742  14.800  14.886  14.930  15.023  15.030 
   15.034  15.106  15.172  15.177  15.180  15.203  15.261  15.301 
   15.361  15.371  15.435  15.459  15.462  15.539  15.586  15.623 
   15.632  15.662  15.680  15.720  15.723  15.818  15.830  15.834 
   15.848  15.865  15.879  15.888  16.005  16.053  16.053  16.077 
   16.087  16.178  16.186  16.270  16.318  16.355  16.432  16.447 
   16.560  16.588  16.600  16.695  16.697  16.891  16.975  16.993 
   16.994  17.001  17.030  17.034  17.036  17.040  17.086  17.123 
   17.229  17.333  17.341  17.390  17.399  17.435  17.473  17.496 
   17.529  17.544  17.574  17.595  17.683  17.762  17.877  17.972 
   17.998  18.095  18.359  18.617  18.648  18.770  18.803  18.824 
   18.832  18.900  18.947  18.979  19.002  19.021  19.059  19.194 
   19.232  19.307  19.382  19.403  19.543  19.966  20.150  20.422 
   20.548  20.554  20.626  20.669  20.684  20.699  20.784  20.804 
   20.810  20.953  20.964  20.990  21.050  21.067  21.207  21.260 
   21.527  21.583  21.643  21.661  21.810  22.243  22.452  22.532 
   22.567  22.701  22.717  22.905  23.082  23.492  23.594  23.765 
   23.798  23.803  23.970  23.995  24.284  24.383  24.602  24.629 
   25.932  25.991  26.287  26.311  31.194  31.304  31.497  32.054 
   32.288  32.658  32.812  32.856  32.913  33.037  33.081  33.170 
   33.190  33.221  33.334  33.363  33.368  33.544  33.570  34.510 
   34.525  34.677  34.736  34.956  35.019  35.075  35.277  35.283 
   35.392  35.431  41.451  41.793  41.883  41.966  42.937  43.180 
   43.295  43.677  45.569  47.834  48.023  48.050  48.876  48.940 
   51.240  52.196  52.838  76.780  77.621  78.173  79.263  80.007 
   91.539  91.564  91.674  91.691  91.889  91.945  92.093  92.112 
   92.907  92.974  92.990  93.035  93.135  93.231  93.263  93.506 
   93.988  98.634 138.098 138.829 139.205 205.976 225.518 426.386 
  426.974 427.284 526.159 1267.216 1686.951 1687.371 1687.596 3190.684 
  8535.276 24820.412 81386.413 322254.941 1830818.850 

Beta occupied
  -26.527 -18.401 -11.593 -11.569 -11.569 -11.475 -11.475  -1.844 
   -1.680  -1.360  -1.309  -1.169  -1.117  -1.012  -0.992  -0.955 
   -0.952  -0.898  -0.889  -0.875  -0.838  -0.795  -0.768  -0.672 
   -0.597 

Beta virtual
   -0.158  -0.099  -0.083  -0.065  -0.058  -0.047  -0.044  -0.034 
   -0.021  -0.017  -0.015  -0.001   0.004   0.016   0.031   0.034 
    0.036   0.050   0.054   0.065   0.071   0.082   0.084   0.084 
    0.099   0.099   0.103   0.108   0.112   0.126   0.126   0.132 
    0.136   0.158   0.173   0.176   0.180   0.196   0.197   0.199 
    0.203   0.208   0.216   0.226   0.227   0.240   0.259   0.266 
    0.272   0.274   0.285   0.289   0.300   0.307   0.319   0.327 
    0.328   0.333   0.335   0.347   0.356   0.375   0.378   0.385 
    0.393   0.394   0.397   0.399   0.403   0.410   0.413   0.422 
    0.430   0.445   0.453   0.470   0.483   0.489   0.506   0.514 
    0.520   0.537   0.537   0.546   0.559   0.567   0.569   0.570 
    0.570   0.579   0.580   0.587   0.599   0.612   0.616   0.627 
    0.632   0.656   0.656   0.690   0.701   0.702   0.705   0.713 
    0.717   0.722   0.752   0.756   0.757   0.769   0.782   0.798 
    0.804   0.804   0.828   0.831   0.852   0.873   0.876   0.891 
    0.892   0.914   0.917   0.921   0.924   0.937   0.946   0.955 
    0.974   0.975   0.984   1.017   1.020   1.042   1.051   1.067 
    1.076   1.081   1.086   1.120   1.124   1.127   1.143   1.145 
    1.145   1.158   1.163   1.176   1.211   1.213   1.241   1.243 
    1.248   1.250   1.259   1.278   1.293   1.299   1.315   1.316 
    1.317   1.328   1.338   1.346   1.358   1.367   1.382   1.385 
    1.385   1.415   1.421   1.446   1.449   1.453   1.461   1.481 
    1.497   1.532   1.534   1.539   1.541   1.570   1.589   1.599 
    1.613   1.630   1.637   1.649   1.649   1.659   1.689   1.720 
    1.735   1.748   1.752   1.783   1.795   1.801   1.841   1.851 
    1.860   1.866   1.903   1.912   1.919   1.932   1.956   1.962 
    1.967   1.981   2.008   2.019   2.036   2.043   2.056   2.064 
    2.071   2.089   2.100   2.114   2.157   2.168   2.171   2.174 
    2.208   2.211   2.223   2.229   2.232   2.245   2.278   2.283 
    2.319   2.319   2.322   2.328   2.332   2.359   2.361   2.363 
    2.364   2.385   2.398   2.409   2.431   2.441   2.449   2.453 
    2.458   2.474   2.499   2.501   2.503   2.522   2.535   2.544 
    2.551   2.554   2.567   2.572   2.608   2.644   2.656   2.660 
    2.661   2.711   2.734   2.753   2.792   2.810   2.811   2.826 
    2.863   2.877   2.888   2.915   2.924   2.925   2.927   2.945 
    2.981   3.012   3.043   3.045   3.058   3.063   3.093   3.121 
    3.134   3.135   3.203   3.223   3.269   3.290   3.305   3.318 
    3.340   3.345   3.346   3.371   3.379   3.386   3.412   3.457 
    3.460   3.475   3.476   3.485   3.502   3.528   3.540   3.556 
    3.578   3.588   3.617   3.622   3.672   3.676   3.683   3.689 
    3.691   3.730   3.738   3.764   3.779   3.795   3.845   3.868 
    3.870   3.885   3.909   3.934   3.940   3.965   3.980   4.004 
    4.024   4.054   4.077   4.097   4.124   4.140   4.161   4.190 
    4.194   4.196   4.208   4.210   4.222   4.287   4.294   4.298 
    4.299   4.300   4.326   4.342   4.345   4.388   4.406   4.414 
    4.416   4.436   4.449   4.450   4.493   4.499   4.531   4.543 
    4.561   4.581   4.586   4.588   4.611   4.616   4.636   4.644 
    4.704   4.716   4.736   4.738   4.740   4.759   4.769   4.785 
    4.813   4.817   4.822   4.827   4.845   4.860   4.867   4.878 
    4.906   4.908   4.932   4.935   4.936   4.945   4.959   4.974 
    4.982   4.998   5.020   5.030   5.044   5.073   5.075   5.128 
    5.144   5.153   5.166   5.212   5.230   5.268   5.291   5.297 
    5.322   5.322   5.335   5.355   5.407   5.408   5.459   5.460 
    5.460   5.479   5.488   5.510   5.521   5.541   5.543   5.558 
    5.616   5.626   5.628   5.644   5.653   5.661   5.665   5.695 
    5.710   5.741   5.788   5.801   5.835   5.841   5.872   5.919 
    5.931   5.933   5.945   5.975   6.067   6.081   6.118   6.121 
    6.156   6.184   6.205   6.211   6.245   6.253   6.262   6.276 
    6.293   6.314   6.357   6.358   6.368   6.385   6.431   6.440 
    6.466   6.467   6.486   6.488   6.512   6.521   6.593   6.607 
    6.678   6.684   6.700   6.725   6.731   6.765   6.769   6.772 
    6.833   6.841   6.844   6.869   6.889   6.894   6.938   6.942 
    6.975   6.976   7.029   7.047   7.083   7.093   7.148   7.169 
    7.193   7.217   7.227   7.250   7.279   7.295   7.339   7.429 
    7.430   7.449   7.482   7.517   7.527   7.547   7.619   7.649 
    7.684   7.719   7.785   7.802   7.852   7.866   7.882   7.883 
    7.966   8.006   8.047   8.091   8.092   8.177   8.240   8.271 
    8.276   8.305   8.353   8.384   8.502   8.559   8.595   8.635 
    8.640   8.685   8.747   8.777   8.830   8.863   8.997   8.999 
    9.006   9.098   9.103   9.140   9.142   9.160   9.231   9.239 
    9.260   9.287   9.290   9.359   9.362   9.389   9.431   9.431 
    9.493   9.555   9.575   9.691   9.712   9.727   9.769   9.790 
    9.797   9.869  10.029  10.167  10.168  10.176  10.248  10.296 
   10.330  10.372  10.427  10.432  10.471  10.493  10.522  10.577 
   10.612  10.626  10.643  10.728  10.728  10.760  10.805  10.847 
   10.865  10.915  10.926  10.963  11.048  11.056  11.078  11.135 
   11.147  11.157  11.165  11.192  11.216  11.224  11.229  11.257 
   11.269  11.303  11.337  11.349  11.359  11.373  11.394  11.399 
   11.400  11.401  11.406  11.454  11.459  11.503  11.523  11.590 
   11.642  11.656  11.721  11.732  11.771  11.771  11.809  11.809 
   11.830  11.843  11.882  11.896  11.905  11.920  11.927  11.928 
   11.969  11.975  11.987  11.988  11.992  12.008  12.022  12.044 
   12.046  12.057  12.059  12.096  12.100  12.123  12.128  12.174 
   12.181  12.197  12.201  12.203  12.221  12.240  12.249  12.339 
   12.357  12.368  12.422  12.433  12.455  12.458  12.510  12.530 
   12.558  12.585  12.609  12.615  12.625  12.656  12.657  12.689 
   12.696  12.699  12.726  12.737  12.739  12.757  12.795  12.801 
   12.806  12.864  12.890  12.917  12.940  12.943  12.956  12.993 
   12.999  13.002  13.021  13.035  13.049  13.061  13.084  13.087 
   13.106  13.117  13.127  13.141  13.145  13.156  13.157  13.223 
   13.249  13.256  13.268  13.293  13.299  13.342  13.376  13.380 
   13.417  13.431  13.445  13.447  13.461  13.463  13.481  13.485 
   13.538  13.541  13.584  13.623  13.623  13.629  13.669  13.695 
   13.750  13.763  13.790  13.791  13.805  13.813  13.871  13.882 
   13.928  13.943  13.992  14.012  14.019  14.023  14.040  14.064 
   14.080  14.088  14.131  14.229  14.244  14.316  14.327  14.407 
   14.424  14.474  14.483  14.543  14.607  14.618  14.628  14.644 
   14.716  14.742  14.800  14.886  14.930  15.023  15.030  15.033 
   15.106  15.168  15.178  15.179  15.203  15.260  15.294  15.359 
   15.370  15.434  15.458  15.462  15.540  15.586  15.624  15.631 
   15.662  15.674  15.710  15.724  15.816  15.829  15.833  15.834 
   15.864  15.874  15.882  16.004  16.047  16.049  16.073  16.083 
   16.174  16.186  16.269  16.312  16.337  16.425  16.427  16.542 
   16.578  16.593  16.695  16.695  16.882  16.974  16.986  16.992 
   17.001  17.029  17.030  17.036  17.040  17.082  17.119  17.225 
   17.331  17.334  17.385  17.399  17.430  17.468  17.472  17.528 
   17.534  17.573  17.583  17.682  17.759  17.840  17.969  17.996 
   18.094  18.305  18.616  18.638  18.769  18.800  18.825  18.832 
   18.849  18.948  18.977  18.978  19.003  19.021  19.194  19.217 
   19.303  19.351  19.382  19.498  19.945  20.144  20.418  20.547 
   20.553  20.626  20.669  20.681  20.699  20.733  20.785  20.804 
   20.810  20.959  20.984  21.051  21.067  21.206  21.260  21.522 
   21.584  21.640  21.661  21.808  22.102  22.416  22.527  22.541 
   22.702  22.716  22.829  23.070  23.467  23.593  23.750  23.765 
   23.803  23.970  23.995  24.284  24.383  24.602  24.628  25.932 
   25.991  26.287  26.311  31.195  31.305  31.498  32.054  32.289 
   32.658  32.813  32.856  32.914  33.039  33.084  33.170  33.190 
   33.221  33.333  33.363  33.369  33.543  33.571  34.512  34.526 
   34.676  34.736  34.956  35.017  35.076  35.277  35.284  35.392 
   35.431  41.451  41.793  41.883  41.966  42.938  43.180  43.292 
   43.338  45.569  47.659  47.849  47.873  48.692  48.769  50.894 
   51.863  52.518  76.780  77.621  78.174  79.264  80.008  91.538 
   91.564  91.674  91.691  91.889  91.945  92.093  92.113  92.908 
   92.974  92.990  93.035  93.135  93.231  93.263  93.506  93.988 
   98.248 137.679 138.414 138.791 205.976 225.159 426.026 426.615 
  426.925 525.874 1267.022 1686.749 1687.169 1687.394 3190.570 8535.219 
  24820.387 81386.403 322254.938 1830818.850 


  >>> Running UHF-MP2 <<<

MP2 correlation energy (UHF) : -1.6169862851
MP2 total energy       (UHF) : -332.4644273978

