	*********************************************** 
	***** Beginning CEBE Calculation with MOM ***** 
	*****       Calculation Details:          ***** 
	      Geometry:	 /work/morgunov/rev2calcs/mols/exp/o/ch3cooh.xyz
	      Core Basis:	 pcX-4
	      Full Basis:	 pc-4
	      DIIS (start, space):	 0 50
	      Level shift:	 0
	      Do localization?:	 False
	      Do SFX2C1E?:	 True
	      Freeze orbitals?:	 True
	      Use Cheng orbitals?:	 False
	      Do Special Basis?:	 True
	      Do Special Basis?:	 pcX-4
	*********************************************** 
	*********************************************** 

  >>> Running RHF <<<

init D/C      : minao
init ov       : zeros
no            : 16
nv            : 716
ov_size       : 11456
max_cycle     : 1000
conv          : 6
econv         : 9
method        : gdm
scale_stop    : 0
scale_factor  : 1.000000
init E        : -227.782288566944
init |[F,P]|  : 6.77e-03
init |dE|     : 1.53e-02
check file    : None

iter      total energy   |[F,P]|      |dE|         ∆E   comment
   1    -227.853105752  5.28e-03  1.20e-02  -7.08e-02  BFGS
   2    -227.921922631  6.27e-04  1.36e-03  -6.88e-02  BFGS
   3    -227.923224505  3.32e-04  7.51e-04  -1.30e-03  BFGS
   4    -227.923584734  8.64e-05  2.02e-04  -3.60e-04  BFGS
   5    -227.923622034  3.23e-05  7.10e-05  -3.73e-05  BFGS
   6    -227.923630509  8.24e-06  1.76e-05  -8.48e-06  BFGS
   7    -227.923630846  2.67e-06  5.61e-06  -3.37e-07  BFGS
   8    -227.923630879  6.77e-07  1.42e-06  -3.30e-08  BFGS
   9    -227.923630880  1.77e-07  3.83e-07  -1.77e-09  BFGS
  10    -227.923630881  3.09e-08  6.73e-08  -1.15e-10  BFGS
                                                                      gdm is converged!

SCF converged : True
final |[F,P]| : 3.09e-08
final |dE|    : 6.73e-08
final Escf    : -349.612880636854
final Etot    : -227.923630880596

  pxp & ewc             :::        0.750 (  0.03%)
  apply B               :::        0.004 (  0.00%)
  linsrch               :::     2492.970 ( 99.97%)
  grad                  :::        0.029 (  0.00%)
  Total                 :::     2493.753 (100.00%)

Alpha occupied
  -20.616 -20.547 -11.388 -11.243  -1.472  -1.362  -1.033  -0.827 
   -0.711  -0.685  -0.656  -0.587  -0.575  -0.566  -0.484  -0.458 

Alpha virtual
    0.046   0.061   0.079   0.082   0.092   0.111   0.112   0.117 
    0.121   0.154   0.164   0.190   0.202   0.210   0.210   0.228 
    0.243   0.249   0.260   0.263   0.273   0.279   0.301   0.303 
    0.323   0.355   0.366   0.368   0.390   0.413   0.415   0.418 
    0.456   0.461   0.469   0.485   0.500   0.502   0.512   0.529 
    0.542   0.544   0.551   0.580   0.587   0.593   0.605   0.619 
    0.633   0.635   0.639   0.647   0.658   0.674   0.704   0.729 
    0.738   0.765   0.775   0.779   0.790   0.790   0.810   0.821 
    0.840   0.859   0.880   0.908   0.913   0.918   0.964   0.966 
    0.973   0.988   0.990   1.043   1.056   1.097   1.113   1.126 
    1.133   1.144   1.161   1.171   1.189   1.194   1.221   1.227 
    1.245   1.258   1.262   1.286   1.296   1.315   1.323   1.341 
    1.351   1.393   1.399   1.409   1.428   1.461   1.463   1.470 
    1.493   1.493   1.500   1.503   1.549   1.556   1.561   1.609 
    1.638   1.654   1.680   1.737   1.743   1.751   1.763   1.801 
    1.819   1.830   1.838   1.841   1.865   1.915   1.931   1.963 
    1.964   1.980   2.004   2.012   2.040   2.055   2.067   2.090 
    2.096   2.133   2.151   2.170   2.213   2.218   2.225   2.241 
    2.287   2.310   2.319   2.353   2.359   2.380   2.425   2.437 
    2.477   2.483   2.513   2.525   2.535   2.556   2.564   2.568 
    2.594   2.616   2.627   2.634   2.672   2.678   2.699   2.708 
    2.716   2.762   2.819   2.860   2.882   2.928   2.939   2.981 
    3.011   3.042   3.096   3.152   3.154   3.172   3.202   3.263 
    3.286   3.290   3.308   3.368   3.402   3.408   3.434   3.484 
    3.490   3.506   3.541   3.549   3.553   3.587   3.610   3.636 
    3.675   3.680   3.702   3.732   3.750   3.787   3.810   3.810 
    3.860   3.920   3.925   3.955   3.992   3.997   4.071   4.113 
    4.121   4.153   4.154   4.170   4.208   4.221   4.282   4.296 
    4.329   4.347   4.357   4.383   4.403   4.411   4.434   4.448 
    4.469   4.480   4.513   4.531   4.546   4.586   4.617   4.643 
    4.673   4.713   4.729   4.752   4.760   4.764   4.795   4.807 
    4.834   4.874   4.905   4.919   4.930   4.955   4.961   4.978 
    4.982   4.997   5.018   5.028   5.075   5.124   5.155   5.171 
    5.195   5.235   5.240   5.264   5.303   5.345   5.360   5.416 
    5.429   5.465   5.512   5.569   5.582   5.627   5.651   5.691 
    5.702   5.722   5.726   5.756   5.771   5.832   5.835   5.848 
    5.925   5.966   5.976   6.018   6.028   6.038   6.082   6.141 
    6.172   6.197   6.203   6.240   6.270   6.312   6.350   6.394 
    6.424   6.460   6.464   6.483   6.556   6.592   6.604   6.664 
    6.669   6.675   6.749   6.779   6.843   6.901   6.937   7.017 
    7.018   7.094   7.117   7.133   7.151   7.166   7.184   7.259 
    7.290   7.336   7.362   7.370   7.436   7.459   7.534   7.724 
    7.744   7.790   7.855   7.880   7.917   7.951   8.101   8.109 
    8.199   8.251   8.358   8.439   8.440   8.556   8.569   8.612 
    8.713   8.730   8.798   8.844   8.870   9.094   9.098   9.216 
    9.230   9.280   9.322   9.338   9.377   9.413   9.475   9.483 
    9.485   9.518   9.534   9.626   9.683   9.703   9.744   9.791 
    9.822   9.981  10.004  10.048  10.082  10.101  10.106  10.203 
   10.205  10.288  10.300  10.318  10.525  10.541  10.567  10.792 
   10.819  10.859  10.926  10.994  10.999  11.028  11.046  11.117 
   11.121  11.228  11.261  11.261  11.270  11.312  11.330  11.427 
   11.466  11.524  11.549  11.593  11.598  11.612  11.697  11.703 
   11.758  11.787  11.818  11.837  11.895  11.904  11.963  12.076 
   12.080  12.102  12.152  12.212  12.245  12.317  12.328  12.343 
   12.401  12.409  12.416  12.444  12.519  12.563  12.569  12.608 
   12.616  12.655  12.687  12.701  12.725  12.735  12.752  12.758 
   12.774  12.837  12.862  12.889  12.896  12.948  12.948  12.959 
   13.006  13.048  13.088  13.098  13.135  13.145  13.148  13.190 
   13.221  13.229  13.268  13.312  13.315  13.330  13.348  13.395 
   13.434  13.442  13.449  13.472  13.481  13.514  13.622  13.624 
   13.643  13.687  13.731  13.754  13.775  13.802  13.883  13.892 
   13.918  13.946  13.985  14.014  14.060  14.114  14.131  14.145 
   14.196  14.233  14.274  14.339  14.371  14.434  14.473  14.515 
   14.540  14.565  14.650  14.682  14.869  14.922  15.030  15.072 
   15.094  15.206  15.232  15.328  15.352  15.459  15.625  15.811 
   15.864  15.946  15.969  15.981  16.147  16.202  16.391  16.463 
   16.493  16.622  16.822  16.868  16.979  17.041  17.195  17.211 
   17.226  17.239  17.252  17.282  17.285  17.315  17.390  17.646 
   17.687  17.701  17.781  17.814  17.818  17.825  17.852  17.892 
   17.913  17.941  17.975  18.012  18.134  18.167  18.179  18.288 
   18.513  18.543  18.709  18.743  18.913  18.924  18.959  19.044 
   19.082  19.098  19.108  19.190  19.213  19.386  19.425  19.453 
   19.504  19.684  19.711  19.796  19.898  19.926  19.993  20.293 
   20.355  20.514  20.515  20.554  20.602  20.730  20.808  21.331 
   21.345  21.389  21.608  21.778  21.930  22.044  22.160  22.340 
   22.441  23.044  23.829  23.899  24.024  24.117  24.155  24.249 
   24.260  24.502  24.587  24.618  24.695  24.752  24.840  24.869 
   25.260  25.776  25.897  26.255  26.283  26.439  26.467  26.589 
   26.684  26.780  27.087  27.515  28.450  29.204  29.718  29.939 
   33.144  33.562  33.744  33.770  34.074  34.593  34.963  35.050 
   35.517  35.730  41.863  41.939  42.015  42.322  61.172  61.532 
   65.290  65.348  65.547  66.117  66.344  66.454  68.129  68.202 
   68.329  68.471  68.693  68.778  69.074  69.482  70.640  70.703 
   78.251  80.504  91.656  91.711  91.869  91.922  92.017  92.157 
   92.244  92.292  93.242  93.264  93.335  94.382 139.795 140.093 
  175.261 175.304 175.485 176.065 176.352 176.441 320.379 320.646 
  536.671 536.704 536.853 537.308 537.549 537.614 747.144 747.392 
  1796.261 1796.493 2112.487 2112.524 2112.632 2112.941 2113.133 2113.161 
  4514.485 4514.700 12060.461 12060.661 35044.658 35044.840 114859.387 114859.549 
  454594.960 454595.099 2579392.642 2579392.747 


  >>> Running RHF-MP2 <<<


RMP2-TIMING
  rmp2                  :::     1597.812 (100.00%)
  Total                 :::     1597.812 (100.00%)

MP2 correlation energy (RHF) : -1.0823413793
MP2 total energy       (RHF) : -229.0059722599


  >>> Running UHF <<<

init D/C      : input mo_coeff
init ov       : zeros
no            : 15 16
nv            : 717 716
ov_size       : 22211
max_cycle     : 1000
conv          : 6
econv         : 9
method        : diis
mom_start     : 0
guess mix     : 0.000000
orb_swap      : [[[0, 15]], []]
init E        : -207.308106893315
init S2       : 0.750000000000114
init |[F,P]|  : 1.61e-02
init |dE|     : 4.13e-02
check file    : None

iter      total energy   |[F,P]|      |dE|         ∆E   S^2   comment
   1    -207.804462487  8.74e-03  2.21e-02  -4.96e-01  0.75  DIIS mom: 14.7/15 15.6/16
   2    -208.094638219  1.10e-03  2.70e-03  -2.90e-01  0.76  DIIS mom: 14.9/15 15.9/16
   3    -208.099552615  5.75e-04  1.38e-03  -4.91e-03  0.76  DIIS mom: 15.0/15 16.0/16
   4    -208.101337938  1.35e-04  3.08e-04  -1.79e-03  0.76  DIIS mom: 15.0/15 16.0/16
   5    -208.101614112  6.29e-05  1.39e-04  -2.76e-04  0.77  DIIS mom: 15.0/15 16.0/16
   6    -208.101685513  2.44e-05  5.21e-05  -7.14e-05  0.77  DIIS mom: 15.0/15 16.0/16
   7    -208.101699842  1.41e-05  2.90e-05  -1.43e-05  0.77  DIIS mom: 15.0/15 16.0/16
   8    -208.101706432  1.24e-05  2.52e-05  -6.59e-06  0.77  DIIS mom: 15.0/15 16.0/16
   9    -208.101715674  1.12e-05  2.28e-05  -9.24e-06  0.77  DIIS mom: 15.0/15 16.0/16
  10    -208.101736510  8.46e-06  1.74e-05  -2.08e-05  0.77  DIIS mom: 15.0/15 16.0/16
  11    -208.101757442  4.26e-06  9.08e-06  -2.09e-05  0.77  DIIS mom: 15.0/15 16.0/16
  12    -208.101760516  1.70e-06  3.58e-06  -3.07e-06  0.78  DIIS mom: 15.0/15 16.0/16
  13    -208.101760790  6.14e-07  1.34e-06  -2.74e-07  0.78  DIIS mom: 15.0/15 16.0/16
  14    -208.101760810  2.10e-07  4.72e-07  -2.05e-08  0.78  DIIS mom: 15.0/15 16.0/16
  15    -208.101760811  4.91e-08  1.05e-07  -8.39e-10  0.78  DIIS mom: 15.0/15 16.0/16
                                                                      diis is converged!

SCF converged : True
final |[F,P]| : 4.91e-08
final |dE|    : 1.05e-07
final Escf    : -329.791010567566
final Etot    : -208.101760811308
final S2      : 0.776930502956805

  diis prep             :::        0.670 (  0.02%)
  diis extrap           :::        0.399 (  0.01%)
  roothaan              :::        2.388 (  0.06%)
  fock build            :::     4030.298 ( 99.91%)
  Total                 :::     4033.756 (100.00%)

Alpha occupied
  -20.845 -11.689 -11.459  -1.921  -1.670  -1.330  -1.204  -1.165 
   -1.117  -0.963  -0.877  -0.836  -0.801  -0.760  -0.740 

Alpha virtual
  -19.020  -0.141  -0.104  -0.082  -0.068  -0.057  -0.044  -0.026 
   -0.024  -0.016  -0.011  -0.007   0.018   0.031   0.047   0.054 
    0.069   0.091   0.091   0.097   0.108   0.110   0.127   0.133 
    0.133   0.145   0.170   0.177   0.186   0.202   0.217   0.240 
    0.241   0.254   0.261   0.283   0.297   0.313   0.322   0.332 
    0.338   0.339   0.357   0.370   0.379   0.385   0.409   0.413 
    0.433   0.444   0.448   0.465   0.475   0.475   0.498   0.512 
    0.515   0.523   0.551   0.557   0.568   0.577   0.585   0.617 
    0.620   0.634   0.655   0.664   0.700   0.719   0.729   0.743 
    0.759   0.761   0.766   0.776   0.837   0.858   0.868   0.894 
    0.909   0.929   0.939   0.945   0.967   0.981   0.990   1.004 
    1.024   1.025   1.049   1.061   1.073   1.086   1.093   1.115 
    1.127   1.146   1.176   1.195   1.201   1.209   1.229   1.250 
    1.271   1.285   1.294   1.300   1.323   1.336   1.349   1.368 
    1.409   1.414   1.426   1.445   1.488   1.491   1.519   1.519 
    1.568   1.585   1.601   1.611   1.620   1.636   1.647   1.668 
    1.727   1.731   1.752   1.767   1.793   1.796   1.813   1.824 
    1.854   1.856   1.886   1.905   1.929   1.961   1.975   1.991 
    1.992   2.046   2.061   2.081   2.116   2.133   2.147   2.160 
    2.196   2.214   2.222   2.254   2.281   2.283   2.307   2.331 
    2.338   2.369   2.380   2.404   2.429   2.431   2.442   2.455 
    2.486   2.486   2.551   2.581   2.611   2.665   2.684   2.692 
    2.717   2.735   2.780   2.850   2.873   2.882   2.902   2.965 
    3.006   3.022   3.055   3.102   3.116   3.129   3.181   3.199 
    3.211   3.226   3.239   3.250   3.280   3.320   3.343   3.380 
    3.388   3.418   3.454   3.458   3.496   3.507   3.523   3.570 
    3.596   3.631   3.675   3.692   3.709   3.726   3.756   3.768 
    3.843   3.845   3.885   3.900   3.917   3.938   3.968   4.019 
    4.030   4.060   4.096   4.130   4.144   4.145   4.167   4.172 
    4.202   4.214   4.228   4.256   4.270   4.280   4.312   4.367 
    4.369   4.395   4.415   4.451   4.452   4.479   4.525   4.540 
    4.571   4.579   4.613   4.661   4.663   4.671   4.694   4.696 
    4.731   4.734   4.742   4.759   4.772   4.813   4.855   4.876 
    4.896   4.929   4.957   4.966   5.006   5.041   5.105   5.117 
    5.174   5.186   5.205   5.241   5.292   5.329   5.344   5.392 
    5.394   5.413   5.488   5.505   5.513   5.516   5.572   5.579 
    5.602   5.660   5.687   5.699   5.732   5.737   5.758   5.839 
    5.857   5.919   5.944   5.952   5.996   6.020   6.055   6.060 
    6.117   6.152   6.177   6.216   6.221   6.278   6.284   6.359 
    6.372   6.386   6.420   6.493   6.525   6.587   6.668   6.682 
    6.715   6.770   6.771   6.869   6.874   6.887   6.898   6.962 
    7.033   7.045   7.086   7.107   7.119   7.192   7.192   7.271 
    7.431   7.433   7.447   7.567   7.578   7.602   7.672   7.834 
    7.884   7.932   7.978   8.062   8.141   8.169   8.229   8.267 
    8.321   8.397   8.427   8.524   8.549   8.587   8.762   8.859 
    8.891   8.923   8.956   9.055   9.107   9.167   9.198   9.226 
    9.258   9.271   9.285   9.286   9.372   9.387   9.435   9.495 
    9.510   9.538   9.649   9.746   9.755   9.835   9.857   9.864 
    9.887   9.943   9.968  10.046  10.047  10.202  10.223  10.254 
   10.382  10.412  10.536  10.561  10.659  10.688  10.722  10.775 
   10.779  10.848  10.921  10.947  10.966  10.974  11.010  11.060 
   11.075  11.120  11.190  11.270  11.310  11.328  11.343  11.370 
   11.460  11.481  11.528  11.530  11.563  11.638  11.669  11.726 
   11.780  11.788  11.814  11.848  11.923  11.935  12.015  12.027 
   12.058  12.077  12.123  12.165  12.176  12.206  12.253  12.262 
   12.313  12.365  12.376  12.398  12.416  12.422  12.436  12.469 
   12.492  12.510  12.576  12.602  12.631  12.633  12.661  12.693 
   12.705  12.713  12.732  12.771  12.786  12.810  12.874  12.902 
   12.939  12.948  12.958  13.012  13.027  13.041  13.074  13.076 
   13.096  13.151  13.175  13.211  13.230  13.244  13.269  13.283 
   13.306  13.343  13.379  13.424  13.444  13.513  13.517  13.608 
   13.623  13.656  13.705  13.732  13.760  13.826  13.829  13.838 
   13.866  13.892  13.945  13.972  13.973  14.090  14.138  14.205 
   14.223  14.269  14.322  14.349  14.392  14.558  14.628  14.739 
   14.741  14.890  14.896  14.961  15.038  15.116  15.222  15.333 
   15.567  15.586  15.628  15.681  15.718  15.838  15.922  16.026 
   16.239  16.285  16.412  16.577  16.614  16.648  16.742  16.790 
   16.849  17.008  17.023  17.041  17.079  17.080  17.108  17.186 
   17.257  17.364  17.398  17.436  17.525  17.543  17.563  17.580 
   17.615  17.649  17.683  17.726  17.763  17.770  17.801  17.850 
   18.001  18.149  18.182  18.359  18.361  18.530  18.661  18.695 
   18.744  18.841  18.851  18.864  18.887  18.922  19.068  19.165 
   19.194  19.206  19.320  19.466  19.504  19.601  19.607  19.612 
   19.894  20.133  20.154  20.311  20.320  20.383  20.525  20.603 
   20.931  21.125  21.139  21.172  21.410  21.608  21.769  21.853 
   22.131  22.229  22.714  23.480  23.595  23.623  23.682  23.729 
   23.885  23.960  23.973  24.022  24.165  24.392  24.486  24.546 
   24.572  24.857  25.205  25.519  25.779  25.801  25.870  26.076 
   26.086  26.235  26.401  26.796  27.213  27.718  28.554  29.225 
   29.395  32.845  33.332  33.459  33.555  33.785  34.362  34.750 
   34.835  35.195  35.429  41.556  41.657  41.733  42.116  60.234 
   60.883  63.806  64.576  64.920  65.004  65.278  66.033  66.721 
   66.864  67.208  67.835  67.876  67.908  68.396  68.760  69.114 
   70.347  77.952  80.281  91.235  91.451  91.521  91.660  91.738 
   91.947  92.034  92.083  93.033  93.056  93.126  93.910 138.035 
  139.507 172.719 173.488 173.865 174.979 175.208 176.050 317.669 
  320.091 532.849 533.470 533.774 536.396 536.572 537.251 743.513 
  746.857 1791.879 1795.974 2107.561 2108.009 2108.227 2112.228 2112.349 
  2112.840 4509.578 4514.199 12055.238 12060.176 35039.264 35044.373 114853.906 
  114859.102 454589.430 454594.675 2579387.070 2579392.356 

Beta occupied
  -23.919 -20.840 -11.691 -11.458  -2.033  -1.666  -1.376  -1.251 
   -1.215  -1.203  -0.963  -0.875  -0.837  -0.804  -0.746  -0.737 

Beta virtual
   -0.149  -0.106  -0.084  -0.069  -0.058  -0.044  -0.027  -0.024 
   -0.016  -0.013  -0.012   0.017   0.029   0.046   0.052   0.068 
    0.090   0.092   0.096   0.103   0.109   0.118   0.130   0.133 
    0.145   0.169   0.176   0.183   0.200   0.218   0.240   0.242 
    0.249   0.257   0.282   0.298   0.313   0.323   0.329   0.337 
    0.338   0.356   0.368   0.378   0.383   0.409   0.412   0.433 
    0.441   0.448   0.465   0.475   0.476   0.498   0.510   0.514 
    0.523   0.550   0.560   0.568   0.577   0.587   0.614   0.620 
    0.634   0.656   0.666   0.700   0.718   0.729   0.741   0.760 
    0.761   0.765   0.777   0.838   0.858   0.867   0.894   0.910 
    0.925   0.938   0.944   0.965   0.981   0.991   1.002   1.023 
    1.025   1.050   1.061   1.072   1.086   1.091   1.116   1.126 
    1.145   1.177   1.195   1.200   1.207   1.225   1.250   1.269 
    1.285   1.294   1.301   1.323   1.335   1.348   1.366   1.409 
    1.410   1.426   1.442   1.483   1.487   1.515   1.517   1.565 
    1.586   1.601   1.612   1.619   1.636   1.638   1.665   1.729 
    1.732   1.749   1.767   1.795   1.797   1.815   1.826   1.854 
    1.857   1.881   1.903   1.925   1.963   1.973   1.991   1.992 
    2.046   2.057   2.081   2.117   2.133   2.147   2.159   2.194 
    2.211   2.224   2.253   2.281   2.284   2.307   2.331   2.339 
    2.369   2.380   2.402   2.428   2.430   2.443   2.455   2.486 
    2.486   2.552   2.579   2.611   2.664   2.684   2.692   2.715 
    2.735   2.780   2.849   2.873   2.883   2.900   2.965   3.007 
    3.020   3.055   3.102   3.113   3.129   3.180   3.192   3.211 
    3.228   3.238   3.249   3.277   3.320   3.343   3.380   3.385 
    3.414   3.455   3.458   3.492   3.506   3.519   3.570   3.595 
    3.630   3.670   3.691   3.709   3.725   3.737   3.767   3.842 
    3.843   3.882   3.900   3.909   3.937   3.967   4.015   4.025 
    4.057   4.087   4.119   4.143   4.143   4.166   4.168   4.205 
    4.210   4.227   4.252   4.253   4.279   4.303   4.355   4.368 
    4.396   4.410   4.449   4.451   4.481   4.527   4.538   4.569 
    4.579   4.610   4.655   4.664   4.672   4.694   4.696   4.728 
    4.730   4.739   4.759   4.770   4.812   4.848   4.876   4.893 
    4.926   4.955   4.961   5.006   5.040   5.105   5.117   5.174 
    5.186   5.202   5.238   5.293   5.325   5.341   5.390   5.395 
    5.402   5.487   5.505   5.510   5.516   5.572   5.577   5.602 
    5.660   5.683   5.696   5.731   5.732   5.756   5.839   5.857 
    5.919   5.944   5.950   5.997   6.019   6.052   6.061   6.116 
    6.149   6.178   6.216   6.222   6.278   6.285   6.358   6.371 
    6.383   6.420   6.492   6.524   6.587   6.667   6.681   6.707 
    6.765   6.770   6.866   6.874   6.887   6.898   6.962   7.032 
    7.045   7.086   7.106   7.118   7.191   7.192   7.271   7.430 
    7.432   7.447   7.568   7.577   7.602   7.670   7.832   7.884 
    7.932   7.976   8.062   8.142   8.168   8.228   8.263   8.319 
    8.400   8.424   8.525   8.548   8.587   8.753   8.861   8.891 
    8.922   8.956   9.055   9.104   9.167   9.197   9.224   9.254 
    9.270   9.283   9.285   9.370   9.387   9.428   9.491   9.507 
    9.538   9.629   9.741   9.760   9.829   9.856   9.864   9.874 
    9.938   9.962  10.038  10.045  10.187  10.204  10.255  10.325 
   10.352  10.527  10.557  10.629  10.684  10.712  10.774  10.775 
   10.848  10.904  10.925  10.931  10.965  10.995  11.060  11.066 
   11.120  11.195  11.256  11.286  11.315  11.342  11.353  11.458 
   11.481  11.528  11.528  11.560  11.633  11.669  11.725  11.775 
   11.779  11.814  11.839  11.918  11.933  12.016  12.026  12.046 
   12.077  12.117  12.161  12.176  12.202  12.253  12.261  12.311 
   12.365  12.366  12.376  12.418  12.423  12.436  12.470  12.492 
   12.510  12.576  12.601  12.631  12.632  12.660  12.689  12.705 
   12.712  12.727  12.770  12.785  12.809  12.873  12.900  12.937 
   12.949  12.957  13.012  13.025  13.041  13.071  13.073  13.095 
   13.150  13.175  13.211  13.230  13.242  13.268  13.282  13.305 
   13.344  13.374  13.422  13.442  13.514  13.515  13.608  13.623 
   13.656  13.704  13.732  13.759  13.824  13.826  13.835  13.863 
   13.887  13.944  13.968  13.969  14.089  14.137  14.203  14.223 
   14.268  14.322  14.349  14.390  14.553  14.628  14.739  14.740 
   14.890  14.895  14.960  15.035  15.116  15.222  15.330  15.560 
   15.586  15.622  15.681  15.718  15.831  15.922  16.021  16.238 
   16.285  16.412  16.574  16.614  16.644  16.741  16.792  16.849 
   17.008  17.023  17.041  17.079  17.080  17.108  17.186  17.255 
   17.361  17.398  17.434  17.528  17.546  17.563  17.580  17.615 
   17.649  17.683  17.726  17.758  17.769  17.800  17.853  18.003 
   18.144  18.179  18.355  18.356  18.522  18.662  18.694  18.745 
   18.841  18.848  18.862  18.885  18.921  19.061  19.163  19.194 
   19.205  19.314  19.460  19.504  19.594  19.604  19.612  19.895 
   20.133  20.154  20.311  20.319  20.383  20.525  20.602  20.914 
   21.125  21.138  21.165  21.397  21.602  21.767  21.850  22.131 
   22.229  22.709  23.414  23.595  23.620  23.677  23.731  23.840 
   23.907  23.956  24.022  24.148  24.386  24.485  24.545  24.575 
   24.813  25.103  25.506  25.621  25.635  25.653  26.076  26.079 
   26.235  26.405  26.798  27.208  27.595  28.443  29.123  29.391 
   32.844  33.332  33.458  33.555  33.784  34.362  34.750  34.835 
   35.193  35.429  41.557  41.656  41.733  42.116  59.832  60.884 
   63.419  64.209  64.550  65.007  65.275  66.031  66.513  66.657 
   67.002  67.665  67.837  67.910  68.398  68.755  68.909  70.348 
   77.950  80.281  91.237  91.451  91.522  91.660  91.738  91.947 
   92.034  92.083  93.033  93.056  93.126  93.912 137.594 139.507 
  172.243 173.016 173.393 174.980 175.207 176.050 317.265 320.091 
  532.432 533.054 533.359 536.397 536.572 537.251 743.198 746.857 
  1791.667 1795.975 2107.325 2107.772 2107.990 2112.228 2112.349 2112.840 
  4509.456 4514.199 12055.177 12060.176 35039.238 35044.373 114853.896 114859.102 
  454589.427 454594.675 2579387.070 2579392.356 


  >>> Running UHF-MP2 <<<

MP2 correlation energy (UHF) : -1.0456706684
MP2 total energy       (UHF) : -209.1474314797

