	*********************************************** 
	***** Beginning CEBE Calculation with MOM ***** 
	*****       Calculation Details:          ***** 
	      Geometry:	 /home/am3939/core/calculations/mols/exp/n/c2h5c-n.xyz
	      Core Basis:	 ccX-5Z
	      Full Basis:	 cc-pV5Z
	      DIIS (start, space):	 0 50
	      Level shift:	 0
	      Do localization?:	 False
	      Do SFX2C1E?:	 True
	      Freeze orbitals?:	 True
	      Use Cheng orbitals?:	 False
	      Do Special Basis?:	 True
	      Do Special Basis?:	 ccX-5Z
	*********************************************** 
	*********************************************** 

  >>> Running RHF <<<

init D/C      : minao
init ov       : zeros
no            : 15
nv            : 725
ov_size       : 10875
max_cycle     : 1000
conv          : 6
econv         : 9
method        : gdm
scale_stop    : 0
scale_factor  : 1.000000
init E        : -170.945679635495
init |[F,P]|  : 4.41e-03
init |dE|     : 1.03e-02
check file    : None

iter      total energy   |[F,P]|      |dE|         ∆E   comment
   1    -170.985013185  3.96e-03  9.36e-03  -3.93e-02  BFGS
   2    -171.034684299  4.37e-04  1.02e-03  -4.97e-02  BFGS
   3    -171.035615469  1.40e-04  3.48e-04  -9.31e-04  BFGS
   4    -171.035726033  3.52e-05  9.13e-05  -1.11e-04  BFGS
   5    -171.035732371  1.03e-05  2.49e-05  -6.34e-06  BFGS
   6    -171.035733003  2.05e-06  5.45e-06  -6.32e-07  BFGS
   7    -171.035733024  5.92e-07  1.43e-06  -2.13e-08  BFGS
   8    -171.035733027  2.38e-07  5.55e-07  -2.78e-09  BFGS
   9    -171.035733028  1.31e-07  3.11e-07  -7.14e-10  BFGS
                                                                      gdm is converged!

SCF converged : True
final |[F,P]| : 1.31e-07
final |dE|    : 3.11e-07
final Escf    : -274.222522445863
final Etot    : -171.035733027733

  pxp & ewc             :::        0.587 (  0.17%)
  apply B               :::        0.002 (  0.00%)
  linsrch               :::      341.936 ( 99.82%)
  grad                  :::        0.020 (  0.01%)
  Total                 :::      342.544 (100.00%)

Alpha occupied
  -15.565 -11.284 -11.270 -11.246  -1.218  -1.085  -0.913  -0.703 
   -0.662  -0.592  -0.564  -0.545  -0.540  -0.458  -0.458 

Alpha virtual
    0.073   0.102   0.108   0.117   0.148   0.149   0.160   0.167 
    0.180   0.185   0.189   0.201   0.222   0.238   0.272   0.304 
    0.307   0.319   0.350   0.353   0.389   0.396   0.409   0.425 
    0.439   0.454   0.462   0.482   0.493   0.493   0.533   0.549 
    0.549   0.569   0.576   0.591   0.606   0.628   0.639   0.656 
    0.658   0.673   0.690   0.697   0.765   0.773   0.790   0.813 
    0.814   0.829   0.859   0.884   0.887   0.928   0.930   0.952 
    0.967   0.976   0.982   1.001   1.002   1.031   1.040   1.063 
    1.067   1.085   1.106   1.107   1.140   1.158   1.166   1.171 
    1.198   1.200   1.242   1.261   1.292   1.303   1.319   1.343 
    1.360   1.387   1.428   1.430   1.432   1.459   1.481   1.504 
    1.516   1.560   1.568   1.587   1.601   1.608   1.636   1.642 
    1.663   1.668   1.675   1.682   1.727   1.729   1.773   1.783 
    1.788   1.869   1.871   1.894   1.904   1.929   1.939   1.952 
    1.958   1.999   2.009   2.024   2.055   2.056   2.089   2.099 
    2.112   2.123   2.124   2.160   2.172   2.189   2.191   2.217 
    2.247   2.263   2.284   2.330   2.335   2.357   2.366   2.370 
    2.411   2.415   2.424   2.460   2.467   2.481   2.509   2.532 
    2.532   2.545   2.558   2.596   2.612   2.649   2.664   2.717 
    2.722   2.772   2.790   2.824   2.845   2.860   2.895   2.920 
    2.930   2.937   2.946   2.976   3.008   3.033   3.087   3.108 
    3.146   3.175   3.196   3.229   3.231   3.256   3.297   3.302 
    3.311   3.347   3.366   3.390   3.417   3.455   3.492   3.516 
    3.520   3.550   3.612   3.645   3.676   3.717   3.749   3.777 
    3.795   3.801   3.808   3.826   3.895   3.898   3.928   3.941 
    3.951   3.981   3.997   3.999   4.050   4.076   4.088   4.138 
    4.148   4.151   4.187   4.193   4.216   4.229   4.238   4.252 
    4.275   4.290   4.327   4.339   4.360   4.402   4.414   4.434 
    4.467   4.507   4.512   4.538   4.555   4.565   4.626   4.640 
    4.664   4.694   4.719   4.731   4.745   4.755   4.767   4.795 
    4.808   4.811   4.831   4.831   4.841   4.846   4.875   4.896 
    4.904   4.922   4.999   5.017   5.069   5.078   5.117   5.126 
    5.134   5.158   5.190   5.201   5.214   5.284   5.288   5.294 
    5.324   5.338   5.376   5.423   5.447   5.500   5.539   5.549 
    5.561   5.574   5.594   5.606   5.619   5.620   5.652   5.660 
    5.686   5.714   5.729   5.729   5.792   5.797   5.816   5.838 
    5.870   5.879   5.904   5.912   5.939   5.968   5.982   6.006 
    6.018   6.031   6.057   6.062   6.090   6.114   6.166   6.169 
    6.228   6.255   6.294   6.347   6.369   6.388   6.395   6.427 
    6.435   6.510   6.570   6.600   6.696   6.717   6.730   6.765 
    6.779   6.913   6.951   6.965   7.006   7.068   7.101   7.102 
    7.153   7.161   7.173   7.221   7.264   7.268   7.294   7.355 
    7.475   7.528   7.532   7.586   7.621   7.630   7.709   7.712 
    7.743   7.764   7.789   7.796   7.805   7.865   7.905   7.938 
    7.987   8.046   8.064   8.152   8.216   8.254   8.322   8.326 
    8.381   8.403   8.587   8.641   8.740   8.886   8.901   8.953 
    9.021   9.092   9.213   9.232   9.339   9.425   9.463   9.487 
    9.574   9.589   9.623   9.667   9.670   9.676   9.750   9.815 
    9.848   9.850   9.865   9.913   9.981  10.015  10.042  10.043 
   10.079  10.102  10.120  10.196  10.198  10.249  10.258  10.291 
   10.318  10.359  10.373  10.418  10.420  10.457  10.506  10.518 
   10.571  10.607  10.619  10.623  10.719  10.728  10.787  10.796 
   10.845  10.856  10.910  10.910  10.979  10.982  11.022  11.036 
   11.050  11.066  11.179  11.223  11.225  11.260  11.356  11.421 
   11.451  11.499  11.522  11.528  11.577  11.607  11.623  11.678 
   11.718  11.755  11.785  11.811  11.840  11.923  11.932  12.044 
   12.048  12.102  12.172  12.363  12.394  12.416  12.490  12.579 
   12.629  12.639  12.647  12.672  12.675  12.745  12.746  12.760 
   12.803  12.812  12.831  12.834  12.852  12.871  12.871  12.874 
   12.887  12.949  12.987  13.011  13.030  13.052  13.072  13.086 
   13.108  13.112  13.132  13.154  13.171  13.252  13.260  13.284 
   13.323  13.362  13.417  13.463  13.464  13.492  13.496  13.523 
   13.591  13.623  13.628  13.665  13.669  13.694  13.763  13.763 
   13.794  13.856  13.866  13.975  14.006  14.032  14.049  14.094 
   14.100  14.113  14.132  14.134  14.145  14.146  14.174  14.180 
   14.215  14.277  14.298  14.311  14.322  14.348  14.362  14.369 
   14.418  14.424  14.431  14.446  14.449  14.474  14.488  14.492 
   14.510  14.514  14.536  14.571  14.595  14.628  14.672  14.691 
   14.722  14.726  14.747  14.778  14.812  14.845  14.886  14.896 
   14.940  14.947  14.977  15.001  15.042  15.061  15.113  15.172 
   15.197  15.253  15.254  15.382  15.483  15.525  15.558  15.653 
   15.689  15.770  15.817  15.895  15.959  15.971  15.991  16.032 
   16.037  16.077  16.102  16.156  16.197  16.218  16.277  16.311 
   16.556  16.562  16.905  16.939  16.962  17.446  17.527  17.630 
   17.645  17.700  17.720  17.727  17.813  17.873  17.941  18.019 
   18.040  18.082  18.106  18.121  18.290  18.384  18.453  18.464 
   18.535  18.631  18.683  18.692  18.700  18.985  19.094  19.116 
   19.136  19.139  19.317  19.570  19.576  20.366  20.844  20.941 
   21.003  21.038  21.045  21.464  26.640  26.655  27.721  33.353 
   40.108  42.681  42.887  53.768  53.778  53.795  53.799  54.254 
   54.256  54.304  54.311  54.805  55.069  55.073  55.877  56.671 
   56.684  57.875  71.865 100.407 100.407 100.436 100.436 100.490 
  100.491 100.586 100.587 100.621 125.578 125.588 126.326 150.291 
  150.300 150.901 150.905 151.771 155.161 173.284 173.286 173.529 
  173.530 173.868 173.871 174.129 294.443 294.452 295.109 320.682 
  320.682 320.687 320.687 320.691 320.691 320.694 320.694 320.695 
  320.695 320.696 341.834 373.467 373.467 373.478 373.478 373.497 
  373.497 373.529 373.529 373.540 384.047 384.054 384.528 384.532 
  385.228 529.729 529.730 529.869 529.870 530.067 530.068 530.201 
  754.857 754.865 755.429 825.313 976.322 976.327 976.697 976.700 
  977.245 2440.637 2440.644 2441.157 3195.080 


  >>> Running RHF-MP2 <<<


RMP2-TIMING
  rmp2                  :::      364.081 (100.00%)
  Total                 :::      364.081 (100.00%)

MP2 correlation energy (RHF) : -0.9080746794
MP2 total energy       (RHF) : -171.9438077071


  >>> Running UHF <<<

init D/C      : input mo_coeff
init ov       : zeros
no            : 14 15
nv            : 726 725
ov_size       : 21039
max_cycle     : 1000
conv          : 6
econv         : 9
method        : diis
mom_start     : 0
guess mix     : 0.000000
orb_swap      : [[[0, 14]], []]
init E        : -155.470902282283
init S2       : 0.750000000000059
init |[F,P]|  : 1.30e-02
init |dE|     : 3.52e-02
check file    : None

iter      total energy   |[F,P]|      |dE|         ∆E   S^2   comment
   1    -155.752128118  9.13e-03  2.34e-02  -2.81e-01  0.75  DIIS mom: 13.6/14 14.5/15
   2    -156.150830022  1.30e-03  3.22e-03  -3.99e-01  0.76  DIIS mom: 13.9/14 14.9/15
   3    -156.161774633  3.67e-04  9.17e-04  -1.09e-02  0.77  DIIS mom: 14.0/14 15.0/15
   4    -156.163469901  2.20e-04  5.01e-04  -1.70e-03  0.78  DIIS mom: 14.0/14 15.0/15
   5    -156.165423305  1.72e-04  3.81e-04  -1.95e-03  0.80  DIIS mom: 14.0/14 15.0/15
   6    -156.167579475  1.07e-04  2.46e-04  -2.16e-03  0.86  DIIS mom: 14.0/14 15.0/15
   7    -156.168434807  3.81e-05  9.74e-05  -8.55e-04  0.93  DIIS mom: 14.0/14 15.0/15
   8    -156.168469325  1.12e-05  2.72e-05  -3.45e-05  0.94  DIIS mom: 14.0/14 15.0/15
   9    -156.168472888  3.79e-06  9.11e-06  -3.56e-06  0.94  DIIS mom: 14.0/14 15.0/15
  10    -156.168473229  1.51e-06  3.45e-06  -3.41e-07  0.94  DIIS mom: 14.0/14 15.0/15
  11    -156.168473283  5.72e-07  1.35e-06  -5.36e-08  0.94  DIIS mom: 14.0/14 15.0/15
  12    -156.168473289  2.57e-07  5.65e-07  -6.36e-09  0.94  DIIS mom: 14.0/14 15.0/15
  13    -156.168473290  1.07e-07  2.40e-07  -1.53e-09  0.94  DIIS mom: 14.0/14 15.0/15
  14    -156.168473291  3.52e-08  7.99e-08  -3.08e-10  0.94  DIIS mom: 14.0/14 15.0/15
                                                                      diis is converged!

SCF converged : True
final |[F,P]| : 3.52e-08
final |dE|    : 7.99e-08
final Escf    : -259.355262708865
final Etot    : -156.168473290736
final S2      : 0.941348054824999

  diis prep             :::        0.286 (  0.05%)
  diis extrap           :::        0.253 (  0.04%)
  roothaan              :::        1.791 (  0.30%)
  fock build            :::      588.351 ( 99.61%)
  Total                 :::      590.682 (100.00%)

Alpha occupied
  -11.711 -11.528 -11.442  -1.643  -1.341  -1.142  -0.988  -0.938 
   -0.922  -0.885  -0.831  -0.772  -0.753  -0.735 

Alpha virtual
  -14.153  -0.137  -0.136  -0.094  -0.047  -0.046  -0.031  -0.004 
    0.001   0.002   0.019   0.019   0.038   0.048   0.075   0.088 
    0.118   0.119   0.134   0.161   0.165   0.211   0.211   0.228 
    0.243   0.254   0.257   0.262   0.285   0.291   0.298   0.333 
    0.338   0.360   0.367   0.383   0.397   0.411   0.425   0.448 
    0.451   0.466   0.492   0.502   0.509   0.577   0.583   0.597 
    0.618   0.625   0.644   0.669   0.670   0.685   0.703   0.716 
    0.743   0.761   0.781   0.782   0.797   0.807   0.810   0.838 
    0.849   0.858   0.891   0.900   0.903   0.914   0.941   0.945 
    0.962   0.988   1.015   1.019   1.031   1.044   1.066   1.111 
    1.111   1.133   1.183   1.188   1.207   1.208   1.217   1.256 
    1.286   1.294   1.334   1.349   1.356   1.362   1.368   1.395 
    1.412   1.421   1.434   1.458   1.467   1.497   1.520   1.557 
    1.568   1.584   1.643   1.654   1.685   1.685   1.701   1.723 
    1.736   1.738   1.783   1.798   1.802   1.830   1.852   1.865 
    1.881   1.890   1.898   1.901   1.930   1.941   1.976   1.988 
    2.005   2.054   2.061   2.080   2.109   2.112   2.142   2.154 
    2.172   2.180   2.182   2.193   2.239   2.264   2.266   2.276 
    2.300   2.314   2.319   2.348   2.360   2.365   2.412   2.427 
    2.481   2.499   2.525   2.542   2.582   2.597   2.635   2.646 
    2.651   2.704   2.713   2.722   2.763   2.767   2.809   2.829 
    2.860   2.883   2.907   2.954   2.980   3.005   3.022   3.066 
    3.070   3.086   3.111   3.124   3.136   3.142   3.179   3.238 
    3.244   3.278   3.299   3.389   3.415   3.435   3.497   3.502 
    3.526   3.530   3.564   3.564   3.573   3.631   3.643   3.653 
    3.676   3.689   3.714   3.759   3.774   3.808   3.815   3.834 
    3.905   3.913   3.917   3.927   3.933   3.987   3.988   3.999 
    4.010   4.051   4.051   4.093   4.100   4.141   4.157   4.187 
    4.200   4.228   4.240   4.278   4.289   4.310   4.313   4.409 
    4.411   4.452   4.456   4.477   4.512   4.520   4.529   4.550 
    4.558   4.563   4.585   4.588   4.607   4.617   4.620   4.648 
    4.663   4.685   4.693   4.777   4.805   4.840   4.870   4.877 
    4.905   4.907   4.944   4.971   4.980   5.001   5.041   5.048 
    5.067   5.106   5.125   5.168   5.196   5.229   5.274   5.306 
    5.315   5.332   5.336   5.353   5.361   5.379   5.393   5.410 
    5.429   5.470   5.473   5.490   5.514   5.534   5.562   5.569 
    5.609   5.611   5.639   5.674   5.684   5.708   5.728   5.733 
    5.762   5.766   5.793   5.802   5.838   5.842   5.867   5.931 
    5.954   5.971   5.986   6.027   6.068   6.100   6.143   6.143 
    6.155   6.202   6.245   6.294   6.333   6.400   6.423   6.432 
    6.496   6.514   6.684   6.710   6.736   6.754   6.835   6.840 
    6.862   6.868   6.882   6.944   7.006   7.041   7.057   7.073 
    7.106   7.232   7.267   7.279   7.348   7.358   7.367   7.396 
    7.408   7.470   7.506   7.512   7.525   7.543   7.590   7.637 
    7.682   7.707   7.738   7.781   7.892   7.963   8.013   8.064 
    8.083   8.114   8.139   8.294   8.356   8.448   8.598   8.616 
    8.683   8.756   8.865   8.878   8.959   9.065   9.168   9.219 
    9.219   9.305   9.322   9.333   9.390   9.403   9.420   9.463 
    9.511   9.558   9.585   9.595   9.618   9.631   9.688   9.693 
    9.708   9.791   9.819   9.819   9.888   9.944   9.945   9.963 
   10.008  10.060  10.088  10.119  10.160  10.177  10.234  10.239 
   10.254  10.303  10.337  10.375  10.379  10.474  10.486  10.497 
   10.564  10.590  10.620  10.633  10.633  10.718  10.757  10.764 
   10.772  10.797  10.809  10.917  10.931  10.935  11.012  11.035 
   11.168  11.208  11.266  11.298  11.305  11.320  11.385  11.400 
   11.431  11.478  11.479  11.534  11.581  11.615  11.620  11.646 
   11.688  11.745  11.781  11.897  12.105  12.121  12.144  12.194 
   12.236  12.282  12.383  12.444  12.453  12.464  12.512  12.517 
   12.527  12.551  12.592  12.607  12.617  12.632  12.641  12.648 
   12.659  12.672  12.713  12.746  12.748  12.793  12.802  12.838 
   12.842  12.884  12.892  12.906  12.914  12.940  12.941  13.037 
   13.040  13.108  13.130  13.195  13.209  13.253  13.265  13.293 
   13.306  13.333  13.364  13.389  13.430  13.456  13.464  13.499 
   13.532  13.553  13.560  13.642  13.692  13.762  13.812  13.827 
   13.829  13.842  13.860  13.875  13.890  13.907  13.925  13.938 
   13.954  13.974  13.994  14.029  14.031  14.058  14.087  14.107 
   14.110  14.116  14.124  14.165  14.186  14.195  14.242  14.244 
   14.258  14.289  14.297  14.320  14.343  14.370  14.376  14.440 
   14.472  14.494  14.514  14.519  14.574  14.574  14.603  14.630 
   14.653  14.684  14.708  14.771  14.774  14.824  14.832  14.837 
   14.906  14.919  14.961  14.997  15.132  15.226  15.281  15.323 
   15.431  15.471  15.481  15.542  15.595  15.624  15.707  15.755 
   15.775  15.782  15.815  15.817  15.888  15.915  15.974  16.020 
   16.037  16.323  16.343  16.662  16.751  16.772  16.970  17.015 
   17.020  17.336  17.470  17.523  17.527  17.571  17.616  17.694 
   17.702  17.749  17.802  17.868  17.883  18.074  18.159  18.220 
   18.271  18.337  18.410  18.462  18.495  18.506  18.782  18.861 
   18.880  18.909  18.940  19.023  19.031  19.111  19.913  20.618 
   20.714  20.806  20.826  20.844  20.894  25.845  25.860  26.925 
   32.492  39.686  42.448  42.678  52.436  52.447  52.683  52.687 
   53.023  53.030  53.128  53.130  53.606  53.872  53.876  54.590 
   55.431  55.444  56.633  70.495  99.049  99.049  99.070  99.070 
   99.119  99.119  99.211  99.212  99.245 123.639 123.649 124.377 
  148.166 148.175 148.770 148.775 149.639 153.095 171.194 171.196 
  171.433 171.435 171.770 171.773 172.030 291.644 291.653 292.304 
  318.478 318.478 318.479 318.479 318.480 318.480 318.481 318.481 
  318.481 318.481 318.482 338.958 370.845 370.845 370.853 370.853 
  370.870 370.870 370.900 370.900 370.910 381.095 381.102 381.573 
  381.576 382.272 526.550 526.551 526.688 526.689 526.884 526.886 
  527.018 751.194 751.202 751.763 821.600 972.567 972.572 972.940 
  972.943 973.488 2436.271 2436.278 2436.790 3190.698 

Beta occupied
  -18.459 -11.695 -11.529 -11.442  -1.741  -1.341  -1.141  -1.077 
   -0.993  -0.991  -0.942  -0.871  -0.786  -0.752  -0.737 

Beta virtual
   -0.146  -0.144  -0.095  -0.047  -0.044  -0.031  -0.004   0.000 
    0.005   0.018   0.020   0.038   0.048   0.075   0.088   0.118 
    0.121   0.134   0.167   0.169   0.212   0.212   0.231   0.248 
    0.258   0.258   0.263   0.283   0.286   0.300   0.324   0.325 
    0.361   0.370   0.387   0.396   0.413   0.423   0.450   0.454 
    0.464   0.493   0.503   0.509   0.579   0.584   0.598   0.618 
    0.626   0.645   0.671   0.674   0.698   0.704   0.724   0.745 
    0.760   0.779   0.782   0.789   0.803   0.810   0.838   0.850 
    0.859   0.879   0.902   0.903   0.914   0.939   0.947   0.960 
    0.981   1.001   1.015   1.019   1.026   1.056   1.108   1.112 
    1.131   1.181   1.198   1.207   1.212   1.217   1.258   1.293 
    1.299   1.335   1.349   1.356   1.363   1.374   1.399   1.411 
    1.425   1.438   1.458   1.468   1.498   1.521   1.558   1.568 
    1.586   1.644   1.657   1.685   1.687   1.703   1.723   1.736 
    1.737   1.786   1.799   1.803   1.831   1.853   1.866   1.882 
    1.891   1.897   1.901   1.928   1.941   1.977   1.988   2.004 
    2.052   2.062   2.078   2.110   2.110   2.144   2.154   2.169 
    2.181   2.184   2.186   2.235   2.263   2.265   2.270   2.296 
    2.315   2.316   2.345   2.352   2.360   2.405   2.425   2.463 
    2.482   2.512   2.540   2.561   2.582   2.626   2.635   2.645 
    2.698   2.715   2.719   2.759   2.762   2.806   2.825   2.853 
    2.876   2.894   2.955   2.978   3.005   3.019   3.069   3.072 
    3.087   3.113   3.125   3.136   3.149   3.180   3.232   3.247 
    3.280   3.299   3.389   3.416   3.435   3.499   3.503   3.526 
    3.534   3.563   3.565   3.573   3.642   3.646   3.663   3.677 
    3.690   3.714   3.758   3.773   3.814   3.820   3.837   3.902 
    3.915   3.922   3.928   3.934   3.988   3.991   4.001   4.008 
    4.053   4.055   4.097   4.103   4.140   4.158   4.186   4.200 
    4.230   4.244   4.286   4.292   4.311   4.314   4.410   4.412 
    4.452   4.457   4.477   4.511   4.521   4.528   4.549   4.557 
    4.562   4.586   4.587   4.606   4.617   4.620   4.648   4.664 
    4.685   4.693   4.777   4.804   4.840   4.871   4.878   4.905 
    4.908   4.944   4.971   4.980   5.001   5.038   5.047   5.067 
    5.105   5.124   5.168   5.195   5.225   5.273   5.297   5.310 
    5.325   5.327   5.348   5.358   5.372   5.390   5.404   5.424 
    5.462   5.470   5.487   5.510   5.525   5.555   5.565   5.595 
    5.606   5.633   5.660   5.682   5.687   5.720   5.732   5.758 
    5.760   5.772   5.797   5.836   5.838   5.858   5.907   5.948 
    5.955   5.964   5.986   6.050   6.072   6.140   6.143   6.152 
    6.200   6.228   6.273   6.327   6.369   6.404   6.411   6.491 
    6.505   6.684   6.707   6.732   6.746   6.827   6.831   6.857 
    6.862   6.879   6.944   7.003   7.035   7.057   7.073   7.102 
    7.232   7.263   7.278   7.340   7.357   7.376   7.396   7.415 
    7.469   7.506   7.506   7.528   7.536   7.591   7.634   7.681 
    7.705   7.741   7.784   7.891   7.962   8.011   8.064   8.082 
    8.114   8.139   8.296   8.357   8.451   8.599   8.617   8.684 
    8.754   8.865   8.868   8.960   9.068   9.167   9.218   9.219 
    9.308   9.319   9.327   9.393   9.403   9.422   9.464   9.518 
    9.559   9.595   9.597   9.631   9.637   9.697   9.700   9.720 
    9.795   9.821   9.824   9.898   9.945   9.945   9.966  10.011 
   10.059  10.089  10.120  10.163  10.176  10.235  10.240  10.256 
   10.303  10.331  10.375  10.380  10.464  10.488  10.497  10.565 
   10.592  10.619  10.621  10.623  10.713  10.760  10.765  10.773 
   10.797  10.808  10.918  10.924  10.929  11.012  11.034  11.169 
   11.208  11.266  11.298  11.308  11.321  11.386  11.400  11.430 
   11.478  11.480  11.534  11.581  11.623  11.627  11.646  11.694 
   11.743  11.785  11.898  12.099  12.119  12.128  12.141  12.163 
   12.191  12.380  12.443  12.452  12.464  12.505  12.509  12.528 
   12.546  12.587  12.607  12.616  12.631  12.637  12.647  12.659 
   12.669  12.707  12.713  12.743  12.788  12.802  12.824  12.834 
   12.880  12.890  12.906  12.915  12.932  12.941  13.035  13.040 
   13.109  13.123  13.182  13.194  13.252  13.264  13.290  13.304 
   13.315  13.361  13.387  13.430  13.453  13.458  13.496  13.520 
   13.546  13.559  13.641  13.653  13.762  13.798  13.800  13.815 
   13.840  13.859  13.869  13.888  13.907  13.925  13.937  13.954 
   13.963  13.984  13.997  13.999  14.053  14.078  14.101  14.105 
   14.107  14.120  14.147  14.181  14.193  14.240  14.244  14.253 
   14.288  14.296  14.319  14.340  14.369  14.376  14.440  14.451 
   14.484  14.513  14.517  14.561  14.574  14.597  14.629  14.649 
   14.681  14.704  14.760  14.774  14.820  14.822  14.832  14.890 
   14.914  14.961  14.992  15.125  15.216  15.279  15.322  15.417 
   15.455  15.479  15.539  15.564  15.595  15.707  15.755  15.775 
   15.782  15.813  15.814  15.875  15.901  15.970  16.018  16.036 
   16.323  16.342  16.660  16.750  16.771  16.916  16.942  16.949 
   17.335  17.470  17.522  17.527  17.569  17.609  17.682  17.685 
   17.747  17.802  17.867  17.883  18.074  18.158  18.221  18.271 
   18.337  18.410  18.463  18.495  18.506  18.782  18.844  18.865 
   18.907  18.938  18.992  19.004  19.111  19.876  20.618  20.709 
   20.799  20.826  20.844  20.861  25.619  25.634  26.717  32.185 
   39.691  42.448  42.678  52.262  52.274  52.601  52.604  52.878 
   52.885  53.048  53.050  53.497  53.765  53.769  54.420  55.139 
   55.152  56.382  70.132  98.981  98.981  99.004  99.005  99.055 
   99.055  99.148  99.149  99.183 123.298 123.308 124.041 147.930 
  147.939 148.537 148.542 149.408 152.735 171.042 171.044 171.283 
  171.284 171.620 171.623 171.881 291.318 291.327 291.980 318.398 
  318.398 318.400 318.400 318.401 318.401 318.402 318.402 318.403 
  318.403 318.403 338.636 370.719 370.719 370.727 370.727 370.744 
  370.744 370.774 370.774 370.784 380.863 380.870 381.342 381.346 
  382.042 526.367 526.368 526.506 526.506 526.702 526.704 526.836 
  750.939 750.947 751.509 821.343 972.377 972.383 972.751 972.754 
  973.299 2436.122 2436.129 2436.641 3190.558 


  >>> Running UHF-MP2 <<<

MP2 correlation energy (UHF) : -0.8615469277
MP2 total energy       (UHF) : -157.0300202185

