	*********************************************** 
	***** Beginning CEBE Calculation with MOM ***** 
	*****       Calculation Details:          ***** 
	      Geometry:	 /home/am3939/core/calculations/mols/exp/f/cf3chch2.xyz
	      Core Basis:	 ccX-5Z
	      Full Basis:	 cc-pV5Z
	      DIIS (start, space):	 0 50
	      Level shift:	 0
	      Do localization?:	 False
	      Do SFX2C1E?:	 True
	      Freeze orbitals?:	 True
	      Use Cheng orbitals?:	 False
	      Do Special Basis?:	 True
	      Do Special Basis?:	 ccX-5Z
	*********************************************** 
	*********************************************** 

  >>> Running RHF <<<

init D/C      : minao
init ov       : zeros
no            : 24
nv            : 990
ov_size       : 23760
max_cycle     : 1000
conv          : 6
econv         : 9
method        : gdm
scale_stop    : 0
scale_factor  : 1.000000
init E        : -413.674625926926
init |[F,P]|  : 5.03e-03
init |dE|     : 1.23e-02
check file    : None

iter      total energy   |[F,P]|      |dE|         ∆E   comment
   1    -413.794546686  3.36e-03  8.01e-03  -1.20e-01  BFGS
   2    -413.851206978  3.17e-04  7.99e-04  -5.67e-02  BFGS
   3    -413.852293070  1.00e-04  2.49e-04  -1.09e-03  BFGS
   4    -413.852407604  2.97e-05  7.33e-05  -1.15e-04  BFGS
   5    -413.852415665  9.61e-06  2.23e-05  -8.06e-06  BFGS
   6    -413.852416563  3.12e-06  8.17e-06  -8.97e-07  BFGS
   7    -413.852416634  5.82e-07  1.44e-06  -7.13e-08  BFGS
   8    -413.852416638  1.89e-07  4.56e-07  -3.66e-09  BFGS
   9    -413.852416638  7.17e-08  1.80e-07  -3.37e-10  BFGS
                                                                      gdm is converged!

SCF converged : True
final |[F,P]| : 7.17e-08
final |dE|    : 1.80e-07
final Escf    : -666.654928488542
final Etot    : -413.852416637957

  pxp & ewc             :::        0.966 (  0.13%)
  apply B               :::        0.003 (  0.00%)
  linsrch               :::      751.712 ( 99.87%)
  grad                  :::        0.042 (  0.01%)
  Total                 :::      752.723 (100.00%)

Alpha occupied
  -26.332 -26.329 -26.329 -11.505 -11.267 -11.265  -1.726  -1.631 
   -1.628  -1.108  -0.970  -0.866  -0.821  -0.818  -0.758  -0.711 
   -0.707  -0.668  -0.659  -0.647  -0.645  -0.608  -0.543  -0.416 

Alpha virtual
    0.089   0.097   0.108   0.122   0.157   0.163   0.170   0.203 
    0.211   0.213   0.235   0.238   0.272   0.275   0.277   0.296 
    0.303   0.306   0.340   0.352   0.375   0.382   0.383   0.410 
    0.422   0.444   0.452   0.459   0.476   0.486   0.497   0.526 
    0.544   0.569   0.576   0.627   0.632   0.651   0.657   0.682 
    0.692   0.693   0.700   0.722   0.725   0.737   0.754   0.759 
    0.769   0.800   0.801   0.814   0.834   0.843   0.854   0.865 
    0.876   0.882   0.903   0.907   0.924   0.945   0.956   0.980 
    0.995   1.010   1.029   1.032   1.044   1.058   1.120   1.124 
    1.139   1.178   1.205   1.230   1.300   1.318   1.345   1.353 
    1.399   1.427   1.446   1.472   1.489   1.516   1.532   1.559 
    1.573   1.586   1.591   1.593   1.622   1.629   1.643   1.651 
    1.661   1.680   1.680   1.709   1.745   1.755   1.770   1.785 
    1.790   1.817   1.842   1.849   1.857   1.861   1.869   1.884 
    1.901   1.902   1.918   1.920   1.945   1.975   1.976   1.982 
    1.986   1.991   2.016   2.042   2.051   2.060   2.074   2.102 
    2.122   2.137   2.138   2.153   2.178   2.179   2.205   2.231 
    2.263   2.313   2.318   2.339   2.344   2.362   2.398   2.418 
    2.455   2.457   2.478   2.527   2.535   2.581   2.624   2.635 
    2.641   2.706   2.726   2.769   2.810   2.813   2.839   2.866 
    2.888   2.970   2.988   3.021   3.083   3.102   3.153   3.183 
    3.225   3.247   3.275   3.283   3.316   3.318   3.335   3.363 
    3.372   3.396   3.444   3.451   3.465   3.485   3.499   3.525 
    3.545   3.552   3.587   3.622   3.643   3.680   3.681   3.714 
    3.747   3.759   3.790   3.793   3.825   3.828   3.886   3.894 
    3.906   3.916   3.949   3.950   3.954   3.999   4.020   4.037 
    4.043   4.048   4.071   4.086   4.091   4.110   4.127   4.179 
    4.183   4.196   4.198   4.210   4.219   4.226   4.238   4.247 
    4.253   4.280   4.298   4.310   4.332   4.339   4.357   4.368 
    4.401   4.412   4.414   4.429   4.455   4.472   4.481   4.483 
    4.494   4.533   4.551   4.553   4.568   4.575   4.623   4.641 
    4.653   4.659   4.683   4.704   4.730   4.737   4.767   4.810 
    4.812   4.832   4.837   4.857   4.872   4.940   4.943   4.978 
    5.011   5.027   5.060   5.079   5.103   5.115   5.156   5.164 
    5.188   5.205   5.224   5.236   5.290   5.308   5.344   5.346 
    5.370   5.394   5.397   5.432   5.512   5.522   5.546   5.548 
    5.624   5.625   5.651   5.687   5.700   5.717   5.784   5.815 
    5.854   5.872   5.916   5.986   6.015   6.041   6.043   6.064 
    6.078   6.155   6.184   6.236   6.264   6.310   6.399   6.435 
    6.511   6.572   6.580   6.611   6.697   6.762   6.828   6.862 
    6.962   6.962   7.026   7.038   7.087   7.180   7.222   7.304 
    7.366   7.397   7.407   7.418   7.447   7.499   7.592   7.613 
    7.622   7.635   7.642   7.687   7.687   7.701   7.728   7.749 
    7.772   7.836   7.877   7.919   7.958   7.965   8.058   8.092 
    8.118   8.235   8.240   8.282   8.296   8.318   8.375   8.407 
    8.444   8.447   8.498   8.534   8.567   8.619   8.670   8.712 
    8.803   8.824   8.825   8.877   8.911   8.922   8.978   8.998 
    9.017   9.030   9.061   9.079   9.106   9.128   9.134   9.159 
    9.185   9.213   9.224   9.229   9.256   9.288   9.320   9.409 
    9.430   9.468   9.482   9.540   9.567   9.589   9.597   9.607 
    9.617   9.625   9.665   9.703   9.756   9.791   9.827   9.857 
    9.881   9.933   9.952   9.998  10.039  10.049  10.086  10.113 
   10.117  10.125  10.157  10.163  10.190  10.199  10.219  10.240 
   10.254  10.277  10.292  10.320  10.344  10.367  10.375  10.396 
   10.423  10.467  10.474  10.549  10.565  10.595  10.618  10.627 
   10.658  10.661  10.695  10.706  10.773  10.782  10.792  10.815 
   10.861  10.863  10.882  10.889  10.911  10.954  10.963  10.966 
   11.000  11.021  11.075  11.086  11.104  11.121  11.156  11.179 
   11.229  11.251  11.259  11.289  11.331  11.381  11.408  11.414 
   11.465  11.519  11.526  11.535  11.574  11.611  11.644  11.657 
   11.699  11.746  11.759  11.891  11.953  12.048  12.143  12.147 
   12.261  12.406  12.422  12.434  12.569  12.587  12.645  12.702 
   12.716  12.753  12.756  12.782  12.814  12.832  12.848  12.855 
   12.863  12.915  12.951  12.972  13.012  13.046  13.051  13.266 
   13.270  13.280  13.288  13.330  13.344  13.377  13.396  13.407 
   13.408  13.427  13.479  13.535  13.609  13.626  13.677  13.701 
   13.777  13.800  13.824  13.908  13.922  13.937  13.958  14.031 
   14.050  14.068  14.078  14.108  14.195  14.252  14.307  14.312 
   14.384  14.389  14.397  14.520  14.527  14.528  14.577  14.647 
   14.669  14.688  14.820  14.913  14.958  15.026  15.057  15.111 
   15.137  15.237  15.409  15.450  15.492  15.519  15.522  15.581 
   15.698  15.963  15.965  16.034  16.174  16.234  16.291  16.408 
   16.679  17.198  17.376  17.475  17.563  17.603  17.724  17.908 
   18.071  18.115  18.187  18.303  18.321  18.322  18.331  18.332 
   18.333  18.334  18.335  18.335  18.337  18.343  18.346  18.353 
   18.415  18.422  18.438  18.468  18.471  18.472  18.598  18.646 
   18.666  18.690  18.833  18.907  18.908  18.930  18.935  18.945 
   18.947  18.970  18.974  19.010  19.016  19.094  19.094  19.107 
   19.122  19.138  19.182  19.190  19.298  19.327  19.329  19.465 
   19.698  19.735  19.803  19.824  20.824  21.003  21.486  23.734 
   23.746  23.749  23.760  23.767  23.785  23.788  23.875  23.893 
   23.967  23.984  23.996  24.270  24.387  24.398  24.424  24.505 
   24.527  24.655  24.673  24.721  24.728  24.770  24.780  24.782 
   24.823  24.872  24.882  24.883  24.909  25.237  25.286  25.304 
   25.341  25.372  25.387  25.556  25.594  25.673  25.770  25.788 
   25.822  26.041  26.053  26.070  26.115  26.157  26.198  26.823 
   26.902  26.932  28.365  28.418  28.419  28.456  28.477  28.516 
   29.340  29.357  29.439  29.462  29.475  29.519  30.217  30.835 
   30.884  39.693  39.706  39.728  39.741  39.742  39.772  40.016 
   40.139  40.148  40.305  42.180  42.308  54.567  54.611  54.646 
   83.945  83.982  83.983  84.022  84.026  84.055  84.504  84.511 
   84.546  84.561  84.565  84.600  85.299  85.311  85.333  85.349 
   85.355  85.365  85.390  85.506  85.538  85.687  85.696  85.806 
   93.633  93.650  93.657  93.659  93.677  93.688  93.733  93.749 
   93.810  93.829  93.838  93.854  93.923  93.928  93.930  93.947 
   93.951  93.968  94.299  94.306  94.317 119.010 119.036 119.080 
  145.086 145.095 145.095 145.097 145.097 145.097 145.099 145.100 
  145.101 145.105 145.108 145.112 145.133 145.143 145.145 145.146 
  145.165 145.166 145.186 145.187 145.199 145.200 145.202 145.206 
  145.210 145.211 145.211 190.265 190.274 190.293 190.305 190.306 
  190.330 190.613 190.622 190.729 231.232 231.260 231.260 231.291 
  231.294 231.316 231.662 231.670 231.687 231.706 231.708 231.732 
  232.272 232.426 232.451 258.218 258.236 258.284 297.510 297.520 
  297.524 297.525 297.535 297.541 297.566 297.575 297.606 297.620 
  297.625 297.634 297.670 297.674 297.677 297.687 297.687 297.700 
  297.868 297.878 297.884 414.646 414.647 414.647 414.649 414.649 
  414.649 414.649 414.650 414.650 414.650 414.650 414.653 414.653 
  414.653 414.653 414.655 414.655 414.658 414.658 414.658 414.658 
  414.662 414.662 414.665 414.665 414.665 414.665 414.672 414.672 
  414.675 414.675 414.675 414.675 448.045 448.054 448.071 448.081 
  448.082 448.104 448.361 448.368 448.461 547.335 547.338 547.339 
  547.340 547.340 547.341 547.342 547.342 547.343 547.343 547.344 
  547.344 547.349 547.352 547.353 547.354 547.359 547.360 547.364 
  547.365 547.369 547.370 547.370 547.372 547.373 547.374 547.374 
  570.487 570.503 570.551 592.469 592.490 592.491 592.515 592.517 
  592.534 592.808 592.814 592.828 592.843 592.844 592.863 593.286 
  593.414 593.433 896.432 896.438 896.441 896.441 896.446 896.451 
  896.466 896.471 896.489 896.498 896.501 896.506 896.527 896.530 
  896.532 896.537 896.538 896.546 896.643 896.651 896.653 1152.557 
  1152.565 1152.579 1152.588 1152.589 1152.608 1152.834 1152.840 1152.919 
  1383.964 1383.978 1384.029 1517.638 1517.654 1517.655 1517.674 1517.675 
  1517.689 1517.905 1517.910 1517.920 1517.932 1517.932 1517.947 1518.277 
  1518.378 1518.392 3735.192 3735.199 3735.212 3735.220 3735.221 3735.238 
  3735.447 3735.452 3735.524 5407.712 5407.736 5407.835 


  >>> Running RHF-MP2 <<<


RMP2-TIMING
  rmp2                  :::     1106.582 (100.00%)
  Total                 :::     1106.582 (100.00%)

MP2 correlation energy (RHF) : -1.6651525898
MP2 total energy       (RHF) : -415.5175692278


  >>> Running UHF <<<

init D/C      : input mo_coeff
init ov       : zeros
no            : 23 24
nv            : 991 990
ov_size       : 46553
max_cycle     : 1000
conv          : 6
econv         : 9
method        : diis
mom_start     : 0
guess mix     : 0.000000
orb_swap      : [[[0, 23]], []]
init E        : -387.520407895733
init S2       : 0.750000000000281
init |[F,P]|  : 1.25e-02
init |dE|     : 3.33e-02
check file    : None

iter      total energy   |[F,P]|      |dE|         ∆E   S^2   comment
   1    -388.180593924  5.56e-03  1.52e-02  -6.60e-01  0.75  DIIS mom: 22.7/23 23.7/24
   2    -388.399577050  4.86e-04  1.27e-03  -2.19e-01  0.75  DIIS mom: 23.0/23 24.0/24
   3    -388.401875624  1.61e-04  4.06e-04  -2.30e-03  0.76  DIIS mom: 23.0/23 24.0/24
   4    -388.402210732  6.50e-05  1.66e-04  -3.35e-04  0.76  DIIS mom: 23.0/23 24.0/24
   5    -388.402331274  2.21e-05  5.48e-05  -1.21e-04  0.76  DIIS mom: 23.0/23 24.0/24
   6    -388.402345495  6.72e-06  1.62e-05  -1.42e-05  0.76  DIIS mom: 23.0/23 24.0/24
   7    -388.402347090  2.76e-06  6.65e-06  -1.59e-06  0.76  DIIS mom: 23.0/23 24.0/24
   8    -388.402347388  1.20e-06  2.77e-06  -2.98e-07  0.76  DIIS mom: 23.0/23 24.0/24
   9    -388.402347440  6.17e-07  1.35e-06  -5.16e-08  0.76  DIIS mom: 23.0/23 24.0/24
  10    -388.402347461  3.66e-07  7.46e-07  -2.10e-08  0.76  DIIS mom: 23.0/23 24.0/24
  11    -388.402347473  2.91e-07  5.45e-07  -1.26e-08  0.76  DIIS mom: 23.0/23 24.0/24
  12    -388.402347481  2.81e-07  5.17e-07  -7.84e-09  0.76  DIIS mom: 23.0/23 24.0/24
  13    -388.402347491  2.76e-07  5.05e-07  -1.01e-08  0.76  DIIS mom: 23.0/23 24.0/24
  14    -388.402347513  2.68e-07  4.90e-07  -2.15e-08  0.76  DIIS mom: 23.0/23 24.0/24
  15    -388.402347571  2.45e-07  4.53e-07  -5.80e-08  0.76  DIIS mom: 23.0/23 24.0/24
  16    -388.402347732  1.59e-07  3.09e-07  -1.62e-07  0.76  DIIS mom: 23.0/23 24.0/24
  17    -388.402347815  6.52e-08  1.48e-07  -8.21e-08  0.76  DIIS mom: 23.0/23 24.0/24
  18    -388.402347819  2.50e-08  5.67e-08  -4.35e-09  0.76  DIIS mom: 23.0/23 24.0/24
  19    -388.402347819  8.24e-09  1.84e-08  -1.68e-10  0.76  DIIS mom: 23.0/23 24.0/24
                                                                      diis is converged!

SCF converged : True
final |[F,P]| : 8.24e-09
final |dE|    : 1.84e-08
final Escf    : -641.204859669669
final Etot    : -388.402347819083
final S2      : 0.761633477832028

  diis prep             :::        0.719 (  0.05%)
  diis extrap           :::        0.787 (  0.05%)
  roothaan              :::        3.975 (  0.26%)
  fock build            :::     1543.383 ( 99.65%)
  Total                 :::     1548.863 (100.00%)

Alpha occupied
  -26.589 -26.589 -11.809 -11.468 -11.466  -2.232  -1.944  -1.880 
   -1.444  -1.353  -1.337  -1.291  -1.149  -1.070  -1.033  -0.977 
   -0.961  -0.931  -0.899  -0.860  -0.834  -0.749  -0.613 

Alpha virtual
  -24.572  -0.094  -0.074  -0.040  -0.035  -0.007   0.003   0.007 
    0.032   0.042   0.044   0.060   0.068   0.071   0.099   0.112 
    0.122   0.133   0.139   0.145   0.168   0.187   0.196   0.207 
    0.217   0.226   0.247   0.253   0.271   0.281   0.293   0.332 
    0.347   0.351   0.392   0.395   0.420   0.427   0.434   0.441 
    0.480   0.483   0.503   0.505   0.521   0.544   0.548   0.558 
    0.576   0.580   0.588   0.606   0.609   0.625   0.643   0.646 
    0.673   0.677   0.681   0.704   0.725   0.729   0.757   0.774 
    0.792   0.797   0.830   0.841   0.855   0.861   0.891   0.920 
    0.937   0.954   0.978   0.993   1.020   1.097   1.105   1.106 
    1.143   1.177   1.225   1.261   1.273   1.282   1.303   1.323 
    1.332   1.353   1.355   1.388   1.389   1.409   1.412   1.438 
    1.439   1.456   1.465   1.470   1.477   1.495   1.513   1.529 
    1.532   1.552   1.573   1.575   1.603   1.612   1.629   1.653 
    1.659   1.684   1.692   1.700   1.701   1.712   1.745   1.748 
    1.754   1.763   1.783   1.787   1.826   1.829   1.844   1.864 
    1.894   1.910   1.919   1.947   1.965   1.986   1.993   1.996 
    2.033   2.051   2.096   2.109   2.114   2.130   2.150   2.186 
    2.218   2.242   2.254   2.268   2.289   2.310   2.370   2.400 
    2.419   2.422   2.435   2.505   2.565   2.578   2.605   2.625 
    2.658   2.674   2.751   2.785   2.786   2.875   2.888   2.930 
    2.972   3.009   3.021   3.033   3.054   3.055   3.074   3.080 
    3.102   3.149   3.155   3.177   3.207   3.219   3.240   3.252 
    3.306   3.325   3.344   3.362   3.387   3.421   3.447   3.458 
    3.491   3.529   3.538   3.550   3.562   3.576   3.589   3.613 
    3.649   3.665   3.675   3.680   3.714   3.716   3.734   3.738 
    3.750   3.785   3.815   3.833   3.834   3.853   3.866   3.872 
    3.875   3.885   3.926   3.952   3.971   3.983   3.985   3.999 
    4.014   4.032   4.034   4.054   4.059   4.080   4.098   4.103 
    4.119   4.143   4.145   4.185   4.189   4.194   4.223   4.225 
    4.254   4.260   4.291   4.312   4.313   4.334   4.340   4.387 
    4.388   4.411   4.448   4.458   4.473   4.487   4.508   4.519 
    4.569   4.595   4.612   4.619   4.628   4.640   4.736   4.739 
    4.768   4.780   4.800   4.819   4.852   4.875   4.886   4.930 
    4.937   4.953   4.998   4.999   5.009   5.066   5.086   5.131 
    5.142   5.152   5.191   5.194   5.226   5.290   5.312   5.315 
    5.353   5.415   5.417   5.424   5.453   5.465   5.506   5.525 
    5.579   5.608   5.639   5.685   5.751   5.795   5.811   5.821 
    5.837   5.849   5.929   5.959   5.971   6.000   6.088   6.172 
    6.228   6.305   6.347   6.377   6.421   6.459   6.553   6.607 
    6.656   6.672   6.707   6.758   6.825   6.871   6.975   7.018 
    7.074   7.117   7.124   7.182   7.185   7.207   7.239   7.257 
    7.330   7.346   7.392   7.412   7.438   7.444   7.467   7.467 
    7.495   7.512   7.540   7.632   7.662   7.687   7.694   7.803 
    7.826   7.916   7.951   7.996   8.030   8.034   8.068   8.114 
    8.153   8.181   8.187   8.266   8.283   8.320   8.358   8.411 
    8.433   8.496   8.499   8.537   8.553   8.623   8.665   8.666 
    8.703   8.730   8.752   8.757   8.795   8.821   8.851   8.888 
    8.911   8.912   8.926   8.962   8.971   9.039   9.044   9.079 
    9.137   9.172   9.189   9.195   9.211   9.283   9.309   9.334 
    9.353   9.355   9.387   9.394   9.470   9.516   9.520   9.554 
    9.607   9.634   9.655   9.662   9.728   9.746   9.759   9.783 
    9.830   9.860   9.885   9.903   9.910   9.929   9.940   9.949 
    9.972  10.003  10.024  10.051  10.055  10.085  10.097  10.127 
   10.134  10.164  10.225  10.239  10.283  10.288  10.316  10.325 
   10.346  10.379  10.410  10.424  10.446  10.470  10.509  10.524 
   10.549  10.556  10.561  10.594  10.615  10.619  10.677  10.693 
   10.721  10.733  10.752  10.816  10.825  10.829  10.876  10.912 
   10.934  10.936  10.983  11.006  11.035  11.077  11.098  11.159 
   11.170  11.210  11.253  11.265  11.301  11.306  11.375  11.416 
   11.433  11.460  11.482  11.498  11.647  11.749  11.817  11.922 
   11.946  12.026  12.125  12.152  12.192  12.291  12.325  12.418 
   12.455  12.518  12.544  12.570  12.598  12.630  12.646  12.654 
   12.664  12.668  12.716  12.751  12.775  12.814  12.851  12.852 
   12.938  12.952  13.058  13.070  13.073  13.087  13.105  13.113 
   13.168  13.186  13.190  13.266  13.302  13.357  13.405  13.457 
   13.494  13.587  13.597  13.619  13.658  13.669  13.672  13.771 
   13.848  13.855  13.874  13.877  13.920  14.004  14.070  14.113 
   14.128  14.186  14.194  14.204  14.324  14.335  14.344  14.387 
   14.430  14.466  14.492  14.634  14.700  14.755  14.840  14.867 
   14.917  14.944  15.021  15.103  15.184  15.264  15.304  15.328 
   15.360  15.502  15.765  15.782  15.836  15.981  16.046  16.109 
   16.221  16.484  17.006  17.194  17.292  17.376  17.416  17.545 
   17.715  17.883  17.885  17.887  17.890  17.893  17.928  17.957 
   18.000  18.001  18.072  18.085  18.087  18.090  18.090  18.091 
   18.095  18.101  18.110  18.158  18.161  18.182  18.200  18.239 
   18.254  18.294  18.340  18.380  18.432  18.533  18.556  18.609 
   18.648  18.687  18.688  18.718  18.723  18.725  18.790  18.799 
   18.819  18.838  18.851  18.901  18.935  19.001  19.038  19.067 
   19.225  19.279  19.500  19.519  19.545  20.638  20.812  21.299 
   23.242  23.252  23.366  23.408  23.495  23.504  23.521  23.528 
   23.605  23.635  23.669  23.723  23.865  23.929  24.005  24.112 
   24.133  24.199  24.214  24.264  24.302  24.318  24.397  24.457 
   24.472  24.534  24.565  24.584  24.589  24.621  24.662  24.765 
   24.930  24.991  25.065  25.105  25.116  25.169  25.305  25.408 
   25.459  25.489  25.544  25.584  25.791  25.834  25.856  25.932 
   26.260  26.618  26.646  27.513  27.521  28.144  28.164  28.194 
   28.261  28.528  28.607  29.119  29.129  29.212  29.216  29.635 
   30.334  30.578  38.647  38.692  39.070  39.448  39.477  39.486 
   39.521  39.808  39.882  40.101  41.880  42.084  53.442  54.311 
   54.385  82.289  82.294  82.823  82.890  83.699  83.723  83.740 
   83.743  83.753  83.786  83.825  84.128  84.261  84.266  84.306 
   84.320  85.049  85.082  85.091  85.131  85.160  85.243  85.424 
   85.508  92.121  92.143  92.244  92.269  92.394  92.407  92.770 
   93.391  93.401  93.420  93.435  93.481  93.545  93.562  93.585 
   93.662  93.671  93.673  93.707  94.043  94.045 117.222 118.752 
  118.809 143.444 143.444 143.452 143.456 143.500 143.504 143.548 
  143.557 143.562 144.835 144.839 144.842 144.842 144.842 144.842 
  144.849 144.853 144.880 144.882 144.898 144.898 144.925 144.935 
  144.942 144.945 144.946 144.951 187.809 187.845 188.196 190.014 
  190.038 190.045 190.072 190.351 190.433 228.568 228.573 228.975 
  229.025 229.704 231.000 231.005 231.026 231.058 231.410 231.412 
  231.445 231.458 232.063 232.165 255.526 257.959 258.009 294.743 
  294.754 294.811 294.825 294.893 294.900 295.094 297.260 297.266 
  297.277 297.284 297.309 297.346 297.354 297.369 297.408 297.416 
  297.417 297.438 297.613 297.616 412.099 412.099 412.100 412.102 
  412.102 412.106 412.106 412.111 412.111 412.118 412.118 414.387 
  414.387 414.387 414.387 414.389 414.389 414.392 414.392 414.392 
  414.392 414.398 414.398 414.398 414.398 414.406 414.406 414.406 
  414.406 414.417 414.417 414.417 414.417 444.469 444.501 444.814 
  447.793 447.815 447.822 447.845 448.099 448.170 544.057 544.058 
  544.058 544.059 544.072 544.073 544.086 544.090 544.091 547.079 
  547.081 547.082 547.083 547.084 547.084 547.085 547.086 547.092 
  547.093 547.098 547.098 547.105 547.108 547.111 547.112 547.112 
  547.114 566.730 570.229 570.275 588.700 588.705 589.020 589.059 
  589.596 592.231 592.234 592.251 592.276 592.555 592.557 592.583 
  592.592 593.068 593.153 892.251 892.257 892.292 892.300 892.340 
  892.345 892.458 896.179 896.183 896.189 896.193 896.209 896.231 
  896.235 896.244 896.268 896.273 896.273 896.286 896.388 896.391 
  1147.818 1147.845 1148.118 1152.305 1152.324 1152.329 1152.350 1152.574 
  1152.634 1379.097 1383.706 1383.752 1512.774 1512.777 1513.025 1513.055 
  1513.474 1517.397 1517.399 1517.412 1517.431 1517.652 1517.653 1517.673 
  1517.680 1518.051 1518.119 3729.485 3729.510 3729.760 3734.940 3734.957 
  3734.962 3734.980 3735.188 3735.243 5401.988 5407.455 5407.539 

Beta occupied
  -30.085 -26.588 -26.588 -11.808 -11.467 -11.466  -2.362  -1.946 
   -1.879  -1.519  -1.435  -1.427  -1.304  -1.155  -1.073  -1.034 
   -0.978  -0.962  -0.928  -0.898  -0.860  -0.835  -0.749  -0.613 

Beta virtual
   -0.095  -0.077  -0.043  -0.035  -0.008  -0.003   0.007   0.024 
    0.040   0.043   0.060   0.068   0.070   0.099   0.111   0.121 
    0.133   0.135   0.145   0.168   0.188   0.196   0.206   0.218 
    0.226   0.246   0.253   0.271   0.281   0.292   0.333   0.347 
    0.350   0.391   0.394   0.415   0.423   0.429   0.441   0.479 
    0.483   0.503   0.504   0.521   0.544   0.548   0.558   0.576 
    0.579   0.587   0.607   0.609   0.625   0.642   0.647   0.673 
    0.677   0.682   0.704   0.724   0.729   0.757   0.775   0.791 
    0.797   0.830   0.841   0.855   0.861   0.891   0.921   0.937 
    0.954   0.978   0.993   1.021   1.096   1.106   1.108   1.142 
    1.176   1.226   1.258   1.273   1.281   1.303   1.323   1.332 
    1.352   1.354   1.388   1.390   1.397   1.412   1.439   1.440 
    1.450   1.459   1.465   1.477   1.494   1.508   1.523   1.526 
    1.553   1.571   1.572   1.603   1.611   1.628   1.654   1.659 
    1.684   1.693   1.701   1.702   1.710   1.745   1.747   1.754 
    1.763   1.784   1.786   1.826   1.829   1.844   1.864   1.894 
    1.910   1.919   1.946   1.965   1.986   1.993   1.995   2.033 
    2.052   2.096   2.109   2.115   2.131   2.150   2.185   2.218 
    2.240   2.254   2.265   2.288   2.311   2.368   2.399   2.419 
    2.422   2.437   2.505   2.563   2.576   2.605   2.626   2.658 
    2.674   2.752   2.784   2.785   2.875   2.888   2.930   2.972 
    3.010   3.020   3.034   3.055   3.056   3.074   3.080   3.101 
    3.150   3.155   3.177   3.207   3.218   3.240   3.252   3.306 
    3.325   3.343   3.362   3.384   3.421   3.447   3.457   3.491 
    3.528   3.538   3.550   3.562   3.574   3.589   3.610   3.643 
    3.657   3.670   3.672   3.703   3.712   3.718   3.725   3.734 
    3.778   3.814   3.830   3.832   3.853   3.864   3.871   3.873 
    3.883   3.910   3.951   3.965   3.983   3.985   3.999   4.014 
    4.030   4.034   4.051   4.055   4.080   4.098   4.103   4.118 
    4.141   4.145   4.185   4.189   4.193   4.217   4.225   4.252 
    4.259   4.289   4.312   4.313   4.335   4.339   4.386   4.388 
    4.410   4.448   4.458   4.474   4.488   4.508   4.513   4.567 
    4.594   4.610   4.620   4.627   4.639   4.736   4.739   4.764 
    4.781   4.799   4.818   4.853   4.875   4.887   4.922   4.937 
    4.953   4.999   4.999   5.009   5.065   5.086   5.131   5.142 
    5.152   5.190   5.194   5.225   5.291   5.311   5.314   5.353 
    5.415   5.417   5.423   5.451   5.465   5.507   5.524   5.578 
    5.608   5.639   5.685   5.750   5.796   5.810   5.822   5.837 
    5.849   5.929   5.959   5.971   5.999   6.088   6.172   6.228 
    6.305   6.346   6.377   6.421   6.458   6.554   6.607   6.656 
    6.665   6.708   6.758   6.825   6.871   6.974   7.018   7.075 
    7.117   7.123   7.183   7.186   7.208   7.241   7.259   7.331 
    7.347   7.392   7.412   7.436   7.444   7.467   7.468   7.495 
    7.511   7.540   7.631   7.661   7.687   7.695   7.802   7.826 
    7.916   7.940   7.996   8.029   8.030   8.066   8.114   8.145 
    8.181   8.185   8.263   8.278   8.320   8.353   8.360   8.421 
    8.473   8.482   8.497   8.535   8.620   8.632   8.664   8.703 
    8.726   8.751   8.755   8.794   8.821   8.851   8.888   8.909 
    8.911   8.925   8.961   8.971   9.039   9.044   9.078   9.137 
    9.171   9.185   9.194   9.211   9.283   9.308   9.330   9.353 
    9.355   9.386   9.393   9.467   9.513   9.516   9.549   9.606 
    9.628   9.652   9.660   9.710   9.726   9.759   9.781   9.828 
    9.857   9.884   9.902   9.909   9.927   9.939   9.947   9.972 
    9.998  10.022  10.048  10.053  10.084  10.095  10.125  10.134 
   10.163  10.223  10.239  10.279  10.289  10.308  10.320  10.344 
   10.371  10.408  10.424  10.439  10.466  10.502  10.524  10.539 
   10.549  10.560  10.594  10.611  10.619  10.671  10.692  10.719 
   10.732  10.752  10.816  10.821  10.827  10.876  10.907  10.922 
   10.934  10.982  11.005  11.034  11.076  11.092  11.159  11.169 
   11.209  11.253  11.263  11.301  11.305  11.374  11.416  11.432 
   11.460  11.482  11.498  11.646  11.749  11.816  11.922  11.947 
   12.022  12.124  12.150  12.188  12.288  12.326  12.412  12.455 
   12.518  12.544  12.570  12.598  12.630  12.646  12.654  12.664 
   12.668  12.716  12.752  12.774  12.813  12.851  12.852  12.930 
   12.945  13.058  13.070  13.073  13.087  13.105  13.112  13.169 
   13.186  13.190  13.266  13.300  13.356  13.402  13.456  13.494 
   13.587  13.597  13.619  13.656  13.668  13.672  13.771  13.848 
   13.854  13.874  13.877  13.920  14.004  14.070  14.113  14.128 
   14.185  14.194  14.204  14.324  14.335  14.344  14.387  14.428 
   14.466  14.492  14.634  14.699  14.755  14.840  14.867  14.917 
   14.944  15.021  15.093  15.184  15.262  15.304  15.328  15.360 
   15.502  15.764  15.782  15.836  15.981  16.046  16.109  16.221 
   16.484  17.006  17.194  17.292  17.376  17.416  17.545  17.715 
   17.883  17.886  17.888  17.891  17.893  17.926  17.953  17.982 
   17.997  18.001  18.032  18.073  18.086  18.088  18.090  18.090 
   18.091  18.096  18.106  18.155  18.162  18.186  18.205  18.251 
   18.292  18.335  18.378  18.413  18.499  18.533  18.600  18.648 
   18.686  18.688  18.719  18.722  18.723  18.789  18.798  18.816 
   18.837  18.851  18.901  18.934  19.001  19.036  19.067  19.181 
   19.278  19.499  19.519  19.546  20.638  20.812  21.299  23.235 
   23.245  23.360  23.392  23.496  23.504  23.514  23.524  23.589 
   23.604  23.635  23.718  23.841  23.881  23.921  24.107  24.131 
   24.197  24.212  24.245  24.294  24.307  24.397  24.456  24.472 
   24.533  24.562  24.583  24.586  24.617  24.649  24.750  24.917 
   24.986  25.061  25.096  25.115  25.165  25.302  25.400  25.445 
   25.488  25.537  25.580  25.791  25.834  25.856  25.932  26.238 
   26.618  26.647  27.442  27.451  28.139  28.165  28.194  28.260 
   28.466  28.540  29.119  29.128  29.212  29.216  29.584  30.318 
   30.578  38.385  38.430  38.818  39.448  39.477  39.486  39.520 
   39.807  39.882  40.101  41.874  42.084  53.054  54.311  54.385 
   82.095  82.101  82.628  82.694  83.349  83.396  83.592  83.723 
   83.732  83.757  83.766  83.814  84.258  84.265  84.306  84.318 
   85.049  85.082  85.091  85.130  85.159  85.243  85.424  85.508 
   92.032  92.054  92.155  92.180  92.304  92.318  92.680  93.391 
   93.401  93.420  93.435  93.481  93.545  93.562  93.585  93.662 
   93.671  93.673  93.707  94.044  94.045 116.767 118.752 118.809 
  143.380 143.381 143.388 143.392 143.436 143.440 143.483 143.493 
  143.498 144.835 144.839 144.842 144.842 144.842 144.843 144.849 
  144.853 144.880 144.883 144.898 144.898 144.925 144.935 144.942 
  144.945 144.947 144.951 187.380 187.416 187.767 190.014 190.038 
  190.045 190.072 190.351 190.433 228.279 228.285 228.686 228.736 
  229.417 231.000 231.005 231.026 231.058 231.410 231.412 231.445 
  231.458 232.063 232.165 255.070 257.959 258.009 294.552 294.564 
  294.621 294.634 294.702 294.710 294.904 297.260 297.267 297.277 
  297.285 297.309 297.346 297.354 297.369 297.409 297.416 297.417 
  297.438 297.613 297.616 412.014 412.014 412.015 412.017 412.017 
  412.021 412.021 412.026 412.026 412.034 412.034 414.387 414.387 
  414.387 414.387 414.389 414.389 414.392 414.392 414.392 414.392 
  414.398 414.398 414.398 414.398 414.406 414.406 414.406 414.406 
  414.417 414.417 414.417 414.417 444.047 444.079 444.392 447.793 
  447.815 447.822 447.845 448.099 448.170 543.902 543.903 543.903 
  543.904 543.917 543.918 543.931 543.935 543.937 547.079 547.081 
  547.083 547.083 547.084 547.084 547.085 547.086 547.092 547.093 
  547.098 547.098 547.105 547.108 547.111 547.112 547.112 547.114 
  566.321 570.229 570.275 588.403 588.408 588.724 588.762 589.300 
  592.231 592.234 592.251 592.276 592.555 592.557 592.583 592.592 
  593.068 593.153 892.021 892.027 892.062 892.070 892.110 892.114 
  892.228 896.179 896.183 896.189 896.193 896.209 896.231 896.236 
  896.244 896.268 896.273 896.274 896.286 896.388 896.391 1147.480 
  1147.507 1147.781 1152.305 1152.324 1152.329 1152.350 1152.574 1152.634 
  1378.771 1383.706 1383.752 1512.525 1512.529 1512.776 1512.807 1513.226 
  1517.397 1517.399 1517.412 1517.431 1517.652 1517.653 1517.673 1517.680 
  1518.051 1518.119 3729.284 3729.308 3729.559 3734.940 3734.957 3734.962 
  3734.980 3735.188 3735.243 5401.811 5407.455 5407.539 


  >>> Running UHF-MP2 <<<

MP2 correlation energy (UHF) : -1.6073839583
MP2 total energy       (UHF) : -390.0097317774

