	*********************************************** 
	***** Beginning CEBE Calculation with MOM ***** 
	*****       Calculation Details:          ***** 
	      Geometry:	 /work/morgunov/rev2calcs/mols/exp/o/hcooh.xyz
	      Core Basis:	 ccX-5Z
	      Full Basis:	 cc-pV5Z
	      DIIS (start, space):	 0 50
	      Level shift:	 0
	      Do localization?:	 False
	      Do SFX2C1E?:	 True
	      Freeze orbitals?:	 True
	      Use Cheng orbitals?:	 False
	      Do Special Basis?:	 True
	      Do Special Basis?:	 ccX-5Z
	*********************************************** 
	*********************************************** 

  >>> Running RHF <<<

init D/C      : minao
init ov       : zeros
no            : 12
nv            : 573
ov_size       : 6876
max_cycle     : 1000
conv          : 6
econv         : 9
method        : gdm
scale_stop    : 0
scale_factor  : 1.000000
init E        : -188.734121835231
init |[F,P]|  : 7.52e-03
init |dE|     : 1.89e-02
check file    : None

iter      total energy   |[F,P]|      |dE|         ∆E   comment
   1    -188.796037289  6.06e-03  1.48e-02  -6.19e-02  BFGS
   2    -188.857981217  6.99e-04  1.65e-03  -6.19e-02  BFGS
   3    -188.859117345  3.95e-04  9.44e-04  -1.14e-03  BFGS
   4    -188.859473687  1.05e-04  2.66e-04  -3.56e-04  BFGS
   5    -188.859518074  3.93e-05  9.78e-05  -4.44e-05  BFGS
   6    -188.859526541  1.10e-05  2.70e-05  -8.47e-06  BFGS
   7    -188.859526958  3.25e-06  7.93e-06  -4.17e-07  BFGS
   8    -188.859526991  7.29e-07  1.71e-06  -3.35e-08  BFGS
   9    -188.859526993  2.20e-07  5.23e-07  -2.00e-09  BFGS
  10    -188.859526993  4.40e-08  1.13e-07  -1.85e-10  BFGS
                                                                      gdm is converged!

SCF converged : True
final |[F,P]| : 4.40e-08
final |dE|    : 1.13e-07
final Escf    : -259.068178027434
final Etot    : -188.859526993397

  pxp & ewc             :::        0.474 (  0.07%)
  apply B               :::        0.003 (  0.00%)
  linsrch               :::      711.587 ( 99.93%)
  grad                  :::        0.043 (  0.01%)
  Total                 :::      712.108 (100.00%)

Alpha occupied
  -20.627 -20.564 -11.396  -1.478  -1.377  -0.896  -0.727  -0.715 
   -0.640  -0.606  -0.498  -0.475 

Alpha virtual
    0.089   0.102   0.134   0.136   0.144   0.175   0.178   0.193 
    0.213   0.243   0.276   0.300   0.336   0.391   0.412   0.485 
    0.490   0.503   0.505   0.544   0.546   0.588   0.596   0.598 
    0.610   0.615   0.640   0.647   0.657   0.768   0.808   0.823 
    0.831   0.888   0.907   0.923   0.961   1.023   1.056   1.080 
    1.178   1.223   1.228   1.289   1.309   1.347   1.347   1.360 
    1.414   1.419   1.428   1.459   1.466   1.478   1.484   1.501 
    1.532   1.568   1.576   1.676   1.706   1.708   1.787   1.804 
    1.822   1.831   1.893   1.897   1.917   1.937   1.982   2.047 
    2.066   2.095   2.098   2.128   2.210   2.215   2.314   2.358 
    2.438   2.524   2.532   2.601   2.611   2.664   2.692   2.765 
    2.872   2.897   2.983   3.001   3.040   3.086   3.107   3.142 
    3.149   3.165   3.183   3.187   3.235   3.261   3.265   3.305 
    3.339   3.341   3.395   3.403   3.417   3.458   3.477   3.486 
    3.575   3.581   3.662   3.695   3.695   3.705   3.729   3.790 
    3.878   3.896   3.929   3.973   4.019   4.046   4.073   4.115 
    4.164   4.206   4.249   4.347   4.413   4.435   4.455   4.519 
    4.581   4.587   4.630   4.667   4.721   4.782   4.844   4.890 
    4.967   4.992   5.022   5.128   5.197   5.227   5.276   5.279 
    5.341   5.343   5.402   5.471   5.518   5.541   5.644   5.654 
    5.708   5.831   5.867   5.959   6.043   6.071   6.227   6.254 
    6.289   6.389   6.394   6.599   6.655   6.726   6.744   6.751 
    6.822   6.866   7.007   7.011   7.028   7.062   7.075   7.145 
    7.149   7.199   7.223   7.280   7.317   7.333   7.382   7.404 
    7.472   7.501   7.522   7.578   7.605   7.642   7.687   7.718 
    7.728   7.748   7.883   7.924   8.060   8.099   8.142   8.170 
    8.324   8.373   8.424   8.540   8.672   8.749   8.825   8.828 
    8.885   8.897   8.995   9.104   9.149   9.159   9.254   9.369 
    9.433   9.574   9.619   9.717   9.798   9.917   9.930   9.974 
   10.032  10.060  10.123  10.162  10.168  10.250  10.320  10.376 
   10.465  10.549  10.656  10.689  10.778  10.890  11.040  11.079 
   11.188  11.339  11.600  11.769  12.016  12.127  12.313  12.381 
   12.440  12.483  12.507  12.630  12.689  12.697  12.767  12.797 
   12.831  12.858  12.910  12.958  12.978  13.035  13.110  13.175 
   13.411  13.416  13.570  13.621  13.634  13.671  13.684  13.755 
   13.780  13.783  13.862  13.927  14.088  14.133  14.181  14.184 
   14.213  14.277  14.282  14.340  14.370  14.415  14.498  14.599 
   14.621  14.648  14.690  14.701  14.732  14.736  14.881  14.915 
   14.921  15.128  15.167  15.331  15.494  15.566  15.570  15.714 
   15.764  15.776  15.843  16.013  16.194  16.221  16.305  16.380 
   16.514  16.602  16.736  16.856  16.913  17.122  17.258  17.361 
   17.458  17.785  17.812  17.819  17.847  18.029  18.413  18.553 
   18.569  18.674  18.774  18.871  18.879  18.938  18.950  19.067 
   19.069  19.097  19.230  19.296  19.395  19.397  19.479  19.483 
   19.536  19.578  19.657  19.668  19.787  19.826  19.874  19.895 
   20.044  20.103  20.202  20.454  20.717  20.909  20.991  21.216 
   21.497  21.601  22.003  22.135  22.549  22.674  22.941  23.081 
   23.302  23.417  23.629  23.703  24.165  24.717  25.598  26.308 
   30.772  30.802  30.997  31.307  31.597  32.117  41.648  43.371 
   43.510  65.994  66.053  66.061  66.090  66.240  66.294  66.462 
   66.491  66.589  66.625  66.715  66.788  66.842  67.258  67.666 
   68.079  70.493  70.509  70.601  70.742  70.753  70.797  70.881 
   71.198  71.235  71.256  71.469  71.571  71.739  72.095  93.977 
   94.155 118.575 118.583 118.587 118.588 118.596 118.608 118.612 
  118.614 118.627 118.631 118.663 118.670 118.671 118.691 118.709 
  118.721 118.745 118.787 147.366 147.408 147.544 147.761 147.955 
  148.213 183.915 183.968 184.130 184.286 184.422 184.491 184.589 
  184.863 185.175 185.369 203.464 203.623 225.483 225.492 225.518 
  225.593 225.617 225.646 225.660 225.793 225.874 225.883 225.997 
  226.043 226.104 226.271 347.037 347.087 347.202 347.390 347.572 
  347.798 385.946 385.946 385.949 385.950 385.952 385.954 385.954 
  385.958 385.958 385.964 385.964 386.006 386.006 386.012 386.012 
  386.017 386.017 386.020 386.020 386.022 386.024 386.024 448.980 
  449.133 449.959 449.961 449.962 449.967 449.973 449.974 449.991 
  450.003 450.003 450.008 450.010 450.012 450.021 450.028 450.029 
  450.029 450.043 450.047 472.987 473.028 473.142 473.266 473.390 
  473.427 473.518 473.721 473.978 474.115 685.423 685.433 685.436 
  685.468 685.502 685.513 685.526 685.583 685.638 685.661 685.719 
  685.745 685.787 685.855 892.572 892.629 892.723 892.878 893.046 
  893.234 1087.423 1087.584 1213.213 1213.244 1213.317 1213.416 1213.530 
  1213.540 1213.625 1213.772 1213.986 1214.078 2891.964 2892.026 2892.107 
  2892.243 2892.403 2892.568 4236.669 4237.019 


  >>> Running RHF-MP2 <<<


RMP2-TIMING
  rmp2                  :::      643.057 (100.00%)
  Total                 :::      643.057 (100.00%)

MP2 correlation energy (RHF) : -0.8540758414
MP2 total energy       (RHF) : -189.7136028348


  >>> Running UHF <<<

init D/C      : input mo_coeff
init ov       : zeros
no            : 11 12
nv            : 574 573
ov_size       : 13190
max_cycle     : 1000
conv          : 6
econv         : 9
method        : diis
mom_start     : 0
guess mix     : 0.000000
orb_swap      : [[[0, 11]], []]
init E        : -168.232586096146
init S2       : 0.750000000000073
init |[F,P]|  : 2.06e-02
init |dE|     : 5.34e-02
check file    : None

iter      total energy   |[F,P]|      |dE|         ∆E   S^2   comment
   1    -168.723046285  1.14e-02  2.89e-02  -4.90e-01  0.75  DIIS mom: 10.7/11 11.6/12
   2    -169.015187641  1.36e-03  3.43e-03  -2.92e-01  0.76  DIIS mom: 10.9/11 11.9/12
   3    -169.019851489  7.49e-04  1.87e-03  -4.66e-03  0.76  DIIS mom: 11.0/11 12.0/12
   4    -169.021813766  1.71e-04  4.07e-04  -1.96e-03  0.76  DIIS mom: 11.0/11 12.0/12
   5    -169.022132383  7.53e-05  1.76e-04  -3.19e-04  0.77  DIIS mom: 11.0/11 12.0/12
   6    -169.022204945  2.96e-05  6.68e-05  -7.26e-05  0.77  DIIS mom: 11.0/11 12.0/12
   7    -169.022221099  2.13e-05  4.67e-05  -1.62e-05  0.77  DIIS mom: 11.0/11 12.0/12
   8    -169.022231810  2.01e-05  4.38e-05  -1.07e-05  0.77  DIIS mom: 11.0/11 12.0/12
   9    -169.022248102  1.95e-05  4.24e-05  -1.63e-05  0.77  DIIS mom: 11.0/11 12.0/12
  10    -169.022297785  1.79e-05  3.91e-05  -4.97e-05  0.77  DIIS mom: 11.0/11 12.0/12
  11    -169.022431064  1.55e-05  3.71e-05  -1.33e-04  0.79  DIIS mom: 11.0/11 12.0/12
  12    -169.022446144  7.97e-06  1.75e-05  -1.51e-05  0.80  DIIS mom: 11.0/11 12.0/12
  13    -169.022462235  5.95e-06  1.49e-05  -1.61e-05  0.81  DIIS mom: 11.0/11 12.0/12
  14    -169.022460725  4.99e-06  1.20e-05   1.51e-06  0.80  DIIS mom: 11.0/11 12.0/12
  15    -169.022462267  2.78e-06  6.82e-06  -1.54e-06  0.81  DIIS mom: 11.0/11 12.0/12
  16    -169.022462648  3.39e-07  8.29e-07  -3.81e-07  0.81  DIIS mom: 11.0/11 12.0/12
  17    -169.022462652  1.84e-07  4.49e-07  -3.82e-09  0.81  DIIS mom: 11.0/11 12.0/12
  18    -169.022462654  1.28e-08  3.10e-08  -1.77e-09  0.81  DIIS mom: 11.0/11 12.0/12
  19    -169.022462654  1.09e-08  2.65e-08   1.76e-12  0.81  DIIS mom: 11.0/11 12.0/12
                                                                      diis is converged!

SCF converged : True
final |[F,P]| : 1.09e-08
final |dE|    : 2.65e-08
final Escf    : -239.231113687639
final Etot    : -169.022462653601
final S2      : 0.808887046831643

  diis prep             :::        0.477 (  0.03%)
  diis extrap           :::        0.387 (  0.03%)
  roothaan              :::        1.774 (  0.12%)
  fock build            :::     1452.901 ( 99.82%)
  Total                 :::     1455.539 (100.00%)

Alpha occupied
  -20.886 -11.709  -1.934  -1.710  -1.324  -1.184  -1.130  -1.051 
   -0.947  -0.844  -0.792 

Alpha virtual
  -19.039  -0.149  -0.139  -0.076  -0.050  -0.046  -0.015  -0.002 
    0.025   0.026   0.057   0.085   0.091   0.108   0.160   0.178 
    0.203   0.235   0.259   0.270   0.300   0.307   0.332   0.342 
    0.384   0.399   0.402   0.414   0.420   0.429   0.530   0.558 
    0.592   0.596   0.643   0.665   0.682   0.705   0.741   0.816 
    0.841   0.884   0.941   0.972   1.007   1.042   1.052   1.075 
    1.080   1.092   1.124   1.140   1.188   1.221   1.237   1.243 
    1.264   1.274   1.309   1.310   1.402   1.428   1.430   1.504 
    1.509   1.564   1.566   1.619   1.638   1.647   1.668   1.715 
    1.780   1.787   1.814   1.825   1.862   1.938   1.950   2.007 
    2.059   2.174   2.230   2.248   2.295   2.333   2.353   2.380 
    2.485   2.551   2.604   2.686   2.691   2.732   2.755   2.774 
    2.817   2.837   2.860   2.872   2.895   2.941   2.944   2.964 
    2.976   3.029   3.059   3.073   3.101   3.132   3.152   3.174 
    3.212   3.241   3.271   3.342   3.387   3.396   3.407   3.438 
    3.493   3.575   3.610   3.637   3.655   3.727   3.757   3.761 
    3.797   3.869   3.934   3.951   4.038   4.106   4.118   4.139 
    4.239   4.258   4.277   4.342   4.367   4.394   4.479   4.540 
    4.595   4.673   4.705   4.713   4.841   4.864   4.935   4.969 
    4.988   5.022   5.035   5.081   5.155   5.183   5.219   5.326 
    5.354   5.387   5.509   5.560   5.614   5.735   5.777   5.892 
    5.928   5.943   6.050   6.064   6.283   6.318   6.341   6.424 
    6.430   6.478   6.512   6.543   6.616   6.672   6.727   6.779 
    6.831   6.840   6.870   6.920   6.963   7.019   7.027   7.054 
    7.096   7.106   7.155   7.200   7.236   7.294   7.315   7.385 
    7.386   7.406   7.430   7.541   7.594   7.723   7.751   7.770 
    7.831   7.908   8.044   8.096   8.189   8.362   8.436   8.491 
    8.521   8.570   8.584   8.671   8.748   8.821   8.827   8.892 
    9.030   9.091   9.225   9.298   9.409   9.469   9.561   9.566 
    9.639   9.674   9.755   9.755   9.843   9.863   9.916   9.948 
   10.050  10.108  10.251  10.349  10.385  10.488  10.567  10.715 
   10.758  10.875  11.023  11.295  11.440  11.670  11.794  11.980 
   12.037  12.052  12.089  12.162  12.240  12.337  12.342  12.430 
   12.478  12.491  12.557  12.583  12.599  12.621  12.655  12.718 
   12.830  13.073  13.116  13.244  13.274  13.291  13.314  13.338 
   13.392  13.400  13.457  13.514  13.638  13.732  13.787  13.824 
   13.874  13.901  13.974  13.981  14.024  14.026  14.042  14.069 
   14.198  14.269  14.302  14.334  14.364  14.394  14.418  14.421 
   14.589  14.627  14.741  14.823  15.026  15.166  15.204  15.234 
   15.340  15.362  15.434  15.530  15.686  15.787  15.844  15.893 
   16.038  16.201  16.295  16.327  16.446  16.605  16.733  16.873 
   17.068  17.085  17.380  17.387  17.450  17.517  17.724  18.070 
   18.241  18.241  18.262  18.401  18.510  18.529  18.580  18.593 
   18.657  18.738  18.764  18.835  18.876  18.936  19.049  19.092 
   19.119  19.175  19.190  19.243  19.316  19.356  19.447  19.492 
   19.521  19.613  19.696  19.706  20.045  20.360  20.548  20.598 
   20.721  21.004  21.225  21.684  21.807  21.865  22.246  22.344 
   22.547  22.879  22.992  22.998  23.327  23.517  24.411  24.984 
   25.740  29.873  30.406  30.483  30.692  31.201  31.331  41.309 
   42.516  43.059  64.678  64.801  65.000  65.084  65.253  65.317 
   65.678  65.708  65.769  65.776  65.935  66.299  66.303  66.567 
   66.619  67.350  69.310  69.455  69.580  69.906  69.952  70.172 
   70.179  70.245  70.414  70.477  70.791  70.916  71.194  71.403 
   92.539  93.683 117.103 117.110 117.119 117.134 117.150 117.155 
  117.209 117.263 117.306 118.262 118.263 118.290 118.294 118.347 
  118.350 118.352 118.394 118.407 145.228 145.618 146.056 147.085 
  147.234 147.654 181.744 181.902 182.097 182.445 182.977 183.598 
  183.662 184.100 184.306 184.862 201.212 203.169 223.118 223.190 
  223.255 223.392 223.476 223.630 223.864 225.164 225.173 225.295 
  225.328 225.556 225.692 225.778 343.911 344.259 344.655 346.768 
  346.891 347.269 383.501 383.501 383.507 383.507 383.510 383.512 
  383.513 383.518 383.518 383.525 383.525 385.685 385.685 385.692 
  385.692 385.697 385.698 385.700 385.703 385.703 385.708 385.708 
  445.786 447.026 447.027 447.027 447.034 447.039 447.040 447.056 
  447.071 447.085 448.686 449.683 449.684 449.692 449.693 449.710 
  449.711 449.711 449.727 449.731 469.790 469.916 470.069 470.344 
  470.758 472.672 472.720 473.072 473.229 473.665 681.771 681.813 
  681.851 681.929 681.983 682.072 682.198 685.115 685.121 685.192 
  685.210 685.344 685.420 685.468 888.420 888.723 889.067 892.313 
  892.412 892.743 1083.262 1087.131 1209.013 1209.113 1209.231 1209.447 
  1209.769 1212.899 1212.937 1213.214 1213.332 1213.674 2886.957 2887.234 
  2887.548 2891.713 2891.798 2892.101 4231.905 4236.393 

Beta occupied
  -23.939 -20.876 -11.714  -2.049  -1.694  -1.384  -1.264  -1.222 
   -1.060  -0.941  -0.808  -0.785 

Beta virtual
   -0.159  -0.140  -0.078  -0.053  -0.049  -0.025  -0.001   0.021 
    0.025   0.055   0.080   0.088   0.103   0.145   0.174   0.201 
    0.233   0.256   0.266   0.299   0.303   0.327   0.341   0.387 
    0.400   0.404   0.414   0.422   0.430   0.529   0.558   0.594 
    0.597   0.643   0.666   0.673   0.699   0.739   0.815   0.840 
    0.888   0.945   0.967   1.005   1.038   1.044   1.065   1.075 
    1.087   1.107   1.142   1.184   1.222   1.237   1.255   1.266 
    1.273   1.309   1.311   1.400   1.429   1.432   1.505   1.510 
    1.565   1.566   1.618   1.638   1.647   1.667   1.713   1.777 
    1.782   1.814   1.826   1.860   1.939   1.949   2.008   2.059 
    2.171   2.231   2.248   2.289   2.327   2.342   2.376   2.487 
    2.550   2.603   2.683   2.692   2.733   2.736   2.759   2.805 
    2.821   2.855   2.875   2.900   2.937   2.944   2.944   2.978 
    3.028   3.066   3.073   3.103   3.128   3.150   3.175   3.214 
    3.233   3.268   3.342   3.385   3.391   3.408   3.437   3.492 
    3.571   3.609   3.634   3.649   3.726   3.757   3.760   3.794 
    3.865   3.930   3.952   4.038   4.104   4.115   4.140   4.238 
    4.253   4.275   4.341   4.367   4.395   4.477   4.540   4.596 
    4.671   4.704   4.715   4.840   4.854   4.936   4.969   4.982 
    5.015   5.030   5.080   5.156   5.185   5.216   5.323   5.357 
    5.385   5.504   5.559   5.603   5.733   5.780   5.877   5.929 
    5.942   6.050   6.061   6.281   6.303   6.318   6.423   6.429 
    6.470   6.504   6.507   6.580   6.672   6.724   6.794   6.833 
    6.839   6.863   6.925   6.959   7.022   7.023   7.053   7.091 
    7.096   7.154   7.201   7.236   7.292   7.311   7.384   7.389 
    7.405   7.431   7.542   7.594   7.703   7.737   7.762   7.820 
    7.875   8.044   8.089   8.186   8.364   8.434   8.486   8.527 
    8.564   8.574   8.669   8.738   8.812   8.825   8.886   9.023 
    9.086   9.218   9.295   9.410   9.466   9.552   9.553   9.635 
    9.671   9.742   9.758   9.835   9.861   9.906   9.939  10.048 
   10.102  10.249  10.346  10.383  10.484  10.563  10.713  10.756 
   10.873  11.023  11.292  11.438  11.667  11.787  11.975  12.038 
   12.050  12.091  12.160  12.242  12.338  12.340  12.429  12.479 
   12.485  12.558  12.579  12.600  12.605  12.655  12.719  12.822 
   13.066  13.115  13.243  13.272  13.292  13.306  13.338  13.385 
   13.388  13.455  13.509  13.639  13.727  13.784  13.822  13.864 
   13.884  13.938  13.980  13.991  14.025  14.030  14.068  14.196 
   14.227  14.305  14.319  14.365  14.389  14.393  14.432  14.590 
   14.625  14.721  14.824  15.027  15.164  15.199  15.220  15.317 
   15.362  15.435  15.531  15.685  15.786  15.820  15.892  16.039 
   16.200  16.297  16.322  16.446  16.606  16.717  16.867  17.067 
   17.085  17.370  17.380  17.446  17.517  17.723  18.067  18.224 
   18.249  18.268  18.400  18.502  18.524  18.584  18.585  18.649 
   18.735  18.746  18.775  18.865  18.918  19.048  19.081  19.097 
   19.181  19.190  19.236  19.304  19.342  19.443  19.486  19.518 
   19.603  19.676  19.706  20.039  20.347  20.539  20.606  20.691 
   20.962  21.224  21.693  21.814  21.816  22.193  22.340  22.523 
   22.861  22.965  23.001  23.298  23.495  24.415  24.933  25.718 
   29.640  30.179  30.492  30.693  31.011  31.312  41.282  42.196 
   43.063  64.357  64.622  64.766  64.824  65.009  65.094  65.539 
   65.683  65.774  65.775  65.934  66.302  66.304  66.425  66.574 
   67.352  69.232  69.377  69.502  69.826  69.874  70.145  70.178 
   70.208  70.418  70.481  70.710  70.921  71.195  71.406  92.134 
   93.685 117.042 117.050 117.059 117.073 117.090 117.094 117.149 
  117.203 117.246 118.267 118.267 118.294 118.297 118.350 118.353 
  118.356 118.396 118.408 144.844 145.235 145.674 147.088 147.235 
  147.655 181.484 181.642 181.839 182.187 182.720 183.600 183.664 
  184.102 184.307 184.863 200.805 203.170 222.950 223.022 223.088 
  223.225 223.309 223.463 223.697 225.165 225.175 225.297 225.330 
  225.557 225.693 225.779 343.533 343.881 344.277 346.769 346.891 
  347.270 383.417 383.417 383.422 383.423 383.426 383.428 383.429 
  383.434 383.434 383.440 383.440 385.686 385.686 385.693 385.693 
  385.698 385.699 385.701 385.703 385.704 385.708 385.709 445.422 
  446.886 446.887 446.888 446.894 446.899 446.900 446.916 446.931 
  446.945 448.686 449.684 449.685 449.693 449.694 449.711 449.711 
  449.712 449.728 449.731 469.525 469.651 469.805 470.079 470.493 
  472.672 472.721 473.072 473.229 473.666 681.565 681.606 681.644 
  681.723 681.776 681.865 681.991 685.116 685.121 685.192 685.211 
  685.344 685.421 685.468 888.117 888.419 888.764 892.313 892.413 
  892.743 1082.971 1087.131 1208.793 1208.892 1209.011 1209.226 1209.548 
  1212.900 1212.937 1213.214 1213.333 1213.674 2886.776 2887.052 2887.367 
  2891.713 2891.798 2892.101 4231.747 4236.393 


  >>> Running UHF-MP2 <<<

MP2 correlation energy (UHF) : -0.8130060648
MP2 total energy       (UHF) : -169.8354687185

