	*********************************************** 
	***** Beginning CEBE Calculation with MOM ***** 
	*****       Calculation Details:          ***** 
	      Geometry:	 /home/am3939/core/calculations/mols/exp/n/ch2chc-n.xyz
	      Core Basis:	 pcX-4
	      Full Basis:	 pc-4
	      DIIS (start, space):	 0 50
	      Level shift:	 0
	      Do localization?:	 False
	      Do SFX2C1E?:	 True
	      Freeze orbitals?:	 True
	      Use Cheng orbitals?:	 False
	      Do Special Basis?:	 True
	      Do Special Basis?:	 pcX-4
	*********************************************** 
	*********************************************** 

  >>> Running RHF <<<

init D/C      : minao
init ov       : zeros
no            : 14
nv            : 633
ov_size       : 8862
max_cycle     : 1000
conv          : 6
econv         : 9
method        : gdm
scale_stop    : 0
scale_factor  : 1.000000
init E        : -169.7483600086
init |[F,P]|  : 5.55e-03
init |dE|     : 1.13e-02
check file    : None

iter      total energy   |[F,P]|      |dE|         ∆E   comment
   1    -169.788371927  4.74e-03  1.03e-02  -4.00e-02  BFGS
   2    -169.837765338  5.66e-04  1.21e-03  -4.94e-02  BFGS
   3    -169.838737840  1.76e-04  3.77e-04  -9.73e-04  BFGS
   4    -169.838841580  4.51e-05  1.04e-04  -1.04e-04  BFGS
   5    -169.838848148  1.66e-05  3.42e-05  -6.57e-06  BFGS
   6    -169.838849147  5.36e-06  1.18e-05  -9.99e-07  BFGS
   7    -169.838849267  2.38e-06  5.01e-06  -1.20e-07  BFGS
   8    -169.838849319  1.35e-06  3.13e-06  -5.18e-08  BFGS
   9    -169.838849329  5.47e-07  1.19e-06  -9.95e-09  BFGS
  10    -169.838849330  1.26e-07  2.61e-07  -1.22e-09  BFGS
  11    -169.838849330  3.54e-08  7.57e-08  -7.28e-11  BFGS
                                                                      gdm is converged!

SCF converged : True
final |[F,P]| : 3.54e-08
final |dE|    : 7.57e-08
final Escf    : -260.216037580692
final Etot    : -169.838849330148

  pxp & ewc             :::        0.399 (  0.09%)
  apply B               :::        0.002 (  0.00%)
  linsrch               :::      450.209 ( 99.91%)
  grad                  :::        0.013 (  0.00%)
  Total                 :::      450.622 (100.00%)

Alpha occupied
  -15.577 -11.291 -11.281 -11.281  -1.223  -1.104  -0.890  -0.733 
   -0.664  -0.590  -0.556  -0.521  -0.470  -0.399 

Alpha virtual
    0.043   0.057   0.061   0.068   0.091   0.098   0.103   0.121 
    0.121   0.131   0.136   0.141   0.163   0.188   0.191   0.207 
    0.207   0.225   0.239   0.255   0.269   0.275   0.283   0.288 
    0.298   0.315   0.322   0.343   0.352   0.353   0.361   0.377 
    0.385   0.417   0.419   0.431   0.439   0.442   0.459   0.485 
    0.488   0.497   0.502   0.530   0.536   0.557   0.558   0.566 
    0.593   0.599   0.618   0.635   0.635   0.643   0.648   0.663 
    0.676   0.686   0.691   0.705   0.728   0.732   0.736   0.759 
    0.770   0.797   0.806   0.841   0.851   0.877   0.885   0.895 
    0.897   0.907   0.942   0.960   0.991   1.026   1.028   1.040 
    1.067   1.080   1.103   1.111   1.135   1.159   1.185   1.213 
    1.223   1.230   1.252   1.278   1.280   1.303   1.310   1.335 
    1.347   1.358   1.382   1.394   1.396   1.412   1.426   1.434 
    1.462   1.468   1.476   1.501   1.532   1.549   1.552   1.557 
    1.571   1.581   1.619   1.649   1.654   1.672   1.674   1.707 
    1.722   1.759   1.771   1.798   1.837   1.862   1.899   1.899 
    1.926   1.959   1.977   2.006   2.012   2.040   2.040   2.059 
    2.070   2.082   2.102   2.129   2.144   2.171   2.207   2.228 
    2.245   2.275   2.282   2.304   2.361   2.383   2.398   2.399 
    2.409   2.422   2.446   2.463   2.465   2.501   2.526   2.557 
    2.558   2.619   2.623   2.694   2.695   2.716   2.731   2.735 
    2.782   2.852   2.858   2.926   2.989   2.990   3.013   3.049 
    3.125   3.155   3.168   3.199   3.233   3.244   3.245   3.295 
    3.331   3.340   3.363   3.398   3.453   3.508   3.570   3.602 
    3.624   3.628   3.643   3.655   3.684   3.688   3.696   3.704 
    3.757   3.774   3.792   3.813   3.874   3.903   3.973   3.988 
    4.020   4.027   4.028   4.066   4.127   4.144   4.194   4.207 
    4.211   4.246   4.266   4.294   4.307   4.308   4.319   4.370 
    4.373   4.396   4.411   4.428   4.486   4.489   4.513   4.570 
    4.573   4.591   4.611   4.622   4.654   4.677   4.718   4.719 
    4.740   4.748   4.779   4.783   4.786   4.814   4.821   4.830 
    4.909   4.935   4.956   4.995   5.007   5.026   5.035   5.047 
    5.069   5.097   5.100   5.119   5.152   5.181   5.245   5.260 
    5.279   5.296   5.299   5.355   5.386   5.439   5.471   5.475 
    5.498   5.554   5.562   5.577   5.626   5.670   5.687   5.708 
    5.712   5.753   5.840   5.886   5.902   5.930   5.956   6.016 
    6.098   6.144   6.183   6.232   6.254   6.271   6.294   6.340 
    6.416   6.473   6.540   6.559   6.585   6.589   6.637   6.713 
    6.743   6.891   6.922   6.924   6.959   7.027   7.075   7.101 
    7.134   7.154   7.210   7.240   7.271   7.356   7.358   7.404 
    7.417   7.433   7.552   7.599   7.662   7.685   7.745   7.867 
    8.026   8.075   8.084   8.164   8.214   8.300   8.346   8.390 
    8.557   8.690   8.811   8.871   8.882   9.063   9.114   9.145 
    9.147   9.216   9.263   9.284   9.344   9.374   9.399   9.411 
    9.465   9.541   9.563   9.660   9.676   9.770   9.816   9.832 
    9.836   9.875  10.054  10.196  10.417  10.458  10.609  10.637 
   10.661  10.754  10.802  10.858  10.877  10.914  10.941  10.958 
   11.003  11.053  11.080  11.083  11.100  11.115  11.170  11.180 
   11.226  11.230  11.233  11.257  11.327  11.342  11.369  11.371 
   11.444  11.488  11.524  11.610  11.688  11.720  11.738  11.742 
   11.759  11.760  11.811  11.843  11.889  11.918  11.939  11.951 
   11.980  11.980  12.013  12.032  12.067  12.076  12.104  12.141 
   12.162  12.194  12.203  12.245  12.275  12.292  12.309  12.347 
   12.359  12.361  12.368  12.402  12.429  12.561  12.561  12.575 
   12.590  12.640  12.687  12.743  12.766  12.779  12.792  12.845 
   12.848  12.917  12.919  12.967  12.994  13.092  13.093  13.112 
   13.201  13.241  13.259  13.276  13.286  13.305  13.353  13.385 
   13.433  13.512  13.589  13.597  13.606  13.619  13.641  13.667 
   13.683  13.695  13.771  13.806  13.872  13.882  13.912  13.934 
   13.955  14.005  14.104  14.161  14.226  14.289  14.401  14.421 
   14.545  14.607  14.691  14.790  14.811  14.914  14.914  15.016 
   15.184  15.205  15.210  15.256  15.291  15.361  15.531  15.581 
   15.734  15.762  15.842  15.902  15.933  15.979  15.982  16.138 
   16.245  16.276  16.350  16.418  16.574  16.775  16.824  16.870 
   17.056  17.188  17.195  17.205  17.218  17.238  17.239  17.274 
   17.440  17.542  17.553  17.566  17.694  17.747  17.752  17.761 
   17.786  17.871  17.969  18.083  18.253  18.453  18.640  18.904 
   18.917  19.030  19.034  19.129  19.143  19.349  19.366  19.483 
   19.571  20.172  20.407  20.539  20.574  20.711  20.719  20.821 
   20.829  20.966  21.141  21.209  21.418  21.734  21.897  21.993 
   22.031  22.143  22.256  23.209  23.390  23.971  23.989  24.207 
   24.343  24.602  24.681  25.421  26.100  26.268  26.607  32.814 
   32.881  33.020  33.229  33.274  33.622  33.645  34.079  34.191 
   34.242  34.540  34.717  35.401  35.997  36.261  41.604  41.854 
   42.040  44.992  48.880  48.891  49.320  49.378  50.051  52.628 
   52.696  53.957  77.393  78.721  79.730  91.747  91.759  91.906 
   91.991  92.154  92.213  93.168  93.260  93.448 100.586 140.370 
  140.424 141.223 228.254 429.741 429.783 430.426 529.676 1271.377 
  1691.222 1691.252 1691.712 3195.290 8540.142 24825.403 81391.449 322259.979 
  1830823.866 


  >>> Running RHF-MP2 <<<


RMP2-TIMING
  rmp2                  :::      266.946 (100.00%)
  Total                 :::      266.946 (100.00%)

MP2 correlation energy (RHF) : -0.8966745102
MP2 total energy       (RHF) : -170.7355238403


  >>> Running UHF <<<

init D/C      : input mo_coeff
init ov       : zeros
no            : 13 14
nv            : 634 633
ov_size       : 17104
max_cycle     : 1000
conv          : 6
econv         : 9
method        : diis
mom_start     : 0
guess mix     : 0.000000
orb_swap      : [[[0, 13]], []]
init E        : -154.261532181241
init S2       : 0.750000000000052
init |[F,P]|  : 1.45e-02
init |dE|     : 3.90e-02
check file    : None

iter      total energy   |[F,P]|      |dE|         ∆E   S^2   comment
   1    -154.524312766  1.04e-02  2.67e-02  -2.63e-01  0.75  DIIS mom: 12.5/13 13.5/14
   2    -154.954496408  1.51e-03  3.49e-03  -4.30e-01  0.76  DIIS mom: 12.9/13 13.9/14
   3    -154.965552760  4.61e-04  1.01e-03  -1.11e-02  0.77  DIIS mom: 13.0/13 14.0/14
   4    -154.967454809  2.81e-04  6.00e-04  -1.90e-03  0.78  DIIS mom: 13.0/13 14.0/14
   5    -154.969098633  2.25e-04  4.71e-04  -1.64e-03  0.80  DIIS mom: 13.0/13 14.0/14
   6    -154.970862830  1.78e-04  3.66e-04  -1.76e-03  0.83  DIIS mom: 13.0/13 14.0/14
   7    -154.972960314  1.06e-04  2.04e-04  -2.10e-03  0.92  DIIS mom: 13.0/13 14.0/14
   8    -154.973445915  6.94e-05  1.13e-04  -4.86e-04  0.96  DIIS mom: 13.0/13 14.0/14
   9    -154.973588876  6.04e-05  9.40e-05  -1.43e-04  0.98  DIIS mom: 13.0/13 14.0/14
  10    -154.973761288  4.89e-05  7.66e-05  -1.72e-04  1.00  DIIS mom: 13.0/13 14.0/14
  11    -154.973969668  2.91e-05  5.14e-05  -2.08e-04  1.03  DIIS mom: 13.0/13 14.0/14
  12    -154.974030190  1.57e-05  3.13e-05  -6.05e-05  1.05  DIIS mom: 13.0/13 14.0/14
  13    -154.974043094  9.34e-06  1.90e-05  -1.29e-05  1.06  DIIS mom: 13.0/13 14.0/14
  14    -154.974048620  5.45e-06  1.13e-05  -5.53e-06  1.06  DIIS mom: 13.0/13 14.0/14
  15    -154.974049954  2.50e-06  4.93e-06  -1.33e-06  1.06  DIIS mom: 13.0/13 14.0/14
  16    -154.974050248  1.05e-06  1.92e-06  -2.95e-07  1.06  DIIS mom: 13.0/13 14.0/14
  17    -154.974050278  3.72e-07  6.90e-07  -2.97e-08  1.06  DIIS mom: 13.0/13 14.0/14
  18    -154.974050280  1.65e-07  3.15e-07  -2.24e-09  1.06  DIIS mom: 13.0/13 14.0/14
  19    -154.974050281  6.12e-08  1.30e-07  -7.74e-10  1.06  DIIS mom: 13.0/13 14.0/14
                                                                      diis is converged!

SCF converged : True
final |[F,P]| : 6.12e-08
final |dE|    : 1.30e-07
final Escf    : -245.351238531679
final Etot    : -154.974050281135
final S2      : 1.06382372381388

  diis prep             :::        0.226 (  0.03%)
  diis extrap           :::        0.261 (  0.03%)
  roothaan              :::        1.465 (  0.17%)
  fock build            :::      846.490 ( 99.77%)
  Total                 :::      848.442 (100.00%)

Alpha occupied
  -11.701 -11.531 -11.524  -1.623  -1.362  -1.157  -0.984  -0.942 
   -0.910  -0.871  -0.835  -0.802  -0.664 

Alpha virtual
  -14.139  -0.191  -0.137  -0.097  -0.075  -0.068  -0.059  -0.039 
   -0.034  -0.025  -0.024  -0.018   0.007   0.014   0.027   0.038 
    0.045   0.060   0.074   0.076   0.086   0.103   0.106   0.109 
    0.113   0.139   0.148   0.149   0.169   0.178   0.181   0.185 
    0.193   0.202   0.232   0.238   0.260   0.262   0.265   0.287 
    0.304   0.321   0.330   0.330   0.351   0.366   0.371   0.381 
    0.388   0.410   0.417   0.441   0.444   0.447   0.468   0.470 
    0.489   0.492   0.497   0.508   0.516   0.544   0.548   0.560 
    0.563   0.578   0.605   0.616   0.637   0.645   0.651   0.669 
    0.686   0.693   0.702   0.736   0.749   0.803   0.815   0.818 
    0.828   0.847   0.885   0.889   0.903   0.903   0.970   0.972 
    0.989   1.019   1.025   1.040   1.049   1.060   1.073   1.084 
    1.134   1.139   1.146   1.164   1.177   1.201   1.214   1.220 
    1.227   1.262   1.275   1.283   1.311   1.314   1.325   1.337 
    1.351   1.367   1.383   1.400   1.415   1.438   1.454   1.466 
    1.470   1.501   1.542   1.544   1.571   1.586   1.632   1.662 
    1.667   1.688   1.724   1.728   1.741   1.774   1.778   1.791 
    1.808   1.813   1.853   1.853   1.886   1.917   1.954   1.980 
    1.990   2.010   2.056   2.056   2.076   2.125   2.138   2.152 
    2.160   2.166   2.198   2.213   2.227   2.248   2.279   2.291 
    2.304   2.342   2.370   2.382   2.441   2.470   2.495   2.498 
    2.498   2.555   2.616   2.616   2.701   2.753   2.759   2.798 
    2.810   2.877   2.897   2.941   2.962   2.970   2.991   3.009 
    3.031   3.101   3.110   3.128   3.178   3.190   3.295   3.316 
    3.370   3.383   3.390   3.391   3.432   3.435   3.446   3.476 
    3.480   3.490   3.491   3.549   3.583   3.622   3.678   3.731 
    3.757   3.761   3.795   3.804   3.819   3.883   3.923   3.926 
    3.929   3.956   3.989   3.992   4.018   4.027   4.046   4.067 
    4.107   4.109   4.128   4.147   4.189   4.225   4.249   4.261 
    4.304   4.305   4.325   4.339   4.346   4.397   4.419   4.456 
    4.476   4.487   4.495   4.513   4.514   4.555   4.562   4.565 
    4.596   4.637   4.677   4.704   4.724   4.744   4.762   4.771 
    4.787   4.815   4.832   4.839   4.871   4.920   4.935   4.983 
    5.017   5.028   5.046   5.059   5.112   5.136   5.193   5.210 
    5.212   5.242   5.280   5.320   5.333   5.377   5.429   5.441 
    5.459   5.474   5.499   5.601   5.637   5.645   5.675   5.711 
    5.762   5.850   5.895   5.922   5.975   6.012   6.028   6.030 
    6.086   6.159   6.201   6.283   6.305   6.337   6.343   6.374 
    6.476   6.510   6.637   6.640   6.677   6.702   6.780   6.794 
    6.819   6.836   6.872   6.946   6.994   7.016   7.056   7.063 
    7.126   7.137   7.140   7.299   7.327   7.374   7.380   7.483 
    7.600   7.786   7.793   7.829   7.892   7.949   7.969   8.052 
    8.117   8.260   8.314   8.554   8.594   8.659   8.777   8.824 
    8.852   8.897   8.933   8.975   9.067   9.115   9.150   9.172 
    9.175   9.216   9.224   9.308   9.322   9.347   9.528   9.545 
    9.599   9.606   9.653   9.823   9.958  10.162  10.185  10.234 
   10.274  10.358  10.398  10.457  10.554  10.575  10.606  10.638 
   10.655  10.672  10.738  10.783  10.810  10.811  10.852  10.856 
   10.863  10.871  10.921  10.943  10.990  11.072  11.099  11.108 
   11.123  11.186  11.230  11.290  11.356  11.380  11.395  11.401 
   11.434  11.471  11.504  11.527  11.555  11.580  11.610  11.646 
   11.674  11.689  11.718  11.722  11.722  11.806  11.812  11.828 
   11.851  11.890  11.909  11.930  11.934  11.970  12.007  12.062 
   12.062  12.065  12.106  12.117  12.147  12.160  12.226  12.262 
   12.285  12.303  12.341  12.418  12.447  12.485  12.545  12.550 
   12.595  12.614  12.645  12.698  12.731  12.758  12.831  12.840 
   12.860  12.944  12.956  12.994  13.016  13.020  13.048  13.107 
   13.129  13.159  13.234  13.285  13.329  13.344  13.349  13.370 
   13.386  13.415  13.421  13.476  13.516  13.615  13.626  13.668 
   13.686  13.707  13.707  13.832  13.924  13.945  14.054  14.159 
   14.185  14.305  14.332  14.431  14.538  14.553  14.613  14.615 
   14.744  14.897  14.898  14.940  15.009  15.034  15.081  15.286 
   15.294  15.491  15.499  15.571  15.606  15.614  15.674  15.747 
   15.891  15.959  15.967  16.065  16.157  16.316  16.417  16.474 
   16.593  16.650  16.934  16.949  16.976  16.980  16.987  16.999 
   17.008  17.025  17.049  17.120  17.323  17.402  17.421  17.477 
   17.501  17.532  17.582  17.690  17.816  17.948  18.103  18.193 
   18.401  18.611  18.798  18.816  18.860  18.908  19.122  19.144 
   19.236  19.348  19.682  20.153  20.159  20.238  20.376  20.499 
   20.575  20.606  20.743  20.911  20.930  21.131  21.171  21.337 
   21.491  21.629  21.792  22.010  22.629  23.133  23.749  23.768 
   23.986  24.121  24.380  24.455  24.964  25.879  26.041  26.384 
   32.403  32.469  32.777  32.982  33.033  33.376  33.399  33.684 
   33.807  33.980  34.295  34.478  35.159  35.746  35.871  41.380 
   41.632  41.815  43.959  47.578  47.589  48.007  48.062  48.733 
   51.305  51.370  52.626  77.134  78.381  79.440  91.519  91.534 
   91.680  91.765  91.929  91.985  92.943  93.032  93.222  98.899 
  138.123 138.174 138.967 225.772 426.401 426.442 427.082 526.403 
  1267.451 1686.956 1686.986 1687.445 3190.909 8535.489 24820.610 81386.595 
  322255.101 1830818.981 

Beta occupied
  -18.449 -11.684 -11.530 -11.524  -1.727  -1.364  -1.149  -1.064 
   -0.988  -0.987  -0.959  -0.885  -0.805  -0.686 

Beta virtual
   -0.180  -0.147  -0.098  -0.074  -0.068  -0.064  -0.039  -0.031 
   -0.026  -0.023  -0.014   0.008   0.013   0.027   0.036   0.045 
    0.061   0.069   0.074   0.088   0.101   0.110   0.111   0.114 
    0.140   0.150   0.152   0.168   0.180   0.184   0.189   0.198 
    0.200   0.229   0.246   0.259   0.262   0.262   0.288   0.306 
    0.324   0.330   0.331   0.353   0.365   0.366   0.384   0.388 
    0.412   0.417   0.436   0.444   0.448   0.468   0.472   0.489 
    0.490   0.496   0.510   0.516   0.547   0.548   0.562   0.563 
    0.578   0.592   0.611   0.639   0.647   0.649   0.679   0.688 
    0.694   0.703   0.747   0.752   0.804   0.816   0.821   0.830 
    0.845   0.885   0.887   0.901   0.911   0.955   0.974   0.986 
    1.021   1.025   1.034   1.051   1.063   1.072   1.084   1.134 
    1.137   1.147   1.160   1.176   1.201   1.214   1.221   1.225 
    1.264   1.276   1.284   1.310   1.316   1.319   1.333   1.351 
    1.367   1.383   1.399   1.400   1.431   1.450   1.456   1.462 
    1.486   1.536   1.540   1.563   1.580   1.632   1.662   1.666 
    1.687   1.729   1.729   1.742   1.777   1.792   1.800   1.810 
    1.818   1.855   1.857   1.894   1.919   1.954   1.985   1.985 
    2.010   2.055   2.056   2.082   2.122   2.129   2.151   2.163 
    2.171   2.193   2.213   2.227   2.250   2.278   2.291   2.307 
    2.342   2.374   2.384   2.443   2.470   2.494   2.497   2.498 
    2.555   2.617   2.620   2.703   2.755   2.759   2.799   2.807 
    2.868   2.899   2.925   2.938   2.970   2.991   3.005   3.008 
    3.097   3.108   3.128   3.178   3.186   3.296   3.317   3.360 
    3.365   3.367   3.384   3.409   3.433   3.442   3.459   3.480 
    3.487   3.490   3.542   3.583   3.616   3.678   3.720   3.755 
    3.760   3.795   3.802   3.818   3.885   3.889   3.923   3.935 
    3.960   3.980   3.998   4.026   4.027   4.042   4.070   4.093 
    4.114   4.126   4.148   4.190   4.226   4.248   4.263   4.283 
    4.307   4.321   4.333   4.345   4.392   4.420   4.452   4.476 
    4.490   4.498   4.517   4.519   4.559   4.561   4.563   4.597 
    4.641   4.679   4.705   4.727   4.738   4.754   4.766   4.789 
    4.819   4.833   4.837   4.869   4.921   4.935   4.984   5.017 
    5.029   5.047   5.061   5.112   5.137   5.190   5.202   5.207 
    5.244   5.269   5.320   5.334   5.376   5.431   5.440   5.461 
    5.473   5.497   5.601   5.634   5.645   5.675   5.712   5.762 
    5.850   5.895   5.921   5.977   6.013   6.027   6.031   6.085 
    6.161   6.202   6.283   6.307   6.336   6.342   6.374   6.477 
    6.511   6.636   6.642   6.673   6.701   6.758   6.778   6.801 
    6.818   6.862   6.940   6.993   7.013   7.040   7.047   7.122 
    7.126   7.132   7.297   7.323   7.357   7.367   7.480   7.595 
    7.773   7.787   7.825   7.874   7.936   7.940   8.014   8.117 
    8.241   8.249   8.526   8.594   8.657   8.767   8.795   8.848 
    8.897   8.916   8.975   9.066   9.099   9.102   9.157   9.163 
    9.186   9.200   9.272   9.322   9.345   9.525   9.543   9.598 
    9.607   9.653   9.822   9.957  10.131  10.165  10.233  10.291 
   10.368  10.405  10.464  10.556  10.579  10.609  10.640  10.656 
   10.678  10.742  10.786  10.799  10.814  10.863  10.864  10.868 
   10.874  10.922  10.942  10.991  11.067  11.097  11.110  11.124 
   11.186  11.228  11.291  11.351  11.354  11.358  11.379  11.430 
   11.466  11.505  11.524  11.553  11.591  11.607  11.648  11.682 
   11.688  11.707  11.707  11.712  11.812  11.813  11.830  11.859 
   11.886  11.915  11.933  11.937  11.972  12.004  12.056  12.058 
   12.060  12.109  12.114  12.147  12.158  12.222  12.264  12.290 
   12.300  12.341  12.418  12.440  12.482  12.545  12.551  12.595 
   12.614  12.645  12.698  12.731  12.758  12.827  12.838  12.858 
   12.942  12.956  12.994  13.018  13.019  13.048  13.107  13.131 
   13.161  13.235  13.287  13.329  13.344  13.349  13.370  13.387 
   13.415  13.423  13.476  13.517  13.614  13.626  13.667  13.685 
   13.707  13.708  13.832  13.924  13.939  14.055  14.159  14.185 
   14.305  14.326  14.428  14.536  14.550  14.583  14.585  14.740 
   14.874  14.875  14.939  15.008  15.033  15.077  15.286  15.290 
   15.488  15.498  15.563  15.595  15.602  15.661  15.748  15.888 
   15.957  15.964  16.065  16.155  16.307  16.388  16.461  16.589 
   16.599  16.873  16.893  16.934  16.978  16.986  16.999  17.006 
   17.023  17.048  17.090  17.323  17.392  17.397  17.477  17.492 
   17.532  17.574  17.678  17.807  17.919  18.091  18.156  18.363 
   18.608  18.798  18.816  18.858  18.908  19.121  19.144  19.235 
   19.347  19.621  20.127  20.147  20.216  20.363  20.500  20.569 
   20.605  20.744  20.870  20.915  20.974  21.078  21.236  21.474 
   21.517  21.790  22.006  22.512  23.131  23.749  23.768  23.985 
   24.120  24.379  24.454  24.936  25.878  26.042  26.384  32.410 
   32.477  32.778  32.984  33.031  33.377  33.400  33.689  33.813 
   33.978  34.297  34.477  35.160  35.746  35.871  41.380  41.632 
   41.816  43.612  47.392  47.403  47.826  47.881  48.540  50.954 
   51.019  52.305  77.134  78.384  79.441  91.519  91.534  91.680 
   91.765  91.929  91.985  92.943  93.032  93.222  98.510 137.701 
  137.752 138.550 225.411 426.039 426.081 426.722 526.117 1267.257 
  1686.754 1686.784 1687.243 3190.795 8535.432 24820.585 81386.585 322255.099 
  1830818.981 


  >>> Running UHF-MP2 <<<

MP2 correlation energy (UHF) : -0.8409466372
MP2 total energy       (UHF) : -155.8149969184

