	*********************************************** 
	***** Beginning CEBE Calculation with MOM ***** 
	*****       Calculation Details:          ***** 
	      Geometry:	 /home/am3939/core/calculations/mols/exp/f/cf4.xyz
	      Core Basis:	 pcX-4
	      Full Basis:	 pc-4
	      DIIS (start, space):	 0 50
	      Level shift:	 0
	      Do localization?:	 True
	      Atoms that were localized?:	 ['F']
	      Do SFX2C1E?:	 True
	      Freeze orbitals?:	 True
	      Use Cheng orbitals?:	 False
	      Do Special Basis?:	 True
	      Do Special Basis?:	 pcX-4
	*********************************************** 
	*********************************************** 

  >>> Running RHF <<<

init D/C      : minao
init ov       : zeros
no            : 21
nv            : 612
ov_size       : 12852
max_cycle     : 1000
conv          : 6
econv         : 9
method        : gdm
scale_stop    : 0
scale_factor  : 1.000000
init E        : -435.664381027179
init |[F,P]|  : 9.22e-03
init |dE|     : 1.88e-02
check file    : None

iter      total energy   |[F,P]|      |dE|         ∆E   comment
   1    -435.796522871  5.92e-03  1.20e-02  -1.32e-01  BFGS
   2    -435.860362304  4.98e-04  1.20e-03  -6.38e-02  BFGS
   3    -435.861398514  1.47e-04  3.23e-04  -1.04e-03  BFGS
   4    -435.861500561  4.23e-05  9.26e-05  -1.02e-04  BFGS
   5    -435.861505779  7.98e-06  1.71e-05  -5.22e-06  BFGS
   6    -435.861506020  1.26e-06  2.51e-06  -2.41e-07  BFGS
   7    -435.861506026  1.65e-07  3.70e-07  -5.55e-09  BFGS
   8    -435.861506026  2.24e-08  4.93e-08  -9.37e-11  BFGS
                                                                      gdm is converged!

SCF converged : True
final |[F,P]| : 2.24e-08
final |dE|    : 4.93e-08
final Escf    : -642.524690182585
final Etot    : -435.861506025853

  pxp & ewc             :::        0.364 (  0.22%)
  apply B               :::        0.002 (  0.00%)
  linsrch               :::      165.767 ( 99.77%)
  grad                  :::        0.015 (  0.01%)
  Total                 :::      166.148 (100.00%)

Alpha occupied
  -26.371 -26.371 -26.371 -26.371 -11.607  -1.807  -1.680  -1.680 
   -1.680  -1.011  -0.891  -0.891  -0.891  -0.766  -0.766  -0.713 
   -0.713  -0.713  -0.685  -0.685  -0.685 

Alpha virtual
    0.087   0.087   0.087   0.106   0.202   0.202   0.207   0.207 
    0.207   0.276   0.306   0.306   0.306   0.307   0.307   0.307 
    0.346   0.346   0.346   0.420   0.420   0.420   0.454   0.486 
    0.486   0.486   0.496   0.496   0.605   0.693   0.719   0.719 
    0.719   0.839   0.839   0.846   0.846   0.846   0.889   0.889 
    0.889   0.913   0.913   0.913   0.920   0.920   0.920   0.953 
    0.965   0.965   0.976   0.976   0.976   1.042   1.042   1.116 
    1.116   1.116   1.333   1.333   1.333   1.344   1.344   1.344 
    1.371   1.420   1.420   1.420   1.446   1.446   1.575   1.575 
    1.575   1.863   1.927   1.927   1.927   2.027   2.073   2.073 
    2.073   2.126   2.126   2.126   2.230   2.230   2.252   2.252 
    2.252   2.325   2.325   2.325   2.332   2.332   2.332   2.339 
    2.339   2.398   2.445   2.445   2.445   2.473   2.473   2.473 
    2.529   2.529   2.529   2.618   2.618   2.619   2.625   2.649 
    2.649   2.649   2.673   2.673   2.673   2.793   2.793   2.886 
    2.886   2.886   2.960   2.960   2.960   2.985   3.156   3.156 
    3.217   3.217   3.217   3.363   3.363   3.363   3.493   3.493 
    3.493   3.608   3.608   3.608   3.645   3.645   3.645   3.908 
    4.028   4.028   4.028   4.069   4.171   4.171   4.213   4.213 
    4.213   4.754   4.754   4.754   4.983   4.983   4.983   5.009 
    5.073   5.073   5.461   5.461   5.471   5.471   5.471   5.484 
    5.501   5.501   5.501   5.667   5.667   5.667   5.684   5.684 
    5.790   5.796   5.796   5.796   5.834   5.834   5.834   5.889 
    5.889   5.889   5.972   6.007   6.007   6.007   6.057   6.057 
    6.057   6.088   6.088   6.207   6.207   6.207   6.463   6.463 
    6.463   6.525   6.525   6.525   6.532   6.557   6.557   6.564 
    6.600   6.600   6.600   6.785   6.785   6.785   6.865   6.865 
    6.865   6.940   6.975   6.975   6.975   7.058   7.058   7.058 
    7.175   7.175   7.268   7.268   7.268   7.294   7.294   7.390 
    7.390   7.390   7.567   7.567   7.567   7.648   7.732   7.732 
    7.780   7.780   7.780   7.827   7.903   7.903   7.903   8.242 
    8.242   8.242   8.382   8.382   8.382   8.632   8.632   8.632 
    8.746   8.816   8.816   8.816   9.120   9.120   9.120   9.131 
    9.476   9.476   9.634   9.634   9.756   9.756   9.756  10.099 
   10.099  10.099  10.320  10.320  10.320  10.893  11.452  11.452 
   11.452  11.525  11.525  11.525  11.945  11.945  11.945  12.077 
   12.077  12.187  12.187  12.187  12.337  12.615  12.615  12.615 
   12.651  12.651  12.766  12.766  12.837  12.941  12.941  12.941 
   13.012  13.012  13.012  13.051  13.051  13.051  13.190  13.190 
   13.216  13.216  13.216  13.224  13.246  13.246  13.246  13.275 
   13.275  13.275  13.286  13.286  13.286  13.292  13.292  13.292 
   13.295  13.295  13.488  13.488  13.506  13.506  13.506  13.578 
   13.578  13.578  13.704  13.712  13.712  13.712  13.860  13.860 
   13.860  13.871  13.871  13.871  14.020  14.020  14.132  14.145 
   14.145  14.145  14.324  14.324  14.363  14.369  14.369  14.369 
   14.644  14.644  14.644  14.739  14.739  14.791  14.791  14.791 
   14.901  14.901  14.901  15.059  15.059  15.059  15.110  15.187 
   15.187  15.187  15.561  15.561  15.561  15.660  15.660  15.743 
   15.754  15.754  15.754  15.829  15.829  15.829  15.903  15.988 
   15.988  15.988  16.239  16.316  16.316  16.316  16.348  16.348 
   16.538  16.538  16.538  16.565  16.565  16.565  17.684  17.684 
   17.684  17.693  17.693  17.693  18.233  18.233  18.544  18.544 
   18.544  18.554  20.931  20.931  20.931  20.933  20.949  20.949 
   20.967  20.967  20.967  21.196  21.196  21.196  21.255  21.255 
   21.255  21.482  21.521  21.844  21.844  21.844  21.855  21.855 
   21.855  22.053  22.053  22.053  22.189  22.189  22.922  22.922 
   23.067  23.067  23.067  23.098  23.098  23.098  23.121  23.885 
   23.885  23.885  31.262  31.262  31.373  31.373  31.373  31.447 
   31.447  31.447  31.816  31.816  31.816  31.822  31.822  31.930 
   31.930  31.930  32.354  32.354  32.354  32.990  33.595  33.595 
   34.367  34.367  34.367  34.676  34.676  34.676  34.730  34.730 
   34.730  34.752  34.752  36.004  36.231  36.231  36.231  37.816 
   38.684  38.684  38.684  79.351  85.046  85.046  85.046  85.108 
   85.108  85.125  85.125  85.125  85.705  85.705  85.705  85.794 
   87.778  88.221  88.221  88.221  93.003  93.003  93.073  93.073 
   93.073  93.130  93.130  93.130  93.460  93.460  93.460  93.473 
   93.473  93.473  93.533  93.533  94.347  94.347  94.347  95.023 
  202.655 203.061 203.061 203.061 227.819 227.819 227.819 227.876 
  227.876 227.887 227.887 227.887 228.641 228.707 228.707 228.707 
  468.863 469.263 469.263 469.263 696.195 696.195 696.195 696.240 
  696.240 696.248 696.248 696.248 696.850 696.895 696.895 696.895 
  1100.279 1100.661 1100.661 1100.661 2654.540 2654.901 2654.901 2654.901 
  2738.506 2738.506 2738.506 2738.539 2738.539 2738.544 2738.544 2738.544 
  2738.979 2739.011 2739.011 2739.011 6680.867 6681.211 6681.211 6681.211 
  17848.962 17849.288 17849.288 17849.288 51827.615 51827.920 51827.920 51827.920 
  169672.602 169672.883 169672.883 169672.883 670600.457 670600.709 670600.709 670600.709 
  3802079.434 3802079.645 3802079.645 3802079.645 


  >>> Running RHF-MP2 <<<


RMP2-TIMING
  rmp2                  :::      186.170 (100.00%)
  Total                 :::      186.170 (100.00%)

MP2 correlation energy (RHF) : -1.5774979162
MP2 total energy       (RHF) : -437.4390039421


  >>> Running UHF <<<

init D/C      : input mo_coeff
init ov       : zeros
no            : 20 21
nv            : 613 612
ov_size       : 25112
max_cycle     : 1000
conv          : 6
econv         : 9
method        : diis
mom_start     : 0
guess mix     : 0.000000
orb_swap      : [[[0, 20]], []]
init E        : -409.698142666464
init S2       : 0.750000000000135
init |[F,P]|  : 3.08e-02
init |dE|     : 6.15e-02
check file    : None

iter      total energy   |[F,P]|      |dE|         ∆E   S^2   comment
   1    -410.129279805  8.06e-03  2.08e-02  -4.31e-01  0.75  DIIS mom: 19.7/20 20.7/21
   2    -410.331659263  2.54e-03  6.01e-03  -2.02e-01  0.76  DIIS mom: 19.9/20 21.0/21
   3    -410.352842315  2.11e-04  5.02e-04  -2.12e-02  0.76  DIIS mom: 20.0/20 21.0/21
   4    -410.353147429  1.12e-04  2.56e-04  -3.05e-04  0.76  DIIS mom: 20.0/20 21.0/21
   5    -410.353240058  4.36e-05  9.79e-05  -9.26e-05  0.76  DIIS mom: 20.0/20 21.0/21
   6    -410.353264551  1.22e-05  2.62e-05  -2.45e-05  0.76  DIIS mom: 20.0/20 21.0/21
   7    -410.353266481  4.81e-06  1.02e-05  -1.93e-06  0.76  DIIS mom: 20.0/20 21.0/21
   8    -410.353266881  1.78e-06  3.58e-06  -4.00e-07  0.76  DIIS mom: 20.0/20 21.0/21
   9    -410.353266939  7.32e-07  1.42e-06  -5.73e-08  0.76  DIIS mom: 20.0/20 21.0/21
  10    -410.353266949  2.63e-07  5.27e-07  -1.05e-08  0.76  DIIS mom: 20.0/20 21.0/21
  11    -410.353266951  6.82e-08  1.40e-07  -1.34e-09  0.76  DIIS mom: 20.0/20 21.0/21
  12    -410.353266951  2.84e-08  5.78e-08  -7.55e-11  0.76  DIIS mom: 20.0/20 21.0/21
                                                                      diis is converged!

SCF converged : True
final |[F,P]| : 2.84e-08
final |dE|    : 5.78e-08
final Escf    : -617.016451107386
final Etot    : -410.353266950653
final S2      : 0.761234562290774

  diis prep             :::        0.158 (  0.06%)
  diis extrap           :::        0.116 (  0.04%)
  roothaan              :::        1.167 (  0.43%)
  fock build            :::      268.756 ( 99.47%)
  Total                 :::      270.197 (100.00%)

Alpha occupied
  -26.656 -26.656 -26.656 -11.950  -2.315  -2.047  -1.956  -1.956 
   -1.509  -1.409  -1.409  -1.235  -1.136  -1.136  -1.041  -1.009 
   -1.009  -0.969  -0.969  -0.954 

Alpha virtual
  -24.647  -0.107  -0.072  -0.072  -0.058   0.001   0.024   0.024 
    0.034   0.039   0.039   0.079   0.079   0.087   0.128   0.128 
    0.130   0.135   0.135   0.144   0.158   0.189   0.189   0.202 
    0.263   0.263   0.271   0.297   0.297   0.361   0.448   0.489 
    0.512   0.512   0.581   0.581   0.587   0.587   0.594   0.631 
    0.631   0.659   0.669   0.669   0.686   0.686   0.694   0.714 
    0.716   0.724   0.724   0.759   0.761   0.761   0.810   0.810 
    0.861   0.881   0.881   1.085   1.085   1.095   1.095   1.100 
    1.118   1.131   1.174   1.182   1.182   1.216   1.216   1.304 
    1.323   1.323   1.596   1.636   1.636   1.645   1.744   1.789 
    1.791   1.791   1.816   1.831   1.831   1.922   1.922   1.941 
    1.969   1.969   1.969   1.996   1.996   2.054   2.054   2.094 
    2.097   2.097   2.139   2.139   2.147   2.192   2.206   2.206 
    2.225   2.234   2.258   2.258   2.322   2.335   2.335   2.347 
    2.355   2.393   2.394   2.394   2.405   2.405   2.518   2.518 
    2.550   2.613   2.613   2.686   2.686   2.697   2.715   2.880 
    2.880   2.940   2.940   2.942   3.065   3.065   3.104   3.145 
    3.216   3.216   3.311   3.311   3.345   3.370   3.374   3.374 
    3.621   3.722   3.722   3.736   3.759   3.860   3.860   3.911 
    3.933   3.933   4.436   4.436   4.440   4.648   4.676   4.676 
    4.703   4.757   4.757   5.084   5.084   5.097   5.160   5.160 
    5.182   5.182   5.202   5.205   5.334   5.334   5.334   5.344 
    5.344   5.394   5.436   5.436   5.492   5.492   5.506   5.517 
    5.576   5.602   5.602   5.670   5.670   5.670   5.726   5.741 
    5.786   5.786   5.798   5.798   5.850   5.911   5.911   6.083 
    6.083   6.094   6.179   6.210   6.219   6.219   6.264   6.264 
    6.279   6.294   6.321   6.321   6.443   6.480   6.480   6.532 
    6.562   6.562   6.626   6.638   6.638   6.688   6.754   6.754 
    6.762   6.875   6.875   6.947   6.947   6.964   6.993   6.993 
    7.047   7.085   7.085   7.243   7.243   7.307   7.319   7.431 
    7.431   7.475   7.493   7.493   7.516   7.603   7.610   7.610 
    7.906   7.906   7.975   8.036   8.100   8.100   8.248   8.333 
    8.333   8.439   8.488   8.518   8.518   8.801   8.802   8.802 
    8.833   9.152   9.152   9.322   9.322   9.439   9.439   9.453 
    9.769   9.769   9.811   9.939  10.029  10.029  10.564  11.117 
   11.125  11.125  11.187  11.187  11.227  11.609  11.609  11.615 
   11.746  11.746  11.832  11.832  11.896  12.000  12.202  12.202 
   12.300  12.317  12.317  12.391  12.391  12.499  12.586  12.586 
   12.591  12.671  12.671  12.689  12.709  12.709  12.770  12.792 
   12.792  12.820  12.820  12.886  12.894  12.894  12.896  12.949 
   12.949  12.953  12.953  12.978  12.996  13.013  13.017  13.017 
   13.020  13.020  13.022  13.111  13.111  13.189  13.197  13.197 
   13.200  13.281  13.281  13.308  13.400  13.402  13.402  13.493 
   13.518  13.518  13.529  13.572  13.572  13.681  13.681  13.727 
   13.803  13.803  13.814  13.957  13.957  13.967  14.009  14.009 
   14.057  14.222  14.229  14.229  14.403  14.403  14.448  14.448 
   14.493  14.506  14.592  14.592  14.714  14.714  14.756  14.769 
   14.835  14.835  14.903  15.185  15.185  15.214  15.222  15.351 
   15.351  15.352  15.476  15.481  15.481  15.538  15.553  15.553 
   15.605  15.660  15.660  15.845  15.910  15.910  15.995  16.055 
   16.055  16.151  16.231  16.231  16.248  16.248  16.280  17.257 
   17.257  17.341  17.396  17.396  17.408  17.900  17.900  18.110 
   18.226  18.226  18.252  20.433  20.433  20.551  20.663  20.671 
   20.671  20.675  20.688  20.688  20.806  20.814  20.903  20.903 
   20.975  20.975  21.127  21.202  21.415  21.415  21.518  21.547 
   21.570  21.570  21.697  21.735  21.735  21.878  21.878  22.516 
   22.516  22.713  22.713  22.730  22.804  22.806  22.806  22.824 
   23.457  23.591  23.591  30.388  30.388  30.888  30.888  31.026 
   31.026  31.097  31.157  31.157  31.169  31.403  31.535  31.535 
   31.603  31.603  31.650  31.655  32.056  32.056  32.590  33.205 
   33.205  33.574  33.574  33.816  34.135  34.135  34.308  34.412 
   34.412  34.455  34.464  34.464  35.279  35.797  35.939  35.939 
   37.213  38.025  38.397  38.397  78.993  83.266  83.266  83.931 
   84.766  84.793  84.793  84.834  84.834  84.846  85.422  85.422 
   85.488  86.411  87.633  87.936  87.936  91.093  91.093  91.496 
   91.496  92.510  92.745  92.745  92.792  92.830  92.830  92.849 
   93.174  93.178  93.178  93.190  93.232  93.232  94.062  94.062 
   94.611 200.380 202.488 202.778 202.778 224.854 224.854 225.691 
  227.536 227.561 227.561 227.597 227.597 227.606 228.372 228.421 
  228.421 465.535 468.689 468.979 468.979 691.791 691.791 692.450 
  695.913 695.932 695.932 695.961 695.961 695.966 696.578 696.611 
  696.611 1095.943 1100.098 1100.378 1100.378 2649.400 2654.353 2654.619 
  2654.619 2732.856 2732.856 2733.331 2738.225 2738.238 2738.238 2738.259 
  2738.259 2738.263 2738.705 2738.729 2738.729 6675.182 6680.676 6680.930 
  6680.930 17842.954 17848.766 17849.007 17849.007 51821.436 51827.414 51827.639 
  51827.639 169666.336 169672.394 169672.602 169672.602 670594.144 670600.241 670600.428 
  670600.428 3802073.083 3802079.207 3802079.365 3802079.365 

Beta occupied
  -30.160 -26.655 -26.655 -26.655 -11.950  -2.442  -2.051  -1.955 
   -1.955  -1.589  -1.499  -1.499  -1.239  -1.138  -1.138  -1.047 
   -1.007  -1.007  -0.969  -0.969  -0.953 

Beta virtual
   -0.112  -0.073  -0.073  -0.060  -0.016   0.023   0.023   0.025 
    0.039   0.039   0.076   0.076   0.086   0.129   0.129   0.129 
    0.135   0.135   0.144   0.157   0.189   0.189   0.203   0.263 
    0.263   0.271   0.296   0.296   0.357   0.444   0.488   0.512 
    0.512   0.574   0.574   0.590   0.590   0.592   0.632   0.632 
    0.659   0.668   0.668   0.686   0.686   0.696   0.713   0.716 
    0.725   0.725   0.760   0.761   0.761   0.810   0.810   0.861 
    0.882   0.882   1.085   1.085   1.095   1.095   1.099   1.119 
    1.130   1.169   1.183   1.183   1.216   1.216   1.299   1.323 
    1.323   1.590   1.638   1.638   1.645   1.740   1.786   1.791 
    1.791   1.814   1.831   1.831   1.912   1.912   1.944   1.953 
    1.960   1.960   1.996   1.996   2.052   2.052   2.094   2.097 
    2.097   2.135   2.135   2.147   2.194   2.206   2.206   2.221 
    2.234   2.259   2.259   2.312   2.335   2.335   2.348   2.350 
    2.393   2.394   2.394   2.406   2.406   2.519   2.519   2.544 
    2.613   2.613   2.687   2.687   2.698   2.715   2.880   2.880 
    2.939   2.941   2.941   3.064   3.064   3.104   3.141   3.216 
    3.216   3.312   3.312   3.343   3.371   3.375   3.375   3.621 
    3.720   3.720   3.735   3.756   3.861   3.861   3.911   3.933 
    3.933   4.438   4.438   4.441   4.645   4.677   4.677   4.699 
    4.758   4.758   5.051   5.080   5.080   5.149   5.149   5.181 
    5.181   5.203   5.205   5.306   5.310   5.310   5.342   5.342 
    5.360   5.424   5.424   5.491   5.491   5.500   5.517   5.577 
    5.601   5.601   5.662   5.663   5.663   5.721   5.742   5.785 
    5.785   5.798   5.798   5.844   5.912   5.912   6.066   6.066 
    6.097   6.179   6.211   6.218   6.218   6.264   6.264   6.279 
    6.294   6.321   6.321   6.438   6.478   6.478   6.528   6.562 
    6.562   6.623   6.639   6.639   6.689   6.754   6.754   6.757 
    6.876   6.876   6.948   6.948   6.964   6.995   6.995   7.044 
    7.086   7.086   7.245   7.245   7.307   7.321   7.432   7.432 
    7.476   7.493   7.493   7.515   7.601   7.611   7.611   7.904 
    7.904   7.976   8.037   8.100   8.100   8.228   8.333   8.333 
    8.436   8.489   8.518   8.518   8.796   8.802   8.802   8.833 
    9.152   9.152   9.322   9.322   9.440   9.440   9.453   9.770 
    9.770   9.811   9.934  10.030  10.030  10.559  11.117  11.125 
   11.125  11.188  11.188  11.227  11.608  11.608  11.616  11.746 
   11.746  11.829  11.829  11.896  11.998  12.185  12.185  12.300 
   12.317  12.317  12.386  12.386  12.497  12.584  12.584  12.586 
   12.661  12.661  12.688  12.707  12.707  12.771  12.787  12.787 
   12.819  12.819  12.886  12.891  12.891  12.897  12.948  12.948 
   12.952  12.952  12.978  12.993  13.013  13.016  13.016  13.020 
   13.020  13.022  13.088  13.088  13.171  13.197  13.197  13.200 
   13.279  13.279  13.298  13.399  13.402  13.402  13.482  13.487 
   13.487  13.529  13.571  13.571  13.668  13.673  13.673  13.790 
   13.791  13.791  13.920  13.923  13.923  14.008  14.008  14.057 
   14.186  14.204  14.204  14.400  14.400  14.448  14.448  14.453 
   14.506  14.591  14.591  14.712  14.712  14.734  14.768  14.834 
   14.834  14.903  15.181  15.181  15.204  15.214  15.346  15.351 
   15.351  15.476  15.481  15.481  15.481  15.554  15.554  15.603 
   15.658  15.658  15.831  15.905  15.905  15.989  16.056  16.056 
   16.149  16.230  16.230  16.248  16.248  16.281  17.248  17.248 
   17.338  17.396  17.396  17.408  17.899  17.899  18.091  18.225 
   18.225  18.252  20.428  20.428  20.547  20.663  20.672  20.672 
   20.674  20.689  20.689  20.803  20.813  20.902  20.902  20.975 
   20.975  21.117  21.201  21.411  21.411  21.514  21.547  21.571 
   21.571  21.693  21.734  21.734  21.878  21.878  22.511  22.511 
   22.713  22.713  22.724  22.804  22.806  22.806  22.824  23.446 
   23.591  23.591  30.315  30.315  30.814  30.814  31.025  31.025 
   31.097  31.155  31.155  31.168  31.348  31.535  31.535  31.602 
   31.602  31.623  31.651  32.055  32.055  32.569  33.110  33.110 
   33.399  33.399  33.697  34.127  34.127  34.289  34.412  34.412 
   34.455  34.465  34.465  35.087  35.784  35.940  35.940  37.024 
   37.957  38.397  38.397  78.987  82.831  82.831  83.497  84.766 
   84.793  84.793  84.834  84.834  84.846  85.422  85.422  85.488 
   85.958  87.625  87.936  87.936  90.844  90.844  91.247  91.247 
   92.264  92.745  92.745  92.792  92.830  92.830  92.849  93.175 
   93.178  93.178  93.190  93.232  93.232  94.062  94.062  94.607 
  199.885 202.485 202.778 202.778 224.324 224.324 225.163 227.536 
  227.561 227.561 227.597 227.597 227.606 228.372 228.422 228.422 
  465.095 468.688 468.979 468.979 691.329 691.329 691.988 695.913 
  695.932 695.932 695.961 695.961 695.966 696.578 696.611 696.611 
  1095.610 1100.098 1100.378 1100.378 2649.182 2654.353 2654.619 2654.619 
  2732.595 2732.595 2733.070 2738.225 2738.238 2738.238 2738.259 2738.259 
  2738.263 2738.705 2738.729 2738.729 6675.059 6680.675 6680.930 6680.930 
  17842.893 17848.766 17849.007 17849.007 51821.409 51827.414 51827.639 51827.639 
  169666.327 169672.394 169672.602 169672.602 670594.141 670600.241 670600.428 670600.428 
  3802073.083 3802079.207 3802079.365 3802079.365 

  SA 0  : 1 (0.52) 2 (0.47)    SB 0  : 0 (0.99)
  SA 1  : 1 (0.14) 2 (0.19) 3 (0.66)    SB 1  : 1 (0.50) 2 (0.49)
  SA 2  : 1 (0.33) 2 (0.33) 3 (0.33)    SB 2  : 1 (0.16) 2 (0.17) 3 (0.66)
  SA 3  : 4 (1.00)    SB 3  : 1 (0.33) 2 (0.33) 3 (0.33)
  SA 4  : 7 (0.38) 11 (0.19) 13 (0.19) 17 (0.19)    SB 4  : 4 (1.00)
  SA 5  : 5 (0.16) 6 (0.16) 8 (0.16)    SB 5  : 7 (0.35) 11 (0.20) 13 (0.20) 17 (0.20)
  SA 6  : 5 (0.19) 6 (0.19) 9 (0.12) 15 (0.12)    SB 6  : 5 (0.16) 6 (0.16) 8 (0.16)
  SA 7  : 8 (0.25) 12 (0.14) 14 (0.14) 19 (0.12)    SB 7  : 5 (0.24) 6 (0.12) 15 (0.14) 16 (0.13) 20 (0.12)
  SA 8  : 7 (0.54) 11 (0.12) 13 (0.12) 17 (0.12)    SB 8  : 6 (0.13) 8 (0.23) 12 (0.14) 14 (0.13) 19 (0.11)
  SA 9  : 11 (0.27) 13 (0.61)    SB 9  : 7 (0.57) 11 (0.11) 13 (0.11) 17 (0.11)
  SA 10 : 11 (0.37) 17 (0.56)    SB 10 : 13 (0.39) 17 (0.55)
  SA 11 : 5 (0.15) 6 (0.15) 8 (0.15)    SB 11 : 11 (0.62) 13 (0.25)
  SA 12 : 5 (0.18) 6 (0.20) 10 (0.12) 12 (0.10) 14 (0.11) 16 (0.13)    SB 12 : 5 (0.15) 6 (0.15) 8 (0.15)
  SA 13 : 8 (0.25) 9 (0.16) 15 (0.16)    SB 13 : 5 (0.13) 6 (0.24) 14 (0.14) 16 (0.16)
  SA 14 : 18 (0.25) 19 (0.25) 20 (0.25)    SB 14 : 5 (0.13) 8 (0.24) 9 (0.14) 15 (0.15)
  SA 15 : 9 (0.13) 10 (0.13) 19 (0.23) 20 (0.22)    SB 15 : 18 (0.25) 19 (0.25) 20 (0.25)
  SA 16 : 14 (0.14) 16 (0.14) 18 (0.30)    SB 16 : 14 (0.14) 16 (0.14) 18 (0.30)
  SA 17 : 9 (0.21) 15 (0.21) 18 (0.11) 20 (0.11)    SB 17 : 9 (0.13) 10 (0.13) 19 (0.22) 20 (0.23)
  SA 18 : 10 (0.19) 12 (0.13) 14 (0.12) 16 (0.19) 19 (0.15)    SB 18 : 9 (0.15) 14 (0.21) 16 (0.17) 20 (0.15)
  SA 19 : 9 (0.17) 10 (0.17) 12 (0.17) 14 (0.17) 15 (0.17) 16 (0.17)    SB 19 : 10 (0.18) 12 (0.21) 15 (0.13) 18 (0.14)
  SB 20 : 9 (0.17) 10 (0.17) 12 (0.17) 14 (0.17) 15 (0.17) 16 (0.17)

The transition for spin alpha is from 19 (0.01) to 1 (1.00).



  >>> Running UHF-MP2 <<<

MP2 correlation energy (UHF) : -1.5281721355
MP2 total energy       (UHF) : -411.8814390862

