	*********************************************** 
	***** Beginning CEBE Calculation with MOM ***** 
	*****       Calculation Details:          ***** 
	      Geometry:	 /home/am3939/core/calculations/mols/exp/n/pnh2pyridi-n-e.xyz
	      Core Basis:	 ccX-5Z
	      Full Basis:	 cc-pV5Z
	      DIIS (start, space):	 0 50
	      Level shift:	 0
	      Do localization?:	 False
	      Do SFX2C1E?:	 True
	      Freeze orbitals?:	 True
	      Use Cheng orbitals?:	 False
	      Do Special Basis?:	 True
	      Do Special Basis?:	 ccX-5Z
	*********************************************** 
	*********************************************** 

  >>> Running RHF <<<

init D/C      : minao
init ov       : zeros
no            : 25
nv            : 1144
ov_size       : 28600
max_cycle     : 1000
conv          : 6
econv         : 9
method        : gdm
scale_stop    : 0
scale_factor  : 1.000000
init E        : -301.766210871311
init |[F,P]|  : 2.80e-03
init |dE|     : 6.32e-03
check file    : None

iter      total energy   |[F,P]|      |dE|         ∆E   comment
   1    -301.846854697  1.26e-03  2.72e-03  -8.06e-02  BFGS
   2    -301.859385002  4.80e-04  1.04e-03  -1.25e-02  BFGS
   3    -301.860980924  1.02e-04  2.44e-04  -1.60e-03  BFGS
   4    -301.861080434  3.59e-05  7.67e-05  -9.95e-05  BFGS
   5    -301.861094672  9.45e-06  2.06e-05  -1.42e-05  BFGS
   6    -301.861096452  2.98e-06  6.62e-06  -1.78e-06  BFGS
   7    -301.861096541  1.37e-06  2.92e-06  -8.96e-08  BFGS
   8    -301.861096558  2.23e-07  4.94e-07  -1.60e-08  BFGS
   9    -301.861096558  8.17e-08  1.76e-07  -8.71e-10  BFGS
                                                                      gdm is converged!

SCF converged : True
final |[F,P]| : 8.17e-08
final |dE|    : 1.76e-07
final Escf    : -576.9556092124
final Etot    : -301.861096558409

  pxp & ewc             :::        1.955 (  0.09%)
  apply B               :::        0.004 (  0.00%)
  linsrch               :::     2122.032 ( 99.90%)
  grad                  :::        0.067 (  0.00%)
  Total                 :::     2124.057 (100.00%)

Alpha occupied
  -15.581 -15.545 -11.299 -11.270 -11.270 -11.226 -11.226  -1.259 
   -1.228  -1.053  -1.029  -0.860  -0.845  -0.723  -0.716  -0.655 
   -0.626  -0.610  -0.591  -0.558  -0.511  -0.488  -0.412  -0.348 
   -0.334 

Alpha virtual
    0.072   0.097   0.101   0.112   0.116   0.123   0.133   0.145 
    0.161   0.165   0.170   0.183   0.196   0.225   0.228   0.240 
    0.252   0.259   0.269   0.281   0.291   0.304   0.322   0.338 
    0.345   0.348   0.361   0.363   0.377   0.386   0.387   0.405 
    0.417   0.426   0.427   0.448   0.469   0.479   0.482   0.485 
    0.487   0.489   0.504   0.511   0.525   0.555   0.557   0.562 
    0.578   0.585   0.593   0.598   0.600   0.608   0.633   0.652 
    0.659   0.680   0.696   0.702   0.712   0.718   0.725   0.734 
    0.742   0.761   0.790   0.796   0.808   0.813   0.817   0.828 
    0.832   0.837   0.849   0.873   0.882   0.905   0.935   0.936 
    0.944   0.965   0.976   0.980   0.985   0.989   0.998   1.007 
    1.016   1.024   1.028   1.041   1.049   1.052   1.070   1.077 
    1.092   1.099   1.103   1.109   1.122   1.135   1.143   1.163 
    1.175   1.183   1.210   1.216   1.229   1.240   1.259   1.264 
    1.287   1.288   1.309   1.316   1.328   1.336   1.352   1.363 
    1.374   1.393   1.394   1.414   1.447   1.453   1.473   1.494 
    1.504   1.510   1.547   1.558   1.568   1.577   1.584   1.588 
    1.591   1.624   1.628   1.631   1.645   1.652   1.661   1.678 
    1.682   1.698   1.708   1.716   1.724   1.745   1.752   1.757 
    1.768   1.809   1.814   1.833   1.836   1.854   1.855   1.863 
    1.880   1.898   1.901   1.922   1.943   1.947   1.955   1.969 
    1.972   1.992   2.002   2.011   2.027   2.030   2.046   2.051 
    2.083   2.093   2.094   2.119   2.125   2.134   2.135   2.152 
    2.163   2.173   2.179   2.184   2.204   2.211   2.212   2.237 
    2.246   2.252   2.263   2.280   2.284   2.298   2.323   2.333 
    2.346   2.349   2.351   2.364   2.382   2.398   2.412   2.451 
    2.454   2.469   2.489   2.498   2.534   2.539   2.552   2.579 
    2.584   2.601   2.605   2.628   2.630   2.639   2.652   2.665 
    2.666   2.672   2.725   2.737   2.757   2.774   2.823   2.829 
    2.864   2.866   2.876   2.882   2.899   2.922   2.928   2.928 
    2.954   2.982   3.001   3.011   3.045   3.046   3.065   3.069 
    3.102   3.123   3.124   3.128   3.164   3.181   3.198   3.214 
    3.225   3.226   3.238   3.238   3.273   3.277   3.297   3.307 
    3.314   3.367   3.390   3.398   3.403   3.418   3.432   3.458 
    3.468   3.477   3.489   3.502   3.536   3.542   3.554   3.562 
    3.591   3.620   3.639   3.652   3.674   3.675   3.697   3.702 
    3.721   3.735   3.740   3.748   3.779   3.790   3.803   3.829 
    3.839   3.852   3.857   3.879   3.884   3.917   3.931   3.948 
    3.955   3.967   3.973   4.011   4.021   4.039   4.055   4.063 
    4.063   4.073   4.091   4.111   4.115   4.138   4.150   4.162 
    4.181   4.192   4.217   4.222   4.227   4.248   4.255   4.273 
    4.281   4.296   4.308   4.338   4.345   4.348   4.357   4.368 
    4.383   4.390   4.412   4.428   4.446   4.450   4.461   4.475 
    4.501   4.531   4.562   4.562   4.585   4.608   4.640   4.655 
    4.659   4.678   4.685   4.693   4.697   4.706   4.709   4.736 
    4.759   4.772   4.773   4.796   4.807   4.814   4.841   4.848 
    4.867   4.871   4.876   4.888   4.939   4.952   4.962   4.963 
    4.987   4.990   5.000   5.003   5.043   5.049   5.067   5.072 
    5.078   5.086   5.109   5.122   5.143   5.166   5.184   5.184 
    5.189   5.196   5.220   5.223   5.242   5.266   5.268   5.298 
    5.298   5.317   5.331   5.350   5.366   5.388   5.405   5.407 
    5.425   5.453   5.463   5.467   5.476   5.490   5.502   5.526 
    5.541   5.562   5.603   5.624   5.625   5.665   5.668   5.687 
    5.701   5.712   5.729   5.753   5.776   5.814   5.821   5.836 
    5.858   5.862   5.872   5.899   5.904   5.920   5.948   5.974 
    5.989   5.993   6.002   6.021   6.043   6.046   6.061   6.069 
    6.121   6.171   6.176   6.196   6.208   6.224   6.235   6.241 
    6.265   6.279   6.320   6.339   6.342   6.380   6.387   6.416 
    6.427   6.440   6.478   6.509   6.567   6.582   6.586   6.599 
    6.613   6.624   6.657   6.681   6.693   6.704   6.775   6.783 
    6.794   6.824   6.840   6.868   6.882   6.883   6.920   6.981 
    7.003   7.021   7.071   7.077   7.095   7.105   7.162   7.180 
    7.183   7.189   7.225   7.272   7.314   7.326   7.356   7.385 
    7.390   7.472   7.480   7.542   7.575   7.582   7.594   7.601 
    7.651   7.685   7.720   7.815   7.817   7.859   7.898   7.900 
    7.919   7.987   7.994   7.998   8.086   8.091   8.119   8.149 
    8.159   8.166   8.185   8.200   8.287   8.308   8.316   8.345 
    8.355   8.398   8.409   8.415   8.450   8.481   8.484   8.505 
    8.525   8.555   8.575   8.589   8.612   8.671   8.701   8.719 
    8.749   8.752   8.790   8.819   8.830   8.878   8.889   8.909 
    8.927   8.953   8.961   8.988   9.006   9.025   9.056   9.098 
    9.098   9.118   9.131   9.163   9.170   9.206   9.254   9.257 
    9.273   9.274   9.288   9.340   9.367   9.406   9.436   9.489 
    9.498   9.511   9.546   9.586   9.594   9.625   9.632   9.649 
    9.744   9.747   9.803   9.842   9.888   9.928   9.955   9.955 
    9.971  10.008  10.057  10.068  10.071  10.114  10.129  10.165 
   10.203  10.236  10.238  10.276  10.288  10.306  10.317  10.322 
   10.342  10.368  10.390  10.392  10.435  10.465  10.478  10.493 
   10.512  10.531  10.542  10.564  10.577  10.604  10.654  10.666 
   10.682  10.714  10.728  10.757  10.818  10.834  10.851  10.880 
   10.918  10.976  10.980  10.990  11.035  11.052  11.079  11.120 
   11.123  11.131  11.151  11.156  11.189  11.225  11.228  11.254 
   11.291  11.307  11.315  11.323  11.328  11.366  11.388  11.423 
   11.454  11.470  11.483  11.513  11.531  11.533  11.559  11.599 
   11.600  11.629  11.652  11.655  11.669  11.691  11.713  11.736 
   11.772  11.814  11.889  11.916  11.965  11.968  12.009  12.011 
   12.037  12.116  12.123  12.150  12.178  12.183  12.219  12.237 
   12.243  12.305  12.347  12.392  12.443  12.444  12.478  12.489 
   12.533  12.565  12.618  12.619  12.633  12.672  12.686  12.686 
   12.708  12.720  12.733  12.733  12.760  12.761  12.794  12.804 
   12.811  12.832  12.837  12.851  12.859  12.866  12.878  12.884 
   12.904  12.919  12.928  12.949  12.959  12.978  12.980  12.996 
   13.000  13.054  13.056  13.081  13.124  13.150  13.198  13.216 
   13.222  13.254  13.259  13.267  13.297  13.301  13.355  13.381 
   13.418  13.432  13.465  13.467  13.543  13.545  13.564  13.570 
   13.595  13.600  13.659  13.663  13.681  13.703  13.711  13.716 
   13.724  13.736  13.774  13.780  13.820  13.832  13.850  13.863 
   13.874  13.899  13.904  13.905  13.968  13.973  13.976  14.005 
   14.019  14.037  14.041  14.099  14.118  14.132  14.143  14.162 
   14.175  14.216  14.222  14.226  14.236  14.238  14.261  14.281 
   14.289  14.304  14.311  14.348  14.373  14.383  14.388  14.433 
   14.440  14.463  14.466  14.485  14.488  14.509  14.517  14.547 
   14.558  14.586  14.594  14.595  14.624  14.641  14.668  14.710 
   14.735  14.746  14.797  14.851  14.852  14.890  14.895  14.943 
   14.954  14.994  14.998  15.023  15.035  15.056  15.071  15.087 
   15.118  15.146  15.163  15.180  15.184  15.240  15.314  15.333 
   15.351  15.412  15.432  15.445  15.458  15.469  15.581  15.596 
   15.599  15.616  15.624  15.686  15.721  15.767  15.809  15.821 
   15.851  15.909  15.947  15.994  16.038  16.082  16.120  16.150 
   16.187  16.263  16.274  16.301  16.358  16.365  16.390  16.521 
   16.536  16.546  16.619  16.665  16.669  16.686  16.762  16.795 
   16.798  16.819  16.821  16.838  16.980  17.039  17.060  17.179 
   17.310  17.355  17.373  17.380  17.514  17.528  17.623  17.655 
   17.677  17.723  17.767  17.920  17.951  17.996  18.055  18.058 
   18.092  18.104  18.113  18.145  18.221  18.297  18.363  18.371 
   18.387  18.468  18.471  18.687  18.697  18.764  18.840  18.870 
   18.954  19.173  19.232  19.286  19.302  19.504  19.668  19.759 
   19.978  20.280  20.514  20.579  20.900  20.993  21.008  21.066 
   21.315  21.376  21.531  21.768  22.265  23.746  23.962  26.532 
   26.752  27.196  27.971  27.987  28.288  33.432  33.647  40.013 
   41.188  41.637  42.297  42.856  53.906  54.066  54.143  54.192 
   54.290  54.467  54.474  54.525  54.626  54.657  54.704  54.744 
   54.757  54.817  54.846  54.964  55.008  55.059  55.077  55.563 
   55.608  55.654  55.988  56.121  56.556  56.810  57.183  57.899 
   57.911  58.056  72.027  72.193 100.484 100.491 100.492 100.496 
  100.509 100.512 100.519 100.530 100.537 100.541 100.561 100.570 
  100.595 100.627 100.634 100.659 100.723 100.725 125.508 125.634 
  126.008 126.487 126.491 126.592 150.567 150.804 150.844 150.950 
  150.958 151.205 151.484 151.576 151.691 152.020 155.323 155.458 
  173.454 173.538 173.637 173.704 173.708 173.758 173.773 173.803 
  173.806 173.952 173.982 174.044 174.048 174.441 294.381 294.482 
  294.819 295.247 295.258 295.342 320.670 320.670 320.674 320.674 
  320.678 320.678 320.680 320.681 320.682 320.682 320.683 320.703 
  320.703 320.708 320.708 320.712 320.712 320.714 320.715 320.716 
  320.717 320.718 341.997 342.143 373.485 373.490 373.493 373.506 
  373.507 373.508 373.509 373.509 373.514 373.518 373.521 373.524 
  373.526 373.538 373.555 373.557 373.558 373.558 384.266 384.456 
  384.472 384.561 384.571 384.757 384.994 385.060 385.145 385.407 
  529.829 529.876 529.917 529.973 529.977 529.986 530.011 530.012 
  530.015 530.091 530.118 530.162 530.172 530.363 754.802 754.877 
  755.176 755.541 755.554 755.629 825.481 825.634 976.492 976.641 
  976.642 976.710 976.730 976.863 977.063 977.112 977.169 977.375 
  2440.584 2440.643 2440.922 2441.248 2441.261 2441.334 3195.394 3195.723 


  >>> Running RHF-MP2 <<<


RMP2-TIMING
  rmp2                  :::     2760.637 (100.00%)
  Total                 :::     2760.637 (100.00%)

MP2 correlation energy (RHF) : -1.5847089450
MP2 total energy       (RHF) : -303.4458055034


  >>> Running UHF <<<

init D/C      : input mo_coeff
init ov       : zeros
no            : 24 25
nv            : 1145 1144
ov_size       : 56080
max_cycle     : 1000
conv          : 6
econv         : 9
method        : diis
mom_start     : 0
guess mix     : 0.000000
orb_swap      : [[[1, 24]], []]
init E        : -286.31623618387
init S2       : 0.750000000000036
init |[F,P]|  : 8.88e-03
init |dE|     : 2.19e-02
check file    : None

iter      total energy   |[F,P]|      |dE|         ∆E   S^2   comment
   1    -286.626084457  6.00e-03  1.41e-02  -3.10e-01  0.75  DIIS mom: 23.6/24 24.5/25
   2    -287.031295454  6.90e-04  1.56e-03  -4.05e-01  0.76  DIIS mom: 23.9/24 24.9/25
   3    -287.039239209  2.71e-04  5.95e-04  -7.94e-03  0.76  DIIS mom: 24.0/24 25.0/25
   4    -287.040892231  1.15e-04  2.53e-04  -1.65e-03  0.77  DIIS mom: 24.0/24 25.0/25
   5    -287.041633944  5.69e-05  1.23e-04  -7.42e-04  0.78  DIIS mom: 24.0/24 25.0/25
   6    -287.041861356  2.91e-05  6.03e-05  -2.27e-04  0.78  DIIS mom: 24.0/24 25.0/25
   7    -287.041934557  1.85e-05  3.76e-05  -7.32e-05  0.79  DIIS mom: 24.0/24 25.0/25
   8    -287.041983462  1.19e-05  2.42e-05  -4.89e-05  0.79  DIIS mom: 24.0/24 25.0/25
   9    -287.042012343  7.26e-06  1.48e-05  -2.89e-05  0.80  DIIS mom: 24.0/24 25.0/25
  10    -287.042022363  5.60e-06  1.13e-05  -1.00e-05  0.80  DIIS mom: 24.0/24 25.0/25
  11    -287.042029019  4.57e-06  9.10e-06  -6.66e-06  0.80  DIIS mom: 24.0/24 25.0/25
  12    -287.042034029  3.64e-06  7.16e-06  -5.01e-06  0.80  DIIS mom: 24.0/24 25.0/25
  13    -287.042039600  2.16e-06  4.27e-06  -5.57e-06  0.80  DIIS mom: 24.0/24 25.0/25
  14    -287.042041168  1.17e-06  2.29e-06  -1.57e-06  0.80  DIIS mom: 24.0/24 25.0/25
  15    -287.042041476  4.76e-07  9.67e-07  -3.08e-07  0.80  DIIS mom: 24.0/24 25.0/25
  16    -287.042041503  1.88e-07  3.74e-07  -2.79e-08  0.80  DIIS mom: 24.0/24 25.0/25
  17    -287.042041506  8.99e-08  1.73e-07  -2.37e-09  0.80  DIIS mom: 24.0/24 25.0/25
  18    -287.042041506  4.52e-08  8.86e-08  -5.35e-10  0.80  DIIS mom: 24.0/24 25.0/25
                                                                      diis is converged!

SCF converged : True
final |[F,P]| : 4.52e-08
final |dE|    : 8.86e-08
final Escf    : -562.136554160333
final Etot    : -287.042041506343
final S2      : 0.802101746825223

  diis prep             :::        1.736 (  0.04%)
  diis extrap           :::        2.188 (  0.05%)
  roothaan              :::       19.264 (  0.42%)
  fock build            :::     4570.695 ( 99.50%)
  Total                 :::     4593.883 (100.00%)

Alpha occupied
  -15.778 -11.541 -11.541 -11.529 -11.441 -11.441  -1.562  -1.441 
   -1.283  -1.271  -1.113  -1.070  -0.955  -0.945  -0.874  -0.852 
   -0.851  -0.841  -0.812  -0.737  -0.731  -0.716  -0.570  -0.566 

Alpha virtual
  -14.073  -0.126  -0.083  -0.059  -0.040  -0.037  -0.010  -0.004 
   -0.001   0.009   0.017   0.033   0.033   0.058   0.076   0.081 
    0.098   0.098   0.101   0.107   0.122   0.144   0.145   0.167 
    0.174   0.180   0.191   0.200   0.212   0.213   0.222   0.229 
    0.231   0.246   0.254   0.261   0.280   0.283   0.295   0.317 
    0.319   0.326   0.328   0.331   0.334   0.356   0.369   0.375 
    0.378   0.395   0.416   0.418   0.421   0.422   0.444   0.462 
    0.473   0.474   0.506   0.523   0.524   0.530   0.535   0.546 
    0.552   0.566   0.583   0.595   0.615   0.624   0.635   0.641 
    0.648   0.650   0.653   0.671   0.697   0.700   0.731   0.749 
    0.759   0.775   0.779   0.786   0.798   0.805   0.811   0.812 
    0.820   0.824   0.834   0.846   0.864   0.867   0.869   0.891 
    0.893   0.904   0.916   0.932   0.939   0.941   0.959   0.963 
    0.972   0.988   0.993   1.031   1.040   1.046   1.051   1.058 
    1.066   1.085   1.096   1.098   1.108   1.123   1.136   1.165 
    1.179   1.184   1.199   1.220   1.221   1.254   1.268   1.289 
    1.291   1.298   1.309   1.363   1.372   1.380   1.391   1.392 
    1.396   1.403   1.427   1.441   1.443   1.451   1.454   1.471 
    1.486   1.487   1.510   1.512   1.527   1.533   1.546   1.559 
    1.566   1.573   1.623   1.625   1.632   1.649   1.662   1.664 
    1.672   1.682   1.702   1.703   1.729   1.731   1.738   1.759 
    1.769   1.788   1.805   1.813   1.823   1.837   1.838   1.858 
    1.860   1.885   1.898   1.904   1.926   1.927   1.937   1.949 
    1.958   1.968   1.985   1.990   1.996   2.001   2.023   2.025 
    2.048   2.050   2.063   2.075   2.083   2.086   2.110   2.135 
    2.135   2.154   2.155   2.158   2.164   2.185   2.196   2.216 
    2.247   2.253   2.268   2.288   2.309   2.328   2.343   2.350 
    2.370   2.382   2.392   2.395   2.410   2.433   2.437   2.447 
    2.461   2.470   2.482   2.522   2.537   2.547   2.574   2.596 
    2.621   2.631   2.667   2.668   2.677   2.682   2.720   2.732 
    2.738   2.761   2.783   2.798   2.805   2.835   2.843   2.852 
    2.871   2.874   2.899   2.908   2.921   2.948   2.973   3.001 
    3.007   3.009   3.018   3.021   3.025   3.056   3.068   3.084 
    3.103   3.108   3.149   3.182   3.188   3.193   3.214   3.216 
    3.236   3.259   3.273   3.287   3.294   3.317   3.333   3.344 
    3.352   3.390   3.411   3.429   3.435   3.452   3.461   3.483 
    3.491   3.506   3.528   3.532   3.541   3.570   3.584   3.591 
    3.609   3.630   3.637   3.654   3.663   3.676   3.712   3.729 
    3.738   3.747   3.756   3.771   3.804   3.813   3.833   3.840 
    3.847   3.853   3.861   3.884   3.905   3.909   3.930   3.938 
    3.942   3.976   3.984   4.003   4.014   4.025   4.041   4.049 
    4.067   4.067   4.087   4.103   4.124   4.126   4.143   4.155 
    4.155   4.161   4.180   4.199   4.220   4.222   4.245   4.252 
    4.266   4.294   4.320   4.350   4.372   4.381   4.402   4.436 
    4.447   4.450   4.466   4.468   4.484   4.487   4.493   4.501 
    4.528   4.554   4.568   4.569   4.595   4.605   4.622   4.633 
    4.648   4.655   4.659   4.671   4.677   4.727   4.745   4.768 
    4.771   4.776   4.787   4.788   4.788   4.839   4.846   4.862 
    4.865   4.877   4.885   4.905   4.907   4.946   4.965   4.979 
    4.981   4.986   4.995   5.007   5.014   5.024   5.058   5.066 
    5.079   5.100   5.120   5.121   5.141   5.153   5.179   5.196 
    5.199   5.219   5.238   5.244   5.255   5.273   5.286   5.294 
    5.321   5.342   5.352   5.389   5.411   5.415   5.450   5.454 
    5.483   5.484   5.498   5.516   5.543   5.561   5.601   5.624 
    5.626   5.642   5.653   5.656   5.676   5.685   5.713   5.737 
    5.744   5.764   5.774   5.779   5.819   5.829   5.831   5.838 
    5.852   5.909   5.917   5.957   5.959   5.966   5.995   6.001 
    6.015   6.018   6.074   6.092   6.125   6.128   6.163   6.177 
    6.202   6.215   6.219   6.242   6.297   6.339   6.357   6.377 
    6.392   6.392   6.403   6.439   6.460   6.474   6.492   6.555 
    6.566   6.591   6.614   6.624   6.645   6.651   6.676   6.703 
    6.769   6.774   6.799   6.858   6.859   6.891   6.897   6.941 
    6.962   6.969   6.982   7.028   7.045   7.098   7.124   7.149 
    7.160   7.183   7.266   7.272   7.333   7.347   7.356   7.365 
    7.392   7.428   7.464   7.510   7.596   7.596   7.640   7.682 
    7.685   7.693   7.753   7.757   7.773   7.856   7.860   7.888 
    7.909   7.930   7.939   7.955   7.982   8.074   8.078   8.084 
    8.097   8.137   8.154   8.174   8.193   8.222   8.268   8.274 
    8.291   8.312   8.335   8.358   8.379   8.390   8.454   8.481 
    8.504   8.518   8.536   8.574   8.586   8.588   8.640   8.679 
    8.686   8.706   8.718   8.728   8.767   8.780   8.784   8.826 
    8.869   8.875   8.883   8.905   8.942   8.956   8.983   9.013 
    9.025   9.039   9.052   9.062   9.111   9.160   9.178   9.210 
    9.264   9.275   9.290   9.312   9.359   9.371   9.401   9.403 
    9.424   9.511   9.513   9.571   9.600   9.660   9.692   9.728 
    9.731   9.750   9.774   9.811   9.834   9.839   9.886   9.898 
    9.932   9.972  10.005  10.012  10.048  10.059  10.075  10.089 
   10.094  10.110  10.130  10.141  10.163  10.202  10.227  10.246 
   10.255  10.282  10.304  10.307  10.329  10.339  10.374  10.426 
   10.429  10.453  10.489  10.500  10.524  10.594  10.610  10.625 
   10.660  10.702  10.748  10.759  10.760  10.795  10.818  10.857 
   10.892  10.898  10.906  10.923  10.929  10.965  10.992  11.002 
   11.025  11.065  11.085  11.092  11.094  11.097  11.147  11.173 
   11.199  11.227  11.246  11.264  11.285  11.306  11.309  11.344 
   11.368  11.378  11.405  11.422  11.444  11.446  11.466  11.491 
   11.530  11.553  11.607  11.672  11.688  11.732  11.748  11.766 
   11.792  11.812  11.886  11.897  11.913  11.938  11.960  11.970 
   12.002  12.035  12.074  12.130  12.156  12.220  12.228  12.248 
   12.267  12.306  12.313  12.355  12.411  12.412  12.423  12.446 
   12.463  12.476  12.488  12.507  12.522  12.563  12.565  12.582 
   12.594  12.598  12.603  12.641  12.641  12.653  12.662  12.668 
   12.676  12.692  12.708  12.714  12.738  12.751  12.771  12.780 
   12.785  12.796  12.827  12.851  12.864  12.907  12.922  12.955 
   12.971  12.986  13.005  13.039  13.057  13.067  13.105  13.111 
   13.146  13.181  13.210  13.227  13.257  13.319  13.330  13.330 
   13.341  13.368  13.377  13.407  13.445  13.469  13.482  13.489 
   13.504  13.522  13.530  13.569  13.585  13.605  13.612  13.641 
   13.648  13.669  13.671  13.695  13.695  13.754  13.767  13.776 
   13.803  13.820  13.836  13.836  13.900  13.903  13.925  13.937 
   13.962  13.970  14.001  14.007  14.019  14.023  14.025  14.046 
   14.064  14.084  14.100  14.104  14.142  14.149  14.187  14.195 
   14.211  14.224  14.248  14.256  14.264  14.266  14.282  14.305 
   14.319  14.328  14.370  14.381  14.383  14.413  14.420  14.465 
   14.496  14.501  14.520  14.571  14.615  14.636  14.636  14.670 
   14.712  14.736  14.746  14.769  14.770  14.781  14.819  14.830 
   14.850  14.898  14.916  14.936  14.951  14.962  15.030  15.080 
   15.085  15.123  15.135  15.174  15.229  15.252  15.255  15.326 
   15.338  15.369  15.385  15.388  15.482  15.506  15.545  15.577 
   15.579  15.648  15.701  15.719  15.773  15.810  15.858  15.904 
   15.928  15.965  16.032  16.042  16.093  16.141  16.162  16.190 
   16.282  16.295  16.360  16.395  16.423  16.438  16.452  16.475 
   16.490  16.543  16.580  16.606  16.654  16.772  16.850  16.872 
   16.944  17.114  17.134  17.160  17.175  17.304  17.335  17.414 
   17.425  17.467  17.495  17.538  17.701  17.727  17.780  17.796 
   17.818  17.827  17.872  17.892  17.905  17.930  18.021  18.053 
   18.157  18.162  18.253  18.280  18.322  18.396  18.470  18.540 
   18.620  18.698  18.765  18.947  19.054  19.086  19.286  19.445 
   19.541  19.719  19.797  19.963  20.394  20.681  20.792  20.805 
   20.878  21.096  21.155  21.346  21.583  22.078  23.560  23.775 
   25.807  26.452  26.559  27.252  27.776  28.097  32.647  33.442 
   39.783  40.955  41.388  42.046  42.619  52.715  52.949  52.954 
   53.098  53.377  53.568  53.579  53.712  53.821  53.981  54.090 
   54.276  54.329  54.368  54.420  54.440  54.513  54.548  54.619 
   54.776  54.866  55.387  55.412  55.793  55.926  56.003  56.612 
   56.728  57.702  57.862  70.734  71.986  99.195  99.200  99.201 
   99.215  99.232  99.233  99.237  99.312  99.319 100.292 100.310 
  100.323 100.364 100.373 100.398 100.462 100.529 100.530 123.644 
  124.133 124.711 125.436 126.288 126.297 148.513 148.746 148.896 
  149.422 149.511 150.647 150.762 151.007 151.495 151.825 153.341 
  155.247 171.433 171.518 171.678 171.685 171.751 172.011 172.014 
  173.440 173.560 173.606 173.609 173.755 173.786 174.246 291.656 
  292.089 292.606 294.285 295.048 295.063 318.565 318.565 318.566 
  318.568 318.568 318.571 318.571 318.576 318.576 318.582 318.582 
  320.474 320.474 320.478 320.478 320.481 320.481 320.482 320.483 
  320.484 320.485 320.485 339.203 341.935 370.955 370.957 370.959 
  370.960 370.967 370.968 370.969 370.993 370.995 373.287 373.292 
  373.297 373.309 373.312 373.321 373.341 373.362 373.362 381.386 
  381.574 381.691 382.109 382.173 384.275 384.365 384.560 384.949 
  385.211 526.721 526.769 526.863 526.868 526.902 527.048 527.058 
  529.720 529.788 529.816 529.818 529.894 529.923 530.167 751.212 
  751.583 752.033 754.681 755.343 755.358 821.850 825.426 972.808 
  972.958 973.046 973.376 973.425 976.444 976.514 976.666 976.972 
  977.179 2436.290 2436.628 2437.038 2440.447 2441.051 2441.066 3191.102 
  3195.508 

Beta occupied
  -18.359 -15.777 -11.537 -11.537 -11.528 -11.442 -11.442  -1.643 
   -1.440  -1.293  -1.275  -1.130  -1.075  -0.976  -0.955  -0.915 
   -0.894  -0.858  -0.856  -0.810  -0.757  -0.741  -0.722  -0.580 
   -0.570 

Beta virtual
   -0.129  -0.073  -0.059  -0.040  -0.037  -0.010  -0.005  -0.000 
    0.007   0.015   0.032   0.033   0.056   0.075   0.080   0.095 
    0.098   0.099   0.108   0.119   0.143   0.144   0.166   0.173 
    0.181   0.191   0.200   0.212   0.214   0.222   0.227   0.230 
    0.244   0.255   0.256   0.274   0.280   0.296   0.317   0.318 
    0.324   0.326   0.331   0.334   0.349   0.364   0.375   0.380 
    0.395   0.412   0.417   0.421   0.422   0.444   0.463   0.474 
    0.475   0.505   0.525   0.525   0.525   0.531   0.543   0.553 
    0.566   0.584   0.589   0.615   0.624   0.635   0.644   0.648 
    0.650   0.652   0.670   0.697   0.700   0.732   0.748   0.759 
    0.775   0.779   0.782   0.798   0.805   0.811   0.811   0.820 
    0.825   0.834   0.848   0.864   0.867   0.868   0.891   0.893 
    0.899   0.916   0.932   0.938   0.943   0.959   0.964   0.971 
    0.986   0.988   1.031   1.040   1.048   1.051   1.059   1.062 
    1.067   1.094   1.096   1.109   1.120   1.132   1.162   1.179 
    1.184   1.200   1.220   1.221   1.255   1.269   1.289   1.289 
    1.297   1.310   1.364   1.372   1.380   1.392   1.393   1.396 
    1.403   1.427   1.441   1.443   1.451   1.454   1.471   1.487 
    1.487   1.510   1.513   1.527   1.533   1.546   1.559   1.568 
    1.573   1.624   1.626   1.633   1.647   1.662   1.664   1.672 
    1.683   1.702   1.703   1.729   1.730   1.736   1.760   1.770 
    1.788   1.805   1.813   1.823   1.837   1.838   1.858   1.860 
    1.885   1.899   1.903   1.925   1.926   1.938   1.949   1.959 
    1.968   1.984   1.990   1.996   2.000   2.024   2.025   2.048 
    2.050   2.063   2.074   2.084   2.087   2.110   2.134   2.134 
    2.152   2.155   2.158   2.162   2.186   2.196   2.216   2.248 
    2.251   2.267   2.287   2.309   2.328   2.343   2.350   2.355 
    2.382   2.389   2.395   2.406   2.432   2.434   2.446   2.460 
    2.470   2.483   2.514   2.535   2.542   2.563   2.574   2.621 
    2.631   2.660   2.668   2.670   2.682   2.718   2.732   2.738 
    2.759   2.780   2.798   2.803   2.830   2.843   2.851   2.867 
    2.871   2.895   2.907   2.921   2.944   2.973   3.002   3.007 
    3.009   3.012   3.017   3.025   3.052   3.068   3.083   3.104 
    3.108   3.148   3.182   3.188   3.193   3.212   3.215   3.234 
    3.258   3.270   3.287   3.294   3.313   3.334   3.342   3.352 
    3.390   3.410   3.430   3.435   3.450   3.460   3.483   3.491 
    3.503   3.528   3.532   3.541   3.570   3.585   3.591   3.608 
    3.630   3.637   3.654   3.663   3.675   3.711   3.729   3.738 
    3.747   3.755   3.772   3.804   3.813   3.833   3.841   3.848 
    3.853   3.861   3.885   3.905   3.910   3.932   3.935   3.943 
    3.976   3.984   3.999   4.015   4.024   4.041   4.050   4.067 
    4.068   4.086   4.104   4.124   4.127   4.143   4.154   4.156 
    4.162   4.181   4.199   4.220   4.224   4.245   4.253   4.267 
    4.294   4.320   4.348   4.372   4.381   4.402   4.436   4.448 
    4.450   4.467   4.469   4.484   4.487   4.493   4.501   4.528 
    4.553   4.568   4.569   4.595   4.605   4.622   4.633   4.649 
    4.655   4.658   4.671   4.676   4.727   4.745   4.765   4.771 
    4.776   4.786   4.787   4.788   4.839   4.846   4.862   4.865 
    4.876   4.884   4.904   4.907   4.945   4.965   4.978   4.978 
    4.985   4.995   5.007   5.012   5.024   5.058   5.063   5.078 
    5.100   5.118   5.121   5.141   5.151   5.179   5.193   5.198 
    5.217   5.230   5.243   5.254   5.273   5.285   5.293   5.321 
    5.342   5.351   5.387   5.408   5.415   5.446   5.448   5.481 
    5.484   5.498   5.511   5.542   5.555   5.600   5.623   5.625 
    5.638   5.651   5.655   5.667   5.685   5.706   5.721   5.734 
    5.759   5.769   5.778   5.815   5.822   5.831   5.837   5.844 
    5.873   5.913   5.916   5.957   5.965   5.995   6.000   6.015 
    6.017   6.074   6.090   6.124   6.127   6.162   6.177   6.201 
    6.210   6.219   6.229   6.295   6.338   6.347   6.377   6.388 
    6.391   6.399   6.438   6.457   6.471   6.490   6.552   6.562 
    6.592   6.612   6.621   6.643   6.646   6.675   6.702   6.764 
    6.768   6.798   6.854   6.858   6.890   6.897   6.936   6.959 
    6.968   6.982   7.028   7.038   7.097   7.124   7.147   7.158 
    7.182   7.266   7.270   7.332   7.344   7.347   7.361   7.392 
    7.426   7.463   7.510   7.589   7.594   7.637   7.682   7.682 
    7.689   7.748   7.750   7.767   7.853   7.855   7.885   7.902 
    7.928   7.938   7.954   7.981   8.070   8.073   8.077   8.097 
    8.137   8.152   8.173   8.193   8.222   8.267   8.273   8.291 
    8.311   8.335   8.357   8.379   8.388   8.453   8.480   8.504 
    8.519   8.537   8.572   8.582   8.587   8.641   8.679   8.686 
    8.706   8.714   8.728   8.767   8.780   8.784   8.827   8.870 
    8.875   8.883   8.905   8.943   8.956   8.983   9.008   9.025 
    9.040   9.052   9.061   9.108   9.160   9.177   9.211   9.263 
    9.275   9.290   9.311   9.360   9.371   9.401   9.403   9.424 
    9.509   9.512   9.571   9.596   9.661   9.691   9.728   9.731 
    9.750   9.773   9.813   9.835   9.840   9.887   9.899   9.933 
    9.972  10.006  10.012  10.049  10.060  10.076  10.090  10.094 
   10.111  10.131  10.142  10.163  10.203  10.227  10.243  10.256 
   10.281  10.304  10.307  10.330  10.337  10.374  10.427  10.429 
   10.452  10.489  10.501  10.524  10.594  10.610  10.625  10.660 
   10.702  10.748  10.759  10.760  10.796  10.819  10.857  10.892 
   10.897  10.906  10.923  10.930  10.965  10.993  11.002  11.025 
   11.064  11.085  11.092  11.093  11.096  11.147  11.173  11.199 
   11.227  11.246  11.265  11.285  11.306  11.309  11.344  11.368 
   11.377  11.405  11.422  11.443  11.446  11.465  11.491  11.530 
   11.552  11.607  11.664  11.688  11.730  11.747  11.766  11.791 
   11.811  11.882  11.891  11.911  11.939  11.958  11.967  11.987 
   12.035  12.067  12.110  12.156  12.183  12.228  12.229  12.267 
   12.285  12.306  12.355  12.405  12.411  12.422  12.446  12.461 
   12.475  12.487  12.502  12.520  12.563  12.564  12.580  12.588 
   12.594  12.596  12.639  12.641  12.649  12.662  12.666  12.674 
   12.691  12.700  12.712  12.738  12.748  12.767  12.779  12.784 
   12.796  12.823  12.845  12.862  12.887  12.903  12.953  12.966 
   12.976  13.005  13.038  13.055  13.065  13.105  13.109  13.144 
   13.167  13.208  13.224  13.255  13.314  13.319  13.326  13.340 
   13.366  13.368  13.398  13.444  13.469  13.480  13.487  13.502 
   13.521  13.529  13.568  13.585  13.601  13.608  13.639  13.646 
   13.668  13.669  13.694  13.695  13.754  13.766  13.776  13.803 
   13.820  13.835  13.836  13.900  13.903  13.924  13.935  13.960 
   13.970  13.999  14.007  14.019  14.023  14.024  14.046  14.060 
   14.083  14.100  14.102  14.137  14.149  14.186  14.195  14.209 
   14.224  14.246  14.246  14.261  14.264  14.280  14.305  14.317 
   14.325  14.368  14.375  14.383  14.406  14.413  14.462  14.478 
   14.491  14.498  14.561  14.566  14.631  14.634  14.668  14.696 
   14.735  14.744  14.759  14.768  14.772  14.817  14.825  14.848 
   14.896  14.914  14.933  14.949  14.960  15.030  15.076  15.079 
   15.120  15.125  15.169  15.229  15.251  15.255  15.319  15.330 
   15.366  15.384  15.387  15.482  15.505  15.544  15.575  15.575 
   15.647  15.701  15.718  15.772  15.804  15.856  15.902  15.927 
   15.962  16.026  16.041  16.093  16.140  16.161  16.189  16.277 
   16.290  16.361  16.390  16.417  16.422  16.429  16.474  16.490 
   16.540  16.580  16.605  16.654  16.770  16.850  16.872  16.942 
   17.113  17.128  17.160  17.175  17.305  17.335  17.413  17.422 
   17.467  17.486  17.538  17.700  17.719  17.776  17.777  17.800 
   17.812  17.872  17.891  17.901  17.931  18.017  18.051  18.156 
   18.159  18.253  18.269  18.281  18.375  18.470  18.537  18.619 
   18.653  18.765  18.940  19.051  19.086  19.285  19.442  19.541 
   19.684  19.784  19.914  20.394  20.680  20.792  20.805  20.878 
   21.095  21.155  21.347  21.583  22.079  23.561  23.776  25.589 
   26.245  26.557  27.051  27.775  28.097  32.348  33.442  39.782 
   40.954  41.388  42.046  42.619  52.573  52.812  52.848  53.017 
   53.287  53.457  53.485  53.616  53.696  53.892  54.091  54.248 
   54.277  54.305  54.330  54.430  54.511  54.548  54.619  54.776 
   54.866  55.096  55.411  55.726  55.793  55.926  56.454  56.613 
   57.702  57.862  70.378  71.986  99.135  99.141  99.141  99.156 
   99.173  99.174  99.178  99.254  99.261 100.293 100.310 100.323 
  100.364 100.373 100.398 100.463 100.529 100.530 123.306 123.798 
  124.378 125.436 126.288 126.297 148.282 148.515 148.665 149.193 
  149.283 150.647 150.762 151.007 151.495 151.825 152.983 155.247 
  171.285 171.370 171.531 171.537 171.603 171.864 171.867 173.440 
  173.560 173.606 173.609 173.755 173.787 174.246 291.332 291.765 
  292.284 294.285 295.048 295.063 318.487 318.487 318.489 318.490 
  318.491 318.494 318.494 318.499 318.499 318.505 318.505 320.474 
  320.474 320.478 320.478 320.481 320.481 320.482 320.483 320.484 
  320.485 320.485 338.883 341.935 370.831 370.832 370.834 370.835 
  370.842 370.843 370.845 370.868 370.871 373.287 373.292 373.297 
  373.309 373.312 373.321 373.341 373.362 373.362 381.156 381.344 
  381.461 381.880 381.944 384.276 384.365 384.560 384.949 385.211 
  526.540 526.588 526.682 526.686 526.721 526.867 526.877 529.720 
  529.789 529.816 529.818 529.894 529.923 530.167 750.957 751.329 
  751.779 754.681 755.343 755.358 821.594 825.426 972.620 972.769 
  972.858 973.188 973.237 976.444 976.514 976.666 976.972 977.179 
  2436.141 2436.478 2436.888 2440.447 2441.051 2441.066 3190.962 3195.508 


  >>> Running UHF-MP2 <<<

MP2 correlation energy (UHF) : -1.5408187364
MP2 total energy       (UHF) : -288.5828602427

