	*********************************************** 
	***** Beginning CEBE Calculation with MOM ***** 
	*****       Calculation Details:          ***** 
	      Geometry:	 /work/morgunov/rev2calcs/mols/exp/o/h2nch-o.xyz
	      Core Basis:	 ccX-5Z
	      Full Basis:	 cc-pV5Z
	      DIIS (start, space):	 0 50
	      Level shift:	 0
	      Do localization?:	 False
	      Do SFX2C1E?:	 True
	      Freeze orbitals?:	 True
	      Use Cheng orbitals?:	 False
	      Do Special Basis?:	 True
	      Do Special Basis?:	 ccX-5Z
	*********************************************** 
	*********************************************** 

  >>> Running RHF <<<

init D/C      : minao
init ov       : zeros
no            : 12
nv            : 527
ov_size       : 6324
max_cycle     : 1000
conv          : 6
econv         : 9
method        : gdm
scale_stop    : 0
scale_factor  : 1.000000
init E        : -168.895499192629
init |[F,P]|  : 7.63e-03
init |dE|     : 1.86e-02
check file    : None

iter      total energy   |[F,P]|      |dE|         ∆E   comment
   1    -168.938962073  7.15e-03  1.69e-02  -4.35e-02  BFGS
   2    -169.017484815  5.33e-04  1.29e-03  -7.85e-02  BFGS
   3    -169.018557824  1.65e-04  3.69e-04  -1.07e-03  BFGS
   4    -169.018766369  7.48e-05  1.84e-04  -2.09e-04  BFGS
   5    -169.018788876  3.38e-05  8.36e-05  -2.25e-05  BFGS
   6    -169.018792717  6.73e-06  1.63e-05  -3.84e-06  BFGS
   7    -169.018792875  2.00e-06  4.67e-06  -1.58e-07  BFGS
   8    -169.018792888  6.90e-07  1.66e-06  -1.33e-08  BFGS
   9    -169.018792890  2.45e-07  6.27e-07  -1.59e-09  BFGS
  10    -169.018792890  4.85e-08  1.28e-07  -1.69e-10  BFGS
                                                                      gdm is converged!

SCF converged : True
final |[F,P]| : 4.85e-08
final |dE|    : 1.28e-07
final Escf    : -240.618443662041
final Etot    : -169.018792889705

  pxp & ewc             :::        0.231 (  0.05%)
  apply B               :::        0.002 (  0.00%)
  linsrch               :::      472.800 ( 99.95%)
  grad                  :::        0.011 (  0.00%)
  Total                 :::      473.043 (100.00%)

Alpha occupied
  -20.525 -15.594 -11.352  -1.387  -1.225  -0.855  -0.756  -0.680 
   -0.611  -0.575  -0.437  -0.423 

Alpha virtual
    0.081   0.103   0.129   0.155   0.169   0.175   0.193   0.229 
    0.254   0.265   0.291   0.351   0.353   0.370   0.390   0.434 
    0.458   0.461   0.507   0.543   0.574   0.581   0.603   0.606 
    0.627   0.643   0.665   0.669   0.726   0.735   0.780   0.795 
    0.806   0.827   0.883   0.897   0.901   0.954   0.980   1.000 
    1.001   1.048   1.080   1.092   1.137   1.208   1.229   1.241 
    1.286   1.345   1.395   1.401   1.456   1.462   1.491   1.505 
    1.508   1.530   1.536   1.572   1.582   1.614   1.625   1.653 
    1.714   1.751   1.780   1.798   1.815   1.825   1.905   1.915 
    1.923   1.930   1.960   2.026   2.046   2.049   2.082   2.134 
    2.146   2.173   2.187   2.191   2.235   2.254   2.308   2.327 
    2.333   2.365   2.448   2.489   2.511   2.540   2.613   2.626 
    2.669   2.700   2.792   2.793   2.834   2.910   2.912   2.967 
    3.018   3.125   3.147   3.192   3.224   3.237   3.237   3.276 
    3.314   3.322   3.335   3.372   3.423   3.425   3.433   3.487 
    3.519   3.574   3.630   3.694   3.703   3.739   3.754   3.772 
    3.805   3.809   3.878   3.922   3.956   3.987   3.990   4.055 
    4.061   4.129   4.144   4.149   4.175   4.225   4.270   4.330 
    4.431   4.436   4.509   4.532   4.554   4.556   4.574   4.639 
    4.652   4.660   4.755   4.783   4.840   4.852   4.905   4.973 
    5.020   5.031   5.042   5.099   5.120   5.123   5.179   5.214 
    5.223   5.259   5.280   5.317   5.378   5.443   5.450   5.514 
    5.530   5.535   5.603   5.622   5.637   5.682   5.727   5.784 
    5.802   5.860   5.892   5.953   6.027   6.111   6.112   6.135 
    6.177   6.247   6.296   6.323   6.439   6.451   6.551   6.645 
    6.654   6.683   6.823   6.887   6.889   6.976   7.049   7.066 
    7.130   7.133   7.159   7.246   7.249   7.296   7.308   7.344 
    7.361   7.373   7.450   7.489   7.592   7.639   7.646   7.716 
    7.745   7.786   7.793   7.846   7.915   8.012   8.077   8.097 
    8.261   8.473   8.512   8.544   8.560   8.635   8.730   8.789 
    8.814   8.838   8.919   8.979   8.997   9.071   9.139   9.177 
    9.215   9.377   9.444   9.565   9.712   9.713   9.895   9.907 
   10.032  10.053  10.116  10.151  10.163  10.241  10.357  10.508 
   10.552  10.658  10.658  10.781  10.847  11.003  11.072  11.176 
   11.263  11.354  11.449  11.523  11.528  11.646  11.679  11.759 
   11.762  11.826  11.928  12.120  12.154  12.201  12.389  12.568 
   12.626  12.681  12.721  12.753  12.760  12.777  12.780  12.834 
   12.836  12.879  12.916  12.947  12.964  12.990  13.071  13.113 
   13.134  13.194  13.276  13.358  13.378  13.393  13.496  13.497 
   13.536  13.552  13.572  13.615  13.678  13.691  13.716  13.768 
   13.795  13.863  13.869  13.885  13.908  13.926  13.965  14.008 
   14.057  14.142  14.230  14.270  14.299  14.310  14.322  14.328 
   14.336  14.374  14.468  14.522  14.534  14.570  14.585  14.645 
   14.685  14.741  14.753  14.771  14.956  14.968  14.978  15.003 
   15.031  15.074  15.103  15.104  15.329  15.385  15.450  15.527 
   15.579  15.652  15.716  15.788  15.807  16.007  16.108  16.183 
   16.198  16.325  16.357  16.369  16.560  16.603  16.690  16.801 
   16.890  16.902  17.031  17.132  17.139  17.331  17.381  17.446 
   17.499  17.661  17.685  17.816  18.001  18.013  18.068  18.099 
   18.348  18.499  18.544  18.620  18.648  18.769  18.881  18.948 
   18.953  19.103  19.105  19.152  19.185  19.448  19.501  19.528 
   19.637  19.703  19.814  19.848  19.953  20.155  20.635  20.801 
   20.904  20.918  21.230  21.432  21.570  22.031  22.156  22.211 
   22.367  22.680  23.353  23.364  23.791  24.095  24.761  30.846 
   31.053  31.633  41.758  43.472  54.056  66.035  66.119  66.134 
   66.292  66.655  66.667  66.930  67.689  70.530  70.545  70.769 
   70.836  71.270  71.543  71.738  94.066 118.626 118.627 118.651 
  118.653 118.704 118.709 118.711 118.745 118.761 147.451 147.596 
  148.005 183.955 184.020 184.466 184.674 185.207 203.553 225.522 
  225.530 225.652 225.688 225.911 226.048 226.125 347.130 347.252 
  347.622 386.045 386.045 386.051 386.051 386.056 386.056 386.060 
  386.060 386.062 386.062 386.063 449.068 450.043 450.043 450.050 
  450.051 450.067 450.068 450.068 450.081 450.086 473.027 473.077 
  473.434 473.595 474.013 685.471 685.475 685.546 685.567 685.697 
  685.775 685.818 892.671 892.772 893.095 1087.513 1213.252 1213.291 
  1213.572 1213.695 1214.021 2892.067 2892.155 2892.452 4236.799 


  >>> Running RHF-MP2 <<<


RMP2-TIMING
  rmp2                  :::      409.028 (100.00%)
  Total                 :::      409.028 (100.00%)

MP2 correlation energy (RHF) : -0.7961494666
MP2 total energy       (RHF) : -169.8149423563


  >>> Running UHF <<<

init D/C      : input mo_coeff
init ov       : zeros
no            : 11 12
nv            : 528 527
ov_size       : 12132
max_cycle     : 1000
conv          : 6
econv         : 9
method        : diis
mom_start     : 0
guess mix     : 0.000000
orb_swap      : [[[0, 11]], []]
init E        : -148.494012378258
init S2       : 0.749999999999989
init |[F,P]|  : 2.11e-02
init |dE|     : 5.58e-02
check file    : None

iter      total energy   |[F,P]|      |dE|         ∆E   S^2   comment
   1    -149.003213015  1.16e-02  3.07e-02  -5.09e-01  0.75  DIIS mom: 10.7/11 11.6/12
   2    -149.306974432  1.06e-03  2.71e-03  -3.04e-01  0.76  DIIS mom: 10.9/11 11.9/12
   3    -149.311095884  3.39e-04  8.65e-04  -4.12e-03  0.76  DIIS mom: 11.0/11 12.0/12
   4    -149.311727228  1.60e-04  3.98e-04  -6.31e-04  0.76  DIIS mom: 11.0/11 12.0/12
   5    -149.311997643  6.90e-05  1.69e-04  -2.70e-04  0.77  DIIS mom: 11.0/11 12.0/12
   6    -149.312045093  3.12e-05  7.01e-05  -4.74e-05  0.77  DIIS mom: 11.0/11 12.0/12
   7    -149.312062687  2.08e-05  4.54e-05  -1.76e-05  0.77  DIIS mom: 11.0/11 12.0/12
   8    -149.312075016  1.57e-05  3.33e-05  -1.23e-05  0.77  DIIS mom: 11.0/11 12.0/12
   9    -149.312086915  1.05e-05  2.21e-05  -1.19e-05  0.77  DIIS mom: 11.0/11 12.0/12
  10    -149.312094416  2.86e-06  6.46e-06  -7.50e-06  0.77  DIIS mom: 11.0/11 12.0/12
  11    -149.312094726  9.37e-07  2.18e-06  -3.11e-07  0.77  DIIS mom: 11.0/11 12.0/12
  12    -149.312094741  2.73e-07  6.37e-07  -1.46e-08  0.77  DIIS mom: 11.0/11 12.0/12
  13    -149.312094742  6.35e-08  1.48e-07  -9.99e-10  0.77  DIIS mom: 11.0/11 12.0/12
                                                                      diis is converged!

SCF converged : True
final |[F,P]| : 6.35e-08
final |dE|    : 1.48e-07
final Escf    : -220.911745514224
final Etot    : -149.312094741887
final S2      : 0.773999157144122

  diis prep             :::        0.156 (  0.02%)
  diis extrap           :::        0.136 (  0.02%)
  roothaan              :::        0.608 (  0.09%)
  fock build            :::      668.386 ( 99.87%)
  Total                 :::      669.285 (100.00%)

Alpha occupied
  -15.896 -11.712  -1.829  -1.527  -1.180  -1.092  -1.061  -1.007 
   -0.970  -0.863  -0.760 

Alpha virtual
  -18.889  -0.143  -0.097  -0.071  -0.048  -0.013  -0.012   0.012 
    0.029   0.059   0.068   0.099   0.141   0.154   0.168   0.179 
    0.212   0.233   0.241   0.281   0.313   0.339   0.357   0.357 
    0.359   0.398   0.406   0.424   0.446   0.494   0.514   0.534 
    0.562   0.576   0.589   0.645   0.663   0.669   0.714   0.756 
    0.762   0.786   0.821   0.842   0.847   0.888   0.969   0.977 
    0.991   1.035   1.074   1.116   1.135   1.176   1.186   1.199 
    1.206   1.239   1.264   1.269   1.306   1.328   1.355   1.369 
    1.395   1.456   1.492   1.530   1.542   1.570   1.580   1.651 
    1.655   1.663   1.699   1.704   1.789   1.789   1.790   1.833 
    1.895   1.895   1.920   1.923   1.951   1.982   2.004   2.051 
    2.074   2.076   2.109   2.161   2.233   2.256   2.266   2.331 
    2.353   2.391   2.429   2.521   2.525   2.555   2.629   2.650 
    2.706   2.754   2.807   2.841   2.889   2.907   2.910   2.938 
    2.952   2.977   3.000   3.030   3.061   3.130   3.138   3.151 
    3.164   3.221   3.299   3.328   3.386   3.430   3.449   3.462 
    3.497   3.501   3.527   3.594   3.628   3.675   3.703   3.710 
    3.772   3.798   3.836   3.868   3.878   3.905   3.936   3.992 
    4.056   4.140   4.160   4.247   4.247   4.259   4.261   4.308 
    4.367   4.373   4.400   4.507   4.512   4.560   4.604   4.627 
    4.695   4.760   4.778   4.784   4.825   4.829   4.831   4.898 
    4.951   4.954   4.975   5.010   5.051   5.099   5.160   5.173 
    5.221   5.261   5.263   5.309   5.347   5.353   5.388   5.449 
    5.500   5.514   5.567   5.610   5.656   5.740   5.810   5.827 
    5.843   5.894   5.939   6.000   6.026   6.134   6.153   6.268 
    6.343   6.380   6.392   6.518   6.567   6.577   6.616   6.676 
    6.747   6.756   6.826   6.873   6.932   6.941   6.964   6.987 
    6.990   7.023   7.047   7.147   7.198   7.281   7.296   7.326 
    7.415   7.419   7.477   7.485   7.532   7.603   7.702   7.767 
    7.797   7.926   8.186   8.188   8.216   8.269   8.270   8.402 
    8.436   8.486   8.515   8.598   8.647   8.676   8.764   8.812 
    8.857   8.900   9.067   9.134   9.248   9.361   9.402   9.548 
    9.575   9.667   9.699   9.805   9.825   9.846   9.888  10.021 
   10.156  10.195  10.310  10.335  10.424  10.534  10.670  10.722 
   10.868  10.957  11.047  11.150  11.207  11.223  11.321  11.365 
   11.472  11.475  11.546  11.639  11.819  11.873  11.888  12.067 
   12.284  12.349  12.420  12.450  12.452  12.476  12.494  12.499 
   12.552  12.556  12.600  12.627  12.676  12.690  12.716  12.784 
   12.792  12.861  12.899  12.998  13.042  13.093  13.114  13.205 
   13.206  13.250  13.270  13.295  13.330  13.399  13.406  13.431 
   13.505  13.518  13.586  13.599  13.616  13.629  13.657  13.695 
   13.730  13.765  13.854  13.935  13.959  13.983  13.989  13.997 
   14.026  14.043  14.077  14.143  14.178  14.220  14.242  14.254 
   14.316  14.349  14.374  14.434  14.459  14.569  14.657  14.685 
   14.697  14.732  14.749  14.796  14.821  14.990  15.020  15.090 
   15.239  15.304  15.364  15.394  15.469  15.496  15.717  15.812 
   15.860  15.915  16.040  16.042  16.088  16.242  16.252  16.405 
   16.483  16.549  16.624  16.751  16.856  16.863  17.006  17.089 
   17.166  17.199  17.366  17.409  17.523  17.715  17.718  17.764 
   17.807  18.054  18.194  18.206  18.264  18.317  18.434  18.542 
   18.564  18.627  18.667  18.691  18.828  18.856  19.032  19.056 
   19.125  19.245  19.332  19.335  19.443  19.496  19.717  20.352 
   20.385  20.553  20.575  20.950  20.973  21.290  21.323  21.497 
   21.875  22.080  22.171  22.692  23.029  23.163  23.794  24.090 
   30.002  30.194  30.778  41.356  42.548  53.757  64.592  64.677 
   64.817  64.960  65.222  65.312  65.477  66.248  69.285  69.301 
   69.514  69.582  70.016  70.278  70.478  92.518 117.209 117.210 
  117.226 117.228 117.273 117.280 117.280 117.305 117.321 145.367 
  145.502 145.905 181.622 181.687 182.130 182.331 182.867 201.211 
  223.172 223.181 223.296 223.332 223.554 223.685 223.764 344.055 
  344.172 344.537 383.652 383.652 383.657 383.658 383.660 383.662 
  383.663 383.668 383.668 383.676 383.676 445.790 447.163 447.163 
  447.166 447.166 447.179 447.180 447.181 447.189 447.194 469.726 
  469.777 470.131 470.288 470.706 681.866 681.871 681.939 681.959 
  682.089 682.164 682.207 888.568 888.666 888.987 1083.261 1208.997 
  1209.036 1209.316 1209.437 1209.763 2887.107 2887.194 2887.490 4231.768 

Beta occupied
  -23.788 -15.894 -11.711  -1.932  -1.526  -1.227  -1.133  -1.092 
   -1.092  -0.986  -0.891  -0.755 

Beta virtual
   -0.151  -0.097  -0.070  -0.050  -0.015  -0.013   0.011   0.028 
    0.056   0.067   0.099   0.144   0.152   0.167   0.179   0.200 
    0.233   0.241   0.280   0.307   0.341   0.349   0.350   0.359 
    0.401   0.403   0.426   0.443   0.491   0.514   0.528   0.563 
    0.575   0.590   0.644   0.663   0.670   0.714   0.757   0.764 
    0.786   0.820   0.844   0.844   0.887   0.969   0.982   0.991 
    1.031   1.076   1.114   1.129   1.164   1.170   1.194   1.195 
    1.237   1.265   1.267   1.306   1.328   1.356   1.371   1.392 
    1.455   1.494   1.531   1.543   1.570   1.579   1.652   1.654 
    1.663   1.700   1.705   1.786   1.790   1.791   1.833   1.895 
    1.896   1.918   1.921   1.952   1.983   2.006   2.051   2.075 
    2.076   2.109   2.164   2.234   2.257   2.266   2.333   2.354 
    2.391   2.431   2.522   2.527   2.556   2.630   2.650   2.705 
    2.754   2.804   2.831   2.881   2.882   2.897   2.906   2.948 
    2.975   2.990   3.032   3.044   3.129   3.138   3.144   3.153 
    3.216   3.293   3.326   3.371   3.431   3.450   3.461   3.498 
    3.503   3.524   3.596   3.627   3.672   3.703   3.710   3.773 
    3.798   3.836   3.869   3.877   3.905   3.936   3.993   4.054 
    4.141   4.161   4.245   4.248   4.258   4.260   4.309   4.365 
    4.374   4.398   4.508   4.512   4.560   4.604   4.625   4.693 
    4.760   4.778   4.783   4.823   4.831   4.831   4.898   4.951 
    4.954   4.976   5.008   5.052   5.098   5.158   5.175   5.220 
    5.262   5.263   5.307   5.347   5.352   5.387   5.449   5.502 
    5.512   5.569   5.609   5.653   5.738   5.809   5.828   5.843 
    5.893   5.941   5.996   6.026   6.126   6.154   6.268   6.333 
    6.381   6.391   6.508   6.532   6.552   6.582   6.670   6.711 
    6.752   6.826   6.874   6.922   6.929   6.948   6.971   6.988 
    7.018   7.043   7.143   7.198   7.275   7.288   7.320   7.412 
    7.418   7.476   7.481   7.526   7.589   7.696   7.767   7.797 
    7.919   8.165   8.188   8.200   8.245   8.271   8.402   8.423 
    8.471   8.503   8.595   8.647   8.671   8.763   8.811   8.857 
    8.898   9.060   9.132   9.243   9.355   9.400   9.536   9.575 
    9.656   9.697   9.805   9.823   9.846   9.883  10.016  10.149 
   10.190  10.312  10.335  10.426  10.533  10.671  10.721  10.868 
   10.958  11.046  11.150  11.205  11.223  11.320  11.366  11.472 
   11.475  11.547  11.639  11.820  11.873  11.888  12.063  12.285 
   12.348  12.420  12.445  12.453  12.476  12.493  12.499  12.552 
   12.555  12.599  12.625  12.676  12.689  12.716  12.785  12.787 
   12.861  12.899  12.998  13.038  13.095  13.112  13.204  13.205 
   13.249  13.270  13.296  13.329  13.397  13.404  13.427  13.504 
   13.518  13.586  13.599  13.615  13.628  13.656  13.695  13.730 
   13.758  13.850  13.927  13.946  13.971  13.987  13.997  14.024 
   14.043  14.070  14.072  14.108  14.209  14.231  14.248  14.314 
   14.349  14.364  14.428  14.454  14.531  14.658  14.667  14.698 
   14.733  14.745  14.790  14.822  14.945  15.016  15.085  15.239 
   15.304  15.365  15.383  15.467  15.495  15.716  15.810  15.858 
   15.914  16.038  16.041  16.089  16.230  16.241  16.404  16.484 
   16.546  16.625  16.751  16.857  16.864  17.003  17.089  17.166 
   17.199  17.365  17.409  17.519  17.716  17.716  17.764  17.805 
   18.053  18.191  18.199  18.257  18.315  18.423  18.529  18.538 
   18.621  18.651  18.671  18.822  18.854  18.923  19.045  19.113 
   19.213  19.315  19.330  19.430  19.457  19.702  20.350  20.362 
   20.552  20.570  20.951  20.955  21.259  21.288  21.439  21.873 
   22.071  22.138  22.637  23.002  23.139  23.786  24.041  29.768 
   29.963  30.554  41.303  42.257  53.758  64.415  64.492  64.500 
   64.637  65.000  65.048  65.304  66.070  69.207  69.223  69.437 
   69.505  69.938  70.200  70.397  92.112 117.149 117.149 117.166 
  117.167 117.213 117.220 117.220 117.245 117.262 144.983 145.118 
  145.523 181.362 181.427 181.871 182.073 182.609 200.803 223.005 
  223.013 223.128 223.164 223.386 223.518 223.597 343.676 343.793 
  344.159 383.568 383.568 383.573 383.573 383.576 383.578 383.579 
  383.584 383.584 383.592 383.592 445.426 447.023 447.023 447.026 
  447.027 447.040 447.040 447.041 447.049 447.054 469.461 469.511 
  469.866 470.023 470.442 681.659 681.664 681.732 681.753 681.883 
  681.958 682.001 888.264 888.362 888.684 1082.969 1208.776 1208.816 
  1209.095 1209.216 1209.543 2886.925 2887.013 2887.309 4231.610 


  >>> Running UHF-MP2 <<<

MP2 correlation energy (UHF) : -0.7408694485
MP2 total energy       (UHF) : -150.0529641904

