	*********************************************** 
	***** Beginning CEBE Calculation with MOM ***** 
	*****       Calculation Details:          ***** 
	      Geometry:	 /work/morgunov/rev2calcs/mols/exp/o/hc-o-och3.xyz
	      Core Basis:	 ccX-5Z
	      Full Basis:	 cc-pV5Z
	      DIIS (start, space):	 0 50
	      Level shift:	 0
	      Do localization?:	 False
	      Do SFX2C1E?:	 True
	      Freeze orbitals?:	 True
	      Use Cheng orbitals?:	 False
	      Do Special Basis?:	 True
	      Do Special Basis?:	 ccX-5Z
	*********************************************** 
	*********************************************** 

  >>> Running RHF <<<

init D/C      : minao
init ov       : zeros
no            : 16
nv            : 770
ov_size       : 12320
max_cycle     : 1000
conv          : 6
econv         : 9
method        : gdm
scale_stop    : 0
scale_factor  : 1.000000
init E        : -227.747047081515
init |[F,P]|  : 5.85e-03
init |dE|     : 1.46e-02
check file    : None

iter      total energy   |[F,P]|      |dE|         ∆E   comment
   1    -227.819932262  4.65e-03  1.13e-02  -7.29e-02  BFGS
   2    -227.885725943  5.86e-04  1.36e-03  -6.58e-02  BFGS
   3    -227.887060612  3.10e-04  7.65e-04  -1.33e-03  BFGS
   4    -227.887452416  8.14e-05  2.01e-04  -3.92e-04  BFGS
   5    -227.887499662  3.45e-05  8.51e-05  -4.72e-05  BFGS
   6    -227.887510192  1.02e-05  2.53e-05  -1.05e-05  BFGS
   7    -227.887510820  2.05e-06  4.91e-06  -6.28e-07  BFGS
   8    -227.887510857  6.12e-07  1.49e-06  -3.63e-08  BFGS
   9    -227.887510859  2.00e-07  4.86e-07  -2.39e-09  BFGS
  10    -227.887510859  4.65e-08  1.17e-07  -2.28e-10  BFGS
                                                                      gdm is converged!

SCF converged : True
final |[F,P]| : 4.65e-08
final |dE|    : 1.17e-07
final Escf    : -350.629324334088
final Etot    : -227.887510859228

  pxp & ewc             :::        0.579 (  0.04%)
  apply B               :::        0.003 (  0.00%)
  linsrch               :::     1524.284 ( 99.96%)
  grad                  :::        0.025 (  0.00%)
  Total                 :::     1524.891 (100.00%)

Alpha occupied
  -20.616 -20.546 -11.379 -11.294  -1.471  -1.371  -0.989  -0.819 
   -0.750  -0.683  -0.679  -0.603  -0.556  -0.536  -0.471  -0.457 

Alpha virtual
    0.090   0.108   0.125   0.129   0.142   0.153   0.162   0.186 
    0.187   0.189   0.225   0.227   0.255   0.261   0.314   0.322 
    0.324   0.360   0.378   0.398   0.419   0.427   0.446   0.481 
    0.499   0.511   0.530   0.546   0.547   0.567   0.594   0.595 
    0.612   0.616   0.630   0.640   0.668   0.672   0.703   0.709 
    0.718   0.748   0.782   0.807   0.809   0.827   0.831   0.845 
    0.906   0.932   0.932   0.957   0.958   0.968   1.013   1.034 
    1.036   1.061   1.078   1.087   1.118   1.196   1.207   1.257 
    1.259   1.278   1.324   1.340   1.371   1.381   1.414   1.419 
    1.444   1.454   1.461   1.481   1.497   1.498   1.512   1.514 
    1.531   1.556   1.575   1.594   1.606   1.629   1.661   1.690 
    1.696   1.741   1.760   1.769   1.788   1.804   1.812   1.871 
    1.881   1.903   1.922   1.961   1.963   1.980   2.011   2.044 
    2.057   2.063   2.083   2.098   2.116   2.151   2.162   2.175 
    2.193   2.198   2.220   2.267   2.274   2.288   2.330   2.356 
    2.402   2.439   2.460   2.476   2.539   2.555   2.582   2.629 
    2.644   2.667   2.724   2.755   2.778   2.794   2.841   2.851 
    2.890   2.941   2.973   3.019   3.050   3.071   3.083   3.130 
    3.164   3.170   3.185   3.218   3.233   3.248   3.267   3.274 
    3.322   3.329   3.350   3.356   3.360   3.377   3.413   3.423 
    3.447   3.488   3.501   3.534   3.540   3.578   3.582   3.606 
    3.612   3.640   3.675   3.696   3.752   3.761   3.794   3.832 
    3.858   3.863   3.880   3.910   3.917   3.948   4.001   4.041 
    4.051   4.059   4.091   4.136   4.159   4.169   4.181   4.203 
    4.245   4.275   4.286   4.297   4.315   4.363   4.401   4.447 
    4.464   4.507   4.522   4.578   4.608   4.622   4.645   4.668 
    4.717   4.722   4.727   4.755   4.791   4.799   4.820   4.867 
    4.876   4.928   4.928   4.980   4.985   4.997   5.034   5.060 
    5.096   5.101   5.179   5.200   5.209   5.227   5.266   5.329 
    5.357   5.374   5.395   5.439   5.445   5.485   5.525   5.551 
    5.577   5.593   5.607   5.622   5.659   5.691   5.738   5.767 
    5.787   5.814   5.843   5.862   5.879   5.893   5.921   6.028 
    6.103   6.119   6.128   6.156   6.219   6.255   6.305   6.394 
    6.398   6.453   6.506   6.523   6.562   6.597   6.697   6.747 
    6.796   6.882   6.889   6.928   6.942   6.981   7.060   7.110 
    7.143   7.155   7.157   7.167   7.172   7.195   7.221   7.297 
    7.303   7.369   7.391   7.400   7.411   7.440   7.457   7.502 
    7.566   7.569   7.606   7.620   7.656   7.661   7.728   7.782 
    7.820   7.822   7.833   7.883   7.899   7.943   7.970   7.979 
    8.048   8.088   8.169   8.235   8.243   8.276   8.325   8.403 
    8.489   8.509   8.594   8.668   8.701   8.765   8.912   8.918 
    8.959   9.049   9.062   9.137   9.170   9.207   9.284   9.386 
    9.436   9.479   9.509   9.534   9.564   9.600   9.632   9.648 
    9.758   9.784   9.863   9.883   9.889   9.908  10.059  10.060 
   10.069  10.107  10.186  10.223  10.266  10.274  10.307  10.347 
   10.384  10.423  10.451  10.474  10.503  10.519  10.519  10.558 
   10.599  10.684  10.698  10.769  10.817  10.851  10.890  10.929 
   11.092  11.176  11.206  11.288  11.409  11.445  11.496  11.498 
   11.501  11.569  11.583  11.674  11.797  11.845  11.850  12.028 
   12.234  12.254  12.474  12.488  12.573  12.610  12.680  12.699 
   12.744  12.755  12.757  12.791  12.802  12.806  12.817  12.835 
   12.848  12.900  12.928  12.979  12.993  13.001  13.050  13.052 
   13.081  13.155  13.260  13.270  13.366  13.432  13.455  13.456 
   13.493  13.495  13.512  13.527  13.565  13.575  13.596  13.615 
   13.722  13.745  13.814  13.880  13.915  13.931  14.014  14.079 
   14.104  14.129  14.135  14.149  14.173  14.179  14.236  14.242 
   14.253  14.282  14.293  14.310  14.329  14.334  14.370  14.395 
   14.418  14.434  14.467  14.488  14.521  14.545  14.566  14.611 
   14.618  14.622  14.651  14.730  14.739  14.766  14.784  14.869 
   14.881  14.887  14.969  14.977  15.060  15.094  15.096  15.100 
   15.133  15.263  15.345  15.385  15.418  15.430  15.471  15.586 
   15.603  15.660  15.692  15.767  15.808  15.818  15.821  15.869 
   16.061  16.104  16.170  16.304  16.306  16.354  16.442  16.456 
   16.554  16.679  16.812  16.953  16.954  17.000  17.437  17.442 
   17.469  17.598  17.667  17.707  17.807  17.869  17.989  18.042 
   18.117  18.376  18.385  18.460  18.511  18.593  18.596  18.600 
   18.642  18.727  18.894  18.954  18.956  18.996  19.009  19.047 
   19.120  19.131  19.174  19.267  19.320  19.357  19.424  19.474 
   19.510  19.525  19.528  19.638  19.639  19.686  19.780  19.850 
   19.855  19.925  19.987  19.995  20.079  20.252  20.384  20.576 
   20.783  20.861  20.935  20.937  20.992  21.021  21.326  21.649 
   21.836  22.038  22.251  22.690  22.699  23.144  23.321  23.333 
   23.691  24.209  24.444  24.762  30.822  30.846  31.069  31.235 
   31.617  31.932  41.823  42.724  43.408  43.605  66.028  66.111 
   66.122  66.124  66.309  66.328  66.439  66.555  66.601  66.654 
   66.660  66.836  66.898  67.314  67.574  67.711  70.529  70.565 
   70.610  70.675  70.756  70.812  70.841  70.945  71.119  71.254 
   71.266  71.440  71.585  71.741  94.022  94.225 118.583 118.589 
  118.605 118.607 118.615 118.619 118.629 118.632 118.640 118.641 
  118.655 118.687 118.688 118.692 118.716 118.729 118.736 118.749 
  147.428 147.429 147.604 147.727 147.976 148.249 183.946 184.024 
  184.151 184.340 184.390 184.444 184.595 184.908 185.050 185.215 
  203.509 203.702 225.508 225.530 225.530 225.558 225.620 225.643 
  225.679 225.701 225.763 225.878 225.893 225.968 226.047 226.113 
  347.093 347.110 347.256 347.359 347.593 347.827 385.956 385.957 
  385.960 385.960 385.962 385.964 385.965 385.969 385.969 385.976 
  385.976 386.023 386.023 386.030 386.030 386.035 386.035 386.038 
  386.039 386.040 386.043 386.043 449.024 449.203 449.968 449.970 
  449.976 449.977 449.983 449.985 449.989 450.008 450.012 450.021 
  450.022 450.029 450.032 450.047 450.047 450.047 450.063 450.067 
  473.016 473.077 473.159 473.312 473.349 473.411 473.528 473.758 
  473.868 474.014 685.432 685.450 685.458 685.468 685.490 685.524 
  685.538 685.552 685.571 685.638 685.679 685.692 685.762 685.801 
  892.620 892.651 892.771 892.851 893.066 893.258 1087.467 1087.655 
  1213.239 1213.286 1213.332 1213.454 1213.480 1213.549 1213.638 1213.802 
  1213.887 1214.017 2892.008 2892.048 2892.152 2892.218 2892.423 2892.589 
  4236.735 4237.145 


  >>> Running RHF-MP2 <<<


RMP2-TIMING
  rmp2                  :::     1617.696 (100.00%)
  Total                 :::     1617.696 (100.00%)

MP2 correlation energy (RHF) : -1.0714303361
MP2 total energy       (RHF) : -228.9589411953


  >>> Running UHF <<<

init D/C      : input mo_coeff
init ov       : zeros
no            : 15 16
nv            : 771 770
ov_size       : 23885
max_cycle     : 1000
conv          : 6
econv         : 9
method        : diis
mom_start     : 0
guess mix     : 0.000000
orb_swap      : [[[1, 15]], []]
init E        : -207.341143141129
init S2       : 0.74999999999997
init |[F,P]|  : 1.46e-02
init |dE|     : 3.98e-02
check file    : None

iter      total energy   |[F,P]|      |dE|         ∆E   S^2   comment
   1    -207.844490678  8.06e-03  2.19e-02  -5.03e-01  0.75  DIIS mom: 14.7/15 15.6/16
   2    -208.149997224  8.76e-04  2.22e-03  -3.06e-01  0.76  DIIS mom: 14.9/15 15.9/16
   3    -208.154865675  3.65e-04  8.87e-04  -4.87e-03  0.76  DIIS mom: 15.0/15 16.0/16
   4    -208.155829395  1.32e-04  3.32e-04  -9.64e-04  0.76  DIIS mom: 15.0/15 16.0/16
   5    -208.156173316  5.86e-05  1.44e-04  -3.44e-04  0.77  DIIS mom: 15.0/15 16.0/16
   6    -208.156242891  2.21e-05  5.19e-05  -6.96e-05  0.77  DIIS mom: 15.0/15 16.0/16
   7    -208.156257950  1.16e-05  2.67e-05  -1.51e-05  0.77  DIIS mom: 15.0/15 16.0/16
   8    -208.156263434  6.70e-06  1.50e-05  -5.48e-06  0.77  DIIS mom: 15.0/15 16.0/16
   9    -208.156265501  4.69e-06  1.03e-05  -2.07e-06  0.77  DIIS mom: 15.0/15 16.0/16
  10    -208.156266886  2.80e-06  6.12e-06  -1.39e-06  0.77  DIIS mom: 15.0/15 16.0/16
  11    -208.156267529  7.88e-07  1.82e-06  -6.43e-07  0.77  DIIS mom: 15.0/15 16.0/16
  12    -208.156267558  2.98e-07  6.94e-07  -2.89e-08  0.77  DIIS mom: 15.0/15 16.0/16
  13    -208.156267561  8.49e-08  2.04e-07  -3.01e-09  0.77  DIIS mom: 15.0/15 16.0/16
  14    -208.156267561  1.99e-08  4.71e-08  -1.97e-10  0.77  DIIS mom: 15.0/15 16.0/16
                                                                      diis is converged!

SCF converged : True
final |[F,P]| : 1.99e-08
final |dE|    : 4.71e-08
final Escf    : -330.898081036159
final Etot    : -208.1562675613
final S2      : 0.772175436746121

  diis prep             :::        0.475 (  0.02%)
  diis extrap           :::        0.343 (  0.02%)
  roothaan              :::        1.627 (  0.07%)
  fock build            :::     2228.483 ( 99.89%)
  Total                 :::     2230.928 (100.00%)

Alpha occupied
  -20.916 -11.754 -11.505  -1.871  -1.711  -1.249  -1.163  -1.106 
   -1.037  -1.029  -0.903  -0.895  -0.862  -0.772  -0.748 

Alpha virtual
  -18.914  -0.165  -0.081  -0.057  -0.040  -0.031  -0.024   0.002 
    0.016   0.021   0.022   0.057   0.067   0.079   0.091   0.122 
    0.125   0.138   0.171   0.193   0.207   0.231   0.234   0.249 
    0.262   0.280   0.285   0.327   0.331   0.346   0.367   0.379 
    0.379   0.393   0.401   0.404   0.444   0.454   0.460   0.481 
    0.504   0.505   0.546   0.569   0.603   0.609   0.613   0.624 
    0.650   0.684   0.698   0.699   0.740   0.756   0.762   0.802 
    0.827   0.837   0.846   0.871   0.906   0.910   0.971   0.980 
    1.022   1.062   1.066   1.068   1.102   1.103   1.149   1.166 
    1.172   1.181   1.189   1.206   1.218   1.232   1.248   1.265 
    1.278   1.302   1.320   1.346   1.364   1.371   1.389   1.435 
    1.452   1.478   1.506   1.521   1.533   1.562   1.568   1.586 
    1.644   1.654   1.674   1.705   1.710   1.718   1.726   1.788 
    1.808   1.829   1.835   1.838   1.877   1.900   1.927   1.934 
    1.949   1.972   1.972   1.981   2.048   2.055   2.073   2.121 
    2.122   2.177   2.217   2.235   2.255   2.307   2.313   2.327 
    2.392   2.394   2.435   2.455   2.482   2.545   2.566   2.615 
    2.619   2.645   2.707   2.742   2.762   2.785   2.793   2.818 
    2.856   2.861   2.880   2.919   2.939   2.951   2.952   2.976 
    3.001   3.024   3.035   3.079   3.085   3.108   3.125   3.130 
    3.150   3.191   3.207   3.241   3.258   3.278   3.314   3.316 
    3.331   3.352   3.363   3.423   3.438   3.465   3.500   3.555 
    3.570   3.583   3.612   3.625   3.649   3.667   3.682   3.733 
    3.786   3.800   3.805   3.824   3.876   3.904   3.927   3.950 
    3.972   3.998   4.014   4.029   4.065   4.065   4.117   4.175 
    4.214   4.221   4.226   4.274   4.312   4.342   4.345   4.395 
    4.432   4.444   4.454   4.514   4.533   4.567   4.573   4.597 
    4.611   4.641   4.694   4.710   4.734   4.749   4.762   4.797 
    4.808   4.855   4.867   4.928   4.961   4.971   5.003   5.022 
    5.080   5.098   5.098   5.155   5.199   5.199   5.219   5.294 
    5.309   5.332   5.355   5.362   5.390   5.422   5.444   5.500 
    5.530   5.539   5.572   5.578   5.609   5.620   5.667   5.673 
    5.757   5.846   5.861   5.907   5.918   5.928   5.996   6.056 
    6.107   6.134   6.180   6.254   6.255   6.331   6.357   6.399 
    6.424   6.493   6.588   6.618   6.623   6.641   6.696   6.729 
    6.802   6.807   6.838   6.881   6.909   6.918   6.934   6.946 
    6.976   7.008   7.056   7.074   7.113   7.131   7.142   7.169 
    7.231   7.272   7.293   7.317   7.346   7.369   7.393   7.449 
    7.490   7.530   7.559   7.590   7.615   7.632   7.651   7.687 
    7.724   7.769   7.852   7.864   7.976   7.979   8.005   8.044 
    8.099   8.151   8.199   8.271   8.332   8.405   8.483   8.568 
    8.584   8.617   8.732   8.763   8.815   8.880   8.889   8.972 
    9.080   9.123   9.150   9.268   9.306   9.328   9.347   9.369 
    9.380   9.436   9.455   9.591   9.627   9.629   9.667   9.705 
    9.746   9.781   9.795   9.880   9.933   9.940   9.982  10.012 
   10.089  10.103  10.152  10.165  10.185  10.250  10.256  10.290 
   10.299  10.358  10.362  10.421  10.464  10.504  10.548  10.651 
   10.664  10.819  10.835  10.905  11.009  11.157  11.187  11.226 
   11.241  11.287  11.308  11.339  11.428  11.573  11.586  11.619 
   11.766  11.908  11.945  12.159  12.169  12.331  12.355  12.431 
   12.473  12.506  12.516  12.535  12.550  12.552  12.553  12.591 
   12.593  12.609  12.672  12.699  12.723  12.774  12.786  12.828 
   12.845  12.869  12.913  12.979  13.038  13.108  13.149  13.161 
   13.206  13.218  13.246  13.275  13.295  13.330  13.342  13.356 
   13.394  13.433  13.522  13.556  13.604  13.622  13.648  13.809 
   13.846  13.874  13.901  13.905  13.923  13.924  13.949  13.950 
   13.953  13.983  13.988  14.015  14.035  14.048  14.107  14.110 
   14.132  14.158  14.190  14.200  14.207  14.230  14.263  14.290 
   14.304  14.367  14.372  14.391  14.400  14.448  14.483  14.540 
   14.541  14.628  14.642  14.655  14.692  14.745  14.784  14.813 
   14.872  14.876  14.955  15.063  15.089  15.112  15.125  15.214 
   15.276  15.296  15.364  15.481  15.534  15.539  15.556  15.600 
   15.646  15.758  15.849  15.935  16.015  16.017  16.037  16.164 
   16.199  16.281  16.359  16.438  16.628  16.741  16.793  17.124 
   17.163  17.243  17.388  17.396  17.424  17.527  17.661  17.780 
   17.816  17.834  18.160  18.164  18.226  18.233  18.245  18.305 
   18.382  18.407  18.426  18.517  18.563  18.648  18.687  18.688 
   18.785  18.796  18.809  18.840  18.957  18.981  19.007  19.038 
   19.086  19.127  19.162  19.196  19.257  19.316  19.321  19.425 
   19.508  19.515  19.593  19.597  19.692  19.709  19.952  20.103 
   20.288  20.432  20.478  20.549  20.705  20.780  20.803  20.958 
   21.240  21.329  21.432  21.661  22.171  22.408  22.648  22.851 
   22.995  23.059  23.916  24.054  24.170  29.976  30.212  30.550 
   30.750  30.956  31.639  41.428  42.466  42.509  43.311  64.584 
   64.688  64.792  64.979  65.184  65.274  65.391  65.822  66.028 
   66.144  66.220  66.273  66.366  66.595  67.008  67.292  69.283 
   69.318  69.482  69.585  69.990  70.244  70.332  70.375  70.449 
   70.510  70.646  70.837  70.992  71.206  92.484  93.914 117.184 
  117.185 117.202 117.209 117.248 117.255 117.256 117.287 117.301 
  118.283 118.288 118.313 118.320 118.331 118.343 118.359 118.426 
  118.437 145.342 145.514 145.875 147.126 147.431 147.942 181.611 
  181.693 182.095 182.259 182.859 183.852 184.046 184.088 184.600 
  184.760 201.178 203.389 223.159 223.178 223.269 223.320 223.531 
  223.663 223.743 225.234 225.258 225.330 225.398 225.465 225.584 
  225.685 344.031 344.180 344.508 346.792 347.061 347.518 383.627 
  383.627 383.632 383.632 383.636 383.637 383.638 383.643 383.643 
  383.650 383.650 385.658 385.659 385.659 385.661 385.661 385.664 
  385.664 385.669 385.669 385.675 385.675 445.758 447.137 447.138 
  447.141 447.143 447.155 447.155 447.156 447.167 447.171 448.890 
  449.668 449.670 449.675 449.677 449.682 449.685 449.690 449.712 
  449.715 469.713 469.778 470.099 470.226 470.696 472.860 473.016 
  473.047 473.451 473.575 681.848 681.859 681.913 681.942 682.066 
  682.141 682.185 685.138 685.152 685.194 685.234 685.272 685.341 
  685.399 888.545 888.670 888.958 892.322 892.553 892.949 1083.228 
  1087.341 1208.982 1209.032 1209.286 1209.384 1209.750 1213.034 1213.158 
  1213.179 1213.497 1213.594 2887.085 2887.196 2887.462 2891.712 2891.921 
  2892.282 4231.727 4236.822 

Beta occupied
  -23.813 -20.914 -11.751 -11.505  -1.968  -1.714  -1.276  -1.204 
   -1.157  -1.118  -1.040  -0.935  -0.898  -0.868  -0.772  -0.746 

Beta virtual
   -0.172  -0.082  -0.058  -0.041  -0.030  -0.025   0.001   0.015 
    0.020   0.023   0.056   0.067   0.077   0.091   0.122   0.125 
    0.138   0.171   0.191   0.206   0.230   0.234   0.246   0.259 
    0.274   0.285   0.319   0.331   0.343   0.363   0.375   0.376 
    0.395   0.402   0.406   0.444   0.455   0.459   0.480   0.501 
    0.506   0.546   0.567   0.603   0.609   0.611   0.625   0.649 
    0.681   0.698   0.700   0.740   0.757   0.763   0.802   0.828 
    0.837   0.847   0.872   0.905   0.909   0.968   0.981   1.023 
    1.063   1.066   1.070   1.101   1.105   1.140   1.154   1.158 
    1.176   1.188   1.205   1.214   1.232   1.245   1.264   1.278 
    1.302   1.320   1.344   1.365   1.372   1.386   1.433   1.450 
    1.479   1.504   1.521   1.535   1.562   1.569   1.585   1.644 
    1.655   1.674   1.704   1.710   1.718   1.725   1.788   1.807 
    1.830   1.835   1.838   1.876   1.900   1.928   1.934   1.950 
    1.971   1.972   1.981   2.049   2.056   2.074   2.122   2.123 
    2.177   2.218   2.235   2.255   2.308   2.313   2.327   2.393 
    2.396   2.435   2.455   2.482   2.545   2.566   2.613   2.620 
    2.645   2.708   2.742   2.762   2.783   2.790   2.818   2.842 
    2.855   2.880   2.905   2.906   2.941   2.946   2.976   2.988 
    3.024   3.029   3.076   3.086   3.089   3.126   3.129   3.147 
    3.185   3.208   3.240   3.252   3.279   3.307   3.317   3.325 
    3.350   3.364   3.423   3.438   3.465   3.500   3.554   3.562 
    3.584   3.610   3.625   3.648   3.668   3.682   3.734   3.784 
    3.801   3.805   3.824   3.876   3.904   3.927   3.950   3.972 
    3.996   4.015   4.027   4.062   4.065   4.117   4.175   4.215 
    4.222   4.222   4.274   4.313   4.343   4.345   4.394   4.430 
    4.445   4.453   4.514   4.533   4.567   4.573   4.597   4.611 
    4.642   4.695   4.710   4.734   4.749   4.762   4.798   4.809 
    4.855   4.867   4.927   4.960   4.971   5.003   5.019   5.081 
    5.098   5.098   5.154   5.199   5.199   5.217   5.293   5.308 
    5.332   5.355   5.361   5.390   5.423   5.443   5.496   5.530 
    5.537   5.571   5.577   5.609   5.619   5.667   5.671   5.755 
    5.846   5.857   5.908   5.917   5.929   5.994   6.055   6.097 
    6.134   6.179   6.251   6.256   6.330   6.352   6.397   6.412 
    6.485   6.560   6.561   6.621   6.634   6.697   6.728   6.777 
    6.800   6.833   6.881   6.899   6.908   6.933   6.945   6.963 
    7.006   7.053   7.055   7.110   7.131   7.137   7.169   7.230 
    7.271   7.292   7.316   7.344   7.367   7.391   7.449   7.488 
    7.527   7.557   7.590   7.614   7.632   7.650   7.687   7.724 
    7.763   7.837   7.864   7.971   7.974   8.001   8.036   8.056 
    8.142   8.194   8.267   8.326   8.403   8.482   8.568   8.577 
    8.616   8.731   8.764   8.804   8.881   8.885   8.972   9.082 
    9.098   9.145   9.268   9.306   9.328   9.347   9.363   9.375 
    9.430   9.455   9.586   9.627   9.630   9.666   9.698   9.744 
    9.780   9.796   9.877   9.933   9.941   9.982  10.011  10.089 
   10.103  10.152  10.162  10.184  10.250  10.257  10.290  10.299 
   10.359  10.363  10.420  10.466  10.504  10.548  10.651  10.664 
   10.817  10.837  10.903  11.008  11.157  11.188  11.226  11.241 
   11.287  11.308  11.339  11.428  11.573  11.586  11.620  11.766 
   11.909  11.944  12.158  12.170  12.324  12.355  12.429  12.473 
   12.506  12.511  12.535  12.550  12.552  12.553  12.591  12.593 
   12.608  12.672  12.697  12.723  12.773  12.786  12.828  12.845 
   12.869  12.912  12.972  13.037  13.103  13.142  13.161  13.206 
   13.217  13.245  13.274  13.295  13.330  13.336  13.356  13.394 
   13.427  13.522  13.555  13.603  13.619  13.646  13.809  13.842 
   13.874  13.900  13.902  13.922  13.923  13.948  13.949  13.951 
   13.973  13.987  14.003  14.023  14.040  14.048  14.107  14.108 
   14.156  14.187  14.197  14.198  14.230  14.252  14.289  14.295 
   14.362  14.367  14.378  14.401  14.421  14.482  14.518  14.540 
   14.617  14.643  14.646  14.678  14.745  14.784  14.797  14.872 
   14.874  14.933  15.060  15.063  15.112  15.125  15.214  15.266 
   15.296  15.362  15.481  15.534  15.539  15.556  15.600  15.645 
   15.757  15.849  15.935  16.012  16.015  16.035  16.160  16.198 
   16.279  16.358  16.421  16.627  16.741  16.792  17.122  17.163 
   17.243  17.388  17.394  17.423  17.525  17.661  17.780  17.816 
   17.834  18.160  18.163  18.218  18.224  18.242  18.304  18.382 
   18.405  18.421  18.505  18.550  18.637  18.681  18.685  18.730 
   18.786  18.808  18.833  18.888  18.947  18.989  19.035  19.075 
   19.116  19.155  19.193  19.246  19.313  19.314  19.416  19.503 
   19.511  19.586  19.592  19.683  19.710  19.953  20.103  20.288 
   20.408  20.475  20.545  20.704  20.780  20.802  20.948  21.229 
   21.265  21.396  21.638  22.129  22.409  22.594  22.853  22.954 
   23.050  23.915  24.002  24.167  29.742  29.982  30.530  30.552 
   30.953  31.638  41.387  42.163  42.509  43.312  64.407  64.467 
   64.509  64.659  64.964  65.010  65.217  65.823  66.030  66.051 
   66.152  66.273  66.350  66.594  67.008  67.292  69.205  69.239 
   69.405  69.508  69.912  70.168  70.333  70.358  70.388  70.511 
   70.647  70.837  70.991  71.206  92.078  93.914 117.123 117.125 
  117.141 117.149 117.188 117.195 117.196 117.227 117.242 118.283 
  118.289 118.314 118.320 118.332 118.344 118.359 118.427 118.437 
  144.958 145.131 145.493 147.127 147.431 147.942 181.351 181.434 
  181.836 182.000 182.602 183.852 184.046 184.088 184.601 184.760 
  200.770 203.390 222.992 223.010 223.101 223.153 223.364 223.496 
  223.576 225.234 225.258 225.330 225.399 225.466 225.584 225.685 
  343.653 343.802 344.130 346.793 347.061 347.518 383.542 383.542 
  383.548 383.548 383.552 383.553 383.554 383.559 383.559 383.565 
  383.565 385.659 385.659 385.660 385.661 385.661 385.664 385.664 
  385.669 385.669 385.675 385.675 445.393 446.998 446.998 447.001 
  447.004 447.015 447.015 447.017 447.027 447.031 448.890 449.668 
  449.670 449.675 449.677 449.682 449.685 449.691 449.712 449.715 
  469.447 469.512 469.834 469.962 470.432 472.860 473.016 473.047 
  473.451 473.575 681.642 681.652 681.706 681.736 681.859 681.935 
  681.979 685.138 685.152 685.194 685.234 685.272 685.341 685.399 
  888.241 888.366 888.655 892.322 892.553 892.949 1082.937 1087.341 
  1208.761 1208.811 1209.065 1209.164 1209.530 1213.035 1213.158 1213.179 
  1213.497 1213.594 2886.903 2887.015 2887.281 2891.712 2891.921 2892.282 
  4231.569 4236.822 


  >>> Running UHF-MP2 <<<

MP2 correlation energy (UHF) : -1.0173626348
MP2 total energy       (UHF) : -209.1736301961

