	*********************************************** 
	***** Beginning CEBE Calculation with MOM ***** 
	*****       Calculation Details:          ***** 
	      Geometry:	 /home/am3939/core/calculations/mols/exp/n/pyridine.xyz
	      Core Basis:	 ccX-5Z
	      Full Basis:	 cc-pV5Z
	      DIIS (start, space):	 0 50
	      Level shift:	 0
	      Do localization?:	 False
	      Do SFX2C1E?:	 True
	      Freeze orbitals?:	 True
	      Use Cheng orbitals?:	 False
	      Do Special Basis?:	 True
	      Do Special Basis?:	 ccX-5Z
	*********************************************** 
	*********************************************** 

  >>> Running RHF <<<

init D/C      : minao
init ov       : zeros
no            : 21
nv            : 901
ov_size       : 18921
max_cycle     : 1000
conv          : 6
econv         : 9
method        : gdm
scale_stop    : 0
scale_factor  : 1.000000
init E        : -246.722047167469
init |[F,P]|  : 3.08e-03
init |dE|     : 6.81e-03
check file    : None

iter      total energy   |[F,P]|      |dE|         ∆E   comment
   1    -246.788184443  1.23e-03  2.62e-03  -6.61e-02  BFGS
   2    -246.796059084  4.91e-04  1.01e-03  -7.87e-03  BFGS
   3    -246.797014721  1.07e-04  2.45e-04  -9.56e-04  BFGS
   4    -246.797080374  4.29e-05  9.07e-05  -6.57e-05  BFGS
   5    -246.797091802  1.10e-05  2.29e-05  -1.14e-05  BFGS
   6    -246.797093511  4.46e-06  9.40e-06  -1.71e-06  BFGS
   7    -246.797093802  2.10e-06  4.62e-06  -2.90e-07  BFGS
   8    -246.797093866  8.93e-07  1.85e-06  -6.42e-08  BFGS
   9    -246.797093881  3.45e-07  7.44e-07  -1.50e-08  BFGS
  10    -246.797093882  1.04e-07  2.40e-07  -1.47e-09  BFGS
  11    -246.797093882  3.39e-08  7.67e-08  -1.35e-10  BFGS
                                                                      gdm is converged!

SCF converged : True
final |[F,P]| : 3.39e-08
final |dE|    : 7.67e-08
final Escf    : -453.899617622094
final Etot    : -246.797093882451

  pxp & ewc             :::        1.021 (  0.09%)
  apply B               :::        0.004 (  0.00%)
  linsrch               :::     1081.322 ( 99.90%)
  grad                  :::        0.042 (  0.00%)
  Total                 :::     1082.389 (100.00%)

Alpha occupied
  -15.562 -11.272 -11.272 -11.256 -11.239 -11.239  -1.261  -1.092 
   -1.036  -0.860  -0.858  -0.725  -0.663  -0.655  -0.600  -0.578 
   -0.544  -0.522  -0.418  -0.386  -0.349 

Alpha virtual
    0.085   0.099   0.100   0.107   0.114   0.130   0.134   0.160 
    0.178   0.199   0.201   0.223   0.237   0.242   0.250   0.252 
    0.270   0.280   0.316   0.320   0.337   0.351   0.355   0.363 
    0.374   0.393   0.401   0.408   0.423   0.428   0.436   0.442 
    0.445   0.461   0.484   0.490   0.515   0.536   0.551   0.561 
    0.570   0.588   0.592   0.596   0.599   0.613   0.616   0.644 
    0.668   0.690   0.707   0.717   0.726   0.735   0.752   0.765 
    0.776   0.789   0.792   0.798   0.805   0.815   0.834   0.841 
    0.855   0.856   0.864   0.912   0.939   0.949   0.955   0.963 
    0.971   0.973   0.983   0.994   1.002   1.023   1.024   1.028 
    1.039   1.057   1.057   1.070   1.070   1.109   1.110   1.132 
    1.166   1.186   1.201   1.205   1.211   1.227   1.240   1.251 
    1.262   1.284   1.306   1.322   1.323   1.343   1.379   1.405 
    1.421   1.435   1.440   1.462   1.488   1.501   1.505   1.511 
    1.523   1.545   1.572   1.597   1.600   1.607   1.619   1.624 
    1.642   1.642   1.653   1.655   1.667   1.685   1.687   1.689 
    1.697   1.720   1.726   1.740   1.746   1.758   1.794   1.796 
    1.821   1.837   1.874   1.899   1.914   1.927   1.936   1.952 
    1.956   1.972   1.982   1.984   2.007   2.025   2.027   2.038 
    2.081   2.083   2.098   2.100   2.101   2.123   2.137   2.146 
    2.159   2.178   2.184   2.198   2.209   2.230   2.235   2.252 
    2.271   2.295   2.327   2.342   2.343   2.353   2.370   2.372 
    2.375   2.383   2.438   2.459   2.482   2.487   2.540   2.547 
    2.559   2.564   2.584   2.596   2.598   2.608   2.627   2.654 
    2.682   2.694   2.708   2.748   2.795   2.807   2.814   2.854 
    2.862   2.916   2.928   2.932   2.939   2.965   3.013   3.013 
    3.030   3.049   3.110   3.113   3.114   3.150   3.150   3.178 
    3.179   3.197   3.205   3.226   3.231   3.238   3.277   3.277 
    3.299   3.308   3.336   3.365   3.373   3.377   3.378   3.404 
    3.421   3.451   3.479   3.500   3.536   3.544   3.555   3.599 
    3.615   3.624   3.628   3.645   3.656   3.678   3.693   3.705 
    3.743   3.748   3.757   3.761   3.791   3.813   3.825   3.832 
    3.858   3.862   3.892   3.893   3.922   3.927   3.974   3.995 
    4.038   4.045   4.054   4.060   4.060   4.073   4.086   4.129 
    4.129   4.138   4.146   4.162   4.171   4.179   4.194   4.216 
    4.241   4.245   4.276   4.279   4.280   4.308   4.319   4.330 
    4.339   4.384   4.395   4.430   4.443   4.444   4.447   4.451 
    4.455   4.457   4.533   4.582   4.590   4.604   4.612   4.678 
    4.678   4.706   4.707   4.713   4.720   4.732   4.745   4.749 
    4.759   4.764   4.787   4.828   4.846   4.851   4.860   4.887 
    4.915   4.929   4.959   4.981   4.986   4.993   5.022   5.046 
    5.061   5.063   5.086   5.097   5.120   5.123   5.130   5.130 
    5.180   5.184   5.203   5.207   5.219   5.233   5.248   5.254 
    5.274   5.303   5.304   5.338   5.344   5.347   5.400   5.407 
    5.418   5.440   5.494   5.504   5.541   5.545   5.552   5.582 
    5.588   5.590   5.627   5.632   5.664   5.694   5.709   5.730 
    5.741   5.817   5.823   5.824   5.850   5.889   5.893   5.912 
    5.917   5.918   5.933   5.945   5.974   6.009   6.060   6.094 
    6.160   6.170   6.184   6.206   6.207   6.231   6.234   6.247 
    6.269   6.320   6.410   6.417   6.422   6.445   6.480   6.549 
    6.561   6.594   6.613   6.654   6.695   6.733   6.736   6.775 
    6.778   6.806   6.810   6.845   6.892   6.901   6.932   6.997 
    7.026   7.058   7.061   7.079   7.094   7.107   7.155   7.186 
    7.279   7.289   7.334   7.377   7.381   7.417   7.420   7.533 
    7.550   7.554   7.572   7.611   7.659   7.686   7.841   7.862 
    7.866   7.877   7.926   7.942   7.954   7.998   8.070   8.096 
    8.099   8.121   8.132   8.186   8.194   8.289   8.302   8.319 
    8.331   8.344   8.396   8.402   8.408   8.412   8.421   8.460 
    8.503   8.526   8.651   8.684   8.704   8.735   8.771   8.780 
    8.814   8.837   8.885   8.891   8.892   8.939   8.968   8.972 
    8.978   9.005   9.009   9.020   9.093   9.101   9.110   9.137 
    9.161   9.221   9.228   9.233   9.315   9.368   9.390   9.391 
    9.426   9.492   9.516   9.526   9.556   9.594   9.608   9.608 
    9.627   9.664   9.764   9.792   9.843   9.866   9.887   9.900 
    9.961   9.991  10.019  10.031  10.039  10.098  10.112  10.116 
   10.184  10.188  10.216  10.216  10.242  10.251  10.262  10.264 
   10.278  10.315  10.364  10.373  10.391  10.402  10.432  10.455 
   10.488  10.494  10.516  10.546  10.552  10.598  10.614  10.646 
   10.649  10.699  10.738  10.739  10.743  10.810  10.834  10.886 
   10.891  10.925  10.936  10.948  11.004  11.029  11.041  11.054 
   11.062  11.111  11.117  11.136  11.164  11.168  11.197  11.214 
   11.215  11.266  11.276  11.301  11.310  11.333  11.376  11.388 
   11.444  11.463  11.464  11.507  11.522  11.538  11.586  11.596 
   11.628  11.634  11.658  11.668  11.710  11.720  11.750  11.802 
   11.920  12.005  12.010  12.023  12.061  12.139  12.172  12.192 
   12.194  12.219  12.354  12.370  12.377  12.419  12.435  12.494 
   12.507  12.577  12.586  12.589  12.672  12.681  12.705  12.718 
   12.728  12.752  12.764  12.767  12.786  12.810  12.816  12.823 
   12.825  12.867  12.879  12.887  12.916  12.921  12.969  12.975 
   12.998  13.001  13.011  13.024  13.050  13.051  13.073  13.181 
   13.195  13.197  13.279  13.280  13.281  13.305  13.406  13.407 
   13.439  13.455  13.504  13.550  13.571  13.572  13.575  13.593 
   13.658  13.667  13.699  13.700  13.727  13.729  13.735  13.814 
   13.818  13.833  13.901  13.918  13.919  13.963  13.989  14.019 
   14.028  14.036  14.051  14.060  14.111  14.144  14.150  14.191 
   14.201  14.225  14.244  14.262  14.269  14.287  14.292  14.310 
   14.324  14.379  14.383  14.433  14.446  14.481  14.482  14.495 
   14.502  14.502  14.529  14.546  14.556  14.565  14.605  14.659 
   14.662  14.682  14.769  14.798  14.817  14.825  14.837  14.879 
   14.946  15.003  15.030  15.039  15.062  15.088  15.092  15.099 
   15.159  15.185  15.189  15.220  15.276  15.351  15.403  15.419 
   15.419  15.449  15.545  15.563  15.606  15.641  15.648  15.680 
   15.699  15.751  15.775  15.814  15.906  15.913  16.024  16.070 
   16.123  16.164  16.207  16.246  16.306  16.315  16.361  16.389 
   16.453  16.566  16.642  16.703  16.719  16.813  16.852  16.855 
   17.081  17.266  17.300  17.382  17.507  17.545  17.670  17.694 
   17.734  17.847  17.890  17.906  18.085  18.088  18.100  18.174 
   18.186  18.241  18.330  18.352  18.408  18.587  18.629  18.638 
   18.851  18.868  18.952  19.005  19.178  19.204  19.313  19.575 
   19.760  19.869  20.091  20.331  20.539  20.864  21.048  21.159 
   21.328  21.537  26.510  27.160  27.986  33.425  39.891  41.094 
   41.602  42.240  42.895  53.886  54.040  54.134  54.176  54.449 
   54.647  54.721  54.829  54.994  55.078  55.571  55.642  56.535 
   57.145  57.906  72.018 100.465 100.472 100.478 100.496 100.512 
  100.520 100.525 100.613 100.620 125.487 125.976 126.583 150.545 
  150.795 150.916 151.499 151.567 155.320 173.435 173.516 173.685 
  173.701 173.755 174.023 174.040 294.362 294.789 295.332 320.685 
  320.685 320.690 320.690 320.694 320.694 320.697 320.698 320.698 
  320.702 320.702 341.990 373.489 373.491 373.491 373.497 373.504 
  373.507 373.509 373.539 373.542 384.245 384.446 384.541 385.003 
  385.049 529.810 529.857 529.955 529.965 529.993 530.143 530.160 
  754.784 755.148 755.618 825.474 976.472 976.631 976.703 977.066 
  977.100 2440.567 2440.895 2441.323 3195.394 


  >>> Running RHF-MP2 <<<


RMP2-TIMING
  rmp2                  :::      934.662 (100.00%)
  Total                 :::      934.662 (100.00%)

MP2 correlation energy (RHF) : -1.2954613350
MP2 total energy       (RHF) : -248.0925552175


  >>> Running UHF <<<

init D/C      : input mo_coeff
init ov       : zeros
no            : 20 21
nv            : 902 901
ov_size       : 36961
max_cycle     : 1000
conv          : 6
econv         : 9
method        : diis
mom_start     : 0
guess mix     : 0.000000
orb_swap      : [[[0, 20]], []]
init E        : -231.234857626743
init S2       : 0.750000000000249
init |[F,P]|  : 1.13e-02
init |dE|     : 2.69e-02
check file    : None

iter      total energy   |[F,P]|      |dE|         ∆E   S^2   comment
   1    -231.543748494  7.62e-03  1.73e-02  -3.09e-01  0.75  DIIS mom: 19.6/20 20.5/21
   2    -231.944699700  8.31e-04  1.83e-03  -4.01e-01  0.76  DIIS mom: 19.9/20 20.9/21
   3    -231.952001408  2.98e-04  6.41e-04  -7.30e-03  0.76  DIIS mom: 20.0/20 21.0/21
   4    -231.953435297  1.51e-04  3.18e-04  -1.43e-03  0.77  DIIS mom: 20.0/20 21.0/21
   5    -231.954282497  8.27e-05  1.67e-04  -8.47e-04  0.78  DIIS mom: 20.0/20 21.0/21
   6    -231.954628866  5.55e-05  1.07e-04  -3.46e-04  0.79  DIIS mom: 20.0/20 21.0/21
   7    -231.954823094  4.57e-05  8.76e-05  -1.94e-04  0.79  DIIS mom: 20.0/20 21.0/21
   8    -231.955087031  3.74e-05  7.21e-05  -2.64e-04  0.81  DIIS mom: 20.0/20 21.0/21
   9    -231.955455797  2.50e-05  4.89e-05  -3.69e-04  0.84  DIIS mom: 20.0/20 21.0/21
  10    -231.955655591  1.32e-05  2.60e-05  -2.00e-04  0.87  DIIS mom: 20.0/20 21.0/21
  11    -231.955694872  7.73e-06  1.50e-05  -3.93e-05  0.89  DIIS mom: 20.0/20 21.0/21
  12    -231.955701493  4.69e-06  8.69e-06  -6.62e-06  0.90  DIIS mom: 20.0/20 21.0/21
  13    -231.955704228  1.72e-06  3.31e-06  -2.73e-06  0.90  DIIS mom: 20.0/20 21.0/21
  14    -231.955704506  5.65e-07  1.15e-06  -2.78e-07  0.90  DIIS mom: 20.0/20 21.0/21
  15    -231.955704519  2.15e-07  4.47e-07  -1.32e-08  0.90  DIIS mom: 20.0/20 21.0/21
  16    -231.955704521  5.57e-08  1.18e-07  -2.35e-09  0.90  DIIS mom: 20.0/20 21.0/21
  17    -231.955704522  1.89e-08  4.12e-08  -1.55e-10  0.90  DIIS mom: 20.0/20 21.0/21
                                                                      diis is converged!

SCF converged : True
final |[F,P]| : 1.89e-08
final |dE|    : 4.12e-08
final Escf    : -439.058228261201
final Etot    : -231.955704521558
final S2      : 0.901656332067859

  diis prep             :::        0.512 (  0.03%)
  diis extrap           :::        0.494 (  0.03%)
  roothaan              :::        2.880 (  0.15%)
  fock build            :::     1889.621 ( 99.79%)
  Total                 :::     1893.508 (100.00%)

Alpha occupied
  -11.558 -11.558 -11.494 -11.455 -11.455  -1.587  -1.334  -1.293 
   -1.123  -1.104  -0.978  -0.930  -0.875  -0.856  -0.847  -0.836 
   -0.755  -0.725  -0.641  -0.579 

Alpha virtual
  -14.105  -0.168  -0.093  -0.061  -0.039  -0.036  -0.008  -0.006 
   -0.001   0.016   0.037   0.052   0.057   0.073   0.083   0.093 
    0.101   0.103   0.105   0.148   0.154   0.176   0.185   0.196 
    0.211   0.211   0.214   0.227   0.228   0.229   0.241   0.243 
    0.265   0.269   0.276   0.313   0.313   0.329   0.341   0.343 
    0.381   0.387   0.406   0.408   0.410   0.414   0.421   0.427 
    0.463   0.492   0.509   0.513   0.523   0.533   0.539   0.565 
    0.575   0.578   0.587   0.594   0.598   0.620   0.633   0.642 
    0.648   0.668   0.673   0.676   0.719   0.748   0.751   0.765 
    0.768   0.779   0.787   0.789   0.801   0.807   0.824   0.830 
    0.848   0.852   0.857   0.872   0.874   0.876   0.924   0.933 
    0.939   0.975   0.984   1.002   1.006   1.020   1.026   1.032 
    1.036   1.042   1.069   1.072   1.092   1.109   1.149   1.179 
    1.219   1.220   1.230   1.248   1.262   1.268   1.297   1.300 
    1.314   1.316   1.357   1.365   1.388   1.388   1.410   1.425 
    1.425   1.432   1.440   1.456   1.458   1.466   1.475   1.492 
    1.494   1.496   1.522   1.523   1.536   1.548   1.554   1.582 
    1.600   1.616   1.623   1.668   1.678   1.692   1.725   1.726 
    1.740   1.746   1.755   1.781   1.783   1.808   1.819   1.823 
    1.841   1.877   1.879   1.888   1.892   1.892   1.927   1.929 
    1.952   1.957   1.958   1.975   1.998   2.000   2.023   2.038 
    2.054   2.074   2.080   2.117   2.124   2.131   2.137   2.165 
    2.165   2.167   2.181   2.226   2.245   2.263   2.274   2.318 
    2.337   2.339   2.349   2.372   2.374   2.387   2.404   2.409 
    2.423   2.465   2.489   2.491   2.526   2.572   2.582   2.590 
    2.600   2.641   2.708   2.713   2.714   2.722   2.749   2.756 
    2.781   2.794   2.825   2.885   2.890   2.897   2.912   2.930 
    2.946   2.963   2.976   2.991   2.992   3.004   3.016   3.054 
    3.059   3.077   3.085   3.108   3.153   3.157   3.161   3.167 
    3.195   3.195   3.214   3.246   3.274   3.307   3.317   3.335 
    3.372   3.382   3.398   3.414   3.421   3.431   3.449   3.466 
    3.481   3.518   3.526   3.538   3.538   3.560   3.584   3.597 
    3.616   3.636   3.638   3.665   3.674   3.695   3.698   3.759 
    3.774   3.814   3.823   3.832   3.837   3.842   3.857   3.874 
    3.902   3.904   3.915   3.922   3.945   3.951   3.956   3.982 
    4.000   4.014   4.022   4.043   4.062   4.068   4.080   4.095 
    4.111   4.112   4.156   4.168   4.199   4.216   4.223   4.228 
    4.228   4.228   4.236   4.312   4.363   4.364   4.371   4.392 
    4.458   4.459   4.475   4.489   4.490   4.495   4.511   4.521 
    4.534   4.542   4.544   4.579   4.608   4.631   4.632   4.637 
    4.659   4.688   4.699   4.755   4.756   4.770   4.778   4.804 
    4.829   4.835   4.838   4.880   4.884   4.888   4.902   4.905 
    4.910   4.958   4.961   4.981   4.983   5.007   5.023   5.037 
    5.040   5.051   5.079   5.092   5.112   5.116   5.128   5.175 
    5.181   5.204   5.216   5.275   5.277   5.313   5.324   5.326 
    5.352   5.372   5.380   5.398   5.419   5.425   5.470   5.482 
    5.495   5.533   5.593   5.599   5.599   5.621   5.664   5.672 
    5.675   5.676   5.683   5.692   5.705   5.717   5.742   5.824 
    5.870   5.886   5.916   5.935   5.942   5.945   5.983   5.992 
    6.008   6.045   6.080   6.174   6.186   6.189   6.210   6.219 
    6.306   6.312   6.357   6.367   6.407   6.473   6.499   6.505 
    6.532   6.546   6.571   6.581   6.612   6.652   6.666   6.719 
    6.752   6.806   6.837   6.838   6.839   6.866   6.889   6.931 
    6.952   7.046   7.062   7.117   7.137   7.154   7.189   7.204 
    7.272   7.324   7.331   7.346   7.368   7.428   7.452   7.609 
    7.629   7.635   7.653   7.682   7.684   7.699   7.764   7.823 
    7.846   7.852   7.883   7.884   7.955   7.972   8.055   8.067 
    8.075   8.075   8.100   8.127   8.161   8.163   8.183   8.192 
    8.225   8.271   8.279   8.432   8.450   8.462   8.494   8.526 
    8.529   8.581   8.597   8.636   8.643   8.655   8.680   8.721 
    8.735   8.735   8.763   8.763   8.772   8.841   8.858   8.872 
    8.891   8.929   8.982   8.988   8.989   9.076   9.122   9.147 
    9.150   9.187   9.256   9.275   9.298   9.321   9.352   9.370 
    9.371   9.389   9.430   9.520   9.533   9.599   9.617   9.654 
    9.661   9.729   9.745   9.773   9.778   9.805   9.854   9.874 
    9.875   9.947   9.951   9.975   9.980  10.002  10.010  10.027 
   10.034  10.036  10.071  10.108  10.132  10.138  10.154  10.183 
   10.218  10.242  10.252  10.267  10.306  10.311  10.356  10.383 
   10.393  10.403  10.458  10.500  10.503  10.511  10.574  10.599 
   10.656  10.662  10.689  10.694  10.719  10.755  10.792  10.800 
   10.816  10.823  10.870  10.884  10.909  10.926  10.930  10.961 
   10.972  10.984  11.028  11.048  11.061  11.076  11.092  11.143 
   11.144  11.200  11.223  11.225  11.271  11.277  11.299  11.356 
   11.371  11.393  11.398  11.424  11.435  11.468  11.481  11.514 
   11.568  11.671  11.749  11.750  11.785  11.816  11.873  11.927 
   11.932  11.938  11.970  12.114  12.122  12.143  12.164  12.203 
   12.256  12.258  12.271  12.346  12.350  12.353  12.434  12.458 
   12.482  12.506  12.520  12.533  12.543  12.566  12.589  12.599 
   12.602  12.607  12.622  12.656  12.660  12.686  12.703  12.739 
   12.759  12.766  12.777  12.795  12.796  12.803  12.812  12.856 
   12.876  12.946  12.966  13.025  13.037  13.052  13.060  13.165 
   13.178  13.179  13.185  13.289  13.306  13.316  13.318  13.339 
   13.347  13.422  13.430  13.447  13.467  13.491  13.503  13.523 
   13.565  13.582  13.600  13.649  13.699  13.704  13.745  13.764 
   13.791  13.804  13.817  13.826  13.832  13.871  13.923  13.931 
   13.964  13.986  13.996  14.018  14.033  14.051  14.052  14.069 
   14.085  14.105  14.153  14.157  14.205  14.216  14.216  14.251 
   14.276  14.277  14.289  14.309  14.321  14.336  14.337  14.357 
   14.421  14.439  14.449  14.515  14.529  14.576  14.577  14.588 
   14.630  14.662  14.728  14.751  14.798  14.831  14.839  14.849 
   14.855  14.890  14.902  14.954  14.965  15.037  15.090  15.148 
   15.149  15.187  15.190  15.315  15.323  15.340  15.402  15.412 
   15.434  15.434  15.524  15.540  15.574  15.667  15.668  15.797 
   15.848  15.877  15.907  15.960  16.024  16.084  16.089  16.122 
   16.144  16.218  16.332  16.393  16.422  16.449  16.463  16.472 
   16.620  16.849  17.011  17.085  17.136  17.290  17.324  17.453 
   17.460  17.487  17.603  17.660  17.677  17.761  17.785  17.868 
   17.881  17.911  17.961  18.014  18.074  18.188  18.304  18.313 
   18.366  18.414  18.577  18.635  18.758  18.780  18.944  19.088 
   19.326  19.527  19.638  19.774  19.884  19.991  20.644  20.821 
   20.930  21.102  21.319  25.770  26.405  27.237  32.615  39.657 
   40.854  41.339  41.979  42.652  52.679  52.911  52.925  53.063 
   53.344  53.526  53.545  53.677  53.813  53.967  54.353  54.408 
   55.350  55.948  56.708  70.698  99.159  99.165  99.166  99.182 
   99.198  99.200  99.205  99.282  99.289 123.606 124.084 124.687 
  148.473 148.720 148.844 149.420 149.487 153.307 171.397 171.479 
  171.643 171.660 171.716 171.975 171.990 291.620 292.041 292.580 
  318.529 318.529 318.533 318.533 318.535 318.537 318.538 318.542 
  318.542 318.547 318.547 339.167 370.920 370.922 370.924 370.925 
  370.933 370.933 370.936 370.960 370.963 381.348 381.546 381.643 
  382.101 382.146 526.686 526.732 526.828 526.839 526.868 527.013 
  527.030 751.176 751.537 752.006 821.814 972.771 972.929 973.002 
  973.363 973.396 2436.255 2436.582 2437.009 3191.065 

Beta occupied
  -18.395 -11.551 -11.551 -11.490 -11.461 -11.460  -1.674  -1.345 
   -1.295  -1.148  -1.106  -1.001  -0.946  -0.942  -0.888  -0.872 
   -0.834  -0.760  -0.744  -0.670  -0.582 

Beta virtual
   -0.155  -0.084  -0.061  -0.039  -0.035  -0.008  -0.007  -0.003 
    0.016   0.035   0.052   0.060   0.073   0.077   0.092   0.101 
    0.102   0.102   0.150   0.155   0.173   0.185   0.197   0.206 
    0.212   0.215   0.224   0.231   0.231   0.238   0.238   0.262 
    0.267   0.273   0.309   0.313   0.331   0.333   0.337   0.380 
    0.387   0.404   0.408   0.410   0.415   0.423   0.430   0.462 
    0.489   0.509   0.510   0.518   0.532   0.540   0.557   0.572 
    0.578   0.589   0.593   0.601   0.620   0.635   0.643   0.652 
    0.669   0.675   0.676   0.721   0.748   0.750   0.765   0.768 
    0.778   0.785   0.788   0.801   0.807   0.824   0.831   0.851 
    0.853   0.856   0.870   0.872   0.874   0.924   0.932   0.940 
    0.976   0.979   0.999   1.001   1.020   1.025   1.031   1.039 
    1.042   1.048   1.068   1.095   1.106   1.147   1.177   1.216 
    1.220   1.230   1.248   1.263   1.266   1.298   1.301   1.315 
    1.316   1.357   1.364   1.389   1.389   1.411   1.425   1.426 
    1.436   1.441   1.457   1.457   1.469   1.477   1.493   1.493 
    1.495   1.522   1.523   1.537   1.548   1.554   1.585   1.601 
    1.618   1.623   1.668   1.673   1.694   1.725   1.726   1.743 
    1.744   1.755   1.778   1.784   1.807   1.820   1.824   1.842 
    1.877   1.878   1.888   1.894   1.895   1.927   1.928   1.949 
    1.957   1.958   1.977   2.000   2.000   2.021   2.038   2.053 
    2.073   2.081   2.114   2.127   2.133   2.138   2.165   2.165 
    2.166   2.178   2.227   2.242   2.262   2.272   2.299   2.334 
    2.337   2.349   2.370   2.374   2.385   2.400   2.408   2.418 
    2.464   2.490   2.491   2.515   2.556   2.564   2.590   2.596 
    2.642   2.708   2.711   2.714   2.716   2.741   2.747   2.770 
    2.795   2.824   2.885   2.886   2.897   2.908   2.930   2.945 
    2.962   2.973   2.983   2.991   3.002   3.018   3.052   3.062 
    3.073   3.085   3.108   3.151   3.154   3.162   3.166   3.194 
    3.196   3.211   3.242   3.270   3.307   3.317   3.335   3.371 
    3.383   3.396   3.412   3.421   3.430   3.447   3.467   3.478 
    3.520   3.526   3.538   3.539   3.561   3.585   3.596   3.615 
    3.634   3.638   3.667   3.673   3.695   3.696   3.759   3.773 
    3.815   3.824   3.835   3.839   3.842   3.858   3.874   3.905 
    3.905   3.915   3.923   3.946   3.952   3.958   3.982   4.001 
    4.014   4.023   4.035   4.061   4.068   4.079   4.095   4.110 
    4.113   4.156   4.169   4.202   4.217   4.223   4.228   4.229 
    4.229   4.238   4.311   4.363   4.365   4.371   4.392   4.459 
    4.460   4.475   4.489   4.491   4.495   4.510   4.522   4.534 
    4.542   4.544   4.579   4.609   4.629   4.632   4.636   4.658 
    4.687   4.700   4.754   4.755   4.770   4.777   4.803   4.825 
    4.835   4.837   4.880   4.884   4.886   4.903   4.905   4.908 
    4.958   4.960   4.978   4.982   5.006   5.023   5.037   5.040 
    5.049   5.077   5.090   5.109   5.115   5.127   5.178   5.181 
    5.202   5.210   5.270   5.275   5.315   5.323   5.325   5.351 
    5.371   5.378   5.394   5.412   5.424   5.469   5.482   5.485 
    5.532   5.592   5.596   5.598   5.618   5.662   5.665   5.669 
    5.671   5.682   5.686   5.691   5.703   5.719   5.824   5.842 
    5.864   5.867   5.934   5.942   5.944   5.980   5.989   6.007 
    6.047   6.077   6.175   6.183   6.186   6.201   6.210   6.292 
    6.311   6.354   6.364   6.401   6.473   6.496   6.503   6.525 
    6.544   6.568   6.581   6.604   6.650   6.663   6.719   6.743 
    6.804   6.829   6.836   6.838   6.862   6.888   6.931   6.948 
    7.040   7.060   7.117   7.133   7.154   7.184   7.203   7.267 
    7.320   7.331   7.347   7.362   7.425   7.451   7.608   7.619 
    7.631   7.653   7.669   7.682   7.694   7.764   7.812   7.843 
    7.852   7.873   7.884   7.953   7.971   8.055   8.059   8.068 
    8.074   8.100   8.125   8.157   8.164   8.182   8.193   8.225 
    8.271   8.277   8.431   8.448   8.460   8.495   8.523   8.529 
    8.577   8.598   8.630   8.644   8.655   8.674   8.724   8.734 
    8.736   8.763   8.766   8.772   8.842   8.860   8.872   8.893 
    8.930   8.977   8.987   8.988   9.074   9.120   9.147   9.148 
    9.188   9.256   9.276   9.298   9.320   9.353   9.370   9.371 
    9.390   9.430   9.520   9.528   9.601   9.615   9.653   9.661 
    9.730   9.744   9.775   9.781   9.805   9.856   9.875   9.877 
    9.948   9.953   9.976   9.981  10.003  10.011  10.029  10.034 
   10.037  10.072  10.111  10.135  10.137  10.155  10.183  10.219 
   10.244  10.252  10.264  10.305  10.311  10.357  10.383  10.395 
   10.401  10.457  10.501  10.503  10.511  10.574  10.600  10.656 
   10.662  10.689  10.695  10.718  10.758  10.793  10.800  10.816 
   10.821  10.868  10.884  10.909  10.927  10.932  10.960  10.973 
   10.984  11.026  11.047  11.060  11.075  11.092  11.143  11.145 
   11.201  11.223  11.224  11.271  11.277  11.299  11.355  11.370 
   11.392  11.398  11.422  11.435  11.467  11.482  11.513  11.569 
   11.668  11.729  11.751  11.786  11.812  11.872  11.918  11.927 
   11.940  11.965  12.101  12.114  12.122  12.142  12.203  12.210 
   12.250  12.271  12.342  12.349  12.349  12.434  12.459  12.481 
   12.503  12.508  12.531  12.543  12.566  12.579  12.597  12.602 
   12.607  12.613  12.656  12.660  12.684  12.700  12.738  12.747 
   12.759  12.777  12.783  12.795  12.798  12.802  12.855  12.859 
   12.938  12.966  13.017  13.032  13.051  13.060  13.160  13.163 
   13.176  13.184  13.287  13.300  13.302  13.304  13.339  13.346 
   13.419  13.419  13.446  13.465  13.489  13.503  13.523  13.556 
   13.580  13.599  13.640  13.699  13.704  13.744  13.764  13.787 
   13.804  13.813  13.826  13.832  13.869  13.923  13.931  13.964 
   13.984  13.990  14.018  14.033  14.051  14.051  14.067  14.085 
   14.103  14.151  14.155  14.204  14.205  14.212  14.249  14.276 
   14.276  14.288  14.309  14.317  14.335  14.337  14.342  14.417 
   14.439  14.446  14.450  14.518  14.559  14.568  14.588  14.590 
   14.653  14.727  14.737  14.793  14.824  14.839  14.848  14.852 
   14.882  14.891  14.952  14.960  15.037  15.084  15.136  15.140 
   15.187  15.188  15.305  15.322  15.339  15.397  15.410  15.430 
   15.431  15.524  15.539  15.568  15.665  15.666  15.795  15.848 
   15.872  15.903  15.953  16.023  16.080  16.089  16.122  16.141 
   16.215  16.329  16.390  16.413  16.431  16.446  16.458  16.618 
   16.847  17.007  17.085  17.131  17.290  17.323  17.452  17.453 
   17.486  17.599  17.656  17.675  17.733  17.750  17.867  17.877 
   17.903  17.961  18.015  18.070  18.187  18.248  18.291  18.366 
   18.414  18.545  18.618  18.750  18.780  18.939  19.088  19.321 
   19.526  19.632  19.730  19.878  19.947  20.643  20.821  20.929 
   21.102  21.318  25.549  26.193  27.035  32.313  39.656  40.854 
   41.341  41.980  42.652  52.534  52.787  52.802  52.980  53.252 
   53.402  53.460  53.579  53.690  53.877  54.229  54.277  55.056 
   55.668  56.433  70.341  99.097  99.104  99.104  99.121  99.137 
   99.140  99.145  99.224  99.231 123.268 123.748 124.353 148.241 
  148.489 148.613 149.190 149.257 152.949 171.248 171.331 171.495 
  171.511 171.567 171.827 171.843 291.295 291.717 292.257 318.451 
  318.451 318.455 318.456 318.458 318.460 318.460 318.464 318.464 
  318.469 318.469 338.847 370.795 370.797 370.799 370.800 370.808 
  370.808 370.811 370.836 370.838 381.117 381.316 381.413 381.871 
  381.917 526.504 526.551 526.647 526.657 526.686 526.831 526.848 
  750.922 751.282 751.752 821.558 972.582 972.740 972.813 973.174 
  973.208 2436.106 2436.433 2436.860 3190.926 


  >>> Running UHF-MP2 <<<

MP2 correlation energy (UHF) : -1.2447833090
MP2 total energy       (UHF) : -233.2004878305

