	*********************************************** 
	***** Beginning CEBE Calculation with MOM ***** 
	*****       Calculation Details:          ***** 
	      Geometry:	 /home/am3939/core/calculations/mols/exp/n/pohpyridine.xyz
	      Core Basis:	 ccX-5Z
	      Full Basis:	 cc-pV5Z
	      DIIS (start, space):	 0 50
	      Level shift:	 0
	      Do localization?:	 False
	      Do SFX2C1E?:	 True
	      Freeze orbitals?:	 True
	      Use Cheng orbitals?:	 False
	      Do Special Basis?:	 True
	      Do Special Basis?:	 ccX-5Z
	*********************************************** 
	*********************************************** 

  >>> Running RHF <<<

init D/C      : minao
init ov       : zeros
no            : 25
nv            : 988
ov_size       : 24700
max_cycle     : 1000
conv          : 6
econv         : 9
method        : gdm
scale_stop    : 0
scale_factor  : 1.000000
init E        : -321.5821941348
init |[F,P]|  : 3.56e-03
init |dE|     : 8.26e-03
check file    : None

iter      total energy   |[F,P]|      |dE|         ∆E   comment
   1    -321.673588306  1.87e-03  4.30e-03  -9.14e-02  BFGS
   2    -321.696573479  3.92e-04  8.77e-04  -2.30e-02  BFGS
   3    -321.697468491  1.33e-04  3.08e-04  -8.95e-04  BFGS
   4    -321.697593393  3.79e-05  9.09e-05  -1.25e-04  BFGS
   5    -321.697606538  1.47e-05  3.54e-05  -1.31e-05  BFGS
   6    -321.697608680  4.92e-06  1.17e-05  -2.14e-06  BFGS
   7    -321.697608888  1.30e-06  3.08e-06  -2.07e-07  BFGS
   8    -321.697608905  3.91e-07  8.46e-07  -1.68e-08  BFGS
   9    -321.697608907  2.28e-07  4.95e-07  -2.83e-09  BFGS
  10    -321.697608908  9.49e-08  2.10e-07  -6.36e-10  BFGS
                                                                      gdm is converged!

SCF converged : True
final |[F,P]| : 9.49e-08
final |dE|    : 2.10e-07
final Escf    : -596.513667624665
final Etot    : -321.697608907988

  pxp & ewc             :::        2.028 (  0.11%)
  apply B               :::        0.007 (  0.00%)
  linsrch               :::     1822.133 ( 99.88%)
  grad                  :::        0.075 (  0.00%)
  Total                 :::     1824.243 (100.00%)

Alpha occupied
  -20.609 -15.556 -11.327 -11.280 -11.277 -11.240 -11.233  -1.429 
   -1.257  -1.082  -1.040  -0.878  -0.858  -0.760  -0.703  -0.666 
   -0.634  -0.613  -0.603  -0.593  -0.527  -0.518  -0.422  -0.362 
   -0.355 

Alpha virtual
    0.076   0.098   0.104   0.110   0.117   0.130   0.139   0.161 
    0.177   0.181   0.209   0.221   0.230   0.236   0.241   0.254 
    0.269   0.296   0.305   0.312   0.317   0.330   0.347   0.358 
    0.366   0.381   0.386   0.405   0.409   0.411   0.425   0.431 
    0.446   0.454   0.471   0.486   0.495   0.502   0.503   0.526 
    0.529   0.545   0.549   0.554   0.568   0.575   0.589   0.591 
    0.597   0.639   0.654   0.671   0.678   0.681   0.703   0.713 
    0.732   0.735   0.737   0.765   0.790   0.795   0.809   0.821 
    0.824   0.826   0.832   0.857   0.864   0.881   0.901   0.925 
    0.931   0.939   0.954   0.960   0.961   0.963   0.991   0.996 
    1.004   1.017   1.019   1.040   1.042   1.051   1.057   1.072 
    1.080   1.091   1.112   1.121   1.139   1.139   1.154   1.179 
    1.199   1.217   1.230   1.246   1.253   1.258   1.262   1.290 
    1.315   1.319   1.323   1.330   1.349   1.378   1.395   1.397 
    1.404   1.424   1.447   1.484   1.486   1.501   1.502   1.513 
    1.514   1.535   1.557   1.570   1.577   1.584   1.606   1.624 
    1.626   1.629   1.634   1.638   1.652   1.679   1.683   1.702 
    1.708   1.725   1.739   1.739   1.760   1.772   1.785   1.816 
    1.844   1.859   1.865   1.883   1.885   1.894   1.901   1.910 
    1.919   1.935   1.963   1.965   1.977   1.986   2.020   2.031 
    2.047   2.061   2.071   2.083   2.086   2.098   2.106   2.117 
    2.130   2.138   2.141   2.155   2.164   2.165   2.195   2.210 
    2.223   2.246   2.246   2.273   2.285   2.293   2.298   2.319 
    2.321   2.353   2.360   2.362   2.375   2.377   2.411   2.439 
    2.466   2.470   2.497   2.499   2.516   2.520   2.557   2.567 
    2.589   2.595   2.609   2.614   2.629   2.645   2.645   2.674 
    2.724   2.726   2.752   2.777   2.784   2.830   2.860   2.867 
    2.890   2.909   2.936   2.957   2.965   2.983   3.002   3.033 
    3.053   3.053   3.080   3.090   3.096   3.106   3.153   3.154 
    3.166   3.180   3.196   3.200   3.211   3.214   3.236   3.241 
    3.277   3.293   3.307   3.324   3.346   3.373   3.374   3.386 
    3.397   3.403   3.425   3.451   3.469   3.482   3.506   3.535 
    3.535   3.543   3.561   3.609   3.610   3.628   3.644   3.667 
    3.668   3.673   3.691   3.703   3.728   3.736   3.753   3.757 
    3.758   3.786   3.789   3.831   3.837   3.858   3.858   3.876 
    3.880   3.913   3.939   3.940   3.958   3.969   3.991   4.011 
    4.025   4.032   4.059   4.080   4.085   4.093   4.104   4.116 
    4.137   4.145   4.184   4.190   4.202   4.215   4.236   4.261 
    4.273   4.274   4.281   4.292   4.320   4.325   4.326   4.346 
    4.360   4.384   4.392   4.426   4.437   4.448   4.455   4.456 
    4.490   4.492   4.501   4.550   4.562   4.562   4.616   4.636 
    4.654   4.654   4.668   4.676   4.686   4.688   4.712   4.727 
    4.758   4.765   4.790   4.798   4.828   4.832   4.848   4.861 
    4.874   4.890   4.892   4.925   4.949   4.957   4.962   4.975 
    4.982   5.009   5.023   5.033   5.067   5.079   5.091   5.104 
    5.124   5.134   5.138   5.151   5.188   5.189   5.201   5.211 
    5.230   5.249   5.263   5.271   5.288   5.318   5.329   5.350 
    5.359   5.370   5.388   5.420   5.432   5.438   5.473   5.492 
    5.521   5.540   5.546   5.555   5.583   5.591   5.630   5.639 
    5.662   5.687   5.701   5.711   5.734   5.760   5.761   5.812 
    5.837   5.846   5.867   5.885   5.908   5.926   5.941   5.964 
    5.980   5.996   6.012   6.017   6.062   6.107   6.118   6.169 
    6.209   6.227   6.240   6.242   6.247   6.301   6.317   6.325 
    6.394   6.399   6.403   6.422   6.444   6.471   6.503   6.534 
    6.538   6.591   6.603   6.636   6.658   6.679   6.697   6.755 
    6.764   6.769   6.783   6.815   6.867   6.874   6.918   6.960 
    6.980   7.007   7.040   7.054   7.077   7.114   7.146   7.155 
    7.185   7.187   7.237   7.252   7.303   7.322   7.372   7.383 
    7.417   7.452   7.466   7.510   7.524   7.556   7.587   7.613 
    7.625   7.678   7.695   7.732   7.757   7.782   7.845   7.851 
    7.862   7.911   7.948   7.964   7.995   8.015   8.015   8.074 
    8.088   8.113   8.146   8.154   8.203   8.230   8.234   8.253 
    8.328   8.337   8.339   8.378   8.380   8.423   8.445   8.448 
    8.487   8.490   8.520   8.556   8.589   8.618   8.648   8.679 
    8.739   8.740   8.747   8.796   8.859   8.869   8.890   8.907 
    8.951   8.963   8.978   8.988   9.014   9.015   9.032   9.094 
    9.106   9.107   9.121   9.167   9.176   9.214   9.228   9.232 
    9.295   9.333   9.372   9.394   9.406   9.440   9.453   9.479 
    9.514   9.535   9.593   9.608   9.624   9.624   9.653   9.679 
    9.718   9.773   9.795   9.859   9.885   9.945   9.957   9.982 
    9.997   9.998  10.038  10.049  10.072  10.098  10.101  10.139 
   10.192  10.233  10.242  10.245  10.247  10.266  10.285  10.289 
   10.308  10.327  10.359  10.388  10.388  10.395  10.462  10.479 
   10.491  10.501  10.515  10.526  10.549  10.580  10.611  10.639 
   10.640  10.649  10.687  10.716  10.770  10.800  10.815  10.900 
   10.912  10.939  10.955  11.008  11.012  11.038  11.055  11.096 
   11.098  11.104  11.129  11.139  11.171  11.177  11.189  11.211 
   11.233  11.251  11.286  11.293  11.321  11.338  11.367  11.385 
   11.427  11.459  11.468  11.487  11.526  11.552  11.592  11.616 
   11.627  11.661  11.671  11.693  11.715  11.727  11.767  11.772 
   11.935  11.956  12.003  12.036  12.044  12.091  12.124  12.145 
   12.177  12.190  12.210  12.257  12.293  12.295  12.340  12.357 
   12.401  12.495  12.505  12.511  12.515  12.529  12.599  12.622 
   12.666  12.680  12.709  12.713  12.742  12.763  12.765  12.769 
   12.787  12.790  12.794  12.809  12.832  12.864  12.868  12.873 
   12.896  12.907  12.932  12.933  12.942  12.981  12.991  13.012 
   13.022  13.072  13.072  13.101  13.156  13.177  13.188  13.194 
   13.225  13.257  13.290  13.310  13.346  13.385  13.409  13.452 
   13.497  13.518  13.558  13.561  13.592  13.598  13.600  13.667 
   13.680  13.682  13.692  13.709  13.732  13.749  13.797  13.827 
   13.844  13.846  13.864  13.896  13.897  13.931  13.939  13.962 
   13.985  14.005  14.018  14.060  14.099  14.116  14.157  14.192 
   14.211  14.216  14.230  14.238  14.255  14.266  14.276  14.295 
   14.325  14.357  14.396  14.397  14.438  14.457  14.460  14.467 
   14.475  14.492  14.501  14.531  14.556  14.568  14.580  14.595 
   14.609  14.647  14.675  14.718  14.784  14.817  14.844  14.869 
   14.885  14.951  14.979  14.984  15.025  15.028  15.080  15.082 
   15.105  15.136  15.182  15.205  15.224  15.266  15.326  15.331 
   15.385  15.429  15.439  15.454  15.506  15.530  15.599  15.603 
   15.604  15.703  15.718  15.749  15.795  15.825  15.874  15.917 
   15.985  16.011  16.031  16.071  16.101  16.157  16.177  16.268 
   16.272  16.298  16.335  16.464  16.493  16.520  16.555  16.659 
   16.746  16.754  16.764  16.783  16.819  16.847  16.937  17.062 
   17.372  17.374  17.465  17.502  17.619  17.637  17.665  17.752 
   17.869  17.894  17.902  17.983  18.014  18.069  18.074  18.100 
   18.142  18.184  18.305  18.362  18.368  18.443  18.451  18.631 
   18.651  18.806  18.856  18.862  18.990  19.017  19.085  19.178 
   19.199  19.262  19.286  19.308  19.415  19.534  19.581  19.650 
   19.740  19.792  19.854  19.910  20.241  20.282  20.357  20.409 
   20.524  20.875  21.001  21.198  21.292  21.317  21.554  21.617 
   22.668  23.126  23.243  23.526  23.773  24.277  25.588  26.183 
   26.520  27.163  27.978  33.416  39.793  41.176  41.437  42.250 
   42.811  53.893  54.051  54.132  54.181  54.453  54.646  54.737 
   54.834  54.987  55.067  55.556  55.642  56.544  57.149  57.901 
   65.229  72.012 100.473 100.480 100.484 100.502 100.518 100.526 
  100.530 100.617 100.624 125.495 125.980 126.581 150.554 150.794 
  150.931 151.480 151.565 155.314 173.442 173.525 173.691 173.699 
  173.760 174.029 174.037 294.369 294.794 295.330 320.692 320.692 
  320.697 320.697 320.701 320.701 320.703 320.704 320.705 320.707 
  320.707 341.985 373.496 373.497 373.498 373.503 373.510 373.513 
  373.515 373.544 373.547 384.253 384.446 384.554 384.988 385.049 
  529.817 529.864 529.961 529.967 529.999 530.149 530.161 754.791 
  755.152 755.618 825.468 976.479 976.632 976.714 977.056 977.102 
  2440.573 2440.899 2441.323 3195.378 


  >>> Running RHF-MP2 <<<


RMP2-TIMING
  rmp2                  :::     1951.486 (100.00%)
  Total                 :::     1951.486 (100.00%)

MP2 correlation energy (RHF) : -1.5935882484
MP2 total energy       (RHF) : -323.2911971564


  >>> Running UHF <<<

init D/C      : input mo_coeff
init ov       : zeros
no            : 24 25
nv            : 989 988
ov_size       : 48436
max_cycle     : 1000
conv          : 6
econv         : 9
method        : diis
mom_start     : 0
guess mix     : 0.000000
orb_swap      : [[[1, 24]], []]
init E        : -306.141732638232
init S2       : 0.750000000000441
init |[F,P]|  : 1.02e-02
init |dE|     : 2.36e-02
check file    : None

iter      total energy   |[F,P]|      |dE|         ∆E   S^2   comment
   1    -306.454087052  6.88e-03  1.51e-02  -3.12e-01  0.75  DIIS mom: 23.6/24 24.5/25
   2    -306.853660710  7.65e-04  1.65e-03  -4.00e-01  0.76  DIIS mom: 23.9/24 24.9/25
   3    -306.861215656  2.85e-04  6.06e-04  -7.55e-03  0.76  DIIS mom: 24.0/24 25.0/25
   4    -306.862724309  1.32e-04  2.73e-04  -1.51e-03  0.77  DIIS mom: 24.0/24 25.0/25
   5    -306.863470115  6.72e-05  1.36e-04  -7.46e-04  0.78  DIIS mom: 24.0/24 25.0/25
   6    -306.863720788  3.72e-05  7.27e-05  -2.51e-04  0.78  DIIS mom: 24.0/24 25.0/25
   7    -306.863817443  2.62e-05  5.00e-05  -9.67e-05  0.79  DIIS mom: 24.0/24 25.0/25
   8    -306.863896217  1.93e-05  3.74e-05  -7.88e-05  0.79  DIIS mom: 24.0/24 25.0/25
   9    -306.863953690  1.45e-05  2.85e-05  -5.75e-05  0.80  DIIS mom: 24.0/24 25.0/25
  10    -306.863987570  1.08e-05  2.04e-05  -3.39e-05  0.80  DIIS mom: 24.0/24 25.0/25
  11    -306.864013643  7.66e-06  1.43e-05  -2.61e-05  0.81  DIIS mom: 24.0/24 25.0/25
  12    -306.864028567  5.05e-06  9.49e-06  -1.49e-05  0.81  DIIS mom: 24.0/24 25.0/25
  13    -306.864035021  2.46e-06  4.76e-06  -6.45e-06  0.81  DIIS mom: 24.0/24 25.0/25
  14    -306.864036058  1.06e-06  1.98e-06  -1.04e-06  0.82  DIIS mom: 24.0/24 25.0/25
  15    -306.864036178  4.03e-07  7.98e-07  -1.20e-07  0.82  DIIS mom: 24.0/24 25.0/25
  16    -306.864036190  1.87e-07  3.75e-07  -1.14e-08  0.82  DIIS mom: 24.0/24 25.0/25
  17    -306.864036192  1.19e-07  2.23e-07  -2.00e-09  0.82  DIIS mom: 24.0/24 25.0/25
  18    -306.864036193  1.01e-07  1.84e-07  -1.07e-09  0.82  DIIS mom: 24.0/24 25.0/25
  19    -306.864036195  8.40e-08  1.54e-07  -1.73e-09  0.82  DIIS mom: 24.0/24 25.0/25
  20    -306.864036198  4.71e-08  9.02e-08  -2.91e-09  0.82  DIIS mom: 24.0/24 25.0/25
  21    -306.864036198  2.03e-08  4.10e-08  -8.86e-10  0.82  DIIS mom: 24.0/24 25.0/25
                                                                      diis is converged!

SCF converged : True
final |[F,P]| : 2.03e-08
final |dE|    : 4.10e-08
final Escf    : -581.68009491517
final Etot    : -306.864036198494
final S2      : 0.815746817687092

  diis prep             :::        1.312 (  0.03%)
  diis extrap           :::        1.596 (  0.04%)
  roothaan              :::        8.622 (  0.21%)
  fock build            :::     4067.673 ( 99.72%)
  Total                 :::     4079.204 (100.00%)

Alpha occupied
  -20.809 -11.564 -11.561 -11.555 -11.458 -11.451  -1.627  -1.578 
   -1.322  -1.288  -1.132  -1.092  -0.987  -0.956  -0.902  -0.871 
   -0.858  -0.839  -0.807  -0.795  -0.748  -0.737  -0.606  -0.582 

Alpha virtual
  -14.092  -0.142  -0.095  -0.062  -0.046  -0.035  -0.008  -0.001 
    0.002   0.014   0.034   0.050   0.059   0.074   0.078   0.091 
    0.099   0.113   0.119   0.142   0.152   0.159   0.167   0.184 
    0.199   0.205   0.208   0.225   0.230   0.238   0.239   0.247 
    0.250   0.261   0.273   0.297   0.316   0.321   0.327   0.329 
    0.345   0.347   0.356   0.358   0.379   0.388   0.397   0.408 
    0.416   0.420   0.463   0.474   0.485   0.488   0.496   0.517 
    0.527   0.529   0.548   0.550   0.582   0.594   0.606   0.612 
    0.628   0.637   0.641   0.648   0.678   0.681   0.696   0.738 
    0.741   0.741   0.753   0.764   0.770   0.775   0.780   0.796 
    0.808   0.821   0.822   0.828   0.846   0.849   0.859   0.873 
    0.885   0.891   0.918   0.933   0.937   0.945   0.952   0.972 
    0.987   1.010   1.029   1.037   1.039   1.048   1.051   1.055 
    1.073   1.087   1.106   1.134   1.142   1.162   1.175   1.206 
    1.218   1.219   1.228   1.261   1.268   1.290   1.300   1.308 
    1.309   1.320   1.344   1.360   1.374   1.380   1.397   1.411 
    1.415   1.423   1.430   1.436   1.446   1.458   1.479   1.490 
    1.503   1.511   1.526   1.539   1.542   1.562   1.575   1.595 
    1.614   1.641   1.658   1.663   1.683   1.685   1.691   1.700 
    1.714   1.720   1.727   1.752   1.754   1.777   1.795   1.831 
    1.839   1.848   1.865   1.869   1.883   1.889   1.899   1.909 
    1.914   1.934   1.944   1.947   1.955   1.959   1.977   2.003 
    2.022   2.028   2.036   2.048   2.065   2.082   2.093   2.102 
    2.125   2.135   2.151   2.159   2.159   2.168   2.178   2.210 
    2.228   2.254   2.255   2.286   2.297   2.309   2.316   2.353 
    2.354   2.371   2.372   2.395   2.397   2.423   2.429   2.435 
    2.473   2.521   2.523   2.542   2.571   2.580   2.588   2.617 
    2.652   2.673   2.704   2.711   2.741   2.745   2.753   2.795 
    2.811   2.840   2.854   2.869   2.884   2.885   2.886   2.925 
    2.926   2.941   2.963   2.978   2.987   3.000   3.007   3.022 
    3.031   3.052   3.081   3.091   3.106   3.130   3.168   3.168 
    3.169   3.188   3.192   3.215   3.218   3.267   3.269   3.288 
    3.306   3.321   3.322   3.344   3.393   3.398   3.411   3.426 
    3.448   3.453   3.467   3.479   3.490   3.512   3.519   3.540 
    3.541   3.546   3.572   3.580   3.615   3.623   3.641   3.644 
    3.655   3.659   3.699   3.718   3.725   3.740   3.755   3.782 
    3.794   3.811   3.815   3.833   3.861   3.871   3.887   3.896 
    3.902   3.912   3.921   3.970   3.973   3.988   4.012   4.016 
    4.051   4.057   4.059   4.066   4.074   4.098   4.108   4.113 
    4.128   4.138   4.162   4.172   4.215   4.219   4.220   4.238 
    4.251   4.275   4.282   4.287   4.339   4.343   4.365   4.393 
    4.423   4.436   4.442   4.446   4.453   4.466   4.482   4.496 
    4.511   4.551   4.554   4.582   4.584   4.621   4.623   4.636 
    4.644   4.668   4.671   4.679   4.708   4.733   4.746   4.759 
    4.760   4.763   4.788   4.820   4.822   4.859   4.873   4.880 
    4.886   4.906   4.921   4.926   4.934   4.964   4.971   4.991 
    5.000   5.022   5.031   5.041   5.050   5.076   5.102   5.113 
    5.136   5.147   5.155   5.180   5.202   5.210   5.220   5.259 
    5.278   5.298   5.324   5.329   5.339   5.367   5.368   5.404 
    5.430   5.447   5.465   5.476   5.495   5.512   5.530   5.563 
    5.599   5.616   5.618   5.647   5.656   5.681   5.688   5.711 
    5.730   5.752   5.758   5.779   5.787   5.835   5.881   5.889 
    5.900   5.934   5.943   5.995   6.017   6.022   6.071   6.100 
    6.101   6.169   6.171   6.184   6.203   6.222   6.225   6.268 
    6.296   6.335   6.350   6.364   6.403   6.453   6.454   6.471 
    6.529   6.531   6.546   6.568   6.602   6.643   6.655   6.696 
    6.724   6.753   6.776   6.823   6.828   6.844   6.889   6.938 
    6.941   6.959   6.974   7.006   7.050   7.099   7.110   7.130 
    7.163   7.210   7.236   7.246   7.273   7.310   7.358   7.360 
    7.392   7.392   7.474   7.480   7.511   7.556   7.556   7.623 
    7.630   7.647   7.674   7.721   7.737   7.754   7.782   7.803 
    7.841   7.853   7.856   7.894   7.921   7.976   8.012   8.022 
    8.027   8.083   8.097   8.104   8.108   8.158   8.195   8.218 
    8.226   8.264   8.266   8.294   8.326   8.368   8.393   8.419 
    8.440   8.502   8.504   8.527   8.546   8.607   8.622   8.658 
    8.675   8.706   8.734   8.746   8.763   8.764   8.785   8.807 
    8.855   8.865   8.879   8.900   8.933   8.941   8.976   8.995 
    8.997   9.065   9.087   9.151   9.154   9.184   9.209   9.227 
    9.240   9.283   9.303   9.359   9.373   9.394   9.398   9.429 
    9.456   9.486   9.529   9.559   9.642   9.649   9.716   9.724 
    9.747   9.764   9.772   9.790   9.818   9.832   9.859   9.869 
    9.911   9.964   9.994  10.005  10.012  10.016  10.032  10.053 
   10.057  10.070  10.093  10.109  10.131  10.153  10.163  10.214 
   10.233  10.259  10.268  10.281  10.289  10.318  10.346  10.377 
   10.398  10.406  10.411  10.445  10.487  10.535  10.570  10.583 
   10.665  10.686  10.714  10.720  10.764  10.768  10.816  10.823 
   10.867  10.870  10.872  10.896  10.909  10.942  10.945  10.963 
   10.969  10.999  11.022  11.050  11.058  11.079  11.114  11.134 
   11.156  11.196  11.221  11.228  11.255  11.289  11.314  11.356 
   11.384  11.400  11.421  11.456  11.462  11.481  11.494  11.521 
   11.544  11.695  11.740  11.754  11.788  11.817  11.858  11.874 
   11.906  11.929  11.946  11.961  12.012  12.060  12.068  12.111 
   12.130  12.169  12.232  12.280  12.286  12.295  12.314  12.323 
   12.368  12.395  12.438  12.444  12.492  12.515  12.532  12.558 
   12.571  12.572  12.574  12.581  12.592  12.605  12.648  12.649 
   12.659  12.681  12.685  12.715  12.718  12.727  12.763  12.764 
   12.795  12.796  12.846  12.865  12.875  12.899  12.912  12.950 
   12.984  12.996  13.038  13.049  13.078  13.103  13.147  13.164 
   13.190  13.250  13.286  13.303  13.315  13.341  13.380  13.385 
   13.423  13.444  13.468  13.468  13.504  13.515  13.532  13.557 
   13.597  13.617  13.644  13.664  13.672  13.699  13.699  13.729 
   13.743  13.769  13.786  13.807  13.844  13.875  13.895  13.947 
   13.962  13.985  14.001  14.009  14.016  14.037  14.040  14.046 
   14.084  14.116  14.145  14.170  14.171  14.205  14.223  14.238 
   14.252  14.265  14.270  14.292  14.298  14.314  14.344  14.363 
   14.380  14.391  14.432  14.440  14.469  14.528  14.574  14.610 
   14.630  14.661  14.666  14.722  14.744  14.754  14.764  14.827 
   14.839  14.858  14.913  14.938  14.982  14.988  15.020  15.076 
   15.092  15.097  15.180  15.213  15.223  15.246  15.302  15.318 
   15.368  15.372  15.480  15.484  15.513  15.551  15.574  15.645 
   15.709  15.763  15.794  15.821  15.839  15.875  15.941  15.947 
   16.014  16.061  16.084  16.102  16.238  16.252  16.275  16.344 
   16.393  16.416  16.446  16.513  16.553  16.561  16.640  16.749 
   16.796  17.126  17.154  17.257  17.289  17.400  17.406  17.452 
   17.478  17.669  17.684  17.702  17.722  17.782  17.792  17.806 
   17.851  17.885  17.923  17.969  18.052  18.147  18.227  18.254 
   18.305  18.315  18.413  18.587  18.648  18.663  18.793  18.794 
   18.887  18.945  19.043  19.066  19.101  19.219  19.324  19.388 
   19.436  19.518  19.595  19.657  19.663  19.770  19.942  20.046 
   20.160  20.236  20.653  20.779  21.003  21.066  21.095  21.357 
   21.417  22.472  22.933  23.046  23.331  23.580  24.082  25.398 
   25.786  25.993  26.415  27.236  32.614  39.559  40.937  41.181 
   41.994  42.568  52.694  52.930  52.931  53.078  53.355  53.549 
   53.550  53.691  53.806  53.964  54.352  54.417  55.366  55.960 
   56.710  65.030  70.701  99.175  99.181  99.181  99.196  99.213 
   99.213  99.218  99.293  99.301 123.623 124.096 124.693 148.491 
  148.728 148.868 149.410 149.493 153.309 171.412 171.497 171.657 
  171.667 171.730 171.988 171.996 291.636 292.054 292.588 318.545 
  318.545 318.547 318.548 318.549 318.552 318.552 318.557 318.557 
  318.563 318.563 339.171 370.936 370.938 370.939 370.941 370.947 
  370.948 370.950 370.974 370.977 381.365 381.555 381.665 382.095 
  382.154 526.701 526.749 526.843 526.849 526.882 527.027 527.039 
  751.192 751.550 752.014 821.818 972.787 972.939 973.022 973.362 
  973.407 2436.271 2436.596 2437.019 3191.059 

Beta occupied
  -20.808 -18.378 -11.562 -11.556 -11.550 -11.461 -11.453  -1.661 
   -1.624  -1.333  -1.291  -1.150  -1.097  -0.997  -0.977  -0.931 
   -0.924  -0.875  -0.843  -0.811  -0.793  -0.771  -0.745  -0.629 
   -0.583 

Beta virtual
   -0.141  -0.085  -0.062  -0.046  -0.035  -0.009  -0.002   0.003 
    0.014   0.032   0.048   0.058   0.074   0.078   0.090   0.095 
    0.108   0.119   0.141   0.154   0.160   0.167   0.183   0.197 
    0.206   0.207   0.223   0.230   0.236   0.238   0.241   0.250 
    0.260   0.269   0.298   0.316   0.320   0.327   0.330   0.339 
    0.341   0.356   0.358   0.379   0.389   0.397   0.408   0.414 
    0.419   0.463   0.471   0.484   0.487   0.497   0.511   0.524 
    0.528   0.549   0.551   0.580   0.593   0.602   0.612   0.631 
    0.641   0.642   0.645   0.679   0.681   0.697   0.739   0.741 
    0.743   0.751   0.764   0.772   0.774   0.777   0.794   0.808 
    0.820   0.822   0.828   0.847   0.851   0.856   0.873   0.884 
    0.890   0.918   0.931   0.938   0.945   0.952   0.971   0.983 
    1.007   1.030   1.037   1.040   1.046   1.050   1.054   1.058 
    1.082   1.104   1.132   1.144   1.155   1.175   1.207   1.219 
    1.219   1.228   1.261   1.266   1.291   1.300   1.308   1.309 
    1.320   1.344   1.360   1.375   1.381   1.397   1.415   1.415 
    1.422   1.431   1.437   1.446   1.459   1.480   1.491   1.502 
    1.511   1.525   1.540   1.542   1.562   1.575   1.594   1.615 
    1.640   1.659   1.661   1.683   1.685   1.692   1.700   1.715 
    1.719   1.727   1.751   1.755   1.776   1.795   1.829   1.839 
    1.849   1.865   1.869   1.883   1.889   1.899   1.909   1.914 
    1.934   1.944   1.946   1.953   1.960   1.977   2.003   2.022 
    2.028   2.036   2.048   2.066   2.082   2.094   2.102   2.124 
    2.135   2.149   2.159   2.160   2.168   2.177   2.208   2.227 
    2.251   2.254   2.287   2.293   2.308   2.315   2.350   2.352 
    2.359   2.372   2.392   2.395   2.422   2.426   2.433   2.472 
    2.517   2.523   2.535   2.560   2.568   2.580   2.613   2.653 
    2.672   2.699   2.705   2.736   2.742   2.751   2.794   2.806 
    2.838   2.853   2.869   2.883   2.884   2.886   2.916   2.921 
    2.942   2.962   2.975   2.987   3.000   3.008   3.017   3.031 
    3.048   3.080   3.091   3.104   3.130   3.165   3.168   3.170 
    3.188   3.193   3.216   3.216   3.267   3.268   3.286   3.303 
    3.321   3.322   3.344   3.393   3.398   3.412   3.424   3.446 
    3.453   3.466   3.479   3.491   3.510   3.518   3.540   3.541 
    3.547   3.570   3.581   3.615   3.623   3.640   3.644   3.656 
    3.659   3.697   3.718   3.724   3.741   3.755   3.782   3.792 
    3.811   3.817   3.835   3.862   3.871   3.888   3.895   3.902 
    3.914   3.921   3.966   3.974   3.988   4.013   4.017   4.052 
    4.056   4.058   4.066   4.072   4.097   4.108   4.114   4.130 
    4.137   4.161   4.173   4.217   4.220   4.221   4.239   4.251 
    4.275   4.283   4.286   4.338   4.342   4.366   4.394   4.424 
    4.436   4.442   4.447   4.453   4.467   4.482   4.496   4.511 
    4.550   4.553   4.582   4.584   4.621   4.623   4.636   4.644 
    4.668   4.671   4.679   4.706   4.733   4.744   4.756   4.760 
    4.762   4.788   4.821   4.822   4.857   4.873   4.879   4.886 
    4.905   4.921   4.926   4.935   4.965   4.969   4.991   4.999 
    5.023   5.031   5.040   5.050   5.072   5.099   5.112   5.135 
    5.143   5.155   5.180   5.202   5.205   5.220   5.257   5.276 
    5.295   5.321   5.328   5.339   5.366   5.367   5.404   5.425 
    5.443   5.465   5.472   5.494   5.509   5.523   5.563   5.596 
    5.616   5.617   5.647   5.649   5.677   5.683   5.693   5.726 
    5.731   5.754   5.778   5.786   5.828   5.859   5.859   5.884 
    5.915   5.934   5.994   6.015   6.022   6.069   6.097   6.101 
    6.169   6.169   6.183   6.199   6.207   6.225   6.265   6.290 
    6.335   6.343   6.360   6.400   6.448   6.453   6.471   6.525 
    6.526   6.543   6.565   6.601   6.641   6.655   6.696   6.712 
    6.752   6.773   6.823   6.827   6.838   6.887   6.938   6.940 
    6.956   6.974   6.995   7.050   7.099   7.110   7.126   7.162 
    7.209   7.237   7.244   7.269   7.308   7.354   7.360   7.387 
    7.392   7.474   7.479   7.506   7.551   7.557   7.621   7.630 
    7.644   7.667   7.713   7.737   7.750   7.780   7.803   7.837 
    7.850   7.850   7.885   7.921   7.975   8.012   8.022   8.027 
    8.069   8.096   8.104   8.108   8.159   8.195   8.218   8.225 
    8.263   8.266   8.294   8.324   8.367   8.392   8.416   8.439 
    8.497   8.504   8.526   8.548   8.609   8.616   8.658   8.675 
    8.703   8.735   8.746   8.761   8.764   8.785   8.807   8.855 
    8.866   8.879   8.900   8.935   8.941   8.972   8.995   8.996 
    9.064   9.083   9.151   9.156   9.184   9.208   9.226   9.238 
    9.283   9.303   9.360   9.374   9.393   9.399   9.429   9.454 
    9.484   9.528   9.559   9.643   9.648   9.715   9.725   9.746 
    9.763   9.773   9.792   9.818   9.832   9.860   9.869   9.912 
    9.965   9.995  10.007  10.013  10.017  10.032  10.054  10.057 
   10.071  10.094  10.111  10.134  10.154  10.165  10.214  10.232 
   10.259  10.268  10.282  10.288  10.318  10.344  10.377  10.396 
   10.407  10.411  10.444  10.487  10.536  10.570  10.584  10.666 
   10.686  10.714  10.721  10.766  10.770  10.816  10.822  10.867 
   10.869  10.872  10.895  10.908  10.943  10.945  10.963  10.971 
   10.998  11.021  11.050  11.058  11.078  11.113  11.134  11.156 
   11.196  11.221  11.229  11.255  11.289  11.314  11.356  11.382 
   11.400  11.419  11.455  11.462  11.481  11.495  11.519  11.543 
   11.693  11.740  11.751  11.773  11.816  11.859  11.872  11.902 
   11.931  11.937  11.958  12.005  12.058  12.059  12.105  12.130 
   12.158  12.169  12.276  12.277  12.285  12.314  12.323  12.365 
   12.391  12.438  12.443  12.485  12.507  12.532  12.558  12.568 
   12.571  12.574  12.580  12.581  12.602  12.644  12.647  12.659 
   12.680  12.680  12.709  12.717  12.727  12.759  12.763  12.790 
   12.796  12.829  12.846  12.875  12.893  12.902  12.950  12.983 
   12.996  13.038  13.043  13.078  13.086  13.145  13.155  13.185 
   13.238  13.285  13.299  13.304  13.339  13.379  13.385  13.410 
   13.441  13.466  13.467  13.504  13.512  13.531  13.552  13.591 
   13.614  13.643  13.664  13.671  13.696  13.698  13.728  13.743 
   13.768  13.785  13.807  13.841  13.875  13.894  13.945  13.962 
   13.980  14.001  14.007  14.016  14.036  14.040  14.046  14.083 
   14.114  14.145  14.163  14.169  14.205  14.218  14.233  14.251 
   14.265  14.268  14.291  14.296  14.304  14.342  14.363  14.379 
   14.391  14.394  14.438  14.462  14.508  14.519  14.590  14.629 
   14.657  14.664  14.715  14.735  14.742  14.755  14.822  14.838 
   14.856  14.913  14.936  14.980  14.983  15.018  15.071  15.087 
   15.088  15.175  15.213  15.217  15.243  15.299  15.310  15.366 
   15.370  15.479  15.482  15.511  15.547  15.571  15.644  15.708 
   15.762  15.787  15.821  15.837  15.874  15.940  15.945  16.008 
   16.061  16.084  16.101  16.232  16.250  16.270  16.342  16.386 
   16.397  16.422  16.510  16.552  16.562  16.639  16.750  16.792 
   17.119  17.154  17.255  17.289  17.396  17.405  17.452  17.469 
   17.668  17.682  17.703  17.712  17.756  17.776  17.793  17.849 
   17.882  17.923  17.966  18.048  18.146  18.227  18.252  18.252 
   18.292  18.413  18.584  18.610  18.655  18.790  18.794  18.886 
   18.942  19.042  19.066  19.101  19.220  19.323  19.388  19.435 
   19.518  19.594  19.645  19.658  19.739  19.893  20.046  20.161 
   20.236  20.653  20.779  21.003  21.065  21.095  21.357  21.418 
   22.473  22.933  23.047  23.332  23.581  24.082  25.398  25.568 
   25.993  26.205  27.034  32.313  39.559  40.937  41.182  41.995 
   42.568  52.551  52.794  52.824  52.996  53.264  53.428  53.467 
   53.594  53.683  53.876  54.232  54.287  55.074  55.680  56.436 
   65.031  70.344  99.115  99.121  99.121  99.136  99.154  99.154 
   99.159  99.235  99.243 123.286 123.761 124.360 148.259 148.497 
  148.637 149.180 149.264 152.951 171.264 171.348 171.509 171.519 
  171.582 171.841 171.849 291.312 291.730 292.265 318.468 318.468 
  318.470 318.471 318.472 318.475 318.475 318.479 318.479 318.485 
  318.485 338.851 370.811 370.813 370.814 370.816 370.823 370.824 
  370.825 370.849 370.852 381.135 381.326 381.435 381.866 381.926 
  526.520 526.567 526.661 526.668 526.701 526.846 526.858 750.937 
  751.296 751.760 821.562 972.599 972.751 972.833 973.173 973.218 
  2436.121 2436.447 2436.869 3190.919 


  >>> Running UHF-MP2 <<<

MP2 correlation energy (UHF) : -1.5495045377
MP2 total energy       (UHF) : -308.4135407362

