	*********************************************** 
	***** Beginning CEBE Calculation with MOM ***** 
	*****       Calculation Details:          ***** 
	      Geometry:	 /home/am3939/core/calculations/mols/exp/c/c-h3cn.xyz
	      Core Basis:	 pcX-4
	      Full Basis:	 pc-4
	      DIIS (start, space):	 0 50
	      Level shift:	 0
	      Do localization?:	 False
	      Do SFX2C1E?:	 True
	      Freeze orbitals?:	 True
	      Use Cheng orbitals?:	 False
	      Do Special Basis?:	 True
	      Do Special Basis?:	 pcX-4
	*********************************************** 
	*********************************************** 

  >>> Running RHF <<<

init D/C      : minao
init ov       : zeros
no            : 11
nv            : 549
ov_size       : 6039
max_cycle     : 1000
conv          : 6
econv         : 9
method        : gdm
scale_stop    : 0
scale_factor  : 1.000000
init E        : -131.725412129329
init |[F,P]|  : 7.20e-03
init |dE|     : 1.41e-02
check file    : None

iter      total energy   |[F,P]|      |dE|         ∆E   comment
   1    -131.769619983  5.61e-03  1.28e-02  -4.42e-02  BFGS
   2    -131.820660889  9.26e-04  1.74e-03  -5.10e-02  BFGS
   3    -131.822065817  2.27e-04  4.56e-04  -1.40e-03  BFGS
   4    -131.822220643  6.10e-05  1.38e-04  -1.55e-04  BFGS
   5    -131.822232280  1.75e-05  3.68e-05  -1.16e-05  BFGS
   6    -131.822233427  6.27e-06  1.35e-05  -1.15e-06  BFGS
   7    -131.822233647  3.17e-06  6.99e-06  -2.20e-07  BFGS
   8    -131.822233702  1.69e-06  3.43e-06  -5.51e-08  BFGS
   9    -131.822233715  5.66e-07  1.22e-06  -1.26e-08  BFGS
  10    -131.822233716  2.06e-07  4.71e-07  -1.42e-09  BFGS
  11    -131.822233716  8.60e-08  1.80e-07  -1.94e-10  BFGS
                                                                      gdm is converged!

SCF converged : True
final |[F,P]| : 8.60e-08
final |dE|    : 1.80e-07
final Escf    : -190.58554837497
final Etot    : -131.822233716388

  pxp & ewc             :::        0.432 (  0.21%)
  apply B               :::        0.002 (  0.00%)
  linsrch               :::      206.483 ( 99.78%)
  grad                  :::        0.016 (  0.01%)
  Total                 :::      206.932 (100.00%)

Alpha occupied
  -15.569 -11.292 -11.283  -1.222  -1.119  -0.775  -0.663  -0.562 
   -0.519  -0.466  -0.409 

Alpha virtual
    0.026   0.066   0.068   0.077   0.102   0.111   0.113   0.117 
    0.119   0.165   0.167   0.175   0.186   0.211   0.218   0.221 
    0.259   0.264   0.284   0.297   0.310   0.317   0.354   0.356 
    0.367   0.368   0.373   0.406   0.410   0.415   0.453   0.469 
    0.470   0.473   0.508   0.527   0.539   0.546   0.583   0.593 
    0.595   0.614   0.620   0.631   0.659   0.671   0.678   0.680 
    0.702   0.717   0.751   0.761   0.768   0.801   0.834   0.874 
    0.875   0.882   0.889   0.910   0.912   0.975   0.978   0.993 
    1.050   1.090   1.103   1.114   1.128   1.182   1.191   1.225 
    1.242   1.256   1.287   1.300   1.310   1.327   1.341   1.358 
    1.366   1.373   1.414   1.422   1.446   1.457   1.477   1.498 
    1.534   1.539   1.570   1.572   1.603   1.625   1.646   1.653 
    1.682   1.696   1.737   1.783   1.783   1.819   1.867   1.890 
    1.937   1.953   1.955   1.974   2.001   2.026   2.050   2.071 
    2.086   2.095   2.112   2.184   2.201   2.219   2.242   2.261 
    2.332   2.348   2.400   2.403   2.407   2.443   2.491   2.502 
    2.527   2.541   2.573   2.587   2.589   2.699   2.708   2.718 
    2.790   2.848   2.854   2.883   2.954   3.043   3.058   3.099 
    3.143   3.219   3.219   3.261   3.261   3.287   3.309   3.312 
    3.392   3.409   3.493   3.562   3.568   3.625   3.632   3.680 
    3.711   3.716   3.762   3.766   3.792   3.821   3.880   3.903 
    3.912   3.984   4.010   4.055   4.070   4.150   4.170   4.217 
    4.244   4.255   4.271   4.300   4.302   4.391   4.395   4.429 
    4.442   4.485   4.518   4.527   4.553   4.591   4.607   4.637 
    4.669   4.684   4.702   4.735   4.787   4.810   4.832   4.863 
    4.889   4.911   4.951   4.953   4.978   4.997   5.014   5.073 
    5.105   5.142   5.179   5.209   5.247   5.291   5.317   5.386 
    5.431   5.446   5.449   5.485   5.490   5.556   5.645   5.686 
    5.709   5.740   5.779   5.800   5.864   5.893   5.992   6.020 
    6.030   6.058   6.108   6.169   6.224   6.280   6.306   6.398 
    6.467   6.520   6.602   6.613   6.627   6.682   6.758   6.794 
    6.857   6.863   6.886   6.926   6.966   6.998   7.007   7.078 
    7.122   7.131   7.215   7.224   7.277   7.282   7.344   7.438 
    7.478   7.585   7.819   7.876   7.942   7.946   7.994   8.196 
    8.221   8.261   8.477   8.725   8.960   9.028   9.094   9.133 
    9.144   9.202   9.206   9.256   9.289   9.345   9.406   9.468 
    9.499   9.507   9.583   9.630   9.737   9.880   9.892   9.989 
   10.010  10.012  10.186  10.277  10.598  10.665  10.697  10.707 
   10.805  10.833  10.944  10.991  10.994  11.031  11.085  11.135 
   11.142  11.184  11.205  11.234  11.239  11.283  11.294  11.377 
   11.417  11.467  11.487  11.519  11.536  11.590  11.615  11.715 
   11.747  11.749  11.843  11.868  11.932  11.961  11.976  11.988 
   11.988  12.042  12.070  12.132  12.186  12.236  12.247  12.281 
   12.309  12.327  12.340  12.376  12.377  12.445  12.498  12.511 
   12.574  12.576  12.611  12.644  12.749  12.751  12.780  12.785 
   12.852  12.930  12.947  13.024  13.061  13.250  13.278  13.304 
   13.322  13.365  13.411  13.419  13.507  13.517  13.602  13.660 
   13.735  13.767  13.787  13.829  13.882  13.920  14.057  14.060 
   14.096  14.107  14.170  14.288  14.340  14.428  14.552  14.660 
   14.786  14.920  14.922  14.922  14.962  15.027  15.208  15.215 
   15.231  15.261  15.265  15.473  15.559  15.565  15.613  15.668 
   15.758  15.767  15.924  15.929  15.940  16.025  16.034  16.102 
   16.205  16.380  16.418  16.629  16.836  16.858  17.076  17.077 
   17.198  17.378  17.387  17.541  17.562  17.583  17.611  17.834 
   18.108  18.310  18.334  18.362  18.422  18.531  18.723  18.793 
   18.911  19.021  19.229  19.310  19.348  19.541  19.725  19.826 
   19.921  19.987  20.293  20.324  20.505  20.779  20.880  20.941 
   21.373  21.387  21.714  22.081  22.142  22.632  24.202  24.214 
   24.469  25.051  25.101  25.376  26.001  26.099  26.346  26.434 
   27.428  27.440  29.161  29.761  30.576  32.821  32.827  33.388 
   33.788  34.040  34.195  34.336  34.609  34.827  35.826  36.348 
   36.390  36.919  37.417  37.864  39.376  42.011  42.087  42.536 
   48.887  48.891  49.376  49.399  50.357  62.595  63.102  91.842 
   91.868  92.000  92.169  92.663  93.071  93.232  93.330  93.363 
   94.747  94.788  94.910  95.269  95.675  96.944 108.070 136.768 
  137.235 288.931 288.966 289.040 289.334 289.643 290.690 311.094 
  311.538 739.482 739.918 1137.963 1137.990 1138.034 1138.244 1138.470 
  1139.213 1851.318 1851.733 4946.765 4947.157 14408.114 14408.483 47393.513 
  47393.854 188468.284 188468.591 1077044.338 1077044.599 


  >>> Running RHF-MP2 <<<


RMP2-TIMING
  rmp2                  :::      122.806 (100.00%)
  Total                 :::      122.806 (100.00%)

MP2 correlation energy (RHF) : -0.7243348689
MP2 total energy       (RHF) : -132.5465685853


  >>> Running UHF <<<

init D/C      : input mo_coeff
init ov       : zeros
no            : 10 11
nv            : 550 549
ov_size       : 11539
max_cycle     : 1000
conv          : 6
econv         : 9
method        : diis
mom_start     : 0
guess mix     : 0.000000
orb_swap      : [[[1, 10]], []]
init E        : -120.529932763461
init S2       : 0.750000000000123
init |[F,P]|  : 1.74e-02
init |dE|     : 3.85e-02
check file    : None

iter      total energy   |[F,P]|      |dE|         ∆E   S^2   comment
   1    -120.866799294  1.02e-02  1.97e-02  -3.37e-01  0.75  DIIS mom: 9.7/10 10.7/11
   2    -121.055625695  1.40e-03  3.29e-03  -1.89e-01  0.76  DIIS mom: 9.9/10 10.9/11
   3    -121.059987202  8.49e-04  1.99e-03  -4.36e-03  0.76  DIIS mom: 10.0/10 11.0/11
   4    -121.062430465  2.30e-04  4.22e-04  -2.44e-03  0.76  DIIS mom: 10.0/10 11.0/11
   5    -121.062781514  1.20e-04  2.08e-04  -3.51e-04  0.77  DIIS mom: 10.0/10 11.0/11
   6    -121.062924511  5.10e-05  9.19e-05  -1.43e-04  0.77  DIIS mom: 10.0/10 11.0/11
   7    -121.062961490  3.01e-05  6.10e-05  -3.70e-05  0.78  DIIS mom: 10.0/10 11.0/11
   8    -121.062978536  2.73e-05  5.68e-05  -1.70e-05  0.78  DIIS mom: 10.0/10 11.0/11
   9    -121.062998565  2.63e-05  5.49e-05  -2.00e-05  0.78  DIIS mom: 10.0/10 11.0/11
  10    -121.063041417  2.47e-05  5.15e-05  -4.29e-05  0.78  DIIS mom: 10.0/10 11.0/11
  11    -121.063162015  1.97e-05  4.08e-05  -1.21e-04  0.79  DIIS mom: 10.0/10 11.0/11
  12    -121.063260967  1.21e-05  2.53e-05  -9.90e-05  0.81  DIIS mom: 10.0/10 11.0/11
  13    -121.063277614  8.22e-06  1.75e-05  -1.66e-05  0.82  DIIS mom: 10.0/10 11.0/11
  14    -121.063284385  6.13e-06  1.31e-05  -6.77e-06  0.82  DIIS mom: 10.0/10 11.0/11
  15    -121.063285916  3.75e-06  7.73e-06  -1.53e-06  0.82  DIIS mom: 10.0/10 11.0/11
  16    -121.063287193  1.51e-06  3.25e-06  -1.28e-06  0.83  DIIS mom: 10.0/10 11.0/11
  17    -121.063287252  6.00e-07  1.33e-06  -5.90e-08  0.83  DIIS mom: 10.0/10 11.0/11
  18    -121.063287289  1.92e-07  4.32e-07  -3.69e-08  0.83  DIIS mom: 10.0/10 11.0/11
  19    -121.063287291  8.37e-08  2.01e-07  -1.64e-09  0.83  DIIS mom: 10.0/10 11.0/11
  20    -121.063287291  3.73e-08  8.93e-08  -3.46e-10  0.83  DIIS mom: 10.0/10 11.0/11
                                                                      diis is converged!

SCF converged : True
final |[F,P]| : 3.73e-08
final |dE|    : 8.93e-08
final Escf    : -179.826601949742
final Etot    : -121.06328729116
final S2      : 0.828268138926733

  diis prep             :::        0.235 (  0.06%)
  diis extrap           :::        0.253 (  0.06%)
  roothaan              :::        1.606 (  0.38%)
  fock build            :::      418.535 ( 99.50%)
  Total                 :::      420.629 (100.00%)

Alpha occupied
  -15.830 -11.563  -1.539  -1.445  -1.139  -1.053  -0.885  -0.791 
   -0.715  -0.701 

Alpha virtual
  -10.201  -0.180  -0.121  -0.114  -0.089  -0.065  -0.063  -0.049 
   -0.033  -0.027  -0.021  -0.018  -0.011   0.014   0.023   0.026 
    0.048   0.078   0.095   0.097   0.102   0.121   0.129   0.155 
    0.170   0.179   0.181   0.187   0.215   0.221   0.234   0.239 
    0.247   0.256   0.271   0.301   0.325   0.328   0.330   0.377 
    0.400   0.407   0.410   0.416   0.445   0.469   0.485   0.495 
    0.501   0.505   0.517   0.539   0.559   0.573   0.625   0.636 
    0.637   0.645   0.662   0.689   0.699   0.703   0.715   0.744 
    0.753   0.803   0.838   0.856   0.858   0.899   0.940   0.953 
    0.963   0.994   1.012   1.050   1.058   1.070   1.081   1.097 
    1.117   1.118   1.138   1.165   1.184   1.201   1.215   1.259 
    1.261   1.291   1.300   1.336   1.339   1.368   1.375   1.410 
    1.416   1.456   1.458   1.494   1.534   1.544   1.566   1.629 
    1.653   1.692   1.695   1.700   1.735   1.771   1.781   1.799 
    1.808   1.838   1.851   1.872   1.916   1.928   1.945   1.959 
    2.006   2.053   2.083   2.127   2.136   2.157   2.190   2.232 
    2.236   2.249   2.284   2.307   2.337   2.350   2.400   2.423 
    2.454   2.523   2.555   2.580   2.598   2.676   2.727   2.763 
    2.815   2.853   2.912   2.954   2.976   2.993   3.004   3.039 
    3.065   3.111   3.122   3.211   3.263   3.272   3.339   3.360 
    3.383   3.455   3.467   3.474   3.481   3.513   3.536   3.582 
    3.612   3.636   3.665   3.692   3.756   3.771   3.845   3.862 
    3.941   3.952   3.980   4.001   4.014   4.033   4.095   4.123 
    4.154   4.161   4.197   4.237   4.246   4.274   4.299   4.321 
    4.357   4.378   4.402   4.414   4.445   4.483   4.527   4.533 
    4.583   4.615   4.625   4.658   4.660   4.690   4.729   4.759 
    4.781   4.811   4.836   4.881   4.902   4.944   4.998   5.034 
    5.068   5.137   5.146   5.150   5.231   5.249   5.258   5.331 
    5.343   5.405   5.429   5.487   5.496   5.551   5.594   5.664 
    5.701   5.724   5.762   5.770   5.883   5.937   5.972   6.019 
    6.100   6.194   6.201   6.298   6.304   6.328   6.382   6.463 
    6.480   6.515   6.546   6.585   6.594   6.638   6.662   6.678 
    6.771   6.799   6.822   6.934   6.971   6.978   6.984   7.038 
    7.154   7.220   7.316   7.480   7.554   7.648   7.684   7.685 
    7.872   7.903   7.962   8.134   8.463   8.638   8.686   8.780 
    8.813   8.818   8.880   8.918   8.924   8.958   8.997   9.061 
    9.119   9.151   9.155   9.241   9.283   9.381   9.521   9.542 
    9.653   9.725   9.757   9.841   9.945  10.224  10.371  10.397 
   10.436  10.481  10.534  10.653  10.694  10.697  10.719  10.745 
   10.817  10.843  10.883  10.885  10.929  10.931  10.973  10.974 
   11.038  11.070  11.091  11.108  11.175  11.228  11.247  11.266 
   11.348  11.488  11.501  11.501  11.581  11.624  11.659  11.687 
   11.697  11.738  11.743  11.743  11.792  11.822  11.834  11.896 
   11.914  11.968  12.006  12.018  12.087  12.093  12.119  12.121 
   12.125  12.147  12.228  12.271  12.351  12.388  12.401  12.432 
   12.455  12.493  12.579  12.585  12.673  12.689  12.885  12.933 
   12.958  12.963  13.023  13.047  13.051  13.155  13.185  13.269 
   13.339  13.378  13.431  13.447  13.475  13.535  13.569  13.688 
   13.715  13.743  13.747  13.811  13.925  13.956  14.064  14.213 
   14.230  14.427  14.483  14.609  14.645  14.672  14.673  14.834 
   14.915  14.922  14.972  14.972  15.048  15.097  15.167  15.266 
   15.317  15.374  15.408  15.635  15.649  15.681  15.683  15.728 
   15.773  15.846  16.112  16.143  16.341  16.562  16.589  16.716 
   16.722  16.827  17.011  17.021  17.199  17.227  17.308  17.308 
   17.476  17.733  17.931  18.014  18.058  18.099  18.132  18.294 
   18.414  18.550  18.659  18.861  19.031  19.069  19.213  19.367 
   19.460  19.546  19.614  19.929  19.959  20.130  20.367  20.508 
   20.574  20.998  21.016  21.341  21.774  21.777  22.260  23.826 
   23.840  24.092  24.673  24.838  24.999  25.619  25.718  25.957 
   26.038  27.168  27.179  28.829  28.942  30.294  32.237  32.551 
   32.559  32.733  33.185  33.364  33.642  33.831  33.870  35.191 
   36.047  36.052  36.192  36.261  36.711  39.027  41.622  41.698 
   42.143  48.624  48.627  49.114  49.136  50.094  61.231  62.803 
   91.447  91.473  91.600  91.772  92.268  92.649  92.828  92.934 
   92.965  93.016  93.294  93.672  94.505  94.555  96.599 107.806 
  134.756 136.929 286.207 286.408 286.720 288.676 288.710 290.341 
  308.398 311.226 736.191 739.605 1134.392 1134.528 1134.757 1137.697 
  1137.720 1138.871 1847.598 1851.418 4942.781 4946.843 14403.991 14408.169 
  47389.326 47393.543 188464.070 188468.283 1077040.113 1077044.294 

Beta occupied
  -15.840 -13.864 -11.552  -1.596  -1.465  -1.162  -1.086  -0.947 
   -0.807  -0.724  -0.719 

Beta virtual
   -0.193  -0.130  -0.111  -0.090  -0.069  -0.063  -0.053  -0.032 
   -0.026  -0.020  -0.017  -0.014   0.013   0.014   0.020   0.050 
    0.074   0.090   0.093   0.102   0.123   0.130   0.160   0.165 
    0.184   0.186   0.188   0.211   0.214   0.232   0.236   0.241 
    0.255   0.271   0.299   0.320   0.328   0.329   0.375   0.400 
    0.406   0.410   0.418   0.444   0.469   0.486   0.494   0.498 
    0.504   0.517   0.539   0.559   0.573   0.620   0.633   0.637 
    0.653   0.670   0.687   0.701   0.702   0.711   0.744   0.754 
    0.799   0.839   0.842   0.858   0.900   0.941   0.946   0.962 
    0.994   1.013   1.050   1.053   1.072   1.081   1.098   1.114 
    1.118   1.137   1.163   1.185   1.198   1.214   1.258   1.259 
    1.288   1.301   1.334   1.337   1.369   1.373   1.405   1.416 
    1.454   1.456   1.493   1.528   1.542   1.564   1.628   1.649 
    1.691   1.694   1.699   1.733   1.772   1.782   1.803   1.805 
    1.846   1.852   1.872   1.916   1.917   1.945   1.951   2.003 
    2.045   2.080   2.125   2.139   2.152   2.184   2.222   2.236 
    2.247   2.283   2.307   2.337   2.351   2.387   2.418   2.457 
    2.512   2.547   2.582   2.596   2.675   2.702   2.763   2.817 
    2.853   2.912   2.954   2.974   2.988   2.999   3.036   3.050 
    3.109   3.119   3.210   3.264   3.274   3.332   3.361   3.385 
    3.453   3.461   3.472   3.480   3.510   3.531   3.577   3.612 
    3.631   3.655   3.679   3.756   3.772   3.844   3.864   3.945 
    3.951   3.985   4.004   4.020   4.037   4.095   4.122   4.151 
    4.163   4.199   4.238   4.247   4.269   4.300   4.320   4.353 
    4.374   4.402   4.410   4.443   4.473   4.526   4.532   4.579 
    4.618   4.625   4.660   4.663   4.684   4.729   4.757   4.773 
    4.808   4.834   4.879   4.888   4.940   4.995   5.032   5.050 
    5.135   5.143   5.150   5.227   5.242   5.252   5.320   5.321 
    5.394   5.413   5.478   5.494   5.549   5.588   5.642   5.689 
    5.699   5.761   5.767   5.883   5.933   5.972   6.016   6.093 
    6.188   6.194   6.298   6.302   6.327   6.382   6.462   6.468 
    6.504   6.545   6.576   6.584   6.629   6.652   6.671   6.770 
    6.793   6.820   6.916   6.960   6.968   6.975   7.030   7.150 
    7.214   7.308   7.446   7.553   7.620   7.680   7.681   7.857 
    7.897   7.957   8.112   8.460   8.639   8.688   8.780   8.813 
    8.821   8.880   8.918   8.926   8.959   8.997   9.063   9.120 
    9.150   9.157   9.243   9.285   9.381   9.520   9.542   9.652 
    9.717   9.746   9.843   9.944  10.216  10.367  10.408  10.446 
   10.478  10.535  10.653  10.691  10.698  10.716  10.746  10.813 
   10.840  10.878  10.884  10.922  10.927  10.980  10.982  11.035 
   11.065  11.074  11.102  11.174  11.216  11.245  11.259  11.334 
   11.478  11.488  11.488  11.579  11.621  11.657  11.690  11.691 
   11.735  11.735  11.741  11.783  11.798  11.831  11.893  11.909 
   11.966  12.007  12.020  12.052  12.086  12.107  12.118  12.119 
   12.142  12.207  12.275  12.354  12.380  12.384  12.430  12.451 
   12.481  12.574  12.581  12.665  12.678  12.874  12.928  12.942 
   12.961  13.005  13.045  13.046  13.143  13.185  13.267  13.337 
   13.374  13.428  13.439  13.473  13.524  13.564  13.663  13.712 
   13.736  13.742  13.800  13.919  13.935  14.058  14.164  14.220 
   14.425  14.436  14.578  14.643  14.662  14.663  14.823  14.909 
   14.913  14.965  14.965  15.001  15.042  15.149  15.264  15.317 
   15.362  15.399  15.630  15.645  15.676  15.679  15.724  15.763 
   15.840  16.112  16.142  16.342  16.559  16.586  16.717  16.722 
   16.811  16.999  17.023  17.193  17.227  17.297  17.297  17.477 
   17.714  17.901  18.004  18.038  18.093  18.119  18.281  18.409 
   18.551  18.659  18.858  19.029  19.067  19.204  19.367  19.459 
   19.544  19.613  19.929  19.958  20.129  20.344  20.504  20.573 
   20.996  21.016  21.340  21.770  21.775  22.260  23.829  23.843 
   24.094  24.676  24.832  25.000  25.621  25.718  25.957  26.032 
   27.161  27.172  28.612  28.909  30.294  32.106  32.555  32.563 
   32.603  33.033  33.212  33.516  33.822  33.860  35.019  35.968 
   36.002  36.113  36.156  36.478  39.018  41.623  41.699  42.144 
   48.618  48.622  49.110  49.132  50.091  60.923  62.803  91.449 
   91.475  91.599  91.772  92.268  92.611  92.647  92.843  92.922 
   92.968  92.995  93.330  94.505  94.551  96.594 107.804 134.446 
  136.930 285.891 286.090 286.402 288.677 288.710 290.339 308.135 
  311.226 736.003 739.606 1134.210 1134.345 1134.574 1137.697 1137.721 
  1138.871 1847.485 1851.419 4942.722 4946.843 14403.965 14408.169 47389.316 
  47393.543 188464.067 188468.283 1077040.113 1077044.294 


  >>> Running UHF-MP2 <<<

MP2 correlation energy (UHF) : -0.7078656576
MP2 total energy       (UHF) : -121.7711529488

