	*********************************************** 
	***** Beginning CEBE Calculation with MOM ***** 
	*****       Calculation Details:          ***** 
	      Geometry:	 /home/am3939/core/calculations/mols/exp/c/c-h3oh.xyz
	      Core Basis:	 ccX-5Z
	      Full Basis:	 cc-pV5Z
	      DIIS (start, space):	 0 50
	      Level shift:	 0
	      Do localization?:	 False
	      Do SFX2C1E?:	 True
	      Freeze orbitals?:	 True
	      Use Cheng orbitals?:	 False
	      Do Special Basis?:	 True
	      Do Special Basis?:	 ccX-5Z
	*********************************************** 
	*********************************************** 

  >>> Running RHF <<<

init D/C      : minao
init ov       : zeros
no            : 9
nv            : 494
ov_size       : 4446
max_cycle     : 1000
conv          : 6
econv         : 9
method        : gdm
scale_stop    : 0
scale_factor  : 1.000000
init E        : -115.051770526323
init |[F,P]|  : 5.20e-03
init |dE|     : 1.46e-02
check file    : None

iter      total energy   |[F,P]|      |dE|         ∆E   comment
   1    -115.086775763  2.94e-03  8.71e-03  -3.50e-02  BFGS
   2    -115.100563875  3.49e-04  9.13e-04  -1.38e-02  BFGS
   3    -115.100756926  9.85e-05  2.48e-04  -1.93e-04  BFGS
   4    -115.100775456  2.16e-05  5.96e-05  -1.85e-05  BFGS
   5    -115.100776357  5.88e-06  1.57e-05  -9.01e-07  BFGS
   6    -115.100776451  1.22e-06  3.67e-06  -9.42e-08  BFGS
   7    -115.100776456  2.76e-07  8.02e-07  -5.11e-09  BFGS
   8    -115.100776456  7.06e-08  1.94e-07  -3.36e-10  BFGS
                                                                      gdm is converged!

SCF converged : True
final |[F,P]| : 7.06e-08
final |dE|    : 1.94e-07
final Escf    : -155.294219501601
final Etot    : -115.100776456432

  pxp & ewc             :::        0.194 (  0.21%)
  apply B               :::        0.001 (  0.00%)
  linsrch               :::       93.800 ( 99.79%)
  grad                  :::        0.006 (  0.01%)
  Total                 :::       94.002 (100.00%)

Alpha occupied
  -20.553 -11.273  -1.354  -0.924  -0.688  -0.620  -0.596  -0.502 
   -0.450 

Alpha virtual
    0.080   0.086   0.096   0.098   0.168   0.185   0.189   0.278 
    0.285   0.318   0.332   0.345   0.389   0.412   0.433   0.453 
    0.471   0.488   0.527   0.542   0.551   0.568   0.654   0.678 
    0.711   0.740   0.767   0.779   0.801   0.813   0.855   0.899 
    0.922   0.923   0.929   0.946   0.954   0.960   0.978   1.040 
    1.070   1.091   1.208   1.227   1.239   1.285   1.340   1.422 
    1.428   1.450   1.458   1.529   1.565   1.580   1.628   1.660 
    1.678   1.745   1.753   1.780   1.786   1.823   1.844   1.852 
    1.874   1.919   1.919   1.963   2.000   2.019   2.032   2.072 
    2.087   2.105   2.156   2.210   2.232   2.249   2.279   2.311 
    2.313   2.342   2.346   2.355   2.406   2.481   2.482   2.577 
    2.647   2.657   2.668   2.702   2.759   2.771   2.817   2.912 
    3.015   3.046   3.138   3.166   3.185   3.234   3.236   3.315 
    3.344   3.382   3.400   3.424   3.441   3.507   3.672   3.728 
    3.730   3.795   3.829   3.851   3.861   3.901   3.901   3.922 
    3.965   4.033   4.034   4.101   4.113   4.156   4.177   4.215 
    4.245   4.251   4.274   4.314   4.413   4.490   4.514   4.521 
    4.586   4.605   4.658   4.690   4.729   4.733   4.750   4.832 
    4.852   4.853   4.916   4.922   4.938   4.952   5.013   5.063 
    5.069   5.120   5.139   5.146   5.183   5.212   5.291   5.345 
    5.372   5.412   5.438   5.462   5.469   5.518   5.552   5.558 
    5.603   5.623   5.705   5.774   5.806   5.860   5.914   5.944 
    5.962   6.074   6.084   6.108   6.133   6.268   6.307   6.394 
    6.430   6.496   6.573   6.671   6.678   6.785   6.798   6.915 
    7.012   7.049   7.119   7.155   7.190   7.258   7.282   7.337 
    7.416   7.457   7.545   7.576   7.685   7.685   7.751   7.784 
    7.822   7.841   7.914   7.941   8.041   8.143   8.339   8.359 
    8.362   8.423   8.440   8.565   8.615   8.945   9.056   9.251 
    9.256   9.303   9.461   9.545   9.559   9.660   9.753   9.850 
    9.882   9.906  10.015  10.128  10.191  10.204  10.388  10.422 
   10.472  10.497  10.503  10.594  10.690  10.898  11.063  11.174 
   11.186  11.343  11.408  11.455  11.545  11.656  11.785  11.819 
   11.830  12.087  12.401  12.421  12.477  12.521  12.649  12.666 
   12.683  12.706  12.747  12.751  12.758  12.788  12.805  12.835 
   12.844  12.924  12.936  12.955  12.964  12.987  13.027  13.032 
   13.080  13.137  13.183  13.239  13.257  13.349  13.389  13.393 
   13.471  13.490  13.519  13.563  13.567  13.661  13.689  13.755 
   13.769  13.791  13.830  13.841  14.034  14.057  14.077  14.088 
   14.113  14.134  14.169  14.223  14.229  14.292  14.337  14.340 
   14.342  14.397  14.434  14.458  14.483  14.530  14.569  14.593 
   14.694  14.735  14.761  14.783  14.844  14.874  14.928  14.933 
   15.029  15.180  15.362  15.415  15.555  15.594  15.665  15.791 
   15.824  15.851  15.865  15.970  16.000  16.167  16.248  16.393 
   16.404  16.485  16.708  16.760  16.795  16.809  17.038  17.344 
   17.446  17.573  17.591  17.749  17.821  17.881  17.910  17.928 
   17.943  17.997  18.162  18.320  18.361  18.405  18.458  18.550 
   18.597  18.877  18.896  18.911  18.912  19.024  19.050  19.183 
   19.335  19.391  19.395  19.469  19.470  19.678  19.729  19.898 
   19.921  20.219  20.235  20.387  21.048  21.243  21.416  21.471 
   21.823  21.838  22.699  22.956  23.137  23.590  23.894  24.226 
   24.645  25.468  26.274  38.930  38.947  39.558  39.891  39.898 
   40.539  40.592  40.627  40.798  40.816  40.887  41.356  41.822 
   41.839  42.296  52.414  65.092  87.005  87.011  87.046  87.048 
   87.068  87.076  87.159  87.170  87.172  90.109  90.150  90.185 
  107.945 107.958 108.491 108.864 108.868 112.702 130.241 130.253 
  130.261 130.318 130.446 130.450 131.040 210.416 210.459 210.488 
  247.920 251.640 251.640 251.640 251.641 251.641 251.642 251.642 
  251.644 251.644 251.646 251.646 276.710 276.720 277.139 277.445 
  277.450 311.028 311.030 311.043 311.043 311.050 311.053 311.083 
  311.088 311.089 396.416 396.422 396.428 396.460 396.530 396.532 
  396.863 538.360 538.400 538.424 598.938 707.190 707.198 707.525 
  707.770 707.773 1738.874 1738.912 1738.933 2327.437 


  >>> Running RHF-MP2 <<<


RMP2-TIMING
  rmp2                  :::       83.331 (100.00%)
  Total                 :::       83.331 (100.00%)

MP2 correlation energy (RHF) : -0.5631424572
MP2 total energy       (RHF) : -115.6639189137


  >>> Running UHF <<<

init D/C      : input mo_coeff
init ov       : zeros
no            : 8 9
nv            : 495 494
ov_size       : 8406
max_cycle     : 1000
conv          : 6
econv         : 9
method        : diis
mom_start     : 0
guess mix     : 0.000000
orb_swap      : [[[1, 8]], []]
init E        : -103.827778495618
init S2       : 0.750000000000004
init |[F,P]|  : 1.77e-02
init |dE|     : 4.49e-02
check file    : None

iter      total energy   |[F,P]|      |dE|         ∆E   S^2   comment
   1    -104.179542954  9.88e-03  2.32e-02  -3.52e-01  0.75  DIIS mom: 7.7/8 8.7/9
   2    -104.354639465  1.11e-03  3.02e-03  -1.75e-01  0.76  DIIS mom: 8.0/8 9.0/9
   3    -104.358159859  4.46e-04  1.32e-03  -3.52e-03  0.76  DIIS mom: 8.0/8 9.0/9
   4    -104.359050636  2.58e-04  5.86e-04  -8.91e-04  0.77  DIIS mom: 8.0/8 9.0/9
   5    -104.359767966  1.40e-04  3.20e-04  -7.17e-04  0.78  DIIS mom: 8.0/8 9.0/9
   6    -104.360099628  5.04e-05  1.28e-04  -3.32e-04  0.79  DIIS mom: 8.0/8 9.0/9
   7    -104.360146431  2.15e-05  5.54e-05  -4.68e-05  0.80  DIIS mom: 8.0/8 9.0/9
   8    -104.360154330  1.05e-05  2.63e-05  -7.90e-06  0.80  DIIS mom: 8.0/8 9.0/9
   9    -104.360156413  3.51e-06  8.60e-06  -2.08e-06  0.80  DIIS mom: 8.0/8 9.0/9
  10    -104.360156601  7.54e-07  1.96e-06  -1.88e-07  0.80  DIIS mom: 8.0/8 9.0/9
  11    -104.360156608  1.86e-07  4.76e-07  -7.02e-09  0.80  DIIS mom: 8.0/8 9.0/9
  12    -104.360156609  4.47e-08  1.13e-07  -3.77e-10  0.80  DIIS mom: 8.0/8 9.0/9
                                                                      diis is converged!

SCF converged : True
final |[F,P]| : 4.47e-08
final |dE|    : 1.13e-07
final Escf    : -144.553599653885
final Etot    : -104.360156608717
final S2      : 0.798777525780883

  diis prep             :::        0.079 (  0.05%)
  diis extrap           :::        0.069 (  0.04%)
  roothaan              :::        0.582 (  0.37%)
  fock build            :::      155.681 ( 99.53%)
  Total                 :::      156.411 (100.00%)

Alpha occupied
  -20.879  -1.679  -1.313  -1.034  -1.003  -0.966  -0.840  -0.776 

Alpha virtual
  -10.175  -0.120  -0.100  -0.080  -0.077  -0.029  -0.020  -0.007 
    0.040   0.086   0.109   0.116   0.120   0.142   0.155   0.188 
    0.197   0.216   0.251   0.271   0.302   0.312   0.334   0.409 
    0.428   0.475   0.513   0.531   0.537   0.558   0.566   0.576 
    0.629   0.642   0.656   0.679   0.686   0.711   0.719   0.724 
    0.805   0.822   0.852   0.948   0.974   0.981   1.033   1.081 
    1.157   1.165   1.173   1.177   1.248   1.292   1.314   1.340 
    1.372   1.404   1.465   1.468   1.507   1.507   1.525   1.550 
    1.563   1.585   1.620   1.630   1.679   1.718   1.743   1.756 
    1.796   1.816   1.823   1.890   1.933   1.936   1.967   1.996 
    2.035   2.046   2.057   2.071   2.089   2.125   2.199   2.201 
    2.286   2.340   2.359   2.371   2.411   2.471   2.481   2.532 
    2.603   2.715   2.760   2.828   2.860   2.898   2.927   2.947 
    3.020   3.047   3.071   3.112   3.122   3.131   3.196   3.379 
    3.416   3.419   3.484   3.505   3.551   3.554   3.579   3.592 
    3.608   3.651   3.716   3.719   3.775   3.792   3.840   3.855 
    3.898   3.928   3.935   3.942   4.001   4.103   4.171   4.221 
    4.238   4.285   4.290   4.344   4.383   4.427   4.431   4.460 
    4.519   4.542   4.549   4.605   4.625   4.641   4.657   4.708 
    4.729   4.763   4.780   4.784   4.814   4.885   4.901   4.991 
    5.048   5.049   5.098   5.109   5.136   5.147   5.195   5.234 
    5.243   5.277   5.309   5.393   5.453   5.492   5.531   5.580 
    5.643   5.652   5.726   5.750   5.762   5.783   5.935   5.961 
    6.070   6.105   6.194   6.256   6.363   6.374   6.481   6.498 
    6.583   6.682   6.736   6.800   6.818   6.843   6.909   6.955 
    7.027   7.101   7.142   7.215   7.237   7.351   7.386   7.431 
    7.432   7.512   7.512   7.594   7.613   7.732   7.824   8.000 
    8.033   8.068   8.072   8.098   8.246   8.283   8.615   8.723 
    8.763   8.772   8.897   9.104   9.209   9.225   9.327   9.433 
    9.517   9.534   9.586   9.668   9.779   9.833   9.851  10.015 
   10.055  10.106  10.128  10.134  10.219  10.259  10.528  10.698 
   10.758  10.769  10.960  11.041  11.085  11.114  11.262  11.383 
   11.412  11.423  11.728  11.888  11.908  12.185  12.231  12.300 
   12.354  12.367  12.385  12.393  12.400  12.413  12.450  12.480 
   12.510  12.514  12.567  12.568  12.606  12.612  12.633  12.690 
   12.691  12.747  12.800  12.820  12.825  12.900  12.950  12.995 
   13.023  13.088  13.097  13.155  13.197  13.201  13.329  13.340 
   13.411  13.456  13.465  13.537  13.551  13.676  13.697  13.712 
   13.728  13.756  13.769  13.840  13.858  13.929  13.936  13.966 
   13.988  13.996  14.029  14.061  14.128  14.129  14.218  14.228 
   14.233  14.338  14.375  14.400  14.433  14.473  14.541  14.570 
   14.592  14.680  14.838  14.991  15.067  15.193  15.210  15.286 
   15.440  15.462  15.489  15.491  15.634  15.707  15.829  15.910 
   16.032  16.058  16.156  16.375  16.385  16.427  16.479  16.749 
   17.041  17.070  17.194  17.213  17.416  17.449  17.492  17.518 
   17.617  17.644  17.668  17.807  17.923  17.954  18.000  18.062 
   18.161  18.220  18.478  18.520  18.580  18.589  18.677  18.727 
   18.759  18.774  18.830  18.936  19.064  19.157  19.360  19.404 
   19.538  19.572  19.878  19.899  20.084  20.695  20.890  20.978 
   21.156  21.332  21.346  22.392  22.635  22.820  23.254  23.597 
   23.769  23.989  25.167  25.973  37.705  37.722  38.342  38.685 
   38.692  39.434  39.479  39.511  39.712  39.732  39.810  40.232 
   40.708  40.726  41.224  51.154  64.774  85.595  85.601  85.636 
   85.638  85.658  85.668  85.750  85.761  85.763  88.371  88.413 
   88.448 106.039 106.052 106.587 106.962 106.966 110.849 128.327 
  128.340 128.347 128.406 128.534 128.537 129.130 207.953 207.997 
  208.026 245.383 249.584 249.584 249.585 249.586 249.586 249.587 
  249.588 249.590 249.590 249.594 249.594 274.104 274.114 274.533 
  274.842 274.846 308.586 308.588 308.601 308.601 308.608 308.612 
  308.641 308.647 308.648 393.596 393.603 393.608 393.641 393.710 
  393.712 394.044 535.170 535.211 535.235 595.696 703.910 703.917 
  704.244 704.490 704.493 1735.092 1735.130 1735.151 2323.634 

Beta occupied
  -20.874 -13.844  -1.687  -1.384  -1.064  -1.044  -0.990  -0.842 
   -0.777 

Beta virtual
   -0.128  -0.102  -0.087  -0.082  -0.030  -0.020  -0.007   0.030 
    0.083   0.101   0.110   0.113   0.134   0.140   0.190   0.195 
    0.218   0.242   0.273   0.305   0.314   0.335   0.412   0.424 
    0.475   0.514   0.529   0.531   0.556   0.557   0.558   0.624 
    0.625   0.654   0.682   0.689   0.713   0.720   0.723   0.808 
    0.820   0.853   0.946   0.975   0.981   1.033   1.082   1.155 
    1.162   1.175   1.180   1.248   1.294   1.314   1.335   1.370 
    1.404   1.460   1.467   1.492   1.509   1.514   1.534   1.545 
    1.577   1.614   1.626   1.677   1.716   1.741   1.757   1.795 
    1.818   1.819   1.887   1.931   1.938   1.968   1.995   2.035 
    2.047   2.057   2.072   2.090   2.128   2.199   2.200   2.279 
    2.336   2.351   2.371   2.413   2.470   2.483   2.535   2.594 
    2.712   2.760   2.825   2.860   2.896   2.923   2.944   3.016 
    3.047   3.070   3.112   3.114   3.129   3.192   3.378   3.406 
    3.409   3.480   3.492   3.544   3.551   3.572   3.581   3.607 
    3.649   3.710   3.716   3.753   3.784   3.842   3.842   3.896 
    3.918   3.925   3.937   3.995   4.099   4.164   4.220   4.238 
    4.283   4.284   4.340   4.381   4.427   4.429   4.460   4.520 
    4.544   4.548   4.605   4.625   4.642   4.658   4.686   4.720 
    4.754   4.763   4.776   4.813   4.881   4.900   4.989   5.044 
    5.048   5.099   5.100   5.134   5.146   5.194   5.232   5.242 
    5.273   5.310   5.393   5.453   5.489   5.525   5.574   5.637 
    5.650   5.715   5.742   5.761   5.782   5.923   5.954   6.070 
    6.104   6.194   6.257   6.361   6.375   6.482   6.499   6.588 
    6.681   6.736   6.800   6.822   6.840   6.906   6.951   7.027 
    7.100   7.141   7.213   7.236   7.347   7.383   7.429   7.432 
    7.512   7.513   7.595   7.606   7.730   7.824   7.995   8.032 
    8.066   8.071   8.097   8.245   8.274   8.604   8.664   8.697 
    8.742   8.850   9.097   9.205   9.222   9.323   9.429   9.509 
    9.526   9.585   9.659   9.773   9.824   9.844   9.949  10.045 
   10.098  10.101  10.126  10.185  10.241  10.519  10.688  10.737 
   10.747  10.942  11.034  11.076  11.078  11.250  11.372  11.399 
   11.409  11.718  11.859  11.879  12.186  12.231  12.302  12.355 
   12.369  12.387  12.395  12.401  12.413  12.451  12.481  12.510 
   12.514  12.564  12.568  12.602  12.614  12.635  12.691  12.692 
   12.747  12.783  12.805  12.826  12.899  12.934  12.993  13.023 
   13.085  13.094  13.154  13.197  13.201  13.328  13.342  13.407 
   13.456  13.465  13.537  13.551  13.678  13.699  13.714  13.731 
   13.757  13.772  13.839  13.859  13.927  13.936  13.963  13.989 
   13.997  14.030  14.059  14.127  14.129  14.217  14.228  14.231 
   14.339  14.374  14.399  14.434  14.473  14.539  14.570  14.591 
   14.678  14.838  14.980  15.067  15.191  15.204  15.285  15.440 
   15.463  15.484  15.492  15.634  15.708  15.830  15.911  16.029 
   16.059  16.156  16.372  16.382  16.427  16.479  16.749  17.042 
   17.072  17.195  17.214  17.410  17.448  17.486  17.509  17.618 
   17.642  17.668  17.801  17.917  17.943  17.987  18.049  18.144 
   18.221  18.453  18.503  18.568  18.590  18.657  18.666  18.714 
   18.744  18.759  18.914  19.061  19.161  19.364  19.403  19.524 
   19.575  19.874  19.903  20.085  20.687  20.892  20.954  21.158 
   21.300  21.314  22.394  22.640  22.824  23.237  23.582  23.598 
   23.958  25.169  25.975  37.569  37.587  38.205  38.551  38.560 
   39.295  39.313  39.344  39.639  39.665  39.749  40.068  40.581 
   40.598  41.160  50.848  64.775  85.536  85.543  85.578  85.580 
   85.600  85.609  85.691  85.703  85.705  88.082  88.125  88.160 
  105.841 105.854 106.390 106.766 106.770 110.540 128.199 128.212 
  128.220 128.278 128.406 128.410 129.003 207.673 207.717 207.746 
  245.106 249.516 249.516 249.516 249.517 249.517 249.519 249.519 
  249.522 249.522 249.525 249.525 273.905 273.915 274.335 274.643 
  274.647 308.477 308.479 308.492 308.493 308.499 308.503 308.532 
  308.538 308.539 393.441 393.447 393.452 393.486 393.555 393.557 
  393.889 534.948 534.989 535.013 595.474 703.746 703.754 704.081 
  704.327 704.330 1734.961 1734.999 1735.020 2323.513 


  >>> Running UHF-MP2 <<<

MP2 correlation energy (UHF) : -0.5473046296
MP2 total energy       (UHF) : -104.9074612383

