	*********************************************** 
	***** Beginning CEBE Calculation with MOM ***** 
	*****       Calculation Details:          ***** 
	      Geometry:	 /work/morgunov/core/calculations/mols/exp/n/2pyrido-n-e.xyz
	      Core Basis:	 cc-pCV5Z
	      Full Basis:	 cc-pV5Z
	      DIIS (start, space):	 0 50
	      Level shift:	 0
	      Do localization?:	 False
	      Do SFX2C1E?:	 True
	      Freeze orbitals?:	 True
	      Use Cheng orbitals?:	 False
	      Do Special Basis?:	 False
	*********************************************** 
	*********************************************** 

  >>> Running RHF <<<

init D/C      : minao
init ov       : zeros
no            : 25
nv            : 941
ov_size       : 23525
max_cycle     : 1000
conv          : 6
econv         : 9
method        : gdm
scale_stop    : 0
scale_factor  : 1.000000
init E        : -321.514889202915
init |[F,P]|  : 4.51e-03
init |dE|     : 1.13e-02
check file    : None

iter      total energy   |[F,P]|      |dE|         ∆E   comment
   1    -321.592787053  3.78e-03  1.01e-02  -7.79e-02  BFGS
   2    -321.704472868  4.17e-04  9.87e-04  -1.12e-01  BFGS
   3    -321.706580916  1.51e-04  3.29e-04  -2.11e-03  BFGS
   4    -321.706988128  9.31e-05  2.15e-04  -4.07e-04  BFGS
   5    -321.707082474  3.49e-05  8.02e-05  -9.43e-05  BFGS
   6    -321.707102315  8.78e-06  2.02e-05  -1.98e-05  BFGS
   7    -321.707103013  3.52e-06  7.61e-06  -6.98e-07  BFGS
   8    -321.707103140  1.15e-06  2.61e-06  -1.27e-07  BFGS
   9    -321.707103166  5.35e-07  1.21e-06  -2.58e-08  BFGS
  10    -321.707103170  2.66e-07  5.92e-07  -4.88e-09  BFGS
  11    -321.707103171  8.10e-08  1.79e-07  -8.21e-10  BFGS
                                                                      gdm is converged!

SCF converged : True
final |[F,P]| : 8.10e-08
final |dE|    : 1.79e-07
final Escf    : -597.773022986901
final Etot    : -321.707103171306

  pxp & ewc             :::        1.554 (  0.05%)
  apply B               :::        0.007 (  0.00%)
  linsrch               :::     3408.149 ( 99.95%)
  grad                  :::        0.062 (  0.00%)
  Total                 :::     3409.772 (100.00%)

Alpha occupied
  -20.506 -15.624 -11.351 -11.312 -11.272 -11.241 -11.238  -1.377 
   -1.279  -1.111  -1.034  -0.891  -0.865  -0.760  -0.699  -0.680 
   -0.642  -0.614  -0.610  -0.561  -0.541  -0.488  -0.427  -0.427 
   -0.316 

Alpha virtual
    0.074   0.078   0.093   0.106   0.133   0.139   0.143   0.179 
    0.188   0.201   0.212   0.227   0.236   0.244   0.245   0.274 
    0.276   0.286   0.309   0.327   0.342   0.355   0.357   0.369 
    0.378   0.392   0.404   0.410   0.421   0.423   0.429   0.436 
    0.454   0.464   0.475   0.492   0.494   0.523   0.536   0.543 
    0.571   0.574   0.578   0.581   0.587   0.592   0.624   0.629 
    0.648   0.673   0.692   0.702   0.710   0.715   0.732   0.759 
    0.764   0.772   0.779   0.780   0.782   0.821   0.833   0.835 
    0.845   0.849   0.870   0.894   0.909   0.919   0.924   0.933 
    0.940   0.941   0.948   0.957   0.980   0.984   0.994   1.015 
    1.022   1.023   1.046   1.047   1.051   1.055   1.062   1.090 
    1.091   1.121   1.135   1.143   1.149   1.165   1.176   1.200 
    1.203   1.223   1.265   1.290   1.301   1.314   1.317   1.346 
    1.386   1.401   1.417   1.433   1.438   1.444   1.458   1.499 
    1.504   1.515   1.519   1.541   1.555   1.559   1.580   1.588 
    1.594   1.594   1.598   1.610   1.614   1.622   1.647   1.650 
    1.666   1.669   1.675   1.694   1.701   1.715   1.729   1.744 
    1.746   1.752   1.756   1.816   1.825   1.837   1.844   1.860 
    1.874   1.897   1.907   1.916   1.924   1.937   1.952   1.971 
    1.971   1.997   2.014   2.018   2.032   2.032   2.050   2.059 
    2.068   2.076   2.108   2.119   2.121   2.126   2.129   2.140 
    2.143   2.165   2.182   2.187   2.201   2.219   2.235   2.241 
    2.259   2.278   2.285   2.301   2.329   2.358   2.359   2.367 
    2.381   2.401   2.417   2.444   2.456   2.471   2.480   2.492 
    2.505   2.539   2.542   2.575   2.588   2.596   2.601   2.622 
    2.643   2.650   2.690   2.711   2.740   2.758   2.763   2.780 
    2.790   2.802   2.850   2.864   2.899   2.921   2.927   2.953 
    2.961   2.965   3.022   3.033   3.062   3.067   3.087   3.104 
    3.119   3.138   3.145   3.153   3.188   3.194   3.217   3.223 
    3.244   3.270   3.285   3.287   3.307   3.331   3.343   3.345 
    3.362   3.374   3.381   3.401   3.421   3.448   3.477   3.481 
    3.483   3.491   3.525   3.527   3.556   3.577   3.591   3.618 
    3.625   3.642   3.647   3.664   3.690   3.691   3.698   3.714 
    3.750   3.765   3.770   3.801   3.802   3.814   3.828   3.853 
    3.877   3.903   3.914   3.923   3.932   3.948   3.956   3.981 
    3.990   4.009   4.020   4.034   4.046   4.057   4.078   4.080 
    4.088   4.119   4.133   4.147   4.151   4.159   4.177   4.180 
    4.226   4.240   4.255   4.269   4.275   4.280   4.305   4.319 
    4.327   4.348   4.368   4.372   4.402   4.413   4.433   4.444 
    4.468   4.483   4.483   4.517   4.520   4.569   4.586   4.587 
    4.594   4.623   4.630   4.651   4.666   4.683   4.702   4.703 
    4.705   4.727   4.740   4.748   4.779   4.793   4.799   4.808 
    4.836   4.844   4.889   4.891   4.903   4.933   4.935   4.964 
    4.966   4.988   4.999   5.028   5.034   5.042   5.070   5.087 
    5.095   5.114   5.123   5.139   5.151   5.164   5.190   5.192 
    5.206   5.210   5.222   5.224   5.254   5.262   5.270   5.295 
    5.334   5.351   5.357   5.386   5.393   5.436   5.449   5.452 
    5.491   5.507   5.507   5.536   5.537   5.556   5.576   5.577 
    5.593   5.636   5.652   5.657   5.664   5.689   5.724   5.758 
    5.771   5.777   5.796   5.818   5.823   5.844   5.882   5.899 
    5.920   5.930   5.959   5.966   5.985   6.003   6.052   6.073 
    6.085   6.127   6.129   6.192   6.199   6.222   6.253   6.262 
    6.274   6.292   6.312   6.359   6.377   6.404   6.431   6.496 
    6.508   6.552   6.573   6.627   6.643   6.669   6.704   6.720 
    6.747   6.776   6.785   6.790   6.842   6.852   6.889   6.938 
    6.957   6.984   7.008   7.060   7.062   7.079   7.112   7.169 
    7.187   7.198   7.244   7.261   7.288   7.318   7.338   7.368 
    7.380   7.406   7.443   7.456   7.481   7.482   7.526   7.532 
    7.546   7.554   7.646   7.661   7.689   7.715   7.767   7.769 
    7.781   7.872   7.875   7.908   7.928   7.966   7.998   8.033 
    8.035   8.078   8.134   8.139   8.152   8.156   8.203   8.207 
    8.245   8.295   8.319   8.326   8.336   8.356   8.386   8.404 
    8.441   8.459   8.489   8.516   8.548   8.587   8.613   8.642 
    8.696   8.705   8.741   8.766   8.790   8.823   8.859   8.874 
    8.903   8.906   8.926   8.949   8.967   8.985   8.999   9.037 
    9.046   9.072   9.092   9.129   9.146   9.160   9.178   9.221 
    9.251   9.272   9.286   9.351   9.357   9.388   9.423   9.479 
    9.492   9.518   9.521   9.528   9.596   9.612   9.635   9.666 
    9.671   9.742   9.757   9.790   9.793   9.847   9.921   9.937 
    9.956   9.973  10.012  10.017  10.028  10.043  10.089  10.114 
   10.132  10.189  10.194  10.204  10.213  10.214  10.223  10.252 
   10.263  10.292  10.324  10.359  10.388  10.399  10.420  10.457 
   10.486  10.513  10.517  10.552  10.559  10.601  10.624  10.652 
   10.653  10.685  10.714  10.737  10.765  10.795  10.804  10.820 
   10.861  10.865  10.881  10.892  10.922  10.948  10.950  11.004 
   11.021  11.025  11.044  11.075  11.126  11.142  11.175  11.186 
   11.213  11.230  11.236  11.249  11.271  11.298  11.327  11.355 
   11.368  11.402  11.453  11.471  11.485  11.521  11.545  11.563 
   11.591  11.605  11.642  11.653  11.722  11.722  11.736  11.758 
   11.785  11.803  11.858  11.864  11.912  11.932  11.951  11.990 
   12.016  12.067  12.137  12.166  12.246  12.252  12.312  12.318 
   12.385  12.397  12.437  12.447  12.486  12.501  12.554  12.573 
   12.621  12.648  12.676  12.729  12.733  12.743  12.760  12.776 
   12.787  12.800  12.816  12.818  12.838  12.846  12.849  12.867 
   12.915  12.926  12.946  12.989  12.992  12.997  13.014  13.040 
   13.060  13.081  13.086  13.119  13.145  13.203  13.246  13.273 
   13.279  13.292  13.311  13.384  13.414  13.446  13.449  13.460 
   13.500  13.521  13.557  13.573  13.606  13.625  13.641  13.692 
   13.701  13.713  13.726  13.742  13.744  13.786  13.815  13.828 
   13.877  13.883  13.929  13.957  13.966  13.972  13.994  14.010 
   14.022  14.078  14.102  14.127  14.135  14.153  14.162  14.214 
   14.215  14.227  14.260  14.262  14.284  14.300  14.317  14.327 
   14.337  14.339  14.344  14.415  14.419  14.419  14.444  14.456 
   14.462  14.471  14.485  14.538  14.540  14.543  14.574  14.594 
   14.600  14.605  14.691  14.701  14.730  14.764  14.859  14.862 
   14.905  14.928  14.959  14.977  15.008  15.015  15.061  15.071 
   15.106  15.116  15.201  15.207  15.269  15.340  15.375  15.403 
   15.405  15.419  15.485  15.489  15.536  15.583  15.591  15.641 
   15.707  15.771  15.782  15.815  15.842  15.958  16.022  16.032 
   16.035  16.105  16.150  16.213  16.225  16.244  16.251  16.310 
   16.361  16.382  16.397  16.422  16.469  16.527  16.563  16.651 
   16.664  16.798  16.811  16.871  16.924  16.976  17.004  17.052 
   17.133  17.326  17.365  17.409  17.504  17.510  17.595  17.606 
   17.648  17.687  17.830  17.851  17.977  17.988  18.064  18.091 
   18.108  18.172  18.215  18.330  18.421  18.531  18.562  18.597 
   18.609  18.630  18.709  18.806  18.885  18.940  18.957  19.025 
   19.191  19.207  19.257  19.286  19.499  19.554  19.573  19.607 
   19.708  19.721  19.826  19.836  19.897  19.942  20.038  20.407 
   20.816  20.854  20.981  21.050  21.105  21.211  21.432  21.658 
   21.854  22.164  22.367  22.545  23.257  23.528  23.937  24.257 
   26.301  30.077  32.048  32.648  39.764  40.992  41.431  42.107 
   42.709  50.940  51.039  51.746  51.949  52.653  58.995  59.092 
   59.147  59.157  59.248  59.651  59.857  64.319  66.685  83.180 
   84.904  85.196 150.895 150.983 151.472 151.606 152.101 172.998 
  209.022 209.022 209.023 209.024 209.024 209.026 209.032 209.037 
  209.038 230.056 231.483 231.698 236.403 236.450 236.478 236.500 
  236.544 236.680 236.796 450.642 457.033 457.097 457.464 457.544 
  457.892 644.198 645.438 645.646 1578.209 


  >>> Running RHF-MP2 <<<


RMP2-TIMING
  rmp2                  :::     2755.091 (100.00%)
  Total                 :::     2755.091 (100.00%)

MP2 correlation energy (RHF) : -1.5911482556
MP2 total energy       (RHF) : -323.2982514269


  >>> Running UHF <<<

init D/C      : input mo_coeff
init ov       : zeros
no            : 24 25
nv            : 942 941
ov_size       : 46133
max_cycle     : 1000
conv          : 6
econv         : 9
method        : diis
mom_start     : 0
guess mix     : 0.000000
orb_swap      : [[[1, 24]], []]
init E        : -306.082954998239
init S2       : 0.750000000000156
init |[F,P]|  : 9.57e-03
init |dE|     : 2.43e-02
check file    : None

iter      total energy   |[F,P]|      |dE|         ∆E   S^2   comment
   1    -306.444308384  6.18e-03  1.45e-02  -3.61e-01  0.75  DIIS mom: 23.6/24 24.6/25
   2    -306.782930599  6.83e-04  1.77e-03  -3.39e-01  0.76  DIIS mom: 23.9/24 24.9/25
   3    -306.788775985  3.62e-04  9.88e-04  -5.85e-03  0.76  DIIS mom: 24.0/24 25.0/25
   4    -306.790913972  1.13e-04  2.56e-04  -2.14e-03  0.76  DIIS mom: 24.0/24 25.0/25
   5    -306.791428209  5.96e-05  1.35e-04  -5.14e-04  0.77  DIIS mom: 24.0/24 25.0/25
   6    -306.791587521  3.01e-05  6.58e-05  -1.59e-04  0.77  DIIS mom: 24.0/24 25.0/25
   7    -306.791645382  1.99e-05  4.17e-05  -5.79e-05  0.78  DIIS mom: 24.0/24 25.0/25
   8    -306.791676393  1.98e-05  4.02e-05  -3.10e-05  0.78  DIIS mom: 24.0/24 25.0/25
   9    -306.791685050  2.01e-05  4.07e-05  -8.66e-06  0.78  DIIS mom: 24.0/24 25.0/25
  10    -306.791615025  1.69e-05  3.59e-05   7.00e-05  0.78  DIIS mom: 24.0/24 25.0/25
  11    -306.791553364  1.27e-05  2.85e-05   6.17e-05  0.78  DIIS mom: 24.0/24 25.0/25
  12    -306.791545503  1.05e-05  2.41e-05   7.86e-06  0.78  DIIS mom: 24.0/24 25.0/25
  13    -306.791556828  7.60e-06  1.77e-05  -1.13e-05  0.78  DIIS mom: 24.0/24 25.0/25
  14    -306.791570258  4.49e-06  1.03e-05  -1.34e-05  0.78  DIIS mom: 24.0/24 25.0/25
  15    -306.791575001  3.22e-06  6.78e-06  -4.74e-06  0.78  DIIS mom: 24.0/24 25.0/25
  16    -306.791576587  2.84e-06  5.80e-06  -1.59e-06  0.78  DIIS mom: 24.0/24 25.0/25
  17    -306.791578897  2.27e-06  4.63e-06  -2.31e-06  0.78  DIIS mom: 24.0/24 25.0/25
  18    -306.791581145  1.54e-06  3.15e-06  -2.25e-06  0.78  DIIS mom: 24.0/24 25.0/25
  19    -306.791582470  6.97e-07  1.44e-06  -1.33e-06  0.78  DIIS mom: 24.0/24 25.0/25
  20    -306.791582647  1.97e-07  4.08e-07  -1.77e-07  0.78  DIIS mom: 24.0/24 25.0/25
  21    -306.791582653  5.71e-08  1.32e-07  -6.36e-09  0.78  DIIS mom: 24.0/24 25.0/25
  22    -306.791582654  2.30e-08  5.06e-08  -1.96e-10  0.78  DIIS mom: 24.0/24 25.0/25
                                                                      diis is converged!

SCF converged : True
final |[F,P]| : 2.30e-08
final |dE|    : 5.06e-08
final Escf    : -582.857502469098
final Etot    : -306.791582653503
final S2      : 0.781727721156898

  diis prep             :::        1.537 (  0.02%)
  diis extrap           :::        1.688 (  0.02%)
  roothaan              :::        6.184 (  0.09%)
  fock build            :::     7184.348 ( 99.87%)
  Total                 :::     7193.757 (100.00%)

Alpha occupied
  -20.761 -11.618 -11.545 -11.474 -11.466 -11.449  -1.670  -1.575 
   -1.342  -1.282  -1.157  -1.143  -1.037  -0.955  -0.939  -0.901 
   -0.864  -0.842  -0.779  -0.752  -0.740  -0.675  -0.660  -0.541 

Alpha virtual
  -14.191  -0.145  -0.096  -0.059  -0.046  -0.033  -0.009  -0.002 
    0.014   0.017   0.047   0.062   0.062   0.080   0.082   0.090 
    0.098   0.109   0.124   0.147   0.150   0.170   0.171   0.174 
    0.197   0.211   0.227   0.230   0.231   0.233   0.247   0.252 
    0.258   0.273   0.292   0.297   0.313   0.322   0.328   0.358 
    0.366   0.385   0.392   0.395   0.405   0.407   0.414   0.444 
    0.446   0.473   0.493   0.498   0.507   0.521   0.536   0.554 
    0.576   0.581   0.594   0.594   0.598   0.602   0.627   0.640 
    0.645   0.660   0.671   0.678   0.701   0.704   0.714   0.738 
    0.740   0.751   0.751   0.760   0.777   0.782   0.808   0.816 
    0.835   0.836   0.839   0.850   0.861   0.867   0.872   0.874 
    0.878   0.895   0.935   0.947   0.952   0.964   0.971   0.974 
    0.989   1.013   1.034   1.067   1.093   1.098   1.107   1.131 
    1.152   1.209   1.214   1.215   1.226   1.240   1.254   1.264 
    1.296   1.306   1.313   1.324   1.345   1.351   1.362   1.392 
    1.393   1.394   1.398   1.405   1.415   1.418   1.440   1.454 
    1.457   1.465   1.469   1.483   1.501   1.517   1.518   1.522 
    1.528   1.545   1.552   1.559   1.611   1.623   1.634   1.645 
    1.651   1.667   1.694   1.703   1.709   1.720   1.738   1.740 
    1.771   1.779   1.800   1.802   1.814   1.826   1.834   1.843 
    1.853   1.879   1.881   1.906   1.909   1.913   1.930   1.935 
    1.944   1.947   1.968   1.981   1.984   2.000   2.024   2.029 
    2.043   2.054   2.080   2.088   2.101   2.124   2.126   2.148 
    2.160   2.167   2.198   2.216   2.227   2.251   2.266   2.273 
    2.282   2.300   2.315   2.345   2.368   2.377   2.382   2.393 
    2.411   2.428   2.442   2.482   2.494   2.527   2.545   2.548 
    2.560   2.580   2.591   2.647   2.648   2.693   2.707   2.723 
    2.738   2.747   2.758   2.806   2.809   2.826   2.852   2.883 
    2.884   2.906   2.926   2.927   2.941   2.971   2.986   2.996 
    3.007   3.029   3.056   3.059   3.080   3.097   3.123   3.130 
    3.135   3.154   3.158   3.168   3.192   3.207   3.237   3.258 
    3.265   3.271   3.275   3.304   3.309   3.345   3.353   3.380 
    3.397   3.415   3.424   3.430   3.444   3.454   3.460   3.479 
    3.496   3.542   3.546   3.549   3.590   3.596   3.597   3.599 
    3.632   3.658   3.677   3.678   3.706   3.714   3.714   3.733 
    3.759   3.783   3.798   3.807   3.815   3.830   3.851   3.858 
    3.867   3.879   3.907   3.920   3.927   3.932   3.943   3.965 
    3.975   4.014   4.034   4.043   4.059   4.066   4.080   4.084 
    4.106   4.110   4.124   4.143   4.155   4.171   4.204   4.207 
    4.229   4.246   4.265   4.278   4.296   4.310   4.351   4.369 
    4.371   4.383   4.391   4.405   4.436   4.452   4.477   4.478 
    4.496   4.502   4.516   4.525   4.539   4.565   4.573   4.585 
    4.600   4.615   4.617   4.668   4.679   4.696   4.701   4.719 
    4.739   4.750   4.766   4.785   4.809   4.818   4.834   4.844 
    4.874   4.879   4.909   4.921   4.925   4.936   4.944   4.952 
    4.956   4.982   5.017   5.019   5.030   5.045   5.048   5.061 
    5.064   5.113   5.120   5.146   5.175   5.187   5.222   5.228 
    5.240   5.258   5.267   5.287   5.322   5.325   5.344   5.344 
    5.354   5.388   5.407   5.422   5.438   5.442   5.457   5.502 
    5.514   5.548   5.558   5.579   5.590   5.594   5.635   5.660 
    5.667   5.694   5.698   5.737   5.747   5.755   5.788   5.824 
    5.844   5.849   5.896   5.898   5.954   5.967   5.994   6.006 
    6.025   6.037   6.063   6.073   6.136   6.138   6.185   6.197 
    6.255   6.281   6.328   6.340   6.406   6.409   6.445   6.466 
    6.483   6.514   6.550   6.559   6.571   6.608   6.633   6.684 
    6.701   6.722   6.745   6.795   6.825   6.832   6.845   6.897 
    6.943   6.954   6.989   7.020   7.030   7.078   7.104   7.108 
    7.138   7.152   7.177   7.209   7.236   7.248   7.254   7.287 
    7.306   7.319   7.337   7.390   7.427   7.464   7.494   7.527 
    7.542   7.558   7.635   7.636   7.673   7.689   7.737   7.766 
    7.797   7.808   7.828   7.865   7.904   7.918   7.934   7.966 
    7.969   8.017   8.060   8.098   8.105   8.118   8.138   8.160 
    8.185   8.190   8.236   8.255   8.275   8.323   8.327   8.383 
    8.393   8.471   8.480   8.520   8.539   8.565   8.605   8.627 
    8.650   8.665   8.674   8.711   8.714   8.742   8.745   8.778 
    8.797   8.824   8.841   8.876   8.905   8.912   8.930   8.951 
    8.985   9.020   9.041   9.053   9.118   9.134   9.163   9.190 
    9.243   9.256   9.283   9.299   9.301   9.375   9.386   9.405 
    9.442   9.450   9.516   9.525   9.559   9.566   9.597   9.682 
    9.717   9.721   9.724   9.752   9.792   9.794   9.817   9.872 
    9.881   9.907   9.959   9.973   9.981   9.985   9.989  10.001 
   10.031  10.040  10.073  10.101  10.123  10.163  10.170  10.204 
   10.233  10.264  10.279  10.280  10.323  10.329  10.338  10.375 
   10.399  10.418  10.439  10.455  10.489  10.540  10.545  10.557 
   10.603  10.613  10.634  10.654  10.670  10.696  10.722  10.727 
   10.774  10.800  10.803  10.819  10.849  10.912  10.922  10.951 
   10.968  10.992  11.000  11.020  11.035  11.045  11.077  11.091 
   11.123  11.137  11.171  11.221  11.243  11.261  11.299  11.313 
   11.323  11.358  11.362  11.418  11.435  11.477  11.488  11.503 
   11.513  11.543  11.574  11.609  11.619  11.659  11.678  11.708 
   11.723  11.785  11.823  11.893  11.927  11.991  12.003  12.062 
   12.080  12.132  12.165  12.200  12.211  12.228  12.229  12.316 
   12.360  12.399  12.407  12.438  12.486  12.502  12.503  12.538 
   12.544  12.560  12.583  12.588  12.598  12.604  12.615  12.641 
   12.643  12.680  12.702  12.734  12.754  12.768  12.777  12.791 
   12.804  12.826  12.864  12.873  12.895  12.898  12.974  13.002 
   13.020  13.059  13.060  13.086  13.117  13.154  13.172  13.216 
   13.234  13.236  13.280  13.332  13.357  13.376  13.398  13.415 
   13.423  13.454  13.491  13.506  13.512  13.526  13.549  13.581 
   13.612  13.625  13.646  13.657  13.733  13.739  13.760  13.771 
   13.802  13.819  13.848  13.871  13.881  13.900  13.930  13.931 
   13.973  13.977  14.012  14.014  14.040  14.042  14.067  14.074 
   14.097  14.098  14.114  14.123  14.170  14.190  14.201  14.220 
   14.228  14.242  14.263  14.280  14.291  14.325  14.332  14.347 
   14.366  14.380  14.389  14.462  14.473  14.511  14.536  14.629 
   14.650  14.667  14.699  14.715  14.717  14.747  14.778  14.815 
   14.821  14.850  14.886  14.948  14.968  15.045  15.107  15.134 
   15.145  15.154  15.166  15.233  15.262  15.316  15.335  15.353 
   15.423  15.446  15.543  15.565  15.593  15.603  15.736  15.789 
   15.798  15.809  15.844  15.881  15.942  15.993  16.001  16.021 
   16.023  16.072  16.089  16.134  16.196  16.227  16.265  16.278 
   16.286  16.427  16.550  16.562  16.630  16.665  16.698  16.716 
   16.776  16.875  16.954  17.134  17.139  17.222  17.273  17.306 
   17.345  17.404  17.494  17.514  17.642  17.653  17.731  17.760 
   17.860  17.869  17.972  17.991  18.057  18.128  18.153  18.167 
   18.308  18.369  18.392  18.411  18.476  18.665  18.689  18.746 
   18.780  18.948  18.958  19.028  19.052  19.204  19.258  19.330 
   19.365  19.416  19.497  19.557  19.578  19.610  19.670  19.796 
   20.020  20.433  20.641  20.723  20.732  20.846  21.000  21.209 
   21.381  21.470  21.916  22.117  22.293  22.763  23.281  23.693 
   24.012  25.588  29.060  31.044  31.660  39.543  40.768  41.181 
   41.879  42.490  49.684  49.782  50.494  50.689  51.397  57.795 
   57.894  57.950  57.955  58.050  58.441  58.649  64.065  65.207 
   81.423  83.143  83.437 148.707 148.795 149.285 149.414 149.909 
  170.638 206.935 206.935 206.937 206.938 206.940 206.942 206.944 
  206.947 206.947 227.376 228.800 229.015 233.918 233.968 233.994 
  234.017 234.059 234.190 234.308 447.358 453.791 453.855 454.222 
  454.301 454.647 640.597 641.835 642.043 1574.095 

Beta occupied
  -20.758 -18.473 -11.617 -11.542 -11.473 -11.467 -11.450  -1.748 
   -1.583  -1.351  -1.296  -1.188  -1.163  -1.051  -1.025  -0.945 
   -0.900  -0.867  -0.840  -0.780  -0.753  -0.739  -0.676  -0.664 
   -0.540 

Beta virtual
   -0.145  -0.103  -0.054  -0.047  -0.034  -0.010  -0.002   0.014 
    0.016   0.045   0.060   0.061   0.079   0.081   0.088   0.098 
    0.105   0.124   0.143   0.150   0.159   0.166   0.171   0.196 
    0.211   0.226   0.228   0.229   0.231   0.247   0.252   0.259 
    0.268   0.291   0.294   0.313   0.320   0.327   0.358   0.365 
    0.386   0.390   0.396   0.404   0.408   0.414   0.443   0.446 
    0.472   0.492   0.493   0.505   0.521   0.536   0.553   0.577 
    0.582   0.593   0.594   0.596   0.602   0.626   0.634   0.645 
    0.659   0.671   0.675   0.699   0.703   0.708   0.739   0.740 
    0.751   0.751   0.761   0.776   0.783   0.808   0.816   0.827 
    0.833   0.838   0.850   0.861   0.867   0.873   0.874   0.877 
    0.895   0.937   0.946   0.954   0.964   0.971   0.972   0.985 
    1.012   1.032   1.067   1.090   1.096   1.106   1.131   1.153 
    1.209   1.213   1.217   1.228   1.239   1.255   1.264   1.294 
    1.307   1.314   1.324   1.341   1.350   1.362   1.390   1.393 
    1.395   1.397   1.405   1.415   1.419   1.440   1.451   1.454 
    1.464   1.468   1.483   1.501   1.516   1.517   1.519   1.527 
    1.542   1.552   1.559   1.613   1.624   1.632   1.646   1.651 
    1.668   1.692   1.704   1.705   1.720   1.737   1.742   1.770 
    1.779   1.800   1.801   1.816   1.826   1.835   1.843   1.853 
    1.879   1.882   1.905   1.909   1.913   1.928   1.935   1.944 
    1.948   1.968   1.981   1.984   1.999   2.022   2.028   2.040 
    2.053   2.080   2.087   2.101   2.123   2.123   2.148   2.160 
    2.167   2.196   2.211   2.226   2.250   2.265   2.272   2.281 
    2.300   2.315   2.345   2.368   2.377   2.382   2.391   2.411 
    2.429   2.442   2.481   2.493   2.526   2.543   2.546   2.558 
    2.580   2.592   2.645   2.647   2.688   2.707   2.720   2.739 
    2.746   2.755   2.797   2.809   2.816   2.851   2.881   2.884 
    2.902   2.925   2.928   2.941   2.966   2.986   2.993   3.007 
    3.030   3.054   3.058   3.080   3.097   3.123   3.131   3.134 
    3.155   3.159   3.167   3.190   3.207   3.234   3.251   3.264 
    3.271   3.274   3.301   3.307   3.345   3.352   3.380   3.394 
    3.413   3.419   3.427   3.445   3.449   3.453   3.478   3.495 
    3.542   3.546   3.546   3.588   3.591   3.591   3.599   3.630 
    3.656   3.665   3.674   3.707   3.711   3.712   3.732   3.759 
    3.782   3.799   3.808   3.816   3.831   3.850   3.858   3.867 
    3.878   3.907   3.920   3.928   3.933   3.942   3.965   3.975 
    4.014   4.033   4.043   4.060   4.066   4.079   4.083   4.106 
    4.109   4.122   4.140   4.156   4.165   4.203   4.204   4.229 
    4.245   4.265   4.278   4.293   4.309   4.349   4.369   4.370 
    4.382   4.391   4.402   4.435   4.450   4.472   4.479   4.496 
    4.502   4.516   4.525   4.538   4.563   4.575   4.583   4.600 
    4.615   4.618   4.666   4.679   4.695   4.702   4.720   4.739 
    4.749   4.763   4.785   4.807   4.816   4.834   4.841   4.872 
    4.879   4.909   4.921   4.922   4.936   4.944   4.951   4.953 
    4.976   5.017   5.019   5.030   5.044   5.048   5.055   5.064 
    5.112   5.119   5.144   5.173   5.186   5.222   5.228   5.240 
    5.257   5.265   5.285   5.321   5.325   5.343   5.344   5.352 
    5.388   5.400   5.420   5.436   5.441   5.457   5.499   5.504 
    5.548   5.558   5.579   5.589   5.591   5.634   5.660   5.667 
    5.693   5.698   5.736   5.746   5.752   5.788   5.823   5.843 
    5.848   5.896   5.898   5.950   5.964   5.993   6.006   6.022 
    6.032   6.062   6.071   6.136   6.136   6.185   6.193   6.246 
    6.279   6.329   6.339   6.406   6.407   6.444   6.465   6.482 
    6.512   6.547   6.558   6.570   6.605   6.631   6.685   6.699 
    6.717   6.745   6.791   6.824   6.831   6.841   6.896   6.942 
    6.953   6.989   7.019   7.029   7.076   7.103   7.110   7.135 
    7.151   7.175   7.209   7.236   7.246   7.252   7.284   7.303 
    7.313   7.337   7.383   7.424   7.461   7.496   7.526   7.541 
    7.555   7.633   7.633   7.668   7.689   7.733   7.762   7.793 
    7.805   7.822   7.856   7.898   7.918   7.934   7.965   7.966 
    8.014   8.049   8.095   8.104   8.118   8.138   8.150   8.176 
    8.190   8.235   8.253   8.271   8.322   8.324   8.380   8.390 
    8.471   8.479   8.520   8.540   8.564   8.605   8.625   8.650 
    8.663   8.674   8.710   8.711   8.740   8.742   8.778   8.794 
    8.824   8.840   8.875   8.901   8.912   8.930   8.949   8.984 
    9.019   9.041   9.052   9.118   9.131   9.162   9.191   9.239 
    9.253   9.281   9.298   9.302   9.375   9.385   9.404   9.441 
    9.449   9.514   9.521   9.560   9.563   9.586   9.676   9.684 
    9.721   9.723   9.752   9.792   9.795   9.818   9.871   9.881 
    9.907   9.956   9.974   9.980   9.985   9.989  10.001  10.028 
   10.040  10.072  10.095  10.119  10.156  10.167  10.194  10.233 
   10.237  10.263  10.280  10.303  10.326  10.328  10.375  10.398 
   10.414  10.438  10.453  10.486  10.539  10.544  10.553  10.602 
   10.611  10.633  10.654  10.670  10.695  10.720  10.726  10.769 
   10.799  10.802  10.820  10.849  10.912  10.920  10.950  10.968 
   10.991  10.999  11.020  11.035  11.041  11.077  11.085  11.123 
   11.137  11.172  11.218  11.241  11.261  11.287  11.313  11.318 
   11.356  11.360  11.417  11.433  11.468  11.487  11.503  11.508 
   11.539  11.572  11.604  11.618  11.653  11.672  11.705  11.721 
   11.783  11.822  11.887  11.924  11.987  12.002  12.060  12.074 
   12.115  12.164  12.196  12.210  12.221  12.227  12.316  12.360 
   12.397  12.403  12.422  12.476  12.500  12.503  12.537  12.544 
   12.556  12.583  12.586  12.588  12.603  12.615  12.639  12.643 
   12.676  12.701  12.734  12.741  12.764  12.776  12.791  12.804 
   12.825  12.863  12.873  12.894  12.897  12.973  13.001  13.016 
   13.058  13.059  13.086  13.113  13.154  13.169  13.213  13.233 
   13.233  13.279  13.331  13.357  13.371  13.393  13.417  13.423 
   13.452  13.491  13.506  13.510  13.526  13.547  13.577  13.612 
   13.624  13.643  13.655  13.732  13.739  13.760  13.770  13.802 
   13.819  13.843  13.871  13.881  13.898  13.930  13.931  13.971 
   13.977  14.007  14.012  14.039  14.040  14.067  14.073  14.099 
   14.099  14.113  14.123  14.168  14.189  14.200  14.220  14.227 
   14.242  14.263  14.280  14.290  14.325  14.330  14.347  14.365 
   14.379  14.388  14.462  14.473  14.509  14.535  14.626  14.649 
   14.664  14.698  14.711  14.713  14.746  14.777  14.809  14.820 
   14.850  14.885  14.946  14.965  15.043  15.105  15.129  15.142 
   15.152  15.163  15.230  15.261  15.315  15.332  15.352  15.423 
   15.443  15.542  15.565  15.591  15.600  15.735  15.787  15.798 
   15.809  15.833  15.881  15.937  15.990  16.001  16.018  16.021 
   16.067  16.085  16.133  16.195  16.223  16.259  16.262  16.284 
   16.426  16.549  16.564  16.625  16.664  16.695  16.716  16.772 
   16.872  16.932  17.123  17.139  17.218  17.248  17.306  17.342 
   17.403  17.493  17.501  17.631  17.641  17.729  17.757  17.857 
   17.869  17.972  17.983  18.025  18.115  18.137  18.148  18.304 
   18.368  18.393  18.409  18.476  18.663  18.692  18.745  18.780 
   18.941  18.962  19.027  19.053  19.183  19.260  19.332  19.366 
   19.413  19.488  19.543  19.580  19.608  19.669  19.793  20.009 
   20.421  20.637  20.712  20.734  20.845  20.999  21.198  21.366 
   21.451  21.916  22.120  22.295  22.682  23.283  23.694  24.013 
   25.351  28.753  30.760  31.387  39.542  40.767  41.180  41.879 
   42.490  49.530  49.629  50.341  50.538  51.246  57.715  57.814 
   57.870  57.875  57.969  58.362  58.565  64.065  64.770  81.017 
   82.747  83.042 148.453 148.541 149.032 149.161 149.657 170.211 
  206.827 206.827 206.829 206.830 206.832 206.834 206.837 206.839 
  206.839 226.993 228.421 228.638 233.730 233.779 233.806 233.828 
  233.870 234.003 234.119 447.014 453.528 453.592 453.959 454.038 
  454.384 640.304 641.543 641.751 1573.880 


  >>> Running UHF-MP2 <<<

MP2 correlation energy (UHF) : -1.5586863336
MP2 total energy       (UHF) : -308.3502689871

