	*********************************************** 
	***** Beginning CEBE Calculation with MOM ***** 
	*****       Calculation Details:          ***** 
	      Geometry:	 /work/morgunov/core/calculations/mols/exp/f/cf3ocf3tw.xyz
	      Core Basis:	 cc-pCV5Z
	      Full Basis:	 cc-pV5Z
	      DIIS (start, space):	 0 50
	      Level shift:	 0
	      Do localization?:	 True
	      Atoms that were localized?:	 ['F']
	      Do SFX2C1E?:	 True
	      Freeze orbitals?:	 True
	      Use Cheng orbitals?:	 False
	      Do Special Basis?:	 False
	*********************************************** 
	*********************************************** 

  >>> Running RHF <<<

init D/C      : minao
init ov       : zeros
no            : 37
nv            : 1106
ov_size       : 40922
max_cycle     : 1000
conv          : 6
econv         : 9
method        : gdm
scale_stop    : 0
scale_factor  : 1.000000
init E        : -747.264069493564
init |[F,P]|  : 5.67e-03
init |dE|     : 1.41e-02
check file    : None

iter      total energy   |[F,P]|      |dE|         ∆E   comment
   1    -747.507196311  3.65e-03  9.04e-03  -2.43e-01  BFGS
   2    -747.625192312  3.30e-04  9.53e-04  -1.18e-01  BFGS
   3    -747.627165625  1.12e-04  3.03e-04  -1.97e-03  BFGS
   4    -747.627382929  3.50e-05  9.76e-05  -2.17e-04  BFGS
   5    -747.627398345  1.08e-05  2.80e-05  -1.54e-05  BFGS
   6    -747.627399710  2.49e-06  6.99e-06  -1.37e-06  BFGS
   7    -747.627399797  4.29e-07  1.07e-06  -8.72e-08  BFGS
   8    -747.627399800  1.47e-07  4.03e-07  -3.03e-09  BFGS
   9    -747.627399801  6.28e-08  1.65e-07  -2.98e-10  BFGS
                                                                      gdm is converged!

SCF converged : True
final |[F,P]| : 6.28e-08
final |dE|    : 1.65e-07
final Escf    : -1313.97659780674
final Etot    : -747.627399800539

  pxp & ewc             :::        1.754 (  0.02%)
  apply B               :::        0.007 (  0.00%)
  linsrch               :::     7533.450 ( 99.98%)
  grad                  :::        0.071 (  0.00%)
  Total                 :::     7535.282 (100.00%)

Alpha occupied
  -26.375 -26.375 -26.373 -26.373 -26.370 -26.370 -20.675 -11.599 
  -11.599  -1.794  -1.777  -1.683  -1.681  -1.678  -1.675  -1.508 
   -1.062  -0.978  -0.916  -0.896  -0.891  -0.868  -0.860  -0.800 
   -0.763  -0.755  -0.749  -0.742  -0.712  -0.708  -0.695  -0.695 
   -0.686  -0.685  -0.679  -0.643  -0.609 

Alpha virtual
    0.159   0.163   0.190   0.193   0.221   0.234   0.240   0.304 
    0.316   0.325   0.336   0.346   0.356   0.383   0.395   0.397 
    0.410   0.427   0.434   0.441   0.463   0.484   0.487   0.502 
    0.530   0.544   0.558   0.572   0.573   0.581   0.632   0.633 
    0.643   0.647   0.665   0.667   0.673   0.684   0.698   0.712 
    0.735   0.754   0.784   0.825   0.834   0.851   0.863   0.863 
    0.888   0.954   0.981   1.016   1.043   1.059   1.080   1.088 
    1.103   1.105   1.123   1.203   1.251   1.255   1.304   1.331 
    1.364   1.377   1.392   1.408   1.413   1.426   1.465   1.466 
    1.469   1.506   1.509   1.531   1.535   1.573   1.582   1.587 
    1.610   1.610   1.642   1.688   1.712   1.725   1.738   1.739 
    1.760   1.774   1.775   1.795   1.812   1.814   1.832   1.834 
    1.884   1.886   1.895   1.923   1.939   1.954   1.972   1.988 
    2.001   2.003   2.027   2.059   2.070   2.080   2.082   2.088 
    2.111   2.116   2.135   2.137   2.181   2.184   2.237   2.290 
    2.316   2.356   2.365   2.371   2.418   2.457   2.469   2.497 
    2.547   2.557   2.582   2.592   2.663   2.698   2.699   2.715 
    2.721   2.782   2.787   2.814   2.825   2.837   2.839   2.916 
    2.918   2.932   2.954   3.008   3.019   3.063   3.129   3.136 
    3.172   3.204   3.215   3.243   3.251   3.270   3.291   3.293 
    3.328   3.348   3.388   3.398   3.420   3.437   3.459   3.460 
    3.488   3.489   3.510   3.542   3.574   3.583   3.613   3.629 
    3.646   3.678   3.685   3.726   3.752   3.757   3.775   3.807 
    3.828   3.847   3.853   3.903   3.903   3.929   3.940   3.956 
    3.969   3.988   4.003   4.044   4.070   4.071   4.084   4.096 
    4.121   4.142   4.146   4.188   4.190   4.196   4.216   4.226 
    4.246   4.276   4.276   4.293   4.331   4.331   4.337   4.366 
    4.377   4.387   4.430   4.450   4.458   4.485   4.496   4.539 
    4.568   4.594   4.597   4.616   4.638   4.649   4.659   4.704 
    4.713   4.726   4.729   4.756   4.781   4.811   4.836   4.837 
    4.895   4.909   4.966   4.996   5.025   5.033   5.074   5.087 
    5.125   5.144   5.177   5.193   5.229   5.238   5.249   5.354 
    5.375   5.375   5.400   5.402   5.552   5.574   5.576   5.595 
    5.618   5.639   5.643   5.679   5.681   5.692   5.713   5.720 
    5.760   5.802   5.816   5.847   5.882   5.921   5.970   5.974 
    5.996   5.997   6.101   6.160   6.171   6.186   6.198   6.218 
    6.279   6.319   6.365   6.373   6.453   6.490   6.641   6.648 
    6.761   6.823   6.884   6.885   6.994   7.170   7.227   7.229 
    7.302   7.334   7.350   7.365   7.397   7.411   7.431   7.449 
    7.481   7.492   7.496   7.519   7.525   7.543   7.582   7.584 
    7.596   7.597   7.634   7.647   7.665   7.693   7.707   7.713 
    7.720   7.747   7.796   7.842   7.867   7.884   7.899   7.927 
    7.933   7.935   7.964   8.011   8.017   8.057   8.062   8.105 
    8.116   8.174   8.179   8.209   8.247   8.267   8.327   8.335 
    8.367   8.371   8.426   8.442   8.463   8.485   8.593   8.635 
    8.656   8.728   8.765   8.795   8.817   8.831   8.862   8.902 
    8.984   8.990   9.012   9.065   9.087   9.161   9.244   9.298 
    9.309   9.349   9.374   9.379   9.420   9.439   9.463   9.471 
    9.481   9.496   9.502   9.515   9.535   9.563   9.575   9.578 
    9.598   9.606   9.612   9.737   9.750   9.802   9.818   9.829 
    9.830   9.867   9.894   9.914   9.948   9.949   9.970   9.979 
   10.000  10.038  10.043  10.064  10.075  10.091  10.139  10.150 
   10.177  10.190  10.219  10.225  10.230  10.253  10.258  10.276 
   10.276  10.299  10.321  10.365  10.389  10.394  10.408  10.507 
   10.540  10.544  10.555  10.573  10.584  10.605  10.619  10.651 
   10.652  10.677  10.695  10.726  10.729  10.751  10.754  10.765 
   10.781  10.801  10.825  10.826  10.855  10.891  10.898  10.929 
   10.956  10.959  10.978  10.998  11.024  11.030  11.077  11.093 
   11.120  11.129  11.153  11.160  11.185  11.286  11.314  11.328 
   11.389  11.392  11.444  11.460  11.487  11.511  11.523  11.545 
   11.569  11.574  11.628  11.646  11.703  11.748  11.821  12.144 
   12.152  12.172  12.227  12.257  12.394  12.421  12.447  12.574 
   12.644  12.659  12.719  12.769  12.807  12.832  12.933  13.095 
   13.107  13.130  13.144  13.159  13.165  13.215  13.258  13.282 
   13.316  13.329  13.346  13.647  13.898  14.177  14.267  14.269 
   14.317  14.325  14.332  14.367  14.435  14.438  14.473  14.483 
   14.515  14.578  14.897  14.942  15.340  15.480  15.508  15.537 
   15.808  16.308  16.439  16.709  16.762  16.794  16.798  16.802 
   16.843  16.846  16.874  16.877  16.889  16.945  16.994  17.121 
   17.409  17.872  18.112  18.259  18.260  18.262  18.262  18.263 
   18.263  18.275  18.281  18.282  18.284  18.289  18.289  18.289 
   18.290  18.293  18.293  18.294  18.294  18.295  18.295  18.295 
   18.295  18.299  18.301  18.310  18.336  18.403  18.406  18.413 
   18.416  18.424  18.425  18.432  18.448  18.453  18.458  18.536 
   18.553  18.556  18.572  18.616  18.714  18.742  18.762  18.781 
   18.809  18.821  18.869  18.889  18.901  18.909  18.976  19.009 
   19.014  19.042  19.088  19.096  19.125  19.127  19.178  19.194 
   19.271  19.296  19.366  19.366  19.369  19.384  19.389  19.405 
   19.423  19.493  19.513  19.524  19.574  19.742  19.755  19.836 
   19.849  19.863  19.871  20.135  20.196  20.310  20.409  20.828 
   21.132  21.199  22.768  22.768  23.414  23.701  23.702  23.709 
   23.712  23.714  23.715  23.721  23.724  23.726  23.730  23.734 
   23.753  23.759  23.761  23.796  23.819  23.857  23.883  23.924 
   23.953  23.958  23.961  23.978  23.990  24.080  24.286  24.313 
   24.331  24.375  24.378  24.382  24.388  24.450  24.470  24.520 
   24.521  24.531  24.552  24.683  24.686  24.692  24.694  24.697 
   24.706  24.718  24.720  24.726  24.726  24.762  24.777  24.782 
   24.792  24.804  24.810  24.832  24.846  25.202  25.203  25.220 
   25.226  25.244  25.248  25.267  25.282  25.286  25.294  25.313 
   25.349  25.500  25.537  25.553  25.598  25.621  25.632  25.704 
   25.714  25.726  25.758  25.776  25.789  25.937  25.953  26.002 
   26.009  26.016  26.023  26.039  26.049  26.086  26.115  26.148 
   26.157  26.412  26.416  26.436  26.443  26.501  26.570  28.195 
   28.217  28.226  28.236  28.247  28.257  28.264  28.272  28.281 
   28.285  28.326  28.359  29.102  29.107  29.134  29.166  29.174 
   29.183  29.204  29.209  29.240  29.244  29.258  29.276  29.282 
   29.318  29.566  29.587  29.590  29.596  37.108  37.126  37.144 
   37.154  37.484  37.520  41.077  41.249  46.827  46.834  46.849 
   46.854  46.868  46.871  46.875  46.880  46.924  46.941  46.959 
   47.099  48.358  48.498  48.509  48.555  48.560  48.586  63.987 
   79.336  79.353  79.366  79.367  79.382  79.382  79.388  79.401 
   79.404  79.405  79.434  79.460  79.886  79.887  79.903  79.920 
   79.923  79.927  79.938  79.948  79.954  79.964  79.970  79.984 
   80.162  80.182  80.245  80.256  80.265  80.269  92.679  92.680 
   92.683  92.685  92.691  92.694  92.697  92.705  92.706  92.710 
   92.721  92.732  92.764  92.783  92.786  92.804  92.853  92.856 
   92.872  92.875  92.879  92.888  92.900  92.904  92.933  92.940 
   92.960  92.964  92.971  92.976  92.985  92.990  93.003  93.007 
   93.022  93.026  93.154  93.158  93.171  93.171  93.228  93.255 
  103.082 103.095 103.118 103.128 103.462 103.509 131.697 131.700 
  131.715 131.717 131.728 131.729 131.738 131.744 131.783 131.791 
  131.807 131.911 132.710 132.783 133.086 133.116 133.120 133.149 
  233.991 234.003 234.012 234.013 234.021 234.023 234.026 234.036 
  234.040 234.040 234.059 234.078 234.380 234.382 234.392 234.405 
  234.406 234.410 234.416 234.423 234.429 234.435 234.440 234.449 
  234.563 234.578 234.651 234.658 234.664 234.666 249.666 249.666 
  249.666 249.666 249.668 249.668 249.669 249.669 249.670 249.670 
  249.671 249.671 249.671 249.672 249.673 249.673 249.673 249.673 
  249.674 249.674 249.674 249.675 249.675 249.675 249.675 249.676 
  249.676 249.676 249.677 249.677 249.678 249.678 249.679 249.679 
  249.679 249.679 249.679 249.679 249.680 249.680 249.680 249.680 
  249.681 249.681 249.681 249.681 249.682 249.682 249.683 249.683 
  249.685 249.685 249.686 249.686 273.693 273.705 273.729 273.738 
  274.062 274.108 366.473 366.474 366.483 366.487 366.496 366.497 
  366.510 366.516 366.548 366.551 366.564 366.647 367.071 367.087 
  367.228 367.238 367.244 367.255 367.284 367.285 367.288 367.289 
  367.290 367.292 367.292 367.296 367.297 367.303 367.304 367.307 
  367.322 367.331 367.332 367.338 367.354 367.357 367.369 367.372 
  367.374 367.375 367.377 367.379 367.406 367.408 367.416 367.416 
  367.419 367.422 367.423 367.424 367.429 367.432 367.440 367.444 
  367.776 367.829 367.913 367.922 367.935 367.969 712.730 712.738 
  712.745 712.745 712.750 712.752 712.754 712.761 712.764 712.764 
  712.776 712.789 713.004 713.005 713.012 713.021 713.021 713.025 
  713.028 713.034 713.038 713.042 713.045 713.052 713.110 713.120 
  713.155 713.160 713.165 713.166 717.852 717.865 717.889 717.896 
  718.184 718.229 1028.831 1028.832 1028.844 1028.844 1028.852 1028.852 
  1028.861 1028.866 1028.894 1028.897 1028.910 1028.981 1029.561 1029.610 
  1029.840 1029.859 1029.864 1029.885 2523.311 2523.346 2523.417 2523.449 
  2524.456 2524.597 


  >>> Running RHF-MP2 <<<


RMP2-TIMING
  rmp2                  :::     7139.902 (100.00%)
  Total                 :::     7139.902 (100.00%)

MP2 correlation energy (RHF) : -2.7728226369
MP2 total energy       (RHF) : -750.4002224375


  >>> Running UHF <<<

init D/C      : input mo_coeff
init ov       : zeros
no            : 36 37
nv            : 1107 1106
ov_size       : 80774
max_cycle     : 1000
conv          : 6
econv         : 9
method        : diis
mom_start     : 0
guess mix     : 0.000000
orb_swap      : [[[0, 36]], []]
init E        : -721.459890519936
init S2       : 0.750000000000078
init |[F,P]|  : 1.53e-02
init |dE|     : 3.43e-02
check file    : None

iter      total energy   |[F,P]|      |dE|         ∆E   S^2   comment
   1    -721.895752318  3.89e-03  1.17e-02  -4.36e-01  0.75  DIIS mom: 35.7/36 36.7/37
   2    -722.099332026  1.32e-03  3.66e-03  -2.04e-01  0.76  DIIS mom: 35.9/36 37.0/37
   3    -722.124988800  1.06e-04  3.06e-04  -2.57e-02  0.76  DIIS mom: 36.0/36 37.0/37
   4    -722.125348215  5.39e-05  1.51e-04  -3.59e-04  0.76  DIIS mom: 36.0/36 37.0/37
   5    -722.125452167  2.08e-05  5.69e-05  -1.04e-04  0.76  DIIS mom: 36.0/36 37.0/37
   6    -722.125478989  6.36e-06  1.64e-05  -2.68e-05  0.76  DIIS mom: 36.0/36 37.0/37
   7    -722.125481406  2.64e-06  6.62e-06  -2.42e-06  0.76  DIIS mom: 36.0/36 37.0/37
   8    -722.125481958  1.19e-06  2.88e-06  -5.53e-07  0.76  DIIS mom: 36.0/36 37.0/37
   9    -722.125482069  5.96e-07  1.42e-06  -1.10e-07  0.76  DIIS mom: 36.0/36 37.0/37
  10    -722.125482097  2.76e-07  6.63e-07  -2.80e-08  0.76  DIIS mom: 36.0/36 37.0/37
  11    -722.125482103  1.04e-07  2.59e-07  -6.75e-09  0.76  DIIS mom: 36.0/36 37.0/37
  12    -722.125482104  3.65e-08  9.23e-08  -8.87e-10  0.76  DIIS mom: 36.0/36 37.0/37
                                                                      diis is converged!

SCF converged : True
final |[F,P]| : 3.65e-08
final |dE|    : 9.23e-08
final Escf    : -1288.4746801104
final Etot    : -722.125482104206
final S2      : 0.76144194150838

  diis prep             :::        1.332 (  0.01%)
  diis extrap           :::        0.751 (  0.01%)
  roothaan              :::        5.181 (  0.05%)
  fock build            :::    10245.434 ( 99.93%)
  Total                 :::    10252.698 (100.00%)

Alpha occupied
  -26.642 -26.640 -26.562 -26.558 -26.540 -20.926 -11.920 -11.793 
   -2.295  -2.010  -1.969  -1.940  -1.865  -1.852  -1.755  -1.489 
   -1.394  -1.393  -1.270  -1.169  -1.118  -1.108  -1.063  -1.057 
   -1.019  -1.006  -0.980  -0.953  -0.949  -0.931  -0.904  -0.885 
   -0.876  -0.869  -0.861  -0.844 

Alpha virtual
  -24.630  -0.062  -0.008   0.002   0.010   0.020   0.057   0.070 
    0.075   0.099   0.106   0.123   0.128   0.139   0.166   0.181 
    0.202   0.207   0.218   0.235   0.247   0.257   0.260   0.289 
    0.320   0.330   0.359   0.369   0.372   0.379   0.392   0.426 
    0.434   0.450   0.456   0.475   0.477   0.486   0.499   0.511 
    0.519   0.527   0.551   0.578   0.589   0.613   0.639   0.644 
    0.684   0.696   0.740   0.746   0.807   0.841   0.848   0.865 
    0.888   0.909   0.911   0.941   0.997   1.022   1.043   1.061 
    1.088   1.117   1.149   1.164   1.190   1.192   1.207   1.227 
    1.238   1.261   1.275   1.289   1.302   1.331   1.341   1.368 
    1.371   1.380   1.389   1.405   1.452   1.462   1.483   1.503 
    1.512   1.542   1.549   1.549   1.573   1.594   1.604   1.626 
    1.631   1.658   1.674   1.680   1.686   1.709   1.729   1.741 
    1.765   1.780   1.789   1.812   1.831   1.835   1.851   1.857 
    1.871   1.889   1.894   1.925   1.928   1.955   1.967   2.007 
    2.051   2.090   2.130   2.133   2.139   2.194   2.216   2.234 
    2.266   2.301   2.339   2.358   2.372   2.409   2.432   2.469 
    2.498   2.508   2.523   2.536   2.583   2.596   2.625   2.629 
    2.669   2.689   2.700   2.725   2.767   2.787   2.838   2.854 
    2.920   2.943   2.958   2.970   2.983   3.013   3.030   3.051 
    3.075   3.097   3.100   3.139   3.165   3.184   3.201   3.212 
    3.234   3.244   3.256   3.270   3.291   3.344   3.357   3.382 
    3.389   3.411   3.424   3.450   3.466   3.500   3.520   3.547 
    3.571   3.581   3.598   3.635   3.643   3.662   3.690   3.713 
    3.722   3.732   3.747   3.763   3.799   3.823   3.841   3.847 
    3.866   3.869   3.895   3.902   3.927   3.934   3.974   3.981 
    4.001   4.008   4.025   4.050   4.068   4.082   4.106   4.117 
    4.131   4.137   4.157   4.184   4.201   4.238   4.253   4.270 
    4.281   4.329   4.350   4.361   4.380   4.385   4.410   4.434 
    4.449   4.475   4.496   4.511   4.526   4.555   4.566   4.595 
    4.603   4.625   4.674   4.715   4.752   4.769   4.792   4.830 
    4.837   4.881   4.903   4.931   4.946   4.993   4.996   5.009 
    5.090   5.111   5.150   5.161   5.173   5.249   5.314   5.319 
    5.322   5.336   5.383   5.409   5.422   5.447   5.466   5.482 
    5.496   5.537   5.539   5.591   5.632   5.636   5.641   5.675 
    5.724   5.759   5.789   5.811   5.865   5.910   5.953   5.978 
    5.990   6.012   6.070   6.112   6.139   6.204   6.254   6.378 
    6.417   6.494   6.579   6.632   6.639   6.754   6.905   6.949 
    6.993   7.028   7.077   7.090   7.104   7.122   7.149   7.164 
    7.201   7.211   7.226   7.238   7.279   7.296   7.309   7.313 
    7.332   7.364   7.391   7.412   7.419   7.427   7.448   7.464 
    7.486   7.500   7.514   7.538   7.577   7.594   7.611   7.636 
    7.684   7.702   7.710   7.714   7.761   7.767   7.800   7.835 
    7.844   7.876   7.911   7.948   7.969   8.020   8.033   8.056 
    8.089   8.122   8.140   8.168   8.189   8.246   8.260   8.338 
    8.383   8.427   8.467   8.476   8.538   8.563   8.591   8.649 
    8.674   8.701   8.737   8.781   8.800   8.856   8.910   8.990 
    9.009   9.057   9.079   9.085   9.107   9.147   9.158   9.194 
    9.230   9.247   9.255   9.265   9.277   9.289   9.302   9.333 
    9.346   9.392   9.397   9.400   9.471   9.482   9.524   9.541 
    9.582   9.614   9.619   9.628   9.658   9.678   9.695   9.706 
    9.747   9.767   9.790   9.806   9.825   9.832   9.847   9.874 
    9.890   9.911   9.917   9.949   9.954   9.967   9.996  10.007 
   10.044  10.067  10.075  10.088  10.121  10.125  10.150  10.181 
   10.225  10.243  10.259  10.293  10.305  10.331  10.348  10.356 
   10.379  10.405  10.428  10.432  10.441  10.463  10.473  10.504 
   10.517  10.531  10.556  10.567  10.570  10.594  10.638  10.652 
   10.670  10.690  10.710  10.722  10.750  10.772  10.799  10.821 
   10.838  10.859  10.867  10.908  10.951  10.963  11.017  11.048 
   11.084  11.134  11.139  11.179  11.209  11.224  11.238  11.285 
   11.298  11.322  11.354  11.367  11.420  11.465  11.509  11.572 
   11.870  11.883  11.948  11.970  12.024  12.072  12.187  12.212 
   12.276  12.333  12.438  12.445  12.527  12.554  12.603  12.678 
   12.694  12.754  12.882  12.892  12.923  12.969  12.982  12.998 
   13.014  13.057  13.127  13.139  13.394  13.623  13.810  13.947 
   13.998  14.048  14.051  14.102  14.119  14.148  14.186  14.229 
   14.262  14.291  14.370  14.651  14.695  15.098  15.236  15.263 
   15.293  15.563  15.973  16.027  16.142  16.194  16.485  16.537 
   16.582  16.599  16.608  16.619  16.650  16.692  16.712  16.772 
   16.860  17.110  17.526  17.815  17.823  17.832  17.833  17.861 
   17.908  17.962  18.013  18.020  18.025  18.040  18.041  18.042 
   18.042  18.054  18.078  18.079  18.085  18.097  18.099  18.105 
   18.105  18.108  18.109  18.110  18.123  18.129  18.132  18.132 
   18.135  18.142  18.181  18.208  18.213  18.227  18.238  18.250 
   18.258  18.279  18.328  18.373  18.377  18.403  18.483  18.507 
   18.526  18.553  18.569  18.608  18.629  18.650  18.665  18.711 
   18.730  18.756  18.805  18.812  18.846  18.895  18.908  18.934 
   18.975  18.999  19.028  19.034  19.094  19.108  19.165  19.181 
   19.198  19.207  19.247  19.275  19.278  19.336  19.458  19.500 
   19.514  19.588  19.659  19.686  19.889  19.950  20.065  20.165 
   20.578  20.885  20.953  22.519  22.521  23.162  23.199  23.204 
   23.325  23.353  23.455  23.462  23.474  23.477  23.522  23.526 
   23.538  23.538  23.545  23.563  23.571  23.590  23.593  23.622 
   23.664  23.686  23.697  23.749  23.791  23.797  23.816  23.893 
   23.901  24.088  24.101  24.117  24.150  24.185  24.193  24.195 
   24.200  24.208  24.225  24.274  24.287  24.335  24.365  24.439 
   24.445  24.458  24.486  24.504  24.508  24.511  24.521  24.533 
   24.541  24.554  24.594  24.600  24.613  24.651  24.661  24.664 
   24.867  24.922  24.992  25.013  25.019  25.043  25.058  25.085 
   25.104  25.108  25.112  25.138  25.280  25.342  25.366  25.377 
   25.395  25.429  25.444  25.462  25.509  25.541  25.554  25.604 
   25.731  25.755  25.773  25.795  25.814  25.817  25.833  25.845 
   25.904  25.931  25.967  26.162  26.220  26.247  26.263  26.365 
   27.360  27.390  27.945  27.975  27.985  28.001  28.044  28.063 
   28.079  28.094  28.108  28.136  28.294  28.321  28.560  28.891 
   28.895  28.940  28.949  28.969  28.989  29.009  29.026  29.067 
   29.091  29.112  29.161  29.315  29.392  29.419  36.092  36.869 
   36.932  36.975  37.145  37.326  40.780  41.010  45.447  45.557 
   46.581  46.593  46.626  46.643  46.668  46.683  46.689  46.733 
   46.749  46.838  47.112  48.175  48.281  48.299  48.356  48.390 
   63.739  77.732  77.752  78.246  78.261  78.564  79.097  79.117 
   79.127  79.138  79.176  79.191  79.212  79.221  79.226  79.246 
   79.642  79.655  79.673  79.694  79.711  79.725  79.746  79.763 
   79.785  79.796  79.934  79.985  79.990  80.069  80.088  91.126 
   91.138  91.244  91.266  91.387  91.390  91.601  92.424  92.429 
   92.447  92.461  92.498  92.506  92.513  92.517  92.523  92.537 
   92.544  92.560  92.594  92.599  92.614  92.624  92.669  92.685 
   92.697  92.700  92.707  92.717  92.722  92.738  92.755  92.780 
   92.786  92.809  92.830  92.843  92.894  92.947  92.975  92.986 
   93.064 101.222 102.838 102.903 102.947 103.107 103.310 129.382 
  129.474 130.617 131.447 131.453 131.485 131.500 131.535 131.541 
  131.552 131.591 131.600 131.667 132.553 132.632 132.856 132.921 
  132.955 231.180 231.195 231.544 231.553 231.774 233.744 233.753 
  233.764 233.770 233.823 233.833 233.849 233.857 233.860 233.872 
  234.129 234.138 234.151 234.166 234.201 234.210 234.226 234.238 
  234.258 234.266 234.333 234.387 234.388 234.470 234.488 247.306 
  247.306 247.311 247.311 247.312 247.312 247.314 247.321 247.322 
  249.399 249.399 249.400 249.402 249.404 249.404 249.405 249.406 
  249.407 249.408 249.410 249.411 249.411 249.412 249.412 249.413 
  249.413 249.415 249.479 249.479 249.482 249.483 249.484 249.485 
  249.485 249.487 249.488 249.488 249.489 249.490 249.491 249.492 
  249.492 249.493 249.496 249.497 249.503 249.503 249.507 249.507 
  249.508 249.511 249.511 249.514 249.514 270.702 273.448 273.513 
  273.557 273.703 273.909 362.956 363.033 363.794 364.060 364.066 
  364.109 364.117 364.177 364.178 364.483 366.219 366.224 366.254 
  366.266 366.303 366.312 366.321 366.358 366.363 366.412 366.881 
  366.900 366.979 367.021 367.029 367.030 367.036 367.058 367.062 
  367.063 367.083 367.092 367.101 367.103 367.108 367.109 367.113 
  367.118 367.129 367.140 367.144 367.150 367.153 367.158 367.167 
  367.175 367.189 367.196 367.199 367.224 367.231 367.233 367.239 
  367.259 367.265 367.564 367.625 367.676 367.732 367.776 708.499 
  708.508 708.754 708.760 708.883 712.477 712.482 712.490 712.495 
  712.556 712.564 712.573 712.583 712.585 712.591 712.749 712.755 
  712.764 712.774 712.822 712.828 712.840 712.848 712.855 712.867 
  712.875 712.891 712.932 712.973 712.989 713.638 717.608 717.673 
  717.716 717.834 718.031 1024.081 1024.147 1024.979 1028.576 1028.580 
  1028.604 1028.618 1028.662 1028.665 1028.676 1028.706 1028.710 1028.751 
  1029.390 1029.430 1029.601 1029.668 1029.695 2518.237 2523.102 2523.155 
  2523.258 2523.917 2524.363 

Beta occupied
  -30.143 -26.641 -26.639 -26.562 -26.558 -26.540 -20.925 -11.919 
  -11.793  -2.423  -2.013  -1.969  -1.938  -1.865  -1.852  -1.755 
   -1.568  -1.484  -1.483  -1.274  -1.172  -1.119  -1.110  -1.064 
   -1.057  -1.021  -1.006  -0.978  -0.953  -0.949  -0.931  -0.904 
   -0.885  -0.876  -0.869  -0.861  -0.843 

Beta virtual
   -0.072  -0.019  -0.003   0.006   0.017   0.057   0.070   0.074 
    0.099   0.105   0.121   0.127   0.138   0.166   0.181   0.200 
    0.207   0.218   0.236   0.247   0.256   0.259   0.290   0.321 
    0.329   0.358   0.368   0.373   0.379   0.392   0.426   0.434 
    0.450   0.455   0.474   0.477   0.486   0.499   0.511   0.519 
    0.527   0.550   0.578   0.588   0.611   0.638   0.644   0.684 
    0.695   0.738   0.741   0.805   0.840   0.848   0.866   0.887 
    0.909   0.912   0.941   0.997   1.022   1.042   1.063   1.090 
    1.118   1.150   1.162   1.190   1.191   1.207   1.224   1.239 
    1.261   1.275   1.289   1.302   1.330   1.339   1.368   1.372 
    1.380   1.387   1.404   1.446   1.461   1.479   1.499   1.512 
    1.542   1.548   1.550   1.571   1.594   1.604   1.625   1.631 
    1.655   1.673   1.678   1.686   1.709   1.728   1.740   1.765 
    1.780   1.789   1.812   1.830   1.836   1.849   1.858   1.869 
    1.889   1.894   1.925   1.929   1.955   1.967   2.005   2.049 
    2.090   2.120   2.133   2.138   2.191   2.215   2.230   2.262 
    2.298   2.336   2.357   2.370   2.401   2.431   2.467   2.495 
    2.506   2.523   2.534   2.581   2.595   2.624   2.628   2.669 
    2.688   2.698   2.725   2.768   2.787   2.838   2.855   2.920 
    2.942   2.959   2.970   2.984   3.012   3.030   3.052   3.075 
    3.098   3.099   3.139   3.164   3.184   3.201   3.211   3.234 
    3.245   3.255   3.270   3.291   3.344   3.357   3.382   3.388 
    3.411   3.424   3.449   3.466   3.500   3.520   3.548   3.570 
    3.581   3.597   3.635   3.643   3.661   3.690   3.713   3.722 
    3.732   3.747   3.762   3.799   3.823   3.841   3.846   3.866 
    3.867   3.895   3.902   3.927   3.934   3.972   3.981   4.000 
    4.008   4.025   4.050   4.068   4.081   4.105   4.117   4.131 
    4.137   4.156   4.183   4.200   4.238   4.252   4.269   4.281 
    4.327   4.345   4.361   4.377   4.385   4.409   4.434   4.447 
    4.474   4.495   4.511   4.524   4.554   4.562   4.591   4.600 
    4.622   4.667   4.710   4.749   4.762   4.791   4.828   4.836 
    4.880   4.900   4.929   4.943   4.989   4.994   5.007   5.083 
    5.106   5.149   5.161   5.173   5.222   5.298   5.313   5.319 
    5.335   5.373   5.409   5.416   5.445   5.465   5.479   5.494 
    5.530   5.539   5.591   5.621   5.629   5.641   5.670   5.717 
    5.745   5.786   5.804   5.863   5.902   5.945   5.977   5.990 
    6.010   6.070   6.111   6.138   6.202   6.254   6.377   6.416 
    6.489   6.578   6.630   6.637   6.754   6.898   6.946   6.993 
    7.024   7.075   7.089   7.104   7.123   7.148   7.164   7.201 
    7.211   7.227   7.239   7.279   7.297   7.309   7.313   7.332 
    7.365   7.391   7.411   7.419   7.427   7.447   7.462   7.486 
    7.500   7.513   7.535   7.575   7.593   7.611   7.637   7.684 
    7.701   7.710   7.714   7.762   7.767   7.800   7.835   7.844 
    7.876   7.911   7.948   7.969   8.020   8.033   8.055   8.089 
    8.122   8.139   8.168   8.189   8.246   8.259   8.338   8.383 
    8.427   8.465   8.476   8.536   8.563   8.592   8.649   8.674 
    8.700   8.736   8.781   8.800   8.855   8.910   8.990   9.007 
    9.057   9.079   9.084   9.106   9.146   9.158   9.193   9.229 
    9.246   9.255   9.265   9.276   9.289   9.302   9.332   9.346 
    9.392   9.396   9.400   9.469   9.480   9.523   9.540   9.582 
    9.612   9.618   9.626   9.658   9.678   9.694   9.705   9.747 
    9.766   9.789   9.805   9.824   9.832   9.846   9.872   9.885 
    9.910   9.915   9.948   9.952   9.966   9.992  10.007  10.043 
   10.067  10.075  10.087  10.120  10.123  10.150  10.180  10.224 
   10.241  10.254  10.290  10.303  10.324  10.343  10.355  10.377 
   10.405  10.426  10.431  10.438  10.460  10.470  10.503  10.515 
   10.529  10.554  10.567  10.569  10.592  10.638  10.652  10.668 
   10.688  10.707  10.721  10.749  10.772  10.798  10.821  10.838 
   10.858  10.866  10.907  10.951  10.963  11.015  11.047  11.084 
   11.128  11.137  11.179  11.203  11.223  11.237  11.284  11.297 
   11.320  11.354  11.366  11.419  11.464  11.507  11.572  11.869 
   11.882  11.948  11.970  12.011  12.037  12.186  12.212  12.242 
   12.330  12.435  12.440  12.523  12.551  12.601  12.669  12.676 
   12.747  12.880  12.892  12.923  12.969  12.981  12.997  13.011 
   13.056  13.126  13.138  13.386  13.611  13.744  13.930  13.993 
   14.044  14.050  14.094  14.118  14.147  14.186  14.228  14.262 
   14.291  14.370  14.651  14.694  15.097  15.236  15.261  15.292 
   15.560  15.784  15.902  16.088  16.194  16.483  16.537  16.582 
   16.599  16.607  16.619  16.650  16.692  16.711  16.772  16.855 
   17.079  17.481  17.815  17.823  17.833  17.833  17.851  17.906 
   17.962  18.009  18.020  18.025  18.040  18.041  18.042  18.042 
   18.054  18.078  18.079  18.085  18.097  18.099  18.105  18.105 
   18.108  18.108  18.110  18.123  18.125  18.132  18.132  18.136 
   18.140  18.179  18.202  18.213  18.227  18.237  18.250  18.258 
   18.278  18.325  18.373  18.376  18.397  18.483  18.506  18.524 
   18.553  18.569  18.607  18.627  18.650  18.665  18.710  18.728 
   18.756  18.804  18.812  18.846  18.895  18.908  18.934  18.971 
   18.998  19.025  19.030  19.094  19.108  19.165  19.181  19.198 
   19.207  19.246  19.275  19.278  19.336  19.447  19.500  19.514 
   19.588  19.659  19.686  19.889  19.950  20.065  20.165  20.578 
   20.886  20.953  22.520  22.522  23.160  23.192  23.198  23.319 
   23.347  23.455  23.462  23.474  23.477  23.522  23.526  23.538 
   23.538  23.545  23.563  23.571  23.590  23.592  23.622  23.664 
   23.686  23.697  23.749  23.791  23.797  23.813  23.885  23.896 
   24.087  24.101  24.117  24.145  24.180  24.188  24.195  24.198 
   24.205  24.216  24.272  24.287  24.335  24.365  24.438  24.445 
   24.457  24.485  24.504  24.508  24.511  24.520  24.532  24.541 
   24.554  24.592  24.598  24.606  24.644  24.651  24.659  24.854 
   24.915  24.992  25.009  25.017  25.041  25.057  25.083  25.103 
   25.104  25.110  25.138  25.276  25.338  25.363  25.373  25.383 
   25.426  25.443  25.458  25.507  25.540  25.554  25.604  25.729 
   25.755  25.770  25.791  25.800  25.817  25.833  25.845  25.903 
   25.931  25.967  26.163  26.220  26.247  26.263  26.365  27.292 
   27.323  27.938  27.972  27.982  28.001  28.043  28.063  28.079 
   28.094  28.107  28.135  28.233  28.265  28.493  28.891  28.895 
   28.940  28.949  28.969  28.989  29.009  29.026  29.066  29.091 
   29.111  29.157  29.315  29.392  29.419  35.672  36.869  36.932 
   36.975  37.136  37.326  40.769  41.009  45.056  45.169  46.578 
   46.593  46.626  46.643  46.660  46.677  46.688  46.730  46.743 
   46.760  46.847  48.173  48.281  48.300  48.355  48.390  63.739 
   77.546  77.567  78.061  78.076  78.379  79.097  79.116  79.127 
   79.137  79.176  79.191  79.212  79.221  79.226  79.246  79.642 
   79.655  79.673  79.694  79.711  79.725  79.746  79.763  79.785 
   79.796  79.934  79.985  79.990  80.069  80.088  91.032  91.044 
   91.150  91.172  91.293  91.296  91.507  92.424  92.430  92.447 
   92.461  92.498  92.506  92.513  92.517  92.523  92.537  92.544 
   92.561  92.594  92.599  92.614  92.624  92.669  92.685  92.697 
   92.700  92.707  92.717  92.722  92.738  92.755  92.780  92.786 
   92.809  92.830  92.843  92.894  92.947  92.975  92.986  93.064 
  100.650 102.838 102.903 102.947 103.103 103.310 128.865 128.958 
  130.109 131.447 131.453 131.485 131.500 131.535 131.541 131.552 
  131.591 131.600 131.666 132.552 132.630 132.856 132.921 132.955 
  230.860 230.875 231.224 231.234 231.454 233.744 233.753 233.764 
  233.770 233.823 233.833 233.849 233.857 233.860 233.872 234.129 
  234.138 234.151 234.166 234.201 234.210 234.226 234.238 234.258 
  234.266 234.333 234.387 234.388 234.470 234.488 247.194 247.194 
  247.199 247.199 247.200 247.200 247.203 247.209 247.210 249.400 
  249.400 249.401 249.402 249.404 249.404 249.405 249.406 249.408 
  249.408 249.410 249.411 249.411 249.412 249.412 249.413 249.413 
  249.415 249.479 249.479 249.482 249.483 249.484 249.485 249.485 
  249.487 249.488 249.488 249.489 249.490 249.491 249.492 249.492 
  249.493 249.496 249.497 249.503 249.503 249.507 249.507 249.508 
  249.511 249.511 249.514 249.514 270.151 273.448 273.513 273.557 
  273.701 273.909 362.464 362.542 363.368 363.823 363.829 363.872 
  363.880 363.938 363.940 364.182 366.219 366.224 366.254 366.266 
  366.303 366.312 366.321 366.358 366.363 366.412 366.881 366.900 
  366.979 367.021 367.029 367.030 367.036 367.058 367.062 367.063 
  367.083 367.092 367.101 367.103 367.108 367.109 367.113 367.118 
  367.129 367.140 367.144 367.150 367.153 367.158 367.167 367.175 
  367.189 367.196 367.199 367.224 367.231 367.233 367.239 367.259 
  367.265 367.564 367.625 367.676 367.732 367.776 708.157 708.167 
  708.412 708.419 708.541 712.477 712.482 712.490 712.495 712.556 
  712.564 712.573 712.583 712.585 712.591 712.748 712.755 712.764 
  712.774 712.822 712.828 712.839 712.847 712.849 712.867 712.875 
  712.891 712.932 712.973 712.989 713.201 717.608 717.673 717.716 
  717.833 718.031 1023.700 1023.767 1024.599 1028.576 1028.580 1028.604 
  1028.618 1028.662 1028.665 1028.676 1028.706 1028.710 1028.751 1029.389 
  1029.430 1029.601 1029.668 1029.695 2517.957 2523.102 2523.155 2523.258 
  2523.914 2524.363 

  SA 0  : 2 (0.99)    SB 0  : 0 (0.99)
  SA 1  : 4 (0.99)    SB 1  : 2 (0.99)
  SA 2  : 1 (0.99)    SB 2  : 4 (0.99)
  SA 3  : 5 (0.99)    SB 3  : 1 (0.99)
  SA 4  : 3 (0.99)    SB 4  : 5 (0.99)
  SA 5  : 6 (0.99)    SB 5  : 3 (0.99)
  SA 6  : 7 (1.00)    SB 6  : 6 (0.99)
  SA 7  : 8 (1.00)    SB 7  : 7 (1.00)
  SA 8  : 9 (0.22) 10 (0.21) 17 (0.19) 19 (0.17) 23 (0.17)    SB 8  : 8 (1.00)
  SA 9  : 11 (0.22) 20 (0.20)    SB 9  : 9 (0.22) 10 (0.21) 17 (0.17) 19 (0.18) 23 (0.19)
  SA 10 : 13 (0.13) 14 (0.16)    SB 10 : 11 (0.23) 20 (0.20)
  SA 11 : 11 (0.17) 20 (0.20) 22 (0.11) 29 (0.10) 32 (0.12) 34 (0.11)    SB 11 : 13 (0.13) 14 (0.16)
  SA 12 : 9 (0.12) 10 (0.12) 12 (0.11) 14 (0.16) 30 (0.11)    SB 12 : 11 (0.17) 20 (0.20) 22 (0.11) 29 (0.10) 32 (0.12) 34 (0.11)
  SA 13 : 13 (0.27) 21 (0.15) 25 (0.14) 27 (0.15)    SB 13 : 9 (0.12) 10 (0.12) 12 (0.11) 14 (0.16) 30 (0.11)
  SA 14 : 15 (0.47) 35 (0.19) 36 (0.20)    SB 14 : 13 (0.27) 21 (0.15) 25 (0.14) 27 (0.15)
  SA 15 : 17 (0.48) 19 (0.20) 23 (0.19)    SB 15 : 15 (0.46) 35 (0.19) 36 (0.20)
  SA 16 : 9 (0.16) 10 (0.15) 17 (0.15) 23 (0.44)    SB 16 : 17 (0.51) 19 (0.19) 23 (0.17)
  SA 17 : 9 (0.10) 19 (0.53) 23 (0.12)    SB 17 : 9 (0.25) 10 (0.25) 17 (0.24) 23 (0.16)
  SA 18 : 16 (0.50)    SB 18 : 19 (0.52) 23 (0.41)
  SA 19 : 11 (0.11) 20 (0.17) 22 (0.12) 32 (0.12)    SB 19 : 16 (0.51)
  SA 20 : 16 (0.15) 18 (0.11) 20 (0.10)    SB 20 : 11 (0.11) 20 (0.17) 22 (0.12) 32 (0.13)
  SA 21 : 11 (0.24) 20 (0.11) 34 (0.16)    SB 21 : 14 (0.10) 16 (0.15) 18 (0.11) 20 (0.10)
  SA 22 : 13 (0.11) 14 (0.19) 18 (0.13) 21 (0.13) 33 (0.12)    SB 22 : 11 (0.24) 20 (0.11) 34 (0.17)
  SA 23 : 13 (0.13) 24 (0.13) 27 (0.14) 31 (0.16)    SB 23 : 13 (0.12) 14 (0.17) 18 (0.12) 21 (0.13) 33 (0.12)
  SA 24 : 22 (0.14) 28 (0.25) 29 (0.15) 32 (0.17)    SB 24 : 13 (0.12) 24 (0.14) 27 (0.14) 31 (0.17)
  SA 25 : 26 (0.11) 29 (0.26) 34 (0.23)    SB 25 : 22 (0.15) 28 (0.26) 29 (0.19) 32 (0.17)
  SA 26 : 26 (0.34) 28 (0.29) 29 (0.20)    SB 26 : 26 (0.14) 29 (0.20) 34 (0.23)
  SA 27 : 22 (0.34) 32 (0.15)    SB 27 : 26 (0.33) 28 (0.29) 29 (0.21)
  SA 28 : 30 (0.12) 32 (0.16) 33 (0.13) 35 (0.13)    SB 28 : 22 (0.35) 32 (0.14)
  SA 29 : 24 (0.13) 31 (0.13) 33 (0.14)    SB 29 : 30 (0.12) 32 (0.16) 33 (0.14) 35 (0.13)
  SA 30 : 13 (0.20) 25 (0.17) 31 (0.13)    SB 30 : 24 (0.13) 31 (0.13) 33 (0.14)
  SA 31 : 12 (0.29) 14 (0.12) 30 (0.26)    SB 31 : 13 (0.20) 25 (0.17) 31 (0.13)
  SA 32 : 16 (0.11) 25 (0.24) 33 (0.11)    SB 32 : 12 (0.29) 14 (0.12) 30 (0.27)
  SA 33 : 15 (0.12) 21 (0.10) 25 (0.15)    SB 33 : 16 (0.11) 25 (0.26) 33 (0.10)
  SA 34 : 21 (0.26) 27 (0.27) 31 (0.14)    SB 34 : 15 (0.13) 25 (0.13)
  SA 35 : 35 (0.27) 36 (0.38)    SB 35 : 21 (0.26) 27 (0.27) 31 (0.14)
  SB 36 : 35 (0.27) 36 (0.38)

The transition for spin alpha is from 35 (0.01) to 1 (1.00).



  >>> Running UHF-MP2 <<<

MP2 correlation energy (UHF) : -2.7229662428
MP2 total energy       (UHF) : -724.8484483470

