	*********************************************** 
	***** Beginning CEBE Calculation with MOM ***** 
	*****       Calculation Details:          ***** 
	      Geometry:	 /work/morgunov/core/calculations/mols/exp/n/mnh2pyridi-n-e.xyz
	      Core Basis:	 cc-pCV5Z
	      Full Basis:	 cc-pV5Z
	      DIIS (start, space):	 0 50
	      Level shift:	 0
	      Do localization?:	 True
	      Atoms that were localized?:	 ['N']
	      Do SFX2C1E?:	 True
	      Freeze orbitals?:	 True
	      Use Cheng orbitals?:	 False
	      Do Special Basis?:	 False
	*********************************************** 
	*********************************************** 

  >>> Running RHF <<<

init D/C      : minao
init ov       : zeros
no            : 25
nv            : 1050
ov_size       : 26250
max_cycle     : 1000
conv          : 6
econv         : 9
method        : gdm
scale_stop    : 0
scale_factor  : 1.000000
init E        : -301.761810411053
init |[F,P]|  : 2.84e-03
init |dE|     : 6.40e-03
check file    : None

iter      total energy   |[F,P]|      |dE|         ∆E   comment
   1    -301.839803559  1.18e-03  2.67e-03  -7.80e-02  BFGS
   2    -301.850983843  4.68e-04  1.06e-03  -1.12e-02  BFGS
   3    -301.852531595  9.74e-05  2.24e-04  -1.55e-03  BFGS
   4    -301.852621199  4.28e-05  9.39e-05  -8.96e-05  BFGS
   5    -301.852642356  1.34e-05  3.05e-05  -2.12e-05  BFGS
   6    -301.852646500  5.25e-06  1.15e-05  -4.14e-06  BFGS
   7    -301.852647076  2.73e-06  6.09e-06  -5.76e-07  BFGS
   8    -301.852647265  1.14e-06  2.59e-06  -1.89e-07  BFGS
   9    -301.852647290  5.53e-07  1.26e-06  -2.55e-08  BFGS
  10    -301.852647293  1.78e-07  3.98e-07  -3.43e-09  BFGS
  11    -301.852647294  4.72e-08  1.09e-07  -3.88e-10  BFGS
                                                                      gdm is converged!

SCF converged : True
final |[F,P]| : 4.72e-08
final |dE|    : 1.09e-07
final Escf    : -576.920985308242
final Etot    : -301.852647293838

  pxp & ewc             :::        2.040 (  0.04%)
  apply B               :::        0.007 (  0.00%)
  linsrch               :::     5191.415 ( 99.96%)
  grad                  :::        0.076 (  0.00%)
  Total                 :::     5193.538 (100.00%)

Alpha occupied
  -15.571 -15.563 -11.282 -11.261 -11.256 -11.245 -11.239  -1.262 
   -1.218  -1.073  -1.009  -0.866  -0.843  -0.717  -0.708  -0.675 
   -0.625  -0.603  -0.572  -0.560  -0.528  -0.480  -0.416  -0.374 
   -0.307 

Alpha virtual
    0.081   0.096   0.100   0.109   0.126   0.131   0.141   0.168 
    0.187   0.192   0.201   0.228   0.233   0.241   0.249   0.257 
    0.280   0.291   0.300   0.317   0.332   0.340   0.346   0.352 
    0.370   0.383   0.384   0.397   0.402   0.407   0.420   0.427 
    0.440   0.461   0.465   0.478   0.483   0.490   0.496   0.506 
    0.517   0.531   0.563   0.577   0.589   0.601   0.609   0.615 
    0.620   0.625   0.644   0.662   0.680   0.691   0.712   0.715 
    0.725   0.730   0.747   0.751   0.767   0.775   0.787   0.800 
    0.807   0.823   0.830   0.841   0.850   0.857   0.869   0.876 
    0.882   0.909   0.918   0.929   0.941   0.948   0.962   0.974 
    0.989   0.995   1.002   1.003   1.025   1.036   1.043   1.048 
    1.064   1.069   1.074   1.083   1.085   1.091   1.113   1.129 
    1.134   1.142   1.163   1.181   1.194   1.206   1.230   1.240 
    1.246   1.265   1.267   1.296   1.307   1.329   1.347   1.358 
    1.363   1.386   1.404   1.417   1.439   1.448   1.485   1.503 
    1.517   1.522   1.529   1.549   1.571   1.573   1.597   1.604 
    1.609   1.613   1.621   1.625   1.639   1.652   1.656   1.659 
    1.666   1.672   1.684   1.704   1.711   1.714   1.747   1.750 
    1.762   1.771   1.791   1.807   1.820   1.825   1.838   1.844 
    1.858   1.871   1.880   1.907   1.935   1.946   1.959   1.965 
    1.981   1.988   1.992   2.003   2.019   2.026   2.029   2.044 
    2.053   2.062   2.075   2.099   2.103   2.110   2.113   2.121 
    2.135   2.139   2.158   2.167   2.179   2.195   2.196   2.209 
    2.221   2.236   2.243   2.253   2.276   2.293   2.298   2.321 
    2.336   2.348   2.362   2.368   2.386   2.393   2.394   2.427 
    2.439   2.445   2.477   2.495   2.510   2.523   2.549   2.556 
    2.566   2.584   2.594   2.619   2.641   2.646   2.672   2.680 
    2.692   2.716   2.732   2.747   2.756   2.807   2.823   2.831 
    2.837   2.859   2.871   2.882   2.899   2.926   2.941   2.949 
    2.955   2.967   2.984   3.000   3.021   3.035   3.046   3.082 
    3.122   3.150   3.162   3.181   3.193   3.210   3.223   3.228 
    3.239   3.254   3.273   3.287   3.305   3.344   3.360   3.370 
    3.374   3.397   3.401   3.403   3.422   3.440   3.456   3.463 
    3.493   3.496   3.514   3.539   3.561   3.565   3.588   3.609 
    3.634   3.656   3.669   3.684   3.703   3.719   3.729   3.747 
    3.768   3.773   3.787   3.794   3.819   3.826   3.846   3.850 
    3.859   3.886   3.900   3.916   3.926   3.935   3.936   3.957 
    3.959   3.980   3.990   4.005   4.023   4.032   4.049   4.060 
    4.066   4.076   4.100   4.123   4.134   4.156   4.176   4.185 
    4.198   4.204   4.221   4.235   4.247   4.256   4.275   4.281 
    4.296   4.298   4.326   4.335   4.347   4.364   4.379   4.389 
    4.410   4.419   4.439   4.449   4.459   4.467   4.484   4.519 
    4.534   4.576   4.582   4.601   4.623   4.631   4.647   4.652 
    4.669   4.692   4.706   4.723   4.729   4.739   4.751   4.757 
    4.774   4.784   4.797   4.806   4.814   4.831   4.857   4.867 
    4.881   4.889   4.901   4.926   4.935   4.950   4.960   4.985 
    4.987   5.005   5.028   5.036   5.046   5.068   5.081   5.105 
    5.117   5.128   5.142   5.169   5.172   5.176   5.194   5.209 
    5.215   5.218   5.239   5.259   5.279   5.283   5.299   5.304 
    5.327   5.336   5.364   5.370   5.391   5.394   5.436   5.446 
    5.459   5.467   5.487   5.511   5.520   5.533   5.546   5.559 
    5.566   5.585   5.615   5.620   5.648   5.653   5.681   5.702 
    5.704   5.746   5.774   5.793   5.800   5.815   5.833   5.844 
    5.860   5.872   5.877   5.894   5.913   5.950   5.956   5.990 
    5.995   6.007   6.037   6.046   6.049   6.078   6.109   6.125 
    6.161   6.171   6.181   6.228   6.245   6.256   6.270   6.296 
    6.330   6.344   6.359   6.381   6.395   6.428   6.441   6.499 
    6.524   6.540   6.568   6.585   6.599   6.627   6.672   6.691 
    6.696   6.731   6.744   6.772   6.786   6.801   6.817   6.839 
    6.874   6.896   6.918   6.972   7.001   7.050   7.060   7.088 
    7.094   7.142   7.158   7.162   7.198   7.211   7.276   7.296 
    7.341   7.346   7.372   7.414   7.451   7.478   7.495   7.528 
    7.567   7.568   7.602   7.611   7.703   7.744   7.757   7.771 
    7.789   7.855   7.883   7.918   7.931   7.969   7.990   8.016 
    8.078   8.089   8.097   8.151   8.167   8.174   8.216   8.290 
    8.300   8.329   8.356   8.366   8.377   8.385   8.400   8.425 
    8.440   8.451   8.497   8.527   8.534   8.555   8.606   8.636 
    8.640   8.708   8.722   8.755   8.773   8.784   8.805   8.823 
    8.867   8.899   8.933   8.941   8.961   8.974   8.983   9.001 
    9.015   9.064   9.069   9.075   9.106   9.116   9.134   9.175 
    9.199   9.210   9.240   9.291   9.301   9.323   9.346   9.415 
    9.440   9.444   9.493   9.511   9.535   9.556   9.623   9.635 
    9.643   9.677   9.714   9.774   9.800   9.834   9.869   9.897 
    9.918   9.947   9.974  10.021  10.044  10.062  10.076  10.132 
   10.136  10.149  10.198  10.208  10.234  10.252  10.262  10.274 
   10.292  10.306  10.325  10.370  10.371  10.389  10.408  10.434 
   10.436  10.462  10.476  10.502  10.514  10.546  10.561  10.612 
   10.624  10.636  10.688  10.698  10.717  10.734  10.766  10.797 
   10.847  10.883  10.907  10.924  10.939  10.961  10.982  11.038 
   11.044  11.049  11.076  11.085  11.100  11.133  11.149  11.170 
   11.193  11.197  11.220  11.251  11.273  11.297  11.300  11.308 
   11.351  11.367  11.384  11.397  11.414  11.451  11.461  11.465 
   11.499  11.509  11.533  11.552  11.577  11.611  11.634  11.642 
   11.678  11.692  11.705  11.725  11.735  11.755  11.808  11.852 
   11.897  11.926  11.982  11.999  12.002  12.043  12.070  12.117 
   12.150  12.176  12.208  12.247  12.254  12.308  12.347  12.379 
   12.388  12.447  12.448  12.480  12.507  12.547  12.558  12.594 
   12.609  12.633  12.663  12.676  12.698  12.702  12.723  12.752 
   12.768  12.771  12.780  12.803  12.814  12.831  12.833  12.837 
   12.862  12.865  12.883  12.897  12.905  12.921  12.929  12.944 
   12.961  12.967  12.985  12.997  13.015  13.059  13.087  13.130 
   13.149  13.151  13.163  13.205  13.229  13.254  13.270  13.283 
   13.296  13.335  13.346  13.361  13.387  13.405  13.471  13.500 
   13.523  13.546  13.557  13.570  13.592  13.620  13.637  13.647 
   13.675  13.689  13.704  13.723  13.728  13.744  13.790  13.800 
   13.814  13.840  13.875  13.903  13.914  13.921  13.949  13.968 
   13.971  13.989  14.007  14.017  14.033  14.047  14.060  14.066 
   14.086  14.120  14.142  14.160  14.178  14.192  14.215  14.224 
   14.231  14.247  14.267  14.289  14.299  14.310  14.335  14.358 
   14.369  14.387  14.406  14.421  14.434  14.438  14.447  14.465 
   14.513  14.526  14.544  14.559  14.604  14.609  14.621  14.649 
   14.651  14.699  14.743  14.771  14.782  14.813  14.838  14.848 
   14.863  14.885  14.903  14.954  14.981  15.002  15.046  15.050 
   15.068  15.091  15.144  15.165  15.174  15.210  15.231  15.288 
   15.303  15.350  15.377  15.412  15.435  15.442  15.487  15.504 
   15.578  15.602  15.615  15.629  15.693  15.710  15.733  15.766 
   15.782  15.808  15.820  15.887  15.956  16.009  16.036  16.125 
   16.138  16.160  16.205  16.254  16.305  16.345  16.365  16.403 
   16.440  16.462  16.483  16.571  16.629  16.680  16.684  16.704 
   16.784  16.839  16.875  16.901  16.926  16.974  17.027  17.078 
   17.175  17.321  17.326  17.355  17.397  17.491  17.544  17.577 
   17.598  17.666  17.687  17.720  17.790  17.860  17.905  17.909 
   17.977  18.033  18.045  18.066  18.102  18.140  18.180  18.211 
   18.249  18.272  18.321  18.488  18.490  18.574  18.664  18.801 
   18.854  18.933  18.963  19.018  19.175  19.343  19.511  19.637 
   19.857  20.016  20.243  20.600  20.854  20.894  20.964  21.028 
   21.124  21.135  21.399  21.523  21.531  22.949  23.721  25.330 
   26.753  30.013  30.717  31.318  32.116  32.323  32.878  39.719 
   41.129  41.488  42.166  42.687  50.620  50.816  51.052  51.132 
   51.168  51.447  51.843  51.980  52.032  52.547  58.730  58.823 
   59.028  59.137  59.160  59.166  59.176  59.318  59.348  59.468 
   59.605  59.621  59.718  60.041  66.289  66.893  83.148  83.690 
   84.221  84.956  85.054  85.295 150.701 150.834 151.015 151.043 
  151.059 151.281 151.559 151.633 151.698 152.039 172.642 173.190 
  209.069 209.070 209.074 209.075 209.075 209.076 209.077 209.078 
  209.081 209.082 209.082 209.083 209.085 209.087 209.090 209.092 
  209.095 209.096 230.044 230.488 230.942 231.545 231.614 231.807 
  236.330 236.371 236.457 236.501 236.507 236.537 236.538 236.586 
  236.590 236.655 236.691 236.719 236.740 236.899 450.336 450.843 
  456.920 457.025 457.142 457.153 457.162 457.347 457.518 457.574 
  457.629 457.853 644.203 644.578 644.965 645.502 645.567 645.736 
  1576.937 1578.721 


  >>> Running RHF-MP2 <<<


RMP2-TIMING
  rmp2                  :::     4036.391 (100.00%)
  Total                 :::     4036.391 (100.00%)

MP2 correlation energy (RHF) : -1.5879746639
MP2 total energy       (RHF) : -303.4406219577


  >>> Running UHF <<<

init D/C      : input mo_coeff
init ov       : zeros
no            : 24 25
nv            : 1051 1050
ov_size       : 51474
max_cycle     : 1000
conv          : 6
econv         : 9
method        : diis
mom_start     : 0
guess mix     : 0.000000
orb_swap      : [[[1, 24]], []]
init E        : -286.36429567556
init S2       : 0.749999999999996
init |[F,P]|  : 1.13e-02
init |dE|     : 2.66e-02
check file    : None

iter      total energy   |[F,P]|      |dE|         ∆E   S^2   comment
   1    -286.576556754  5.69e-03  1.50e-02  -2.12e-01  0.75  DIIS mom: 23.5/24 24.5/25
   2    -286.964086132  1.81e-03  4.32e-03  -3.88e-01  0.76  DIIS mom: 23.8/24 24.8/25
   3    -287.009834039  2.52e-04  5.81e-04  -4.57e-02  0.76  DIIS mom: 24.0/24 25.0/25
   4    -287.011643202  1.40e-04  3.29e-04  -1.81e-03  0.77  DIIS mom: 24.0/24 25.0/25
   5    -287.012437741  8.36e-05  1.89e-04  -7.95e-04  0.78  DIIS mom: 24.0/24 25.0/25
   6    -287.013132195  5.75e-05  1.19e-04  -6.94e-04  0.79  DIIS mom: 24.0/24 25.0/25
   7    -287.013463586  5.08e-05  1.02e-04  -3.31e-04  0.80  DIIS mom: 24.0/24 25.0/25
   8    -287.013843021  4.77e-05  9.45e-05  -3.79e-04  0.81  DIIS mom: 24.0/24 25.0/25
   9    -287.014400964  4.43e-05  8.69e-05  -5.58e-04  0.84  DIIS mom: 24.0/24 25.0/25
  10    -287.015189600  4.01e-05  7.91e-05  -7.89e-04  0.89  DIIS mom: 24.0/24 25.0/25
  11    -287.015741755  3.48e-05  6.87e-05  -5.52e-04  0.95  DIIS mom: 24.0/24 25.0/25
  12    -287.016151120  3.25e-05  6.42e-05  -4.09e-04  0.99  DIIS mom: 24.0/24 25.0/25
  13    -287.016361231  3.15e-05  6.19e-05  -2.10e-04  1.01  DIIS mom: 24.0/24 25.0/25
  14    -287.016559211  3.08e-05  6.03e-05  -1.98e-04  1.03  DIIS mom: 24.0/24 25.0/25
  15    -287.017168224  2.82e-05  5.74e-05  -6.09e-04  1.09  DIIS mom: 24.0/24 25.0/25
  16    -287.017545531  1.63e-05  3.75e-05  -3.77e-04  1.20  DIIS mom: 24.0/24 25.0/25
  17    -287.017355349  2.29e-05  4.82e-05   1.90e-04  1.12  DIIS mom: 24.0/24 25.0/25
  18    -287.017537026  9.19e-06  1.89e-05  -1.82e-04  1.18  DIIS mom: 24.0/24 25.0/25
  19    -287.017541635  9.07e-06  1.90e-05  -4.61e-06  1.23  DIIS mom: 24.0/24 25.0/25
  20    -287.017559605  3.64e-06  8.06e-06  -1.80e-05  1.20  DIIS mom: 24.0/24 25.0/25
  21    -287.017559331  3.09e-06  6.51e-06   2.74e-07  1.20  DIIS mom: 24.0/24 25.0/25
  22    -287.017561848  9.01e-07  1.94e-06  -2.52e-06  1.20  DIIS mom: 24.0/24 25.0/25
  23    -287.017561961  4.95e-07  1.06e-06  -1.13e-07  1.21  DIIS mom: 24.0/24 25.0/25
  24    -287.017562013  7.49e-08  1.57e-07  -5.22e-08  1.21  DIIS mom: 24.0/24 25.0/25
  25    -287.017562014  4.76e-08  9.95e-08  -7.26e-10  1.21  DIIS mom: 24.0/24 25.0/25
                                                                      diis is converged!

SCF converged : True
final |[F,P]| : 4.76e-08
final |dE|    : 9.95e-08
final Escf    : -562.08590002831
final Etot    : -287.017562013906
final S2      : 1.20699902809451

  diis prep             :::        2.523 (  0.02%)
  diis extrap           :::        2.686 (  0.02%)
  roothaan              :::        9.716 (  0.07%)
  fock build            :::    13110.681 ( 99.89%)
  Total                 :::    13125.605 (100.00%)

Alpha occupied
  -15.760 -11.532 -11.528 -11.512 -11.476 -11.445  -1.563  -1.427 
   -1.306  -1.254  -1.101  -1.089  -0.955  -0.940  -0.883  -0.839 
   -0.837  -0.832  -0.823  -0.759  -0.713  -0.705  -0.615  -0.528 

Alpha virtual
  -14.082  -0.150  -0.067  -0.055  -0.039  -0.031  -0.009   0.003 
    0.018   0.028   0.037   0.045   0.068   0.080   0.087   0.095 
    0.104   0.118   0.128   0.139   0.160   0.167   0.175   0.181 
    0.185   0.203   0.209   0.224   0.233   0.236   0.239   0.243 
    0.259   0.270   0.279   0.287   0.297   0.304   0.310   0.316 
    0.336   0.347   0.358   0.385   0.394   0.407   0.425   0.427 
    0.431   0.440   0.446   0.453   0.485   0.503   0.520   0.531 
    0.540   0.544   0.555   0.561   0.573   0.578   0.593   0.607 
    0.621   0.633   0.637   0.648   0.656   0.670   0.676   0.693 
    0.693   0.696   0.717   0.732   0.741   0.756   0.764   0.771 
    0.789   0.801   0.802   0.806   0.825   0.833   0.858   0.866 
    0.874   0.879   0.883   0.899   0.902   0.906   0.914   0.929 
    0.943   0.948   0.960   0.973   0.999   1.008   1.021   1.028 
    1.045   1.046   1.057   1.064   1.092   1.121   1.123   1.139 
    1.170   1.177   1.191   1.210   1.222   1.248   1.260   1.298 
    1.314   1.322   1.328   1.345   1.355   1.370   1.384   1.400 
    1.409   1.412   1.418   1.427   1.431   1.441   1.453   1.460 
    1.466   1.476   1.477   1.491   1.512   1.519   1.524   1.550 
    1.555   1.563   1.577   1.599   1.611   1.620   1.629   1.632 
    1.646   1.663   1.675   1.685   1.700   1.729   1.751   1.761 
    1.776   1.779   1.790   1.800   1.812   1.821   1.831   1.835 
    1.853   1.862   1.872   1.882   1.901   1.909   1.916   1.926 
    1.935   1.939   1.953   1.975   1.976   1.983   2.003   2.006 
    2.017   2.024   2.040   2.045   2.056   2.076   2.090   2.094 
    2.124   2.143   2.155   2.163   2.175   2.186   2.189   2.200 
    2.223   2.241   2.253   2.275   2.292   2.310   2.317   2.345 
    2.349   2.362   2.388   2.403   2.414   2.435   2.448   2.474 
    2.479   2.490   2.511   2.526   2.537   2.554   2.604   2.609 
    2.624   2.643   2.659   2.671   2.694   2.704   2.718   2.726 
    2.738   2.753   2.765   2.783   2.788   2.814   2.839   2.841 
    2.876   2.909   2.943   2.949   2.965   2.978   2.990   3.010 
    3.016   3.025   3.038   3.062   3.076   3.092   3.134   3.145 
    3.164   3.175   3.182   3.191   3.197   3.217   3.231   3.239 
    3.251   3.279   3.285   3.307   3.335   3.348   3.361   3.382 
    3.398   3.418   3.435   3.446   3.466   3.482   3.499   3.528 
    3.530   3.550   3.555   3.572   3.580   3.601   3.612   3.632 
    3.642   3.645   3.671   3.685   3.701   3.704   3.714   3.722 
    3.735   3.749   3.770   3.778   3.795   3.808   3.821   3.825 
    3.841   3.852   3.865   3.887   3.912   3.919   3.948   3.958 
    3.980   3.984   3.993   4.008   4.028   4.043   4.056   4.060 
    4.072   4.080   4.088   4.108   4.123   4.136   4.147   4.170 
    4.180   4.199   4.211   4.221   4.241   4.243   4.256   4.274 
    4.312   4.322   4.362   4.366   4.397   4.408   4.430   4.435 
    4.449   4.468   4.473   4.497   4.506   4.516   4.528   4.545 
    4.545   4.561   4.568   4.582   4.600   4.604   4.625   4.653 
    4.658   4.669   4.687   4.689   4.717   4.722   4.751   4.753 
    4.770   4.788   4.802   4.822   4.828   4.849   4.859   4.885 
    4.896   4.909   4.918   4.934   4.960   4.963   4.970   4.989 
    5.008   5.013   5.020   5.041   5.051   5.064   5.077   5.089 
    5.095   5.113   5.126   5.152   5.163   5.183   5.194   5.224 
    5.239   5.252   5.261   5.281   5.302   5.312   5.329   5.333 
    5.349   5.356   5.375   5.405   5.411   5.437   5.445   5.473 
    5.487   5.496   5.533   5.562   5.575   5.593   5.604   5.621 
    5.626   5.646   5.661   5.667   5.685   5.692   5.723   5.744 
    5.771   5.776   5.786   5.823   5.829   5.836   5.871   5.900 
    5.914   5.945   5.961   5.976   6.013   6.028   6.037   6.058 
    6.082   6.111   6.133   6.141   6.167   6.179   6.210   6.222 
    6.290   6.303   6.325   6.351   6.366   6.374   6.423   6.454 
    6.472   6.484   6.518   6.528   6.563   6.573   6.580   6.597 
    6.618   6.650   6.678   6.696   6.749   6.802   6.846   6.857 
    6.880   6.885   6.926   6.951   6.955   6.988   7.017   7.068 
    7.094   7.118   7.125   7.160   7.203   7.229   7.257   7.272 
    7.307   7.342   7.344   7.377   7.383   7.478   7.496   7.517 
    7.540   7.557   7.625   7.658   7.708   7.712   7.749   7.771 
    7.797   7.858   7.862   7.875   7.925   7.943   7.952   8.000 
    8.057   8.077   8.105   8.122   8.141   8.148   8.165   8.167 
    8.186   8.208   8.234   8.283   8.306   8.325   8.333   8.381 
    8.418   8.431   8.497   8.505   8.530   8.547   8.552   8.566 
    8.602   8.629   8.668   8.689   8.702   8.733   8.743   8.752 
    8.768   8.796   8.831   8.839   8.849   8.874   8.885   8.895 
    8.946   8.966   8.986   9.006   9.065   9.082   9.097   9.110 
    9.180   9.196   9.214   9.255   9.283   9.306   9.323   9.392 
    9.403   9.416   9.442   9.485   9.543   9.558   9.593   9.634 
    9.666   9.672   9.717   9.748   9.788   9.809   9.820   9.845 
    9.902   9.914   9.923   9.963   9.973  10.004  10.022  10.032 
   10.044  10.059  10.078  10.089  10.128  10.133  10.150  10.169 
   10.187  10.193  10.225  10.244  10.269  10.275  10.304  10.322 
   10.373  10.388  10.395  10.436  10.465  10.479  10.507  10.534 
   10.562  10.568  10.627  10.665  10.697  10.708  10.737  10.750 
   10.799  10.806  10.808  10.840  10.855  10.870  10.905  10.923 
   10.939  10.963  10.965  10.989  11.014  11.044  11.067  11.077 
   11.090  11.125  11.138  11.152  11.169  11.192  11.226  11.239 
   11.244  11.276  11.285  11.303  11.328  11.360  11.381  11.399 
   11.414  11.446  11.467  11.487  11.493  11.509  11.543  11.573 
   11.617  11.645  11.698  11.747  11.766  11.781  11.822  11.841 
   11.888  11.914  11.952  11.971  12.012  12.027  12.091  12.119 
   12.156  12.178  12.220  12.225  12.264  12.288  12.320  12.331 
   12.380  12.397  12.412  12.435  12.458  12.476  12.488  12.509 
   12.535  12.562  12.568  12.572  12.590  12.606  12.612  12.615 
   12.618  12.648  12.655  12.676  12.687  12.696  12.712  12.721 
   12.733  12.745  12.758  12.775  12.780  12.798  12.848  12.858 
   12.913  12.926  12.940  12.950  12.978  13.006  13.011  13.059 
   13.068  13.079  13.115  13.122  13.145  13.163  13.189  13.254 
   13.279  13.293  13.315  13.322  13.337  13.382  13.425  13.428 
   13.453  13.473  13.481  13.500  13.506  13.518  13.535  13.580 
   13.595  13.619  13.635  13.666  13.697  13.705  13.721  13.741 
   13.763  13.766  13.780  13.804  13.811  13.819  13.833  13.841 
   13.855  13.881  13.915  13.934  13.950  13.963  13.983  14.005 
   14.013  14.025  14.034  14.047  14.086  14.088  14.108  14.121 
   14.145  14.157  14.184  14.205  14.207  14.211  14.228  14.243 
   14.257  14.290  14.302  14.334  14.341  14.361  14.385  14.401 
   14.437  14.448  14.491  14.532  14.549  14.567  14.571  14.613 
   14.635  14.649  14.664  14.685  14.736  14.773  14.783  14.801 
   14.835  14.853  14.882  14.900  14.933  14.941  14.993  15.017 
   15.064  15.081  15.122  15.149  15.153  15.211  15.228  15.269 
   15.280  15.322  15.340  15.378  15.422  15.475  15.489  15.520 
   15.546  15.560  15.580  15.598  15.677  15.717  15.792  15.818 
   15.894  15.917  15.941  15.984  16.054  16.110  16.122  16.147 
   16.207  16.220  16.243  16.281  16.348  16.376  16.428  16.440 
   16.471  16.501  16.523  16.692  16.711  16.729  16.769  16.815 
   16.856  16.950  17.118  17.133  17.147  17.206  17.245  17.287 
   17.326  17.365  17.443  17.472  17.480  17.519  17.547  17.656 
   17.685  17.714  17.732  17.770  17.850  17.885  17.922  17.951 
   17.960  18.028  18.038  18.050  18.112  18.262  18.289  18.389 
   18.451  18.666  18.717  18.736  18.789  18.976  19.123  19.285 
   19.363  19.512  19.642  19.753  20.421  20.647  20.707  20.775 
   20.846  20.892  20.919  21.189  21.341  21.350  22.767  23.540 
   24.592  26.566  29.047  30.339  30.532  31.150  32.131  32.691 
   39.486  40.894  41.237  41.910  42.457  49.411  49.608  49.841 
   50.619  50.805  50.944  50.980  51.260  51.795  52.359  57.581 
   57.676  57.983  58.005  58.016  58.297  58.538  58.840  58.984 
   59.131  59.159  59.419  59.439  59.854  64.855  66.702  81.439 
   82.501  83.235  83.501  84.863  85.107 148.557 148.691 148.871 
  149.406 149.545 150.853 150.870 151.092 151.445 151.850 170.326 
  172.998 207.028 207.029 207.034 207.037 207.039 207.040 207.041 
  207.042 207.043 208.885 208.886 208.887 208.892 208.892 208.896 
  208.898 208.902 208.904 227.407 228.299 228.901 230.299 231.423 
  231.619 233.891 233.934 234.059 234.065 234.098 234.206 234.287 
  236.268 236.347 236.397 236.401 236.504 236.530 236.710 447.094 
  450.652 453.719 453.824 453.942 454.312 454.423 456.962 456.973 
  457.159 457.386 457.665 640.642 641.402 641.937 644.389 645.377 
  645.548 1572.870 1578.525 

Beta occupied
  -18.373 -15.761 -11.535 -11.514 -11.513 -11.467 -11.453  -1.651 
   -1.432  -1.308  -1.263  -1.116  -1.100  -0.979  -0.946  -0.933 
   -0.886  -0.865  -0.844  -0.825  -0.762  -0.731  -0.724  -0.617 
   -0.542 

Beta virtual
   -0.146  -0.059  -0.053  -0.039  -0.030  -0.009   0.001   0.018 
    0.021   0.037   0.043   0.075   0.082   0.090   0.097   0.103 
    0.108   0.128   0.142   0.154   0.166   0.179   0.181   0.187 
    0.204   0.208   0.222   0.228   0.235   0.237   0.244   0.256 
    0.262   0.278   0.287   0.295   0.303   0.305   0.315   0.335 
    0.347   0.359   0.379   0.392   0.407   0.423   0.426   0.432 
    0.443   0.446   0.456   0.486   0.504   0.519   0.530   0.539 
    0.541   0.554   0.561   0.573   0.578   0.590   0.610   0.621 
    0.632   0.640   0.648   0.657   0.669   0.676   0.690   0.694 
    0.696   0.722   0.733   0.741   0.756   0.766   0.772   0.787 
    0.798   0.801   0.809   0.826   0.827   0.856   0.868   0.874 
    0.877   0.882   0.900   0.903   0.906   0.912   0.928   0.943 
    0.948   0.961   0.973   1.000   1.010   1.020   1.023   1.043 
    1.045   1.058   1.066   1.091   1.109   1.123   1.137   1.168 
    1.173   1.189   1.208   1.224   1.248   1.261   1.298   1.314 
    1.321   1.327   1.346   1.353   1.372   1.385   1.398   1.409 
    1.414   1.419   1.427   1.430   1.442   1.454   1.459   1.466 
    1.473   1.478   1.490   1.511   1.518   1.524   1.548   1.553 
    1.561   1.575   1.597   1.611   1.622   1.627   1.632   1.647 
    1.662   1.674   1.686   1.695   1.732   1.749   1.761   1.775 
    1.778   1.791   1.799   1.813   1.823   1.831   1.835   1.854 
    1.862   1.871   1.880   1.901   1.910   1.916   1.927   1.935 
    1.939   1.952   1.974   1.976   1.984   2.002   2.006   2.017 
    2.026   2.039   2.047   2.058   2.078   2.092   2.096   2.124 
    2.144   2.155   2.161   2.174   2.185   2.187   2.199   2.220 
    2.241   2.253   2.276   2.291   2.310   2.317   2.343   2.348 
    2.360   2.386   2.402   2.412   2.432   2.448   2.472   2.478 
    2.490   2.507   2.523   2.537   2.552   2.601   2.605   2.620 
    2.642   2.656   2.669   2.694   2.703   2.718   2.726   2.739 
    2.753   2.765   2.781   2.787   2.812   2.837   2.840   2.877 
    2.909   2.941   2.947   2.967   2.969   2.987   3.005   3.016 
    3.023   3.035   3.061   3.073   3.090   3.133   3.145   3.163 
    3.174   3.178   3.191   3.195   3.215   3.228   3.239   3.252 
    3.276   3.281   3.304   3.334   3.344   3.360   3.382   3.397 
    3.416   3.431   3.439   3.462   3.479   3.497   3.528   3.532 
    3.548   3.554   3.571   3.578   3.599   3.612   3.629   3.641 
    3.644   3.673   3.681   3.691   3.702   3.711   3.723   3.734 
    3.748   3.766   3.776   3.793   3.808   3.819   3.823   3.843 
    3.853   3.865   3.886   3.914   3.920   3.949   3.958   3.979 
    3.983   3.994   4.008   4.027   4.041   4.055   4.060   4.070 
    4.079   4.086   4.107   4.124   4.137   4.146   4.169   4.180 
    4.200   4.213   4.221   4.240   4.241   4.256   4.276   4.312 
    4.322   4.362   4.367   4.397   4.409   4.429   4.436   4.447 
    4.466   4.470   4.495   4.504   4.515   4.526   4.543   4.546 
    4.561   4.568   4.581   4.599   4.605   4.625   4.653   4.657 
    4.670   4.687   4.688   4.714   4.721   4.748   4.753   4.770 
    4.787   4.802   4.821   4.829   4.849   4.858   4.884   4.896 
    4.910   4.917   4.933   4.959   4.963   4.969   4.985   5.007 
    5.012   5.019   5.042   5.049   5.063   5.077   5.089   5.093 
    5.112   5.125   5.148   5.164   5.182   5.193   5.220   5.236 
    5.250   5.259   5.279   5.302   5.310   5.331   5.334   5.348 
    5.353   5.374   5.403   5.411   5.436   5.444   5.472   5.483 
    5.495   5.532   5.559   5.573   5.592   5.601   5.620   5.622 
    5.643   5.660   5.665   5.683   5.689   5.717   5.739   5.767 
    5.772   5.784   5.821   5.825   5.835   5.869   5.898   5.913 
    5.944   5.960   5.975   6.011   6.027   6.036   6.058   6.081 
    6.100   6.131   6.140   6.165   6.177   6.207   6.221   6.286 
    6.298   6.325   6.348   6.361   6.371   6.422   6.448   6.468 
    6.483   6.516   6.527   6.562   6.571   6.578   6.595   6.618 
    6.645   6.676   6.693   6.748   6.801   6.845   6.856   6.878 
    6.884   6.925   6.950   6.954   6.985   7.016   7.067   7.090 
    7.115   7.122   7.160   7.201   7.222   7.255   7.268   7.303 
    7.338   7.341   7.372   7.378   7.467   7.486   7.509   7.535 
    7.557   7.622   7.655   7.703   7.710   7.746   7.770   7.793 
    7.857   7.862   7.876   7.925   7.936   7.950   7.997   8.048 
    8.074   8.103   8.119   8.139   8.144   8.164   8.166   8.181 
    8.206   8.233   8.282   8.304   8.322   8.333   8.379   8.415 
    8.428   8.496   8.504   8.529   8.542   8.551   8.567   8.600 
    8.631   8.670   8.679   8.702   8.732   8.746   8.752   8.767 
    8.797   8.827   8.841   8.844   8.864   8.886   8.889   8.942 
    8.964   8.986   9.003   9.064   9.082   9.096   9.108   9.177 
    9.191   9.213   9.248   9.282   9.307   9.323   9.390   9.401 
    9.415   9.439   9.484   9.540   9.554   9.581   9.634   9.662 
    9.667   9.715   9.750   9.786   9.811   9.822   9.847   9.904 
    9.913   9.922   9.963   9.966  10.006  10.022  10.030  10.045 
   10.060  10.078  10.090  10.111  10.134  10.150  10.167  10.185 
   10.196  10.220  10.239  10.268  10.272  10.291  10.320  10.356 
   10.385  10.394  10.418  10.464  10.476  10.506  10.533  10.540 
   10.567  10.626  10.665  10.698  10.709  10.737  10.751  10.795 
   10.802  10.809  10.838  10.854  10.869  10.906  10.922  10.939 
   10.964  10.965  10.987  11.010  11.041  11.062  11.077  11.089 
   11.123  11.138  11.149  11.168  11.192  11.226  11.238  11.244 
   11.274  11.284  11.303  11.327  11.358  11.371  11.393  11.414 
   11.443  11.464  11.474  11.492  11.509  11.543  11.567  11.612 
   11.631  11.694  11.744  11.766  11.781  11.821  11.840  11.888 
   11.913  11.950  11.967  12.011  12.025  12.091  12.116  12.156 
   12.176  12.220  12.224  12.264  12.287  12.314  12.325  12.379 
   12.391  12.402  12.432  12.457  12.474  12.485  12.502  12.531 
   12.554  12.567  12.568  12.583  12.606  12.612  12.613  12.617 
   12.646  12.654  12.675  12.687  12.695  12.712  12.718  12.731 
   12.744  12.757  12.770  12.780  12.798  12.846  12.855  12.905 
   12.923  12.939  12.948  12.968  13.004  13.010  13.057  13.068 
   13.077  13.114  13.120  13.145  13.162  13.187  13.252  13.271 
   13.293  13.314  13.317  13.334  13.380  13.424  13.427  13.452 
   13.472  13.480  13.499  13.505  13.517  13.533  13.577  13.594 
   13.618  13.635  13.664  13.695  13.703  13.720  13.740  13.761 
   13.764  13.780  13.803  13.811  13.818  13.832  13.840  13.854 
   13.881  13.914  13.932  13.949  13.962  13.983  14.005  14.012 
   14.025  14.034  14.047  14.086  14.086  14.108  14.119  14.143 
   14.156  14.183  14.202  14.206  14.211  14.228  14.243  14.256 
   14.285  14.300  14.334  14.340  14.355  14.381  14.400  14.436 
   14.447  14.489  14.530  14.547  14.559  14.569  14.608  14.634 
   14.648  14.662  14.683  14.734  14.767  14.774  14.800  14.832 
   14.852  14.876  14.895  14.928  14.940  14.993  15.015  15.059 
   15.076  15.112  15.145  15.147  15.207  15.226  15.264  15.278 
   15.315  15.333  15.374  15.421  15.473  15.488  15.518  15.544 
   15.558  15.579  15.595  15.677  15.713  15.791  15.816  15.890 
   15.917  15.939  15.982  16.053  16.109  16.120  16.145  16.206 
   16.217  16.240  16.281  16.345  16.371  16.408  16.434  16.449 
   16.496  16.522  16.692  16.710  16.728  16.768  16.813  16.854 
   16.948  17.115  17.128  17.146  17.192  17.226  17.286  17.325 
   17.365  17.433  17.439  17.476  17.495  17.541  17.652  17.681 
   17.709  17.728  17.767  17.849  17.885  17.902  17.931  17.958 
   18.014  18.035  18.050  18.110  18.211  18.286  18.387  18.451 
   18.665  18.716  18.735  18.787  18.976  19.121  19.283  19.332 
   19.486  19.628  19.722  20.421  20.647  20.707  20.775  20.846 
   20.891  20.918  21.188  21.341  21.349  22.767  23.539  24.277 
   26.566  28.730  30.044  30.529  30.863  32.131  32.691  39.485 
   40.893  41.238  41.909  42.457  49.252  49.449  49.684  50.467 
   50.653  50.943  50.979  51.259  51.795  52.359  57.496  57.591 
   57.899  57.922  57.931  58.213  58.458  58.839  58.984  59.130 
   59.159  59.419  59.439  59.854  64.410  66.701  81.028  82.099 
   82.838  83.501  84.863  85.107 148.301 148.435 148.615 149.153 
  149.291 150.852 150.870 151.092 151.445 151.850 169.896 172.998 
  206.918 206.919 206.925 206.928 206.930 206.931 206.931 206.934 
  206.934 208.885 208.886 208.886 208.892 208.892 208.896 208.898 
  208.902 208.904 227.023 227.917 228.521 230.299 231.423 231.619 
  233.702 233.744 233.870 233.876 233.907 234.017 234.099 236.267 
  236.346 236.397 236.401 236.504 236.530 236.710 446.748 450.652 
  453.455 453.560 453.678 454.049 454.160 456.962 456.973 457.159 
  457.386 457.665 640.349 641.109 641.645 644.389 645.377 645.547 
  1572.654 1578.525 

  SA 0  : 0 (0.99)    SB 0  : 1 (1.00)
  SA 1  : 3 (1.00)    SB 1  : 0 (0.99)
  SA 2  : 4 (1.00)    SB 2  : 3 (1.00)
  SA 3  : 2 (1.00)    SB 3  : 2 (1.00)
  SA 4  : 5 (1.00)    SB 4  : 4 (1.00)
  SA 5  : 6 (1.00)    SB 5  : 5 (0.99)
  SA 6  : 7 (0.33) 20 (0.22) 21 (0.22)    SB 6  : 6 (0.99)
  SA 7  : 8 (0.37) 14 (0.16) 16 (0.16)    SB 7  : 7 (0.36) 18 (0.12) 20 (0.22) 21 (0.22)
  SA 8  : 9 (0.32) 10 (0.18) 11 (0.16)    SB 8  : 8 (0.37) 14 (0.16) 16 (0.16)
  SA 9  : 7 (0.16) 22 (0.10)    SB 9  : 9 (0.33) 10 (0.22) 11 (0.13)
  SA 10 : 10 (0.25) 11 (0.19) 13 (0.12) 15 (0.11)    SB 10 : 7 (0.18) 22 (0.12) 24 (0.12)
  SA 11 : 7 (0.17) 9 (0.14) 22 (0.13) 24 (0.12)    SB 11 : 7 (0.18) 11 (0.15) 17 (0.12)
  SA 12 : 12 (0.22) 13 (0.13) 15 (0.22) 18 (0.21)    SB 12 : 10 (0.16) 11 (0.13) 13 (0.18) 22 (0.10)
  SA 13 : 7 (0.11) 9 (0.17) 10 (0.13) 11 (0.13) 16 (0.15)    SB 13 : 12 (0.11) 15 (0.19) 18 (0.38)
  SA 14 : 8 (0.33) 12 (0.12) 14 (0.14) 17 (0.16)    SB 14 : 9 (0.19) 10 (0.13) 11 (0.12) 12 (0.14) 16 (0.16)
  SA 15 : 14 (0.34) 16 (0.33)    SB 15 : 20 (0.35) 21 (0.34)
  SA 16 : 20 (0.37) 21 (0.25)    SB 16 : 8 (0.25) 12 (0.15) 14 (0.17) 15 (0.15) 17 (0.11)
  SA 17 : 13 (0.41) 18 (0.29)    SB 17 : 13 (0.32) 18 (0.23)
  SA 18 : 15 (0.21) 17 (0.29)    SB 18 : 14 (0.36) 16 (0.32)
  SA 19 : 9 (0.23) 11 (0.12) 12 (0.19) 17 (0.17)    SB 19 : 10 (0.10) 15 (0.21) 17 (0.31)
  SA 20 : 10 (0.10) 18 (0.17) 19 (0.12) 24 (0.11)    SB 20 : 9 (0.25) 11 (0.10) 12 (0.22) 17 (0.13)
  SA 21 : 19 (0.33) 22 (0.14) 23 (0.11)    SB 21 : 10 (0.13) 11 (0.14) 13 (0.19) 15 (0.10) 17 (0.10)
  SA 22 : 19 (0.17) 23 (0.75)    SB 22 : 19 (0.43) 22 (0.17) 23 (0.10)
  SA 23 : 19 (0.24) 22 (0.27) 24 (0.29)    SB 23 : 19 (0.13) 23 (0.80)
  SB 24 : 19 (0.25) 22 (0.25) 24 (0.28)

The transition for spin alpha is from 22 (0.01) to 1 (0.96).
The transition for spin beta  is from 4 (0.88) 3 (0.88) to 3 (0.16).



  >>> Running UHF-MP2 <<<

MP2 correlation energy (UHF) : -1.5233817305
MP2 total energy       (UHF) : -288.5409437444

