	*********************************************** 
	***** Beginning CEBE Calculation with MOM ***** 
	*****       Calculation Details:          ***** 
	      Geometry:	 /work/morgunov/core/calculations/mols/exp/n/p-n-h2pyridine.xyz
	      Core Basis:	 cc-pCV5Z
	      Full Basis:	 cc-pV5Z
	      DIIS (start, space):	 0 50
	      Level shift:	 0
	      Do localization?:	 False
	      Do SFX2C1E?:	 True
	      Freeze orbitals?:	 True
	      Use Cheng orbitals?:	 False
	      Do Special Basis?:	 False
	*********************************************** 
	*********************************************** 

  >>> Running RHF <<<

init D/C      : minao
init ov       : zeros
no            : 25
nv            : 1050
ov_size       : 26250
max_cycle     : 1000
conv          : 6
econv         : 9
method        : gdm
scale_stop    : 0
scale_factor  : 1.000000
init E        : -301.766001637322
init |[F,P]|  : 2.89e-03
init |dE|     : 6.60e-03
check file    : None

iter      total energy   |[F,P]|      |dE|         ∆E   comment
   1    -301.846633650  1.25e-03  2.84e-03  -8.06e-02  BFGS
   2    -301.859161523  4.72e-04  1.09e-03  -1.25e-02  BFGS
   3    -301.860756252  1.07e-04  2.55e-04  -1.59e-03  BFGS
   4    -301.860855589  3.60e-05  8.01e-05  -9.93e-05  BFGS
   5    -301.860869826  9.43e-06  2.16e-05  -1.42e-05  BFGS
   6    -301.860871604  2.97e-06  6.92e-06  -1.78e-06  BFGS
   7    -301.860871694  1.33e-06  3.04e-06  -8.93e-08  BFGS
   8    -301.860871710  2.24e-07  5.13e-07  -1.60e-08  BFGS
   9    -301.860871710  8.19e-08  1.82e-07  -8.62e-10  BFGS
                                                                      gdm is converged!

SCF converged : True
final |[F,P]| : 8.19e-08
final |dE|    : 1.82e-07
final Escf    : -576.955384364392
final Etot    : -301.860871710402

  pxp & ewc             :::        1.574 (  0.04%)
  apply B               :::        0.005 (  0.00%)
  linsrch               :::     4290.476 ( 99.96%)
  grad                  :::        0.063 (  0.00%)
  Total                 :::     4292.119 (100.00%)

Alpha occupied
  -15.580 -15.545 -11.299 -11.270 -11.270 -11.226 -11.226  -1.259 
   -1.228  -1.053  -1.029  -0.860  -0.844  -0.723  -0.715  -0.655 
   -0.626  -0.610  -0.591  -0.558  -0.511  -0.488  -0.412  -0.348 
   -0.334 

Alpha virtual
    0.079   0.097   0.108   0.117   0.122   0.126   0.143   0.168 
    0.183   0.205   0.209   0.221   0.230   0.234   0.242   0.253 
    0.282   0.287   0.299   0.314   0.334   0.347   0.354   0.361 
    0.376   0.378   0.384   0.387   0.389   0.417   0.421   0.423 
    0.435   0.456   0.465   0.473   0.480   0.500   0.505   0.512 
    0.525   0.536   0.550   0.558   0.594   0.599   0.607   0.620 
    0.631   0.649   0.651   0.674   0.680   0.693   0.697   0.701 
    0.717   0.723   0.737   0.755   0.763   0.784   0.789   0.803 
    0.812   0.819   0.835   0.838   0.847   0.853   0.863   0.883 
    0.893   0.904   0.921   0.932   0.935   0.947   0.958   0.967 
    0.981   0.988   1.000   1.008   1.033   1.041   1.042   1.047 
    1.052   1.060   1.081   1.081   1.101   1.106   1.128   1.138 
    1.142   1.146   1.164   1.182   1.186   1.213   1.238   1.241 
    1.253   1.264   1.285   1.298   1.305   1.325   1.343   1.349 
    1.375   1.382   1.405   1.418   1.453   1.465   1.468   1.487 
    1.516   1.527   1.536   1.538   1.563   1.574   1.585   1.587 
    1.593   1.597   1.606   1.627   1.641   1.659   1.668   1.670 
    1.672   1.685   1.692   1.697   1.706   1.709   1.752   1.757 
    1.766   1.771   1.797   1.802   1.818   1.829   1.845   1.859 
    1.866   1.873   1.890   1.896   1.925   1.947   1.954   1.956 
    1.956   1.970   2.004   2.005   2.015   2.035   2.045   2.046 
    2.054   2.067   2.090   2.097   2.109   2.120   2.121   2.129 
    2.129   2.148   2.169   2.173   2.182   2.186   2.207   2.207 
    2.222   2.233   2.248   2.249   2.281   2.292   2.306   2.324 
    2.352   2.352   2.355   2.372   2.375   2.390   2.412   2.442 
    2.447   2.449   2.461   2.486   2.512   2.522   2.525   2.568 
    2.573   2.577   2.603   2.604   2.623   2.625   2.657   2.666 
    2.685   2.705   2.724   2.731   2.773   2.793   2.831   2.832 
    2.839   2.867   2.879   2.880   2.902   2.914   2.917   2.965 
    2.969   2.980   2.998   3.003   3.039   3.042   3.067   3.074 
    3.119   3.149   3.158   3.177   3.192   3.201   3.217   3.229 
    3.234   3.252   3.269   3.271   3.324   3.353   3.359   3.363 
    3.388   3.392   3.402   3.405   3.415   3.442   3.454   3.467 
    3.499   3.515   3.541   3.550   3.554   3.586   3.603   3.604 
    3.641   3.650   3.665   3.666   3.703   3.720   3.727   3.756 
    3.766   3.785   3.801   3.823   3.827   3.834   3.844   3.849 
    3.857   3.878   3.884   3.897   3.906   3.934   3.937   3.957 
    3.973   3.990   4.006   4.032   4.032   4.036   4.074   4.074 
    4.083   4.094   4.095   4.123   4.124   4.155   4.175   4.193 
    4.195   4.204   4.211   4.230   4.250   4.254   4.274   4.294 
    4.303   4.309   4.310   4.341   4.342   4.344   4.366   4.376 
    4.386   4.411   4.413   4.448   4.466   4.495   4.506   4.533 
    4.546   4.566   4.588   4.597   4.608   4.635   4.652   4.666 
    4.671   4.681   4.683   4.712   4.715   4.733   4.753   4.769 
    4.777   4.786   4.799   4.804   4.827   4.843   4.862   4.865 
    4.873   4.876   4.923   4.940   4.942   4.959   4.976   4.979 
    5.004   5.013   5.031   5.034   5.044   5.058   5.069   5.098 
    5.099   5.114   5.123   5.150   5.179   5.189   5.192   5.195 
    5.215   5.229   5.235   5.256   5.282   5.291   5.294   5.335 
    5.348   5.354   5.360   5.367   5.393   5.416   5.438   5.446 
    5.452   5.466   5.483   5.495   5.507   5.507   5.516   5.561 
    5.563   5.594   5.614   5.653   5.667   5.679   5.684   5.707 
    5.715   5.727   5.783   5.790   5.793   5.819   5.836   5.854 
    5.862   5.875   5.897   5.900   5.906   5.950   5.973   5.984 
    6.008   6.008   6.022   6.052   6.054   6.072   6.113   6.131 
    6.158   6.177   6.200   6.204   6.247   6.249   6.287   6.299 
    6.331   6.340   6.352   6.384   6.385   6.417   6.447   6.481 
    6.482   6.542   6.562   6.578   6.595   6.632   6.641   6.647 
    6.691   6.721   6.761   6.783   6.814   6.839   6.841   6.873 
    6.878   6.904   6.960   7.001   7.003   7.022   7.069   7.088 
    7.120   7.141   7.165   7.187   7.208   7.224   7.280   7.287 
    7.321   7.365   7.380   7.420   7.449   7.505   7.534   7.537 
    7.545   7.598   7.635   7.678   7.711   7.722   7.747   7.790 
    7.831   7.873   7.876   7.891   7.913   7.931   7.999   8.012 
    8.048   8.059   8.136   8.159   8.178   8.184   8.235   8.256 
    8.297   8.304   8.354   8.377   8.387   8.405   8.415   8.419 
    8.431   8.460   8.484   8.536   8.542   8.562   8.578   8.578 
    8.643   8.707   8.732   8.736   8.781   8.789   8.832   8.834 
    8.861   8.896   8.908   8.939   8.957   8.991   9.005   9.043 
    9.056   9.069   9.087   9.101   9.115   9.127   9.181   9.184 
    9.230   9.238   9.247   9.253   9.287   9.293   9.353   9.427 
    9.467   9.476   9.495   9.517   9.547   9.572   9.592   9.613 
    9.630   9.669   9.700   9.771   9.816   9.870   9.880   9.933 
    9.953   9.954   9.974  10.005  10.046  10.057  10.063  10.109 
   10.133  10.138  10.197  10.215  10.224  10.272  10.274  10.286 
   10.300  10.314  10.339  10.361  10.365  10.369  10.397  10.442 
   10.450  10.475  10.493  10.495  10.524  10.529  10.551  10.587 
   10.645  10.661  10.669  10.686  10.687  10.748  10.761  10.812 
   10.818  10.875  10.896  10.910  10.928  10.981  10.993  11.033 
   11.038  11.073  11.078  11.123  11.125  11.130  11.152  11.156 
   11.185  11.212  11.218  11.233  11.277  11.293  11.297  11.315 
   11.328  11.373  11.377  11.400  11.459  11.477  11.485  11.508 
   11.518  11.527  11.540  11.558  11.573  11.608  11.620  11.631 
   11.651  11.709  11.718  11.719  11.728  11.753  11.859  11.862 
   11.976  11.988  11.993  12.006  12.027  12.091  12.093  12.115 
   12.126  12.171  12.184  12.193  12.240  12.284  12.320  12.388 
   12.401  12.402  12.444  12.494  12.528  12.556  12.604  12.624 
   12.634  12.668  12.679  12.684  12.698  12.710  12.730  12.753 
   12.780  12.792  12.792  12.802  12.806  12.832  12.840  12.846 
   12.874  12.876  12.882  12.895  12.906  12.923  12.929  12.937 
   12.958  12.993  12.996  13.004  13.008  13.037  13.048  13.109 
   13.118  13.183  13.198  13.202  13.204  13.252  13.257  13.277 
   13.319  13.341  13.343  13.390  13.408  13.410  13.468  13.504 
   13.540  13.551  13.558  13.563  13.576  13.608  13.646  13.655 
   13.686  13.698  13.699  13.716  13.753  13.764  13.793  13.821 
   13.831  13.831  13.856  13.877  13.882  13.890  13.898  13.929 
   13.964  13.969  13.986  13.989  14.016  14.038  14.067  14.114 
   14.126  14.132  14.152  14.177  14.185  14.205  14.221  14.227 
   14.235  14.256  14.258  14.289  14.289  14.323  14.325  14.355 
   14.356  14.429  14.435  14.441  14.444  14.466  14.473  14.503 
   14.506  14.544  14.548  14.558  14.585  14.596  14.598  14.624 
   14.646  14.675  14.723  14.730  14.740  14.812  14.833  14.868 
   14.925  14.931  14.934  14.972  14.977  15.034  15.051  15.061 
   15.085  15.096  15.098  15.141  15.146  15.227  15.245  15.293 
   15.320  15.350  15.384  15.408  15.418  15.455  15.487  15.553 
   15.564  15.611  15.612  15.617  15.650  15.701  15.726  15.793 
   15.802  15.841  15.868  15.912  15.946  15.993  16.078  16.081 
   16.140  16.220  16.239  16.258  16.294  16.345  16.358  16.389 
   16.448  16.475  16.480  16.614  16.643  16.685  16.688  16.711 
   16.801  16.806  16.818  16.829  16.895  16.969  16.994  17.144 
   17.288  17.320  17.353  17.364  17.422  17.473  17.514  17.606 
   17.620  17.676  17.689  17.737  17.791  17.915  17.917  17.932 
   18.024  18.056  18.061  18.078  18.112  18.129  18.144  18.215 
   18.266  18.314  18.371  18.433  18.503  18.583  18.679  18.796 
   18.814  18.871  18.961  19.106  19.303  19.307  19.500  19.728 
   19.744  20.003  20.192  20.564  20.854  20.905  21.003  21.012 
   21.047  21.302  21.353  21.531  21.571  22.983  23.748  25.331 
   26.777  30.020  30.644  31.352  32.098  32.335  32.904  39.741 
   41.212  41.426  42.246  42.721  50.649  50.840  51.058  51.114 
   51.141  51.478  51.854  51.987  52.006  52.564  58.754  58.851 
   59.046  59.145  59.177  59.181  59.186  59.320  59.322  59.482 
   59.570  59.632  59.724  60.046  66.283  66.918  83.158  83.629 
   84.253  84.943  85.062  85.318 150.726 150.856 151.026 151.029 
  151.036 151.300 151.574 151.641 151.681 152.048 172.636 173.212 
  209.066 209.066 209.067 209.072 209.073 209.076 209.079 209.081 
  209.083 209.089 209.090 209.095 209.097 209.097 209.100 209.102 
  209.112 209.112 230.054 230.436 230.972 231.536 231.616 231.821 
  236.351 236.395 236.459 236.519 236.524 236.535 236.557 236.570 
  236.583 236.672 236.687 236.710 236.752 236.894 450.329 450.862 
  456.943 457.046 457.140 457.142 457.156 457.359 457.534 457.579 
  457.622 457.857 644.214 644.532 644.994 645.497 645.570 645.751 
  1576.867 1578.813 


  >>> Running RHF-MP2 <<<


RMP2-TIMING
  rmp2                  :::     4252.856 (100.00%)
  Total                 :::     4252.856 (100.00%)

MP2 correlation energy (RHF) : -1.5830411752
MP2 total energy       (RHF) : -303.4439128856


  >>> Running UHF <<<

init D/C      : input mo_coeff
init ov       : zeros
no            : 24 25
nv            : 1051 1050
ov_size       : 51474
max_cycle     : 1000
conv          : 6
econv         : 9
method        : diis
mom_start     : 0
guess mix     : 0.000000
orb_swap      : [[[0, 24]], []]
init E        : -286.280534867985
init S2       : 0.750000000000107
init |[F,P]|  : 8.62e-03
init |dE|     : 2.28e-02
check file    : None

iter      total energy   |[F,P]|      |dE|         ∆E   S^2   comment
   1    -286.703783584  5.10e-03  1.23e-02  -4.23e-01  0.75  DIIS mom: 23.7/24 24.6/25
   2    -286.966933649  4.16e-04  1.03e-03  -2.63e-01  0.76  DIIS mom: 23.9/24 24.9/25
   3    -286.969829609  1.92e-04  4.38e-04  -2.90e-03  0.76  DIIS mom: 24.0/24 25.0/25
   4    -286.970534293  9.13e-05  2.04e-04  -7.05e-04  0.76  DIIS mom: 24.0/24 25.0/25
   5    -286.970891284  4.72e-05  1.05e-04  -3.57e-04  0.77  DIIS mom: 24.0/24 25.0/25
   6    -286.970988015  1.91e-05  4.18e-05  -9.67e-05  0.77  DIIS mom: 24.0/24 25.0/25
   7    -286.971005640  7.47e-06  1.59e-05  -1.76e-05  0.77  DIIS mom: 24.0/24 25.0/25
   8    -286.971009035  5.42e-06  1.09e-05  -3.39e-06  0.77  DIIS mom: 24.0/24 25.0/25
   9    -286.971010932  5.31e-06  1.05e-05  -1.90e-06  0.77  DIIS mom: 24.0/24 25.0/25
  10    -286.971011516  5.37e-06  1.06e-05  -5.85e-07  0.77  DIIS mom: 24.0/24 25.0/25
  11    -286.970997785  3.37e-06  6.84e-06   1.37e-05  0.77  DIIS mom: 24.0/24 25.0/25
  12    -286.970991266  1.24e-06  2.64e-06   6.52e-06  0.77  DIIS mom: 24.0/24 25.0/25
  13    -286.970990951  5.31e-07  1.10e-06   3.15e-07  0.77  DIIS mom: 24.0/24 25.0/25
  14    -286.970990960  2.75e-07  5.68e-07  -9.01e-09  0.77  DIIS mom: 24.0/24 25.0/25
  15    -286.970990967  1.25e-07  2.69e-07  -6.60e-09  0.77  DIIS mom: 24.0/24 25.0/25
  16    -286.970990968  5.45e-08  1.24e-07  -1.47e-09  0.77  DIIS mom: 24.0/24 25.0/25
  17    -286.970990969  2.27e-08  5.26e-08  -2.45e-10  0.77  DIIS mom: 24.0/24 25.0/25
                                                                      diis is converged!

SCF converged : True
final |[F,P]| : 2.27e-08
final |dE|    : 5.26e-08
final Escf    : -562.065503622594
final Etot    : -286.970990968604
final S2      : 0.774432215917027

  diis prep             :::        1.690 (  0.02%)
  diis extrap           :::        1.363 (  0.02%)
  roothaan              :::        6.684 (  0.08%)
  fock build            :::     8282.219 ( 99.88%)
  Total                 :::     8291.956 (100.00%)

Alpha occupied
  -15.728 -11.532 -11.443 -11.443 -11.426 -11.426  -1.613  -1.426 
   -1.284  -1.216  -1.114  -1.113  -1.018  -0.968  -0.923  -0.853 
   -0.842  -0.805  -0.772  -0.711  -0.695  -0.588  -0.562  -0.522 

Alpha virtual
  -14.184  -0.117  -0.076  -0.071  -0.053  -0.030  -0.009   0.009 
    0.021   0.021   0.030   0.049   0.078   0.082   0.084   0.097 
    0.115   0.116   0.119   0.144   0.144   0.145   0.167   0.170 
    0.179   0.199   0.210   0.216   0.227   0.230   0.240   0.258 
    0.270   0.277   0.288   0.297   0.297   0.304   0.332   0.347 
    0.350   0.366   0.380   0.393   0.396   0.431   0.436   0.443 
    0.448   0.462   0.462   0.468   0.474   0.489   0.501   0.523 
    0.534   0.543   0.545   0.564   0.584   0.593   0.601   0.616 
    0.621   0.633   0.656   0.659   0.664   0.672   0.677   0.689 
    0.702   0.710   0.713   0.733   0.740   0.759   0.777   0.782 
    0.793   0.804   0.805   0.811   0.826   0.843   0.845   0.852 
    0.864   0.876   0.882   0.893   0.908   0.910   0.932   0.943 
    0.948   0.970   0.971   0.976   0.989   0.994   1.040   1.059 
    1.076   1.088   1.100   1.105   1.112   1.135   1.143   1.153 
    1.169   1.197   1.208   1.236   1.244   1.260   1.267   1.277 
    1.307   1.321   1.335   1.348   1.350   1.372   1.374   1.398 
    1.400   1.411   1.411   1.425   1.442   1.470   1.475   1.485 
    1.491   1.496   1.498   1.507   1.514   1.517   1.533   1.551 
    1.572   1.585   1.588   1.601   1.625   1.626   1.627   1.652 
    1.670   1.675   1.680   1.702   1.723   1.732   1.745   1.752 
    1.759   1.767   1.788   1.814   1.816   1.820   1.825   1.830 
    1.840   1.853   1.867   1.869   1.897   1.909   1.918   1.927 
    1.928   1.952   1.975   1.982   1.989   1.998   1.999   2.019 
    2.021   2.037   2.050   2.054   2.068   2.097   2.100   2.120 
    2.128   2.138   2.155   2.165   2.166   2.182   2.203   2.209 
    2.224   2.258   2.261   2.262   2.299   2.320   2.330   2.331 
    2.355   2.381   2.386   2.392   2.420   2.430   2.436   2.467 
    2.472   2.472   2.491   2.514   2.536   2.554   2.582   2.604 
    2.615   2.636   2.657   2.658   2.687   2.693   2.720   2.738 
    2.746   2.774   2.782   2.791   2.806   2.844   2.852   2.857 
    2.866   2.945   2.963   2.967   2.991   3.003   3.008   3.020 
    3.044   3.048   3.060   3.078   3.093   3.116   3.130   3.159 
    3.178   3.192   3.203   3.209   3.217   3.222   3.236   3.242 
    3.263   3.276   3.303   3.336   3.340   3.360   3.380   3.405 
    3.408   3.427   3.447   3.468   3.471   3.476   3.525   3.531 
    3.550   3.558   3.566   3.601   3.610   3.624   3.629   3.642 
    3.655   3.670   3.672   3.684   3.695   3.706   3.722   3.729 
    3.741   3.773   3.783   3.801   3.832   3.840   3.842   3.872 
    3.885   3.888   3.895   3.914   3.918   3.935   3.955   3.970 
    3.983   3.998   4.009   4.010   4.042   4.046   4.061   4.063 
    4.085   4.113   4.116   4.122   4.129   4.144   4.156   4.159 
    4.181   4.197   4.198   4.203   4.263   4.274   4.286   4.292 
    4.308   4.352   4.360   4.373   4.384   4.405   4.434   4.441 
    4.445   4.447   4.470   4.487   4.498   4.512   4.542   4.552 
    4.557   4.571   4.573   4.581   4.604   4.614   4.640   4.645 
    4.652   4.689   4.696   4.703   4.728   4.750   4.755   4.773 
    4.781   4.796   4.806   4.810   4.832   4.832   4.854   4.876 
    4.887   4.896   4.900   4.922   4.931   4.974   4.977   4.979 
    4.991   5.011   5.021   5.046   5.055   5.072   5.076   5.117 
    5.135   5.155   5.158   5.164   5.177   5.188   5.209   5.214 
    5.224   5.234   5.253   5.254   5.265   5.289   5.309   5.312 
    5.321   5.362   5.398   5.399   5.444   5.451   5.468   5.497 
    5.525   5.526   5.535   5.537   5.569   5.575   5.601   5.623 
    5.630   5.640   5.658   5.683   5.691   5.711   5.743   5.763 
    5.776   5.791   5.800   5.814   5.833   5.842   5.859   5.891 
    5.907   5.944   5.951   5.990   6.011   6.018   6.049   6.051 
    6.060   6.118   6.140   6.145   6.182   6.199   6.228   6.237 
    6.258   6.263   6.343   6.361   6.370   6.371   6.399   6.411 
    6.445   6.473   6.490   6.520   6.536   6.594   6.608   6.650 
    6.675   6.680   6.687   6.712   6.740   6.806   6.810   6.862 
    6.876   6.895   6.910   6.929   6.958   6.967   7.000   7.051 
    7.060   7.099   7.175   7.183   7.214   7.220   7.279   7.311 
    7.331   7.362   7.410   7.446   7.485   7.489   7.516   7.552 
    7.567   7.621   7.651   7.658   7.701   7.701   7.723   7.765 
    7.801   7.851   7.853   7.912   7.917   7.946   7.984   8.014 
    8.041   8.079   8.107   8.109   8.150   8.185   8.191   8.203 
    8.211   8.231   8.246   8.246   8.299   8.318   8.344   8.369 
    8.370   8.424   8.496   8.500   8.539   8.564   8.570   8.587 
    8.639   8.647   8.679   8.707   8.746   8.749   8.794   8.813 
    8.831   8.844   8.864   8.877   8.886   8.920   8.935   8.958 
    8.988   9.032   9.040   9.045   9.064   9.067   9.089   9.154 
    9.240   9.254   9.277   9.286   9.325   9.340   9.367   9.403 
    9.419   9.439   9.470   9.493   9.578   9.611   9.640   9.672 
    9.686   9.746   9.753   9.772   9.808   9.854   9.856   9.876 
    9.920   9.927   9.941   9.996  10.016  10.028  10.081  10.085 
   10.087  10.104  10.118  10.137  10.172  10.175  10.193  10.206 
   10.240  10.261  10.273  10.298  10.300  10.328  10.333  10.368 
   10.387  10.450  10.456  10.485  10.487  10.488  10.537  10.558 
   10.614  10.623  10.668  10.688  10.693  10.720  10.759  10.778 
   10.801  10.833  10.846  10.882  10.916  10.926  10.934  10.945 
   10.953  10.966  10.988  10.992  11.040  11.055  11.064  11.095 
   11.107  11.123  11.146  11.166  11.198  11.200  11.251  11.268 
   11.289  11.309  11.310  11.319  11.348  11.357  11.405  11.414 
   11.417  11.422  11.440  11.485  11.501  11.502  11.535  11.586 
   11.661  11.735  11.750  11.778  11.798  11.813  11.846  11.867 
   11.898  11.924  11.931  11.954  11.978  12.005  12.036  12.084 
   12.134  12.178  12.186  12.243  12.247  12.276  12.332  12.351 
   12.363  12.395  12.420  12.436  12.445  12.469  12.469  12.505 
   12.513  12.538  12.550  12.567  12.589  12.603  12.617  12.632 
   12.634  12.636  12.666  12.686  12.693  12.697  12.717  12.728 
   12.735  12.745  12.753  12.779  12.798  12.819  12.830  12.840 
   12.878  12.907  12.915  12.959  12.981  13.014  13.016  13.027 
   13.042  13.050  13.111  13.153  13.178  13.178  13.196  13.231 
   13.247  13.247  13.345  13.347  13.356  13.370  13.375  13.397 
   13.413  13.427  13.436  13.461  13.511  13.522  13.525  13.550 
   13.569  13.575  13.600  13.632  13.641  13.660  13.671  13.685 
   13.695  13.701  13.712  13.760  13.774  13.798  13.829  13.830 
   13.856  13.871  13.888  13.941  13.949  13.960  13.977  13.983 
   13.991  14.031  14.039  14.053  14.059  14.074  14.086  14.097 
   14.098  14.110  14.202  14.220  14.237  14.256  14.272  14.272 
   14.297  14.312  14.330  14.363  14.373  14.375  14.381  14.392 
   14.405  14.409  14.461  14.473  14.497  14.514  14.555  14.595 
   14.649  14.664  14.681  14.701  14.729  14.761  14.790  14.858 
   14.863  14.886  14.893  14.909  14.920  14.949  14.989  14.999 
   15.009  15.125  15.133  15.160  15.169  15.215  15.244  15.250 
   15.307  15.374  15.396  15.424  15.430  15.444  15.460  15.502 
   15.556  15.586  15.604  15.657  15.682  15.709  15.816  15.850 
   15.887  15.915  15.924  15.977  16.022  16.041  16.069  16.073 
   16.095  16.187  16.259  16.273  16.293  16.317  16.386  16.463 
   16.472  16.476  16.531  16.582  16.624  16.630  16.641  16.644 
   16.919  16.934  16.949  17.041  17.090  17.183  17.195  17.308 
   17.340  17.416  17.449  17.472  17.505  17.528  17.568  17.583 
   17.708  17.741  17.745  17.847  17.885  17.888  17.915  17.931 
   17.952  17.969  18.009  18.126  18.197  18.261  18.326  18.387 
   18.510  18.571  18.619  18.673  18.820  19.079  19.125  19.317 
   19.530  19.569  19.826  20.015  20.195  20.480  20.533  20.614 
   20.724  20.832  21.080  21.127  21.131  21.172  22.481  23.272 
   25.149  26.037  29.597  29.835  31.171  31.309  31.890  31.918 
   39.535  41.021  41.221  42.065  42.521  49.821  49.848  50.187 
   50.465  50.658  50.708  50.874  51.273  51.675  51.812  57.810 
   57.943  58.083  58.085  58.334  58.390  58.571  58.667  58.803 
   58.960  58.997  59.003  59.301  59.543  65.397  66.107  81.834 
   82.973  83.267  83.524  84.072  84.761 148.803 148.810 149.076 
  149.414 149.819 150.543 150.673 150.842 151.393 151.497 170.810 
  172.458 206.940 206.943 206.945 206.948 206.948 206.954 206.956 
  206.957 206.959 208.904 208.905 208.910 208.913 208.913 208.917 
  208.919 208.930 208.931 227.718 228.898 229.102 229.871 230.790 
  231.354 233.939 234.014 234.048 234.061 234.163 234.185 234.370 
  236.168 236.211 236.335 236.341 236.373 236.490 236.570 447.537 
  450.152 453.860 453.863 454.080 454.298 454.575 456.761 456.864 
  456.974 457.352 457.440 640.893 641.930 642.111 644.032 644.812 
  645.316 1574.637 1576.711 

Beta occupied
  -18.465 -15.728 -11.530 -11.443 -11.442 -11.427 -11.427  -1.708 
   -1.427  -1.296  -1.219  -1.153  -1.144  -1.025  -1.001  -0.972 
   -0.856  -0.842  -0.807  -0.772  -0.714  -0.694  -0.589  -0.566 
   -0.521 

Beta virtual
   -0.125  -0.082  -0.071  -0.052  -0.030  -0.010   0.009   0.017 
    0.019   0.030   0.050   0.078   0.081   0.082   0.096   0.115 
    0.117   0.118   0.135   0.140   0.147   0.164   0.164   0.172 
    0.199   0.210   0.217   0.227   0.230   0.240   0.254   0.270 
    0.275   0.286   0.296   0.298   0.304   0.330   0.347   0.349 
    0.367   0.380   0.393   0.396   0.429   0.436   0.443   0.444 
    0.461   0.462   0.468   0.472   0.491   0.502   0.525   0.536 
    0.543   0.545   0.566   0.583   0.591   0.603   0.616   0.620 
    0.634   0.656   0.660   0.665   0.670   0.679   0.690   0.699 
    0.711   0.712   0.724   0.740   0.759   0.776   0.782   0.793 
    0.802   0.803   0.810   0.823   0.841   0.845   0.852   0.864 
    0.877   0.878   0.893   0.908   0.908   0.932   0.941   0.947 
    0.969   0.971   0.975   0.990   0.995   1.039   1.058   1.076 
    1.087   1.101   1.103   1.112   1.135   1.141   1.154   1.169 
    1.196   1.207   1.236   1.241   1.260   1.261   1.277   1.307 
    1.320   1.334   1.348   1.351   1.369   1.375   1.397   1.400 
    1.410   1.410   1.424   1.443   1.470   1.474   1.486   1.489 
    1.496   1.497   1.506   1.515   1.516   1.533   1.551   1.573 
    1.586   1.588   1.601   1.624   1.627   1.628   1.651   1.670 
    1.676   1.680   1.702   1.722   1.730   1.745   1.753   1.759 
    1.768   1.788   1.813   1.817   1.821   1.823   1.830   1.840 
    1.853   1.866   1.867   1.895   1.908   1.918   1.927   1.927 
    1.952   1.974   1.982   1.988   1.997   1.999   2.019   2.021 
    2.037   2.050   2.055   2.068   2.096   2.099   2.120   2.127 
    2.137   2.155   2.164   2.165   2.181   2.204   2.208   2.224 
    2.258   2.261   2.261   2.299   2.317   2.326   2.327   2.354 
    2.380   2.381   2.391   2.418   2.430   2.435   2.462   2.471 
    2.473   2.489   2.510   2.536   2.553   2.576   2.600   2.615 
    2.636   2.657   2.658   2.685   2.694   2.718   2.733   2.744 
    2.768   2.781   2.790   2.806   2.844   2.852   2.858   2.865 
    2.945   2.962   2.967   2.991   3.002   3.008   3.020   3.044 
    3.048   3.059   3.075   3.093   3.113   3.130   3.156   3.175 
    3.188   3.202   3.208   3.217   3.220   3.233   3.242   3.259 
    3.272   3.303   3.334   3.339   3.357   3.377   3.395   3.406 
    3.426   3.446   3.466   3.469   3.476   3.524   3.531   3.539 
    3.558   3.566   3.590   3.609   3.624   3.626   3.642   3.655 
    3.669   3.672   3.684   3.694   3.706   3.722   3.728   3.742 
    3.773   3.781   3.800   3.832   3.837   3.842   3.871   3.884 
    3.888   3.895   3.914   3.918   3.934   3.953   3.970   3.983 
    3.998   4.009   4.010   4.042   4.045   4.060   4.062   4.085 
    4.114   4.116   4.122   4.129   4.143   4.156   4.160   4.180 
    4.198   4.198   4.202   4.262   4.272   4.282   4.290   4.308 
    4.351   4.357   4.373   4.382   4.405   4.433   4.441   4.444 
    4.447   4.470   4.486   4.497   4.512   4.542   4.550   4.556 
    4.571   4.571   4.581   4.604   4.611   4.638   4.645   4.651 
    4.688   4.696   4.703   4.728   4.749   4.754   4.773   4.781 
    4.794   4.806   4.811   4.831   4.832   4.853   4.876   4.885 
    4.895   4.895   4.920   4.927   4.973   4.974   4.978   4.992 
    5.011   5.019   5.046   5.055   5.069   5.076   5.117   5.135 
    5.155   5.157   5.162   5.177   5.186   5.208   5.211   5.221 
    5.233   5.252   5.253   5.261   5.286   5.305   5.312   5.315 
    5.360   5.397   5.399   5.443   5.451   5.467   5.497   5.522 
    5.526   5.535   5.536   5.566   5.575   5.601   5.622   5.628 
    5.639   5.658   5.680   5.690   5.711   5.743   5.762   5.773 
    5.790   5.799   5.812   5.833   5.841   5.859   5.891   5.906 
    5.943   5.949   5.988   6.003   6.018   6.048   6.048   6.059 
    6.116   6.141   6.143   6.182   6.198   6.227   6.238   6.255 
    6.263   6.343   6.353   6.362   6.371   6.396   6.409   6.445 
    6.474   6.484   6.518   6.531   6.591   6.605   6.649   6.675 
    6.679   6.683   6.705   6.739   6.803   6.810   6.860   6.862 
    6.895   6.903   6.929   6.956   6.967   6.997   7.051   7.057 
    7.097   7.172   7.178   7.213   7.219   7.274   7.308   7.331 
    7.362   7.410   7.446   7.481   7.484   7.510   7.550   7.566 
    7.621   7.643   7.657   7.693   7.701   7.724   7.758   7.799 
    7.850   7.854   7.908   7.911   7.943   7.984   8.013   8.040 
    8.076   8.095   8.108   8.147   8.183   8.190   8.203   8.211 
    8.229   8.245   8.245   8.292   8.317   8.344   8.368   8.369 
    8.422   8.493   8.497   8.538   8.561   8.569   8.579   8.638 
    8.645   8.679   8.706   8.745   8.749   8.791   8.813   8.828 
    8.844   8.863   8.877   8.884   8.919   8.934   8.955   8.989 
    9.031   9.038   9.044   9.064   9.066   9.089   9.153   9.240 
    9.253   9.277   9.285   9.325   9.340   9.367   9.402   9.418 
    9.439   9.471   9.489   9.562   9.578   9.625   9.672   9.685 
    9.746   9.753   9.770   9.808   9.854   9.854   9.876   9.921 
    9.922   9.939   9.989  10.016  10.028  10.081  10.084  10.087 
   10.104  10.119  10.138  10.171  10.174  10.193  10.206  10.240 
   10.260  10.269  10.296  10.299  10.327  10.332  10.367  10.384 
   10.444  10.456  10.482  10.484  10.486  10.529  10.557  10.611 
   10.623  10.658  10.668  10.683  10.712  10.738  10.779  10.801 
   10.832  10.845  10.882  10.908  10.925  10.928  10.943  10.944 
   10.965  10.982  10.991  11.040  11.052  11.062  11.093  11.106 
   11.123  11.136  11.166  11.196  11.197  11.247  11.266  11.279 
   11.306  11.308  11.319  11.342  11.357  11.389  11.413  11.416 
   11.420  11.437  11.484  11.500  11.501  11.533  11.568  11.662 
   11.723  11.747  11.776  11.797  11.812  11.844  11.862  11.886 
   11.924  11.925  11.949  11.977  12.005  12.029  12.084  12.131 
   12.176  12.187  12.240  12.243  12.277  12.332  12.352  12.362 
   12.394  12.419  12.433  12.444  12.466  12.470  12.506  12.513 
   12.538  12.551  12.568  12.588  12.603  12.617  12.632  12.634 
   12.636  12.664  12.686  12.690  12.697  12.716  12.727  12.735 
   12.745  12.754  12.776  12.797  12.819  12.830  12.839  12.878 
   12.904  12.915  12.951  12.982  13.005  13.016  13.027  13.040 
   13.050  13.110  13.152  13.178  13.178  13.196  13.230  13.246 
   13.247  13.342  13.346  13.357  13.368  13.375  13.395  13.412 
   13.425  13.436  13.459  13.511  13.519  13.525  13.549  13.568 
   13.575  13.600  13.631  13.641  13.659  13.668  13.684  13.695 
   13.700  13.711  13.759  13.774  13.798  13.828  13.830  13.856 
   13.868  13.888  13.941  13.948  13.959  13.973  13.981  13.990 
   14.030  14.038  14.052  14.058  14.074  14.085  14.096  14.097 
   14.110  14.200  14.219  14.234  14.256  14.270  14.272  14.296 
   14.310  14.330  14.362  14.373  14.374  14.381  14.391  14.403 
   14.406  14.461  14.473  14.497  14.511  14.554  14.594  14.647 
   14.661  14.679  14.696  14.728  14.760  14.788  14.857  14.862 
   14.885  14.892  14.909  14.917  14.949  14.985  14.998  15.002 
   15.124  15.132  15.159  15.167  15.212  15.243  15.249  15.307 
   15.372  15.394  15.423  15.430  15.444  15.456  15.501  15.553 
   15.585  15.604  15.656  15.681  15.705  15.815  15.847  15.887 
   15.909  15.924  15.971  16.021  16.038  16.058  16.072  16.095 
   16.187  16.258  16.259  16.291  16.312  16.385  16.458  16.462 
   16.472  16.531  16.577  16.623  16.624  16.638  16.643  16.910 
   16.932  16.941  17.036  17.066  17.181  17.194  17.297  17.340 
   17.412  17.449  17.456  17.504  17.519  17.567  17.581  17.698 
   17.727  17.744  17.844  17.885  17.887  17.915  17.926  17.951 
   17.969  17.975  18.126  18.197  18.261  18.325  18.367  18.509 
   18.543  18.619  18.666  18.817  19.076  19.125  19.317  19.526 
   19.569  19.826  20.015  20.190  20.441  20.515  20.600  20.721 
   20.832  21.044  21.113  21.127  21.172  22.410  23.245  25.148 
   25.802  29.300  29.835  31.030  31.172  31.623  31.918  39.534 
   41.021  41.221  42.065  42.521  49.668  49.696  50.034  50.465 
   50.557  50.657  50.874  51.123  51.675  51.812  57.730  57.863 
   58.004  58.006  58.254  58.311  58.571  58.667  58.718  58.960 
   58.996  59.002  59.301  59.543  64.962  66.105  81.431  82.872 
   82.973  83.130  84.072  84.761 148.549 148.556 148.822 149.161 
  149.567 150.543 150.673 150.842 151.393 151.497 170.384 172.458 
  206.832 206.835 206.837 206.840 206.840 206.846 206.848 206.849 
  206.851 208.904 208.905 208.910 208.913 208.913 208.917 208.919 
  208.930 208.931 227.336 228.519 228.725 229.871 230.790 231.354 
  233.751 233.826 233.860 233.873 233.975 233.996 234.181 236.168 
  236.211 236.335 236.341 236.373 236.490 236.570 447.192 450.152 
  453.597 453.600 453.817 454.035 454.312 456.761 456.864 456.974 
  457.352 457.440 640.601 641.638 641.819 644.032 644.812 645.316 
  1574.422 1576.710 


  >>> Running UHF-MP2 <<<

MP2 correlation energy (UHF) : -1.5539538832
MP2 total energy       (UHF) : -288.5249448518

