	*********************************************** 
	***** Beginning CEBE Calculation with MOM ***** 
	*****       Calculation Details:          ***** 
	      Geometry:	 /work/morgunov/core/calculations/mols/exp/c/c-h3nc.xyz
	      Core Basis:	 cc-pCV5Z
	      Full Basis:	 cc-pV5Z
	      Do SFX2C1E?:	 True
	      Freeze orbitals?:	 True
	      Use Cheng orbitals?:	 False
	      Do Special Basis?:	 False
	*********************************************** 
	*********************************************** 

  >>> Running RHF <<<

init D/C      : minao
init ov       : zeros
no            : 11
nv            : 535
ov_size       : 5885
max_cycle     : 1000
conv          : 6
econv         : 9
method        : gdm
scale_stop    : 0
scale_factor  : 1.000000
init E        : -131.917202584251
init |[F,P]|  : 3.29e-03
init |dE|     : 8.32e-03
check file    : None

iter      total energy   |[F,P]|      |dE|         ∆E   comment
   1    -131.947194600  1.48e-03  3.76e-03  -3.00e-02  BFGS
   2    -131.952100331  5.19e-04  1.45e-03  -4.91e-03  BFGS
   3    -131.952703659  1.61e-04  4.14e-04  -6.03e-04  BFGS
   4    -131.952751893  2.83e-05  8.24e-05  -4.82e-05  BFGS
   5    -131.952754790  8.03e-06  2.16e-05  -2.90e-06  BFGS
   6    -131.952755082  1.69e-06  4.43e-06  -2.92e-07  BFGS
   7    -131.952755092  2.99e-07  8.13e-07  -9.76e-09  BFGS
   8    -131.952755092  4.43e-08  1.13e-07  -4.22e-10  BFGS
                                                                      gdm is converged!

SCF converged : True
final |[F,P]| : 4.43e-08
final |dE|    : 1.13e-07
final Escf    : -192.182162833077
final Etot    : -131.9527550921

  pxp & ewc             :::        0.328 (  0.04%)
  apply B               :::        0.002 (  0.00%)
  linsrch               :::      847.626 ( 99.96%)
  grad                  :::        0.022 (  0.00%)
  Total                 :::      847.978 (100.00%)

Alpha occupied
  -15.594 -11.299 -11.272  -1.271  -1.030  -0.741  -0.646  -0.646 
   -0.473  -0.473  -0.473 

Alpha virtual
    0.081   0.119   0.119   0.140   0.170   0.170   0.193   0.193 
    0.205   0.270   0.284   0.284   0.375   0.396   0.396   0.412 
    0.441   0.441   0.475   0.508   0.508   0.510   0.578   0.578 
    0.583   0.600   0.600   0.637   0.679   0.715   0.715   0.800 
    0.811   0.811   0.868   0.868   0.868   0.902   0.902   0.940 
    0.961   0.961   1.006   1.052   1.052   1.052   1.123   1.123 
    1.142   1.205   1.205   1.314   1.348   1.348   1.363   1.372 
    1.410   1.446   1.478   1.478   1.524   1.524   1.535   1.573 
    1.613   1.613   1.682   1.682   1.701   1.719   1.719   1.800 
    1.800   1.802   1.852   1.869   1.869   1.924   1.924   1.971 
    2.037   2.037   2.062   2.106   2.106   2.109   2.118   2.189 
    2.189   2.199   2.262   2.262   2.284   2.331   2.331   2.411 
    2.411   2.464   2.480   2.547   2.570   2.570   2.631   2.631 
    2.690   2.823   2.823   2.835   2.851   2.917   2.917   2.974 
    3.044   3.044   3.140   3.194   3.194   3.271   3.271   3.278 
    3.359   3.384   3.384   3.395   3.395   3.562   3.562   3.651 
    3.681   3.764   3.764   3.779   3.847   3.862   3.890   3.890 
    3.905   3.906   3.951   4.016   4.016   4.090   4.090   4.108 
    4.108   4.126   4.142   4.189   4.189   4.262   4.262   4.346 
    4.352   4.352   4.370   4.444   4.444   4.489   4.489   4.570 
    4.634   4.634   4.654   4.654   4.673   4.753   4.753   4.758 
    4.806   4.830   4.853   4.853   4.994   4.994   5.002   5.051 
    5.066   5.066   5.186   5.186   5.247   5.307   5.307   5.318 
    5.425   5.425   5.483   5.483   5.520   5.536   5.536   5.581 
    5.657   5.685   5.723   5.723   5.787   5.787   5.824   5.855 
    5.914   5.914   5.977   6.043   6.080   6.144   6.144   6.155 
    6.155   6.282   6.317   6.317   6.442   6.470   6.482   6.482 
    6.591   6.706   6.706   6.891   6.891   7.057   7.069   7.069 
    7.211   7.211   7.446   7.446   7.476   7.544   7.544   7.633 
    7.721   7.759   7.759   7.809   7.809   7.867   7.867   7.881 
    7.992   7.992   8.142   8.147   8.147   8.389   8.619   8.675 
    8.831   8.831   9.017   9.081   9.160   9.160   9.393   9.393 
    9.471   9.486   9.486   9.513   9.606   9.606   9.801   9.825 
    9.825   9.964   9.964   9.971   9.985  10.005  10.046  10.063 
   10.081  10.081  10.162  10.233  10.233  10.240  10.240  10.445 
   10.464  10.464  10.517  10.661  10.661  10.860  10.860  10.906 
   10.956  10.956  11.058  11.058  11.123  11.152  11.152  11.248 
   11.248  11.323  11.393  11.393  11.455  11.455  11.542  11.750 
   11.762  11.974  11.974  12.140  12.140  12.274  12.442  12.528 
   12.528  12.646  12.720  12.720  12.760  12.782  12.782  12.788 
   12.804  12.849  12.849  12.940  12.940  13.005  13.005  13.054 
   13.058  13.124  13.343  13.343  13.380  13.380  13.460  13.503 
   13.503  13.650  13.650  13.690  13.716  13.716  13.826  13.939 
   13.939  13.944  14.005  14.005  14.053  14.053  14.091  14.108 
   14.108  14.144  14.144  14.180  14.188  14.281  14.364  14.364 
   14.396  14.420  14.420  14.494  14.494  14.506  14.539  14.642 
   14.642  14.752  14.798  14.837  14.837  14.885  14.911  14.961 
   14.961  15.059  15.232  15.232  15.328  15.535  15.535  15.627 
   15.759  15.806  15.806  15.960  15.960  16.127  16.127  16.199 
   16.473  16.490  16.490  16.645  16.942  16.942  17.459  17.557 
   17.557  17.871  17.907  17.907  18.002  18.002  18.031  18.382 
   18.382  18.384  18.513  18.513  18.591  18.591  18.676  18.676 
   18.690  18.710  19.949  19.949  20.403  20.403  20.458  20.931 
   21.295  21.295  21.565  22.421  23.611  24.228  24.383  24.383 
   35.312  35.312  36.491  36.491  36.673  36.673  36.803  37.419 
   37.485  37.485  46.775  46.776  46.971  46.971  47.427  47.454 
   47.454  47.588  47.588  47.596  47.712  47.712  47.754  48.471 
   50.229  51.603  52.509  59.216  59.216  60.937  61.210  61.210 
   61.279 107.479 107.479 108.243 108.243 108.363 108.363 108.595 
  108.835 108.917 108.917 129.747 131.356 165.153 165.153 166.495 
  166.725 166.806 166.806 167.509 167.509 167.513 167.513 167.513 
  167.515 167.515 167.518 167.523 167.524 167.533 167.535 167.535 
  167.547 167.547 167.552 167.552 167.554 188.203 188.203 188.285 
  188.285 188.480 188.480 188.490 188.516 188.516 188.517 188.575 
  188.575 188.783 188.900 329.360 329.360 329.879 329.879 329.956 
  329.956 330.099 330.267 330.339 330.339 337.326 338.849 465.113 
  465.113 466.246 466.456 466.527 466.527 1173.089 1179.055 


  >>> Running RHF-MP2 <<<


RMP2-TIMING
  rmp2                  :::      615.090 (100.00%)
  Total                 :::      615.090 (100.00%)

MP2 correlation energy (RHF) : -0.6923706178
MP2 total energy       (RHF) : -132.6451257099


  >>> Running UHF <<<

init D/C      : input mo_coeff
init ov       : zeros
no            : 10 11
nv            : 536 535
ov_size       : 11245
max_cycle     : 1000
conv          : 6
econv         : 9
method        : diis
mom_start     : 0
guess mix     : 0.000000
orb_swap      : [[[1, 10]], []]
init E        : -120.653289865726
init S2       : 0.749999999999991
init |[F,P]|  : 1.41e-02
init |dE|     : 3.90e-02
check file    : None

iter      total energy   |[F,P]|      |dE|         ∆E   S^2   comment
   1    -121.009880502  7.72e-03  1.91e-02  -3.57e-01  0.75  DIIS mom: 9.7/10 10.7/11
   2    -121.178132871  8.92e-04  2.39e-03  -1.68e-01  0.76  DIIS mom: 10.0/10 11.0/11
   3    -121.181307158  3.86e-04  1.03e-03  -3.17e-03  0.76  DIIS mom: 10.0/10 11.0/11
   4    -121.182079315  1.93e-04  4.61e-04  -7.72e-04  0.76  DIIS mom: 10.0/10 11.0/11
   5    -121.182494630  1.11e-04  2.59e-04  -4.15e-04  0.77  DIIS mom: 10.0/10 11.0/11
   6    -121.182710305  3.65e-05  8.88e-05  -2.16e-04  0.78  DIIS mom: 10.0/10 11.0/11
   7    -121.182737521  1.64e-05  4.09e-05  -2.72e-05  0.78  DIIS mom: 10.0/10 11.0/11
   8    -121.182744103  1.22e-05  3.05e-05  -6.58e-06  0.78  DIIS mom: 10.0/10 11.0/11
   9    -121.182751760  5.90e-06  1.49e-05  -7.66e-06  0.78  DIIS mom: 10.0/10 11.0/11
  10    -121.182753788  1.23e-06  3.26e-06  -2.03e-06  0.78  DIIS mom: 10.0/10 11.0/11
  11    -121.182753836  4.50e-07  1.24e-06  -4.78e-08  0.78  DIIS mom: 10.0/10 11.0/11
  12    -121.182753840  1.59e-07  4.19e-07  -4.36e-09  0.78  DIIS mom: 10.0/10 11.0/11
  13    -121.182753841  3.73e-08  9.45e-08  -4.85e-10  0.78  DIIS mom: 10.0/10 11.0/11
                                                                      diis is converged!

SCF converged : True
final |[F,P]| : 3.73e-08
final |dE|    : 9.45e-08
final Escf    : -181.412161581775
final Etot    : -121.182753840798
final S2      : 0.783731281230022

  diis prep             :::        0.262 (  0.02%)
  diis extrap           :::        0.173 (  0.01%)
  roothaan              :::        0.917 (  0.06%)
  fock build            :::     1471.456 ( 99.91%)
  Total                 :::     1472.808 (100.00%)

Alpha occupied
  -15.863 -11.530  -1.564  -1.378  -1.095  -1.033  -1.033  -0.747 
   -0.747  -0.695 

Alpha virtual
  -10.211  -0.126  -0.086  -0.086  -0.057  -0.028  -0.028  -0.012 
   -0.012   0.032   0.070   0.088   0.088   0.136   0.139   0.139 
    0.154   0.219   0.219   0.251   0.267   0.299   0.299   0.346 
    0.346   0.382   0.382   0.396   0.398   0.434   0.492   0.492 
    0.585   0.589   0.589   0.624   0.624   0.659   0.681   0.681 
    0.711   0.739   0.739   0.750   0.777   0.777   0.817   0.877 
    0.892   0.892   0.961   0.961   1.055   1.106   1.106   1.138 
    1.160   1.166   1.196   1.225   1.225   1.267   1.267   1.280 
    1.299   1.352   1.352   1.425   1.453   1.453   1.475   1.475 
    1.546   1.546   1.560   1.605   1.605   1.635   1.660   1.660 
    1.707   1.765   1.765   1.792   1.832   1.832   1.853   1.882 
    1.900   1.935   1.935   1.999   1.999   2.052   2.066   2.066 
    2.141   2.141   2.188   2.217   2.276   2.306   2.306   2.357 
    2.357   2.375   2.490   2.490   2.553   2.557   2.670   2.670 
    2.725   2.786   2.786   2.840   2.888   2.888   2.974   3.013 
    3.013   3.078   3.081   3.081   3.176   3.176   3.255   3.255 
    3.372   3.422   3.455   3.455   3.526   3.550   3.607   3.607 
    3.613   3.672   3.684   3.684   3.739   3.739   3.818   3.822 
    3.831   3.831   3.874   3.874   3.887   3.887   3.984   3.984 
    4.054   4.092   4.097   4.097   4.157   4.157   4.200   4.200 
    4.311   4.325   4.325   4.375   4.378   4.378   4.446   4.456 
    4.456   4.499   4.544   4.551   4.551   4.703   4.712   4.712 
    4.776   4.791   4.791   4.893   4.893   4.932   4.991   4.991 
    5.015   5.087   5.087   5.179   5.179   5.212   5.236   5.236 
    5.295   5.341   5.380   5.420   5.420   5.476   5.476   5.558 
    5.586   5.599   5.599   5.651   5.780   5.795   5.816   5.816 
    5.851   5.851   5.936   6.056   6.056   6.128   6.173   6.216 
    6.216   6.246   6.402   6.402   6.580   6.580   6.704   6.704 
    6.734   6.904   6.904   7.095   7.095   7.174   7.279   7.279 
    7.294   7.393   7.520   7.520   7.528   7.528   7.582   7.618 
    7.618   7.665   7.665   7.808   7.812   7.812   8.009   8.370 
    8.428   8.554   8.554   8.648   8.724   8.724   8.731   9.119 
    9.119   9.124   9.185   9.233   9.233   9.327   9.327   9.488 
    9.493   9.493   9.722   9.725   9.725   9.736   9.737   9.748 
    9.748   9.780   9.813   9.871   9.871   9.876   9.924   9.924 
   10.079  10.161  10.161  10.239  10.342  10.342  10.541  10.610 
   10.610  10.675  10.675  10.714  10.714  10.819  10.819  10.841 
   10.945  10.945  10.957  11.086  11.086  11.106  11.106  11.149 
   11.351  11.422  11.709  11.709  11.752  11.752  11.998  12.059 
   12.059  12.168  12.301  12.320  12.320  12.390  12.390  12.413 
   12.433  12.459  12.484  12.484  12.577  12.577  12.632  12.653 
   12.653  12.704  12.776  13.009  13.009  13.037  13.037  13.114 
   13.170  13.170  13.338  13.354  13.354  13.410  13.410  13.485 
   13.584  13.610  13.610  13.697  13.697  13.729  13.748  13.748 
   13.781  13.781  13.796  13.796  13.831  13.853  13.911  14.031 
   14.031  14.044  14.057  14.057  14.147  14.147  14.223  14.250 
   14.289  14.289  14.468  14.478  14.478  14.497  14.544  14.595 
   14.595  14.605  14.713  14.944  14.944  14.990  15.183  15.183 
   15.292  15.399  15.467  15.467  15.618  15.618  15.829  15.855 
   15.855  16.123  16.181  16.181  16.367  16.540  16.540  17.089 
   17.193  17.193  17.499  17.542  17.542  17.563  17.688  17.688 
   17.965  18.019  18.019  18.129  18.129  18.247  18.247  18.290 
   18.290  18.336  18.398  19.658  19.658  19.890  19.890  19.931 
   20.538  21.039  21.039  21.279  21.856  22.981  23.569  23.569 
   23.763  35.054  35.054  35.458  35.458  36.199  36.234  36.234 
   36.344  36.344  36.591  46.229  46.338  46.338  46.359  46.470 
   46.470  46.518  46.519  46.716  46.716  47.206  47.206  47.221 
   47.469  49.948  50.325  52.137  58.959  58.959  59.353  59.593 
   59.593  60.985 106.328 106.328 106.829 106.923 106.923 107.223 
  107.223 108.029 108.029 108.349 129.146 129.540 164.196 164.404 
  164.404 164.897 164.897 165.507 165.507 165.511 165.511 165.511 
  165.517 165.529 165.542 165.542 166.360 167.257 167.257 167.265 
  167.265 167.276 167.276 167.293 167.293 167.295 186.169 186.186 
  186.186 186.195 186.251 186.251 186.575 187.946 187.946 188.028 
  188.028 188.229 188.229 188.526 327.033 327.033 327.374 327.453 
  327.453 329.105 329.105 329.663 329.663 329.850 335.892 337.092 
  463.150 463.341 463.341 464.859 464.859 466.111 1172.800 1175.470 

Beta occupied
  -15.858 -13.875 -11.530  -1.597  -1.421  -1.118  -1.074  -1.074 
   -0.743  -0.743  -0.696 

Beta virtual
   -0.137  -0.091  -0.091  -0.054  -0.029  -0.029  -0.010  -0.010 
    0.008   0.070   0.087   0.087   0.117   0.126   0.126   0.144 
    0.221   0.221   0.249   0.265   0.299   0.299   0.347   0.347 
    0.384   0.384   0.394   0.401   0.433   0.492   0.492   0.583 
    0.585   0.585   0.617   0.617   0.663   0.681   0.681   0.701 
    0.735   0.736   0.736   0.770   0.770   0.816   0.878   0.892 
    0.892   0.962   0.962   1.045   1.105   1.105   1.140   1.157 
    1.162   1.198   1.226   1.226   1.270   1.270   1.277   1.297 
    1.352   1.352   1.429   1.451   1.451   1.475   1.475   1.547 
    1.547   1.562   1.605   1.605   1.635   1.659   1.659   1.699 
    1.753   1.753   1.782   1.832   1.832   1.855   1.882   1.885 
    1.936   1.936   1.995   1.995   2.053   2.065   2.065   2.138 
    2.138   2.190   2.217   2.275   2.307   2.307   2.359   2.359 
    2.364   2.473   2.473   2.533   2.560   2.670   2.670   2.725 
    2.787   2.787   2.826   2.882   2.882   2.972   3.014   3.014 
    3.070   3.076   3.076   3.175   3.175   3.255   3.255   3.371 
    3.420   3.452   3.452   3.526   3.547   3.607   3.607   3.610 
    3.659   3.681   3.683   3.736   3.736   3.794   3.820   3.830 
    3.830   3.874   3.874   3.887   3.887   3.982   3.982   4.048 
    4.089   4.097   4.097   4.158   4.158   4.195   4.195   4.312 
    4.322   4.322   4.374   4.377   4.377   4.446   4.456   4.456 
    4.500   4.536   4.550   4.550   4.706   4.713   4.713   4.771 
    4.791   4.791   4.891   4.891   4.929   4.975   4.975   5.014 
    5.076   5.076   5.177   5.177   5.214   5.235   5.235   5.297 
    5.324   5.373   5.417   5.417   5.475   5.475   5.558   5.587 
    5.592   5.592   5.638   5.781   5.797   5.815   5.815   5.853 
    5.853   5.906   6.056   6.056   6.123   6.162   6.216   6.216 
    6.235   6.404   6.404   6.578   6.578   6.695   6.695   6.737 
    6.903   6.903   7.078   7.078   7.173   7.279   7.279   7.290 
    7.371   7.520   7.520   7.527   7.527   7.575   7.618   7.618 
    7.662   7.662   7.799   7.801   7.801   7.970   8.370   8.427 
    8.543   8.543   8.581   8.686   8.686   8.727   9.100   9.118 
    9.118   9.183   9.233   9.233   9.326   9.326   9.484   9.489 
    9.489   9.719   9.724   9.724   9.732   9.736   9.742   9.742 
    9.776   9.812   9.861   9.861   9.874   9.919   9.919  10.072 
   10.157  10.157  10.237  10.339  10.339  10.530  10.611  10.611 
   10.667  10.667  10.705  10.705  10.812  10.812  10.837  10.944 
   10.944  10.948  11.076  11.076  11.104  11.104  11.132  11.342 
   11.407  11.708  11.708  11.739  11.739  11.999  12.036  12.036 
   12.169  12.301  12.301  12.304  12.389  12.389  12.415  12.425 
   12.460  12.484  12.484  12.579  12.579  12.613  12.655  12.655 
   12.706  12.775  13.011  13.011  13.038  13.038  13.116  13.171 
   13.171  13.336  13.354  13.354  13.412  13.412  13.488  13.587 
   13.611  13.611  13.700  13.700  13.726  13.747  13.747  13.781 
   13.781  13.795  13.795  13.832  13.847  13.900  14.029  14.029 
   14.035  14.058  14.058  14.148  14.148  14.225  14.252  14.288 
   14.288  14.471  14.479  14.479  14.497  14.545  14.593  14.593 
   14.606  14.705  14.945  14.945  14.986  15.183  15.183  15.285 
   15.398  15.469  15.469  15.620  15.620  15.824  15.857  15.857 
   16.124  16.182  16.182  16.367  16.537  16.537  17.090  17.194 
   17.194  17.496  17.502  17.534  17.534  17.687  17.687  17.946 
   18.011  18.011  18.117  18.117  18.245  18.245  18.286  18.286 
   18.337  18.395  19.649  19.649  19.837  19.837  19.840  20.493 
   21.038  21.038  21.277  21.755  22.842  23.411  23.411  23.734 
   35.053  35.053  35.334  35.334  36.082  36.158  36.158  36.294 
   36.294  36.584  46.154  46.263  46.263  46.284  46.394  46.394 
   46.518  46.518  46.715  46.715  47.142  47.206  47.206  47.463 
   49.854  50.068  52.127  58.959  58.959  59.015  59.254  59.254 
   60.984 106.111 106.111 106.613 106.706 106.706 107.223 107.223 
  108.028 108.028 108.349 128.804 129.520 163.868 164.076 164.076 
  164.897 164.897 165.410 165.410 165.415 165.415 165.415 165.420 
  165.432 165.443 165.443 166.359 167.257 167.257 167.265 167.265 
  167.276 167.276 167.293 167.293 167.295 186.005 186.023 186.023 
  186.031 186.088 186.088 186.412 187.946 187.946 188.028 188.028 
  188.229 188.229 188.526 326.805 326.805 327.147 327.225 327.225 
  329.105 329.105 329.663 329.663 329.850 335.601 337.090 462.897 
  463.087 463.087 464.859 464.859 466.111 1172.795 1175.292 


  >>> Running UHF-MP2 <<<

MP2 correlation energy (UHF) : -0.6742321005
MP2 total energy       (UHF) : -121.8569859413

