	*********************************************** 
	***** Beginning CEBE Calculation with MOM ***** 
	*****       Calculation Details:          ***** 
	      Geometry:	 /work/morgunov/rev2calcs/mols/exp/o/ch3c-o-oh.xyz
	      Core Basis:	 ccX-5Z
	      Full Basis:	 cc-pV5Z
	      DIIS (start, space):	 0 50
	      Level shift:	 0
	      Do localization?:	 False
	      Do SFX2C1E?:	 True
	      Freeze orbitals?:	 True
	      Use Cheng orbitals?:	 False
	      Do Special Basis?:	 True
	      Do Special Basis?:	 ccX-5Z
	*********************************************** 
	*********************************************** 

  >>> Running RHF <<<

init D/C      : minao
init ov       : zeros
no            : 16
nv            : 770
ov_size       : 12320
max_cycle     : 1000
conv          : 6
econv         : 9
method        : gdm
scale_stop    : 0
scale_factor  : 1.000000
init E        : -227.782131062532
init |[F,P]|  : 5.90e-03
init |dE|     : 1.48e-02
check file    : None

iter      total energy   |[F,P]|      |dE|         ∆E   comment
   1    -227.852941766  4.78e-03  1.16e-02  -7.08e-02  BFGS
   2    -227.921750833  5.59e-04  1.31e-03  -6.88e-02  BFGS
   3    -227.923052589  3.06e-04  7.24e-04  -1.30e-03  BFGS
   4    -227.923412840  7.63e-05  1.95e-04  -3.60e-04  BFGS
   5    -227.923450155  2.81e-05  6.84e-05  -3.73e-05  BFGS
   6    -227.923458628  6.95e-06  1.70e-05  -8.47e-06  BFGS
   7    -227.923458965  2.26e-06  5.40e-06  -3.37e-07  BFGS
   8    -227.923458998  5.77e-07  1.37e-06  -3.29e-08  BFGS
   9    -227.923458999  1.51e-07  3.69e-07  -1.77e-09  BFGS
  10    -227.923458999  2.61e-08  6.50e-08  -1.15e-10  BFGS
                                                                      gdm is converged!

SCF converged : True
final |[F,P]| : 2.61e-08
final |dE|    : 6.50e-08
final Escf    : -349.612708755745
final Etot    : -227.923458999487

  pxp & ewc             :::        0.917 (  0.05%)
  apply B               :::        0.004 (  0.00%)
  linsrch               :::     1815.388 ( 99.95%)
  grad                  :::        0.036 (  0.00%)
  Total                 :::     1816.345 (100.00%)

Alpha occupied
  -20.616 -20.547 -11.388 -11.243  -1.472  -1.362  -1.033  -0.827 
   -0.711  -0.685  -0.656  -0.587  -0.575  -0.566  -0.484  -0.458 

Alpha virtual
    0.082   0.109   0.120   0.132   0.152   0.157   0.165   0.173 
    0.184   0.186   0.215   0.233   0.253   0.272   0.296   0.312 
    0.341   0.363   0.391   0.410   0.432   0.436   0.451   0.488 
    0.502   0.517   0.524   0.546   0.552   0.575   0.593   0.608 
    0.624   0.627   0.633   0.638   0.661   0.672   0.682   0.694 
    0.694   0.754   0.797   0.814   0.836   0.843   0.865   0.874 
    0.916   0.937   0.942   0.969   0.969   1.017   1.030   1.055 
    1.070   1.070   1.077   1.116   1.141   1.199   1.200   1.242 
    1.244   1.272   1.335   1.361   1.392   1.410   1.416   1.427 
    1.444   1.448   1.451   1.482   1.486   1.487   1.511   1.518 
    1.548   1.573   1.576   1.606   1.614   1.619   1.681   1.691 
    1.722   1.728   1.765   1.768   1.782   1.791   1.844   1.870 
    1.894   1.910   1.936   1.958   1.979   1.989   2.003   2.012 
    2.035   2.081   2.086   2.136   2.173   2.179   2.184   2.212 
    2.226   2.255   2.270   2.300   2.319   2.347   2.424   2.426 
    2.434   2.467   2.476   2.480   2.483   2.526   2.542   2.638 
    2.647   2.711   2.713   2.736   2.760   2.773   2.804   2.830 
    2.861   2.877   2.899   2.974   2.988   3.057   3.105   3.112 
    3.162   3.164   3.193   3.211   3.219   3.248   3.264   3.294 
    3.296   3.306   3.317   3.337   3.360   3.381   3.438   3.442 
    3.455   3.511   3.512   3.532   3.561   3.562   3.619   3.645 
    3.646   3.679   3.690   3.780   3.783   3.810   3.814   3.839 
    3.848   3.858   3.936   3.965   3.993   4.002   4.022   4.070 
    4.073   4.134   4.149   4.161   4.177   4.179   4.205   4.221 
    4.254   4.258   4.301   4.306   4.368   4.369   4.403   4.464 
    4.472   4.503   4.522   4.527   4.573   4.576   4.608   4.678 
    4.727   4.736   4.740   4.760   4.767   4.774   4.792   4.810 
    4.897   4.920   4.935   4.952   4.999   5.035   5.065   5.089 
    5.142   5.185   5.196   5.220   5.269   5.304   5.310   5.374 
    5.393   5.407   5.441   5.452   5.459   5.482   5.503   5.575 
    5.576   5.643   5.644   5.702   5.734   5.765   5.772   5.832 
    5.834   5.854   5.930   5.971   5.997   6.000   6.026   6.045 
    6.064   6.121   6.170   6.221   6.239   6.284   6.293   6.326 
    6.440   6.460   6.496   6.560   6.585   6.612   6.656   6.722 
    6.727   6.794   6.817   6.924   6.965   6.998   7.039   7.068 
    7.096   7.097   7.122   7.150   7.189   7.203   7.208   7.246 
    7.246   7.282   7.292   7.362   7.406   7.450   7.494   7.500 
    7.546   7.575   7.628   7.645   7.660   7.665   7.717   7.721 
    7.767   7.819   7.824   7.851   7.927   7.959   7.974   7.984 
    8.137   8.163   8.196   8.210   8.257   8.278   8.371   8.481 
    8.523   8.557   8.571   8.665   8.719   8.725   8.861   8.983 
    9.010   9.047   9.115   9.162   9.197   9.383   9.392   9.408 
    9.460   9.493   9.521   9.594   9.615   9.682   9.717   9.757 
    9.877   9.878   9.909   9.950   9.975  10.035  10.061  10.075 
   10.154  10.183  10.277  10.293  10.376  10.410  10.421  10.435 
   10.479  10.483  10.503  10.573  10.588  10.631  10.662  10.671 
   10.743  10.761  10.848  10.868  10.968  10.970  10.997  11.119 
   11.142  11.198  11.230  11.387  11.521  11.549  11.582  11.597 
   11.602  11.653  11.739  11.810  11.840  12.057  12.204  12.216 
   12.318  12.374  12.497  12.516  12.589  12.622  12.650  12.693 
   12.707  12.752  12.764  12.781  12.787  12.800  12.835  12.836 
   12.859  12.899  12.917  12.947  12.970  12.994  13.036  13.055 
   13.077  13.096  13.117  13.188  13.191  13.210  13.282  13.357 
   13.366  13.433  13.477  13.527  13.549  13.589  13.598  13.646 
   13.680  13.704  13.714  13.782  13.843  13.850  13.867  13.913 
   13.967  13.998  14.092  14.108  14.147  14.168  14.190  14.232 
   14.264  14.295  14.303  14.311  14.370  14.383  14.393  14.418 
   14.432  14.432  14.456  14.508  14.552  14.579  14.588  14.632 
   14.658  14.674  14.701  14.749  14.752  14.790  14.810  14.861 
   14.884  14.905  14.959  14.988  15.013  15.034  15.083  15.173 
   15.201  15.262  15.320  15.386  15.562  15.568  15.599  15.661 
   15.678  15.744  15.779  15.799  15.868  15.988  16.021  16.132 
   16.195  16.206  16.228  16.297  16.358  16.376  16.504  16.555 
   16.773  16.911  16.935  16.941  17.008  17.063  17.312  17.517 
   17.584  17.668  17.758  17.835  17.856  17.924  17.926  18.010 
   18.068  18.367  18.480  18.509  18.575  18.596  18.602  18.609 
   18.707  18.768  18.773  18.910  18.945  18.998  19.043  19.044 
   19.105  19.117  19.128  19.164  19.232  19.355  19.456  19.480 
   19.524  19.531  19.580  19.670  19.696  19.743  19.802  19.865 
   19.877  19.900  20.098  20.143  20.249  20.385  20.874  20.931 
   20.970  21.016  21.063  21.219  21.344  21.701  22.050  22.185 
   22.583  22.597  23.005  23.129  23.414  23.549  23.741  23.866 
   24.187  24.737  25.687  26.487  30.816  30.847  31.082  31.353 
   31.586  32.177  41.495  42.970  43.463  43.704  66.036  66.092 
   66.120  66.130  66.314  66.363  66.513  66.529  66.611  66.696 
   66.774  66.866  66.983  67.240  67.669  68.122  70.517  70.542 
   70.646  70.758  70.793  70.827  70.900  71.204  71.261  71.285 
   71.485  71.620  71.754  72.157  94.073  94.276 118.591 118.601 
  118.604 118.607 118.608 118.622 118.629 118.632 118.642 118.648 
  118.682 118.687 118.691 118.711 118.728 118.741 118.768 118.803 
  147.403 147.447 147.617 147.809 147.966 148.261 183.950 184.016 
  184.183 184.315 184.481 184.562 184.691 184.852 185.188 185.410 
  203.558 203.737 225.504 225.518 225.548 225.629 225.634 225.662 
  225.676 225.808 225.893 225.905 226.010 226.073 226.121 226.306 
  347.071 347.123 347.268 347.434 347.584 347.843 385.958 385.958 
  385.961 385.962 385.963 385.965 385.966 385.970 385.970 385.975 
  385.975 386.023 386.023 386.029 386.029 386.034 386.034 386.037 
  386.038 386.039 386.040 386.041 449.072 449.242 449.972 449.974 
  449.974 449.980 449.986 449.988 450.005 450.021 450.021 450.023 
  450.028 450.029 450.034 450.046 450.046 450.046 450.061 450.064 
  473.018 473.069 473.186 473.292 473.441 473.487 473.599 473.715 
  473.992 474.150 685.443 685.455 685.459 685.493 685.516 685.531 
  685.542 685.597 685.656 685.679 685.734 685.769 685.802 685.880 
  892.602 892.662 892.782 892.917 893.059 893.273 1087.517 1087.695 
  1213.240 1213.280 1213.354 1213.438 1213.573 1213.591 1213.690 1213.770 
  1214.000 1214.108 2891.992 2892.058 2892.162 2892.280 2892.417 2892.605 
  4236.827 4237.224 


  >>> Running RHF-MP2 <<<


RMP2-TIMING
  rmp2                  :::     1949.618 (100.00%)
  Total                 :::     1949.618 (100.00%)

MP2 correlation energy (RHF) : -1.0747985672
MP2 total energy       (RHF) : -228.9982575666


  >>> Running UHF <<<

init D/C      : input mo_coeff
init ov       : zeros
no            : 15 16
nv            : 771 770
ov_size       : 23885
max_cycle     : 1000
conv          : 6
econv         : 9
method        : diis
mom_start     : 0
guess mix     : 0.000000
orb_swap      : [[[1, 15]], []]
init E        : -207.376391527026
init S2       : 0.749999999999989
init |[F,P]|  : 1.45e-02
init |dE|     : 3.98e-02
check file    : None

iter      total energy   |[F,P]|      |dE|         ∆E   S^2   comment
   1    -207.882973785  7.99e-03  2.19e-02  -5.07e-01  0.75  DIIS mom: 14.7/15 15.6/16
   2    -208.186936217  8.40e-04  2.13e-03  -3.04e-01  0.76  DIIS mom: 14.9/15 15.9/16
   3    -208.191376513  3.01e-04  7.30e-04  -4.44e-03  0.76  DIIS mom: 15.0/15 16.0/16
   4    -208.192086630  1.20e-04  3.05e-04  -7.10e-04  0.76  DIIS mom: 15.0/15 16.0/16
   5    -208.192364010  5.45e-05  1.34e-04  -2.77e-04  0.77  DIIS mom: 15.0/15 16.0/16
   6    -208.192418120  1.94e-05  4.63e-05  -5.41e-05  0.77  DIIS mom: 15.0/15 16.0/16
   7    -208.192428190  8.07e-06  1.92e-05  -1.01e-05  0.77  DIIS mom: 15.0/15 16.0/16
   8    -208.192430278  3.11e-06  7.10e-06  -2.09e-06  0.77  DIIS mom: 15.0/15 16.0/16
   9    -208.192430601  1.70e-06  3.71e-06  -3.23e-07  0.77  DIIS mom: 15.0/15 16.0/16
  10    -208.192430696  1.03e-06  2.23e-06  -9.57e-08  0.77  DIIS mom: 15.0/15 16.0/16
  11    -208.192430746  3.38e-07  7.56e-07  -4.93e-08  0.77  DIIS mom: 15.0/15 16.0/16
  12    -208.192430750  1.19e-07  2.74e-07  -4.29e-09  0.77  DIIS mom: 15.0/15 16.0/16
  13    -208.192430750  4.10e-08  9.59e-08  -4.09e-10  0.77  DIIS mom: 15.0/15 16.0/16
                                                                      diis is converged!

SCF converged : True
final |[F,P]| : 4.10e-08
final |dE|    : 9.59e-08
final Escf    : -329.881680506605
final Etot    : -208.192430750347
final S2      : 0.770560037726035

  diis prep             :::        0.682 (  0.03%)
  diis extrap           :::        0.369 (  0.01%)
  roothaan              :::        2.506 (  0.10%)
  fock build            :::     2473.483 ( 99.86%)
  Total                 :::     2477.039 (100.00%)

Alpha occupied
  -20.911 -11.755 -11.475  -1.864  -1.710  -1.298  -1.150  -1.088 
   -1.040  -1.035  -0.902  -0.857  -0.840  -0.804  -0.797 

Alpha virtual
  -18.914  -0.151  -0.094  -0.057  -0.038  -0.030  -0.010  -0.002 
    0.008   0.017   0.022   0.045   0.067   0.082   0.085   0.117 
    0.149   0.156   0.165   0.192   0.208   0.230   0.248   0.253 
    0.260   0.265   0.297   0.330   0.331   0.351   0.369   0.377 
    0.393   0.406   0.411   0.423   0.440   0.440   0.462   0.470 
    0.482   0.488   0.538   0.582   0.592   0.626   0.631   0.665 
    0.667   0.703   0.715   0.731   0.751   0.755   0.803   0.810 
    0.835   0.851   0.865   0.872   0.904   0.913   0.966   0.995 
    1.018   1.034   1.055   1.098   1.117   1.137   1.165   1.172 
    1.182   1.190   1.197   1.210   1.224   1.228   1.241   1.270 
    1.287   1.306   1.328   1.337   1.364   1.385   1.387   1.438 
    1.451   1.498   1.498   1.535   1.543   1.558   1.562   1.618 
    1.636   1.644   1.681   1.686   1.728   1.746   1.751   1.763 
    1.771   1.822   1.836   1.847   1.908   1.940   1.951   1.960 
    1.989   1.996   2.020   2.045   2.075   2.079   2.124   2.177 
    2.181   2.200   2.242   2.244   2.265   2.268   2.284   2.300 
    2.374   2.399   2.459   2.466   2.504   2.517   2.518   2.546 
    2.594   2.607   2.638   2.650   2.725   2.748   2.793   2.839 
    2.852   2.880   2.893   2.919   2.942   2.957   2.970   2.976 
    3.001   3.006   3.024   3.046   3.069   3.090   3.090   3.164 
    3.191   3.192   3.214   3.256   3.259   3.297   3.304   3.347 
    3.366   3.370   3.434   3.444   3.516   3.518   3.547   3.550 
    3.563   3.599   3.602   3.670   3.700   3.745   3.746   3.757 
    3.800   3.824   3.860   3.898   3.900   3.924   3.944   3.944 
    3.971   4.005   4.010   4.045   4.084   4.094   4.108   4.147 
    4.195   4.239   4.248   4.254   4.268   4.307   4.322   4.360 
    4.414   4.486   4.495   4.515   4.519   4.545   4.547   4.560 
    4.597   4.638   4.671   4.705   4.710   4.771   4.791   4.832 
    4.849   4.901   4.915   4.941   4.972   5.028   5.053   5.059 
    5.101   5.146   5.158   5.188   5.195   5.212   5.236   5.271 
    5.341   5.350   5.387   5.413   5.462   5.469   5.523   5.527 
    5.573   5.583   5.616   5.683   5.719   5.746   5.747   5.751 
    5.766   5.804   5.853   5.914   5.946   5.970   6.011   6.048 
    6.084   6.171   6.202   6.224   6.296   6.315   6.346   6.366 
    6.447   6.450   6.509   6.536   6.623   6.644   6.696   6.744 
    6.766   6.784   6.832   6.841   6.845   6.870   6.892   6.919 
    6.952   6.970   7.023   7.027   7.053   7.119   7.154   7.191 
    7.234   7.273   7.317   7.347   7.370   7.375   7.393   7.439 
    7.451   7.465   7.533   7.543   7.556   7.619   7.677   7.698 
    7.713   7.841   7.888   7.899   7.956   7.991   8.012   8.100 
    8.201   8.236   8.241   8.275   8.306   8.417   8.429   8.516 
    8.677   8.690   8.730   8.802   8.853   8.893   9.049   9.108 
    9.119   9.163   9.219   9.257   9.314   9.334   9.380   9.442 
    9.480   9.557   9.579   9.613   9.657   9.694   9.757   9.781 
    9.804   9.861   9.911   9.988  10.004  10.055  10.093  10.160 
   10.162  10.193  10.216  10.238  10.307  10.312  10.331  10.398 
   10.412  10.440  10.460  10.559  10.563  10.665  10.697  10.741 
   10.811  10.854  10.910  10.942  11.104  11.271  11.281  11.327 
   11.343  11.350  11.399  11.450  11.572  11.583  11.767  11.885 
   11.912  12.042  12.077  12.216  12.246  12.303  12.389  12.421 
   12.452  12.462  12.516  12.518  12.534  12.541  12.559  12.577 
   12.608  12.616  12.662  12.664  12.703  12.719  12.745  12.776 
   12.821  12.836  12.863  12.868  12.923  12.925  12.969  13.027 
   13.071  13.112  13.148  13.214  13.270  13.309  13.360  13.362 
   13.398  13.444  13.459  13.488  13.526  13.573  13.616  13.625 
   13.629  13.689  13.778  13.873  13.883  13.904  13.925  13.961 
   13.967  13.972  13.993  14.011  14.062  14.089  14.091  14.117 
   14.158  14.180  14.198  14.201  14.217  14.269  14.282  14.338 
   14.355  14.395  14.399  14.406  14.423  14.442  14.503  14.513 
   14.582  14.604  14.650  14.655  14.729  14.737  14.782  14.784 
   14.876  14.912  14.947  14.997  15.105  15.206  15.293  15.356 
   15.387  15.429  15.434  15.507  15.567  15.646  15.714  15.784 
   15.874  15.935  15.947  15.998  16.017  16.043  16.099  16.178 
   16.286  16.503  16.578  16.642  16.669  16.713  16.816  17.029 
   17.297  17.303  17.445  17.528  17.568  17.585  17.651  17.702 
   17.787  17.846  18.135  18.205  18.231  18.253  18.289  18.345 
   18.363  18.430  18.458  18.492  18.563  18.581  18.642  18.702 
   18.743  18.805  18.814  18.835  18.865  18.979  19.040  19.054 
   19.102  19.148  19.148  19.253  19.268  19.304  19.328  19.385 
   19.528  19.538  19.557  19.735  19.853  19.961  20.082  20.372 
   20.690  20.700  20.728  20.816  20.913  20.931  21.342  21.394 
   21.492  22.064  22.314  22.716  22.742  22.838  23.142  23.272 
   23.508  23.898  24.045  25.411  26.211  30.000  30.223  30.527 
   30.730  31.063  31.891  41.106  42.530  42.737  43.405  64.593 
   64.682  64.811  64.984  65.240  65.280  65.484  65.799  66.068 
   66.180  66.240  66.240  66.491  66.621  66.937  67.828  69.271 
   69.296  69.496  69.552  70.002  70.246  70.356  70.428  70.556 
   70.606  70.916  70.991  71.318  71.867  92.526  93.980 117.184 
  117.185 117.200 117.204 117.249 117.255 117.257 117.285 117.300 
  118.297 118.306 118.312 118.326 118.344 118.353 118.415 118.474 
  118.511 145.360 145.523 145.869 147.107 147.512 147.963 181.616 
  181.685 182.140 182.335 182.842 183.887 184.022 184.290 184.546 
  185.113 201.217 203.439 223.153 223.166 223.275 223.304 223.534 
  223.660 223.741 225.252 225.335 225.378 225.512 225.610 225.775 
  226.012 344.046 344.187 344.503 346.776 347.137 347.543 383.627 
  383.627 383.632 383.633 383.635 383.638 383.638 383.643 383.643 
  383.651 383.651 385.663 385.664 385.666 385.666 385.667 385.670 
  385.670 385.673 385.674 385.678 385.678 445.795 447.138 447.138 
  447.141 447.142 447.155 447.156 447.156 447.166 447.170 448.945 
  449.676 449.678 449.678 449.683 449.689 449.692 449.711 449.729 
  449.741 469.716 469.771 470.133 470.286 470.682 472.891 472.998 
  473.206 473.410 473.853 681.845 681.852 681.916 681.933 682.067 
  682.140 682.184 685.152 685.200 685.225 685.302 685.363 685.458 
  685.586 888.557 888.676 888.955 892.309 892.622 892.974 1083.267 
  1087.398 1208.984 1209.026 1209.312 1209.430 1209.740 1213.060 1213.146 
  1213.305 1213.466 1213.811 2887.095 2887.202 2887.459 2891.700 2891.986 
  2892.306 4231.800 4236.926 

Beta occupied
  -23.813 -20.909 -11.753 -11.475  -1.959  -1.717  -1.309  -1.212 
   -1.127  -1.114  -1.069  -0.910  -0.865  -0.855  -0.804  -0.794 

Beta virtual
   -0.157  -0.096  -0.058  -0.039  -0.032  -0.011  -0.002   0.009 
    0.017   0.022   0.044   0.065   0.082   0.083   0.116   0.150 
    0.156   0.163   0.191   0.205   0.230   0.248   0.251   0.259 
    0.259   0.294   0.327   0.329   0.349   0.360   0.377   0.393 
    0.404   0.404   0.423   0.440   0.442   0.462   0.471   0.482 
    0.488   0.538   0.580   0.592   0.627   0.632   0.664   0.667 
    0.701   0.717   0.731   0.752   0.755   0.804   0.809   0.837 
    0.852   0.865   0.871   0.903   0.913   0.968   0.996   1.018 
    1.034   1.052   1.099   1.112   1.129   1.162   1.163   1.180 
    1.187   1.190   1.206   1.224   1.226   1.240   1.271   1.287 
    1.306   1.325   1.337   1.364   1.383   1.387   1.439   1.451 
    1.498   1.498   1.534   1.544   1.557   1.563   1.618   1.637 
    1.640   1.680   1.688   1.728   1.747   1.752   1.762   1.773 
    1.822   1.835   1.847   1.908   1.941   1.952   1.959   1.989 
    1.996   2.019   2.046   2.075   2.079   2.125   2.178   2.182 
    2.201   2.242   2.244   2.265   2.268   2.285   2.300   2.376 
    2.399   2.461   2.467   2.505   2.517   2.519   2.547   2.594 
    2.605   2.637   2.650   2.726   2.747   2.792   2.839   2.851 
    2.865   2.875   2.904   2.919   2.954   2.966   2.976   2.999 
    3.003   3.011   3.045   3.067   3.073   3.090   3.157   3.190 
    3.192   3.209   3.251   3.256   3.295   3.305   3.345   3.366 
    3.368   3.435   3.445   3.509   3.518   3.542   3.546   3.563 
    3.599   3.602   3.670   3.700   3.745   3.748   3.757   3.799 
    3.824   3.861   3.898   3.899   3.924   3.942   3.945   3.972 
    4.003   4.010   4.045   4.084   4.092   4.108   4.147   4.194 
    4.239   4.250   4.252   4.267   4.308   4.321   4.360   4.413 
    4.486   4.494   4.515   4.519   4.545   4.547   4.561   4.597 
    4.637   4.671   4.705   4.709   4.771   4.791   4.832   4.849 
    4.901   4.916   4.942   4.972   5.026   5.053   5.060   5.102 
    5.144   5.156   5.188   5.195   5.211   5.235   5.272   5.341 
    5.350   5.387   5.413   5.462   5.464   5.523   5.527   5.573 
    5.583   5.616   5.683   5.716   5.745   5.747   5.752   5.765 
    5.802   5.848   5.915   5.946   5.971   6.008   6.048   6.084 
    6.167   6.202   6.219   6.297   6.315   6.341   6.359   6.442 
    6.446   6.487   6.534   6.589   6.618   6.679   6.744   6.753 
    6.764   6.830   6.832   6.845   6.869   6.872   6.916   6.950 
    6.969   7.020   7.026   7.050   7.116   7.130   7.188   7.234 
    7.272   7.317   7.345   7.369   7.373   7.392   7.437   7.448 
    7.460   7.531   7.541   7.556   7.598   7.675   7.698   7.712 
    7.838   7.886   7.892   7.955   7.989   8.008   8.099   8.197 
    8.213   8.234   8.267   8.288   8.413   8.429   8.509   8.677 
    8.684   8.726   8.791   8.851   8.893   9.028   9.106   9.119 
    9.159   9.220   9.257   9.314   9.333   9.368   9.442   9.480 
    9.545   9.576   9.612   9.655   9.692   9.756   9.779   9.804 
    9.859   9.911   9.988  10.004  10.056  10.090  10.160  10.161 
   10.192  10.217  10.238  10.307  10.311  10.331  10.397  10.412 
   10.438  10.461  10.560  10.564  10.666  10.696  10.740  10.808 
   10.852  10.911  10.942  11.104  11.270  11.281  11.327  11.343 
   11.350  11.399  11.451  11.572  11.583  11.768  11.886  11.907 
   12.042  12.078  12.216  12.246  12.304  12.389  12.421  12.452 
   12.461  12.516  12.519  12.534  12.541  12.559  12.571  12.608 
   12.614  12.663  12.664  12.701  12.715  12.745  12.775  12.820 
   12.836  12.863  12.866  12.921  12.925  12.969  13.026  13.066 
   13.112  13.148  13.210  13.269  13.308  13.360  13.361  13.395 
   13.444  13.459  13.488  13.523  13.571  13.616  13.625  13.628 
   13.685  13.777  13.872  13.883  13.903  13.925  13.955  13.966 
   13.971  13.990  14.007  14.016  14.075  14.085  14.113  14.129 
   14.171  14.173  14.191  14.211  14.264  14.275  14.336  14.350 
   14.355  14.397  14.406  14.412  14.425  14.503  14.512  14.577 
   14.583  14.649  14.650  14.723  14.737  14.779  14.782  14.870 
   14.875  14.932  14.997  15.100  15.192  15.292  15.356  15.387 
   15.428  15.433  15.507  15.567  15.646  15.711  15.784  15.874 
   15.932  15.947  15.998  16.016  16.036  16.099  16.173  16.286 
   16.502  16.564  16.642  16.663  16.713  16.816  17.029  17.297 
   17.302  17.445  17.528  17.568  17.585  17.651  17.702  17.787 
   17.846  18.134  18.196  18.223  18.252  18.288  18.344  18.362 
   18.426  18.447  18.490  18.551  18.573  18.635  18.688  18.740 
   18.773  18.804  18.813  18.865  18.935  18.990  19.033  19.097 
   19.137  19.139  19.240  19.257  19.297  19.308  19.372  19.518 
   19.533  19.557  19.729  19.853  19.962  20.080  20.347  20.679 
   20.700  20.728  20.813  20.905  20.927  21.278  21.392  21.433 
   22.021  22.315  22.686  22.718  22.834  23.094  23.272  23.507 
   23.899  23.988  25.412  26.212  29.766  29.993  30.506  30.528 
   31.064  31.891  41.071  42.222  42.737  43.406  64.416  64.486 
   64.504  64.662  64.968  65.066  65.312  65.799  66.024  66.068 
   66.225  66.240  66.490  66.617  66.937  67.828  69.193  69.218 
   69.419  69.475  69.924  70.170  70.356  70.357  70.545  70.606 
   70.916  70.992  71.318  71.867  92.119  93.981 117.123 117.125 
  117.140 117.144 117.189 117.195 117.197 117.226 117.241 118.297 
  118.307 118.312 118.326 118.344 118.353 118.415 118.475 118.511 
  144.975 145.139 145.487 147.108 147.512 147.963 181.356 181.426 
  181.881 182.076 182.584 183.887 184.022 184.290 184.546 185.113 
  200.810 203.440 222.985 222.999 223.108 223.136 223.367 223.494 
  223.574 225.252 225.336 225.378 225.512 225.610 225.775 226.012 
  343.667 343.809 344.125 346.776 347.137 347.543 383.543 383.543 
  383.548 383.548 383.551 383.553 383.554 383.559 383.559 383.566 
  383.566 385.663 385.664 385.666 385.666 385.667 385.670 385.670 
  385.674 385.674 385.679 385.679 445.431 446.998 446.998 447.001 
  447.002 447.015 447.016 447.017 447.027 447.030 448.945 449.676 
  449.678 449.678 449.684 449.689 449.692 449.711 449.729 449.741 
  469.451 469.505 469.868 470.021 470.418 472.891 472.998 473.206 
  473.410 473.853 681.638 681.646 681.710 681.726 681.861 681.933 
  681.978 685.152 685.200 685.225 685.302 685.363 685.458 685.586 
  888.253 888.373 888.651 892.309 892.622 892.974 1082.975 1087.398 
  1208.763 1208.806 1209.092 1209.210 1209.519 1213.061 1213.146 1213.305 
  1213.466 1213.811 2886.913 2887.020 2887.278 2891.700 2891.986 2892.306 
  4231.642 4236.926 


  >>> Running UHF-MP2 <<<

MP2 correlation energy (UHF) : -1.0191101571
MP2 total energy       (UHF) : -209.2115409075

