	*********************************************** 
	***** Beginning CEBE Calculation with MOM ***** 
	*****       Calculation Details:          ***** 
	      Geometry:	 /work/morgunov/core/calculations/mols/exp/o/hc-o-och3.xyz
	      Core Basis:	 cc-pCV5Z
	      Full Basis:	 cc-pV5Z
	      DIIS (start, space):	 0 50
	      Level shift:	 0
	      Do localization?:	 False
	      Do SFX2C1E?:	 True
	      Freeze orbitals?:	 True
	      Use Cheng orbitals?:	 False
	      Do Special Basis?:	 False
	*********************************************** 
	*********************************************** 

  >>> Running RHF <<<

init D/C      : minao
init ov       : zeros
no            : 16
nv            : 676
ov_size       : 10816
max_cycle     : 1000
conv          : 6
econv         : 9
method        : gdm
scale_stop    : 0
scale_factor  : 1.000000
init E        : -227.74672320497
init |[F,P]|  : 5.79e-03
init |dE|     : 1.56e-02
check file    : None

iter      total energy   |[F,P]|      |dE|         ∆E   comment
   1    -227.819654125  4.43e-03  1.21e-02  -7.29e-02  BFGS
   2    -227.885415020  5.78e-04  1.45e-03  -6.58e-02  BFGS
   3    -227.886747670  2.98e-04  8.16e-04  -1.33e-03  BFGS
   4    -227.887138814  8.05e-05  2.15e-04  -3.91e-04  BFGS
   5    -227.887185964  3.53e-05  9.06e-05  -4.71e-05  BFGS
   6    -227.887196450  1.01e-05  2.70e-05  -1.05e-05  BFGS
   7    -227.887197074  2.06e-06  5.23e-06  -6.24e-07  BFGS
   8    -227.887197110  6.07e-07  1.59e-06  -3.61e-08  BFGS
   9    -227.887197112  1.99e-07  5.18e-07  -2.38e-09  BFGS
  10    -227.887197112  4.59e-08  1.24e-07  -2.27e-10  BFGS
                                                                      gdm is converged!

SCF converged : True
final |[F,P]| : 4.59e-08
final |dE|    : 1.24e-07
final Escf    : -350.629010587141
final Etot    : -227.887197112281

  pxp & ewc             :::        0.687 (  0.06%)
  apply B               :::        0.004 (  0.00%)
  linsrch               :::     1151.471 ( 99.93%)
  grad                  :::        0.080 (  0.01%)
  Total                 :::     1152.243 (100.00%)

Alpha occupied
  -20.616 -20.546 -11.378 -11.294  -1.470  -1.371  -0.989  -0.818 
   -0.750  -0.682  -0.679  -0.603  -0.556  -0.536  -0.471  -0.457 

Alpha virtual
    0.095   0.112   0.134   0.135   0.155   0.155   0.197   0.209 
    0.242   0.249   0.276   0.326   0.347   0.366   0.384   0.397 
    0.410   0.415   0.449   0.454   0.458   0.482   0.495   0.515 
    0.516   0.548   0.582   0.589   0.605   0.616   0.658   0.692 
    0.702   0.730   0.745   0.780   0.783   0.784   0.791   0.826 
    0.842   0.859   0.884   0.909   0.928   0.952   0.954   0.965 
    0.995   1.022   1.026   1.045   1.076   1.080   1.092   1.171 
    1.197   1.211   1.257   1.264   1.308   1.315   1.347   1.350 
    1.389   1.405   1.419   1.439   1.463   1.504   1.521   1.545 
    1.579   1.587   1.609   1.610   1.615   1.635   1.668   1.695 
    1.697   1.739   1.754   1.789   1.795   1.815   1.830   1.884 
    1.892   1.911   1.943   1.967   1.985   1.988   2.029   2.039 
    2.056   2.086   2.110   2.116   2.124   2.136   2.148   2.154 
    2.162   2.183   2.187   2.259   2.282   2.294   2.324   2.337 
    2.350   2.409   2.428   2.439   2.516   2.528   2.540   2.588 
    2.648   2.666   2.699   2.747   2.763   2.776   2.824   2.848 
    2.863   2.885   2.952   2.971   3.002   3.022   3.055   3.108 
    3.119   3.132   3.161   3.173   3.195   3.212   3.231   3.274 
    3.278   3.332   3.347   3.372   3.419   3.426   3.442   3.489 
    3.519   3.550   3.562   3.579   3.601   3.623   3.650   3.666 
    3.718   3.753   3.781   3.827   3.847   3.851   3.910   3.931 
    3.944   3.945   3.998   4.023   4.041   4.079   4.099   4.121 
    4.159   4.178   4.195   4.206   4.225   4.273   4.285   4.299 
    4.337   4.373   4.405   4.432   4.437   4.469   4.490   4.523 
    4.558   4.604   4.646   4.647   4.662   4.690   4.709   4.733 
    4.751   4.770   4.796   4.802   4.816   4.832   4.853   4.914 
    4.926   4.931   4.969   5.003   5.013   5.049   5.077   5.132 
    5.149   5.194   5.208   5.211   5.245   5.256   5.292   5.344 
    5.346   5.415   5.425   5.437   5.477   5.484   5.551   5.553 
    5.590   5.610   5.667   5.690   5.732   5.738   5.771   5.783 
    5.819   5.884   5.913   5.953   6.013   6.032   6.057   6.116 
    6.136   6.153   6.219   6.262   6.271   6.384   6.397   6.455 
    6.525   6.530   6.597   6.631   6.635   6.790   6.794   6.863 
    6.884   6.897   6.956   6.958   7.102   7.132   7.137   7.147 
    7.163   7.179   7.192   7.272   7.289   7.326   7.361   7.379 
    7.415   7.451   7.485   7.544   7.564   7.600   7.602   7.646 
    7.649   7.728   7.729   7.780   7.806   7.820   7.830   7.866 
    7.894   7.946   7.958   8.005   8.059   8.084   8.211   8.262 
    8.265   8.332   8.354   8.449   8.577   8.651   8.654   8.811 
    8.879   8.900   8.920   8.952   9.010   9.095   9.163   9.183 
    9.243   9.340   9.351   9.447   9.519   9.523   9.550   9.594 
    9.622   9.636   9.683   9.757   9.773   9.847   9.856   9.916 
    9.954   9.980  10.036  10.101  10.107  10.249  10.261  10.295 
   10.329  10.343  10.382  10.405  10.413  10.462  10.480  10.496 
   10.514  10.587  10.616  10.654  10.677  10.796  10.810  10.880 
   10.913  10.979  11.078  11.156  11.167  11.234  11.335  11.422 
   11.448  11.482  11.522  11.540  11.543  11.636  11.701  11.798 
   11.804  11.955  12.094  12.123  12.374  12.471  12.547  12.574 
   12.603  12.680  12.739  12.740  12.745  12.756  12.785  12.791 
   12.796  12.815  12.842  12.859  12.927  12.966  12.966  12.976 
   13.033  13.034  13.049  13.096  13.126  13.136  13.185  13.279 
   13.324  13.360  13.413  13.450  13.483  13.520  13.547  13.557 
   13.568  13.581  13.680  13.731  13.739  13.858  13.894  13.907 
   14.011  14.023  14.088  14.098  14.119  14.140  14.146  14.157 
   14.165  14.190  14.231  14.251  14.276  14.282  14.288  14.296 
   14.330  14.341  14.349  14.385  14.398  14.443  14.449  14.468 
   14.471  14.497  14.558  14.576  14.607  14.640  14.676  14.722 
   14.745  14.776  14.804  14.858  14.907  14.969  14.978  15.062 
   15.092  15.098  15.165  15.282  15.311  15.384  15.390  15.434 
   15.476  15.599  15.619  15.681  15.765  15.769  15.807  15.852 
   15.925  15.961  16.063  16.143  16.245  16.254  16.309  16.395 
   16.453  16.518  16.554  16.681  16.834  16.951  16.983  17.008 
   17.384  17.436  17.468  17.592  17.620  17.706  17.792  17.842 
   17.985  18.035  18.100  18.376  18.378  18.438  18.501  18.578 
   18.595  18.598  18.643  18.715  18.894  18.959  18.959  18.979 
   19.006  19.031  19.089  19.140  19.190  19.246  19.323  19.358 
   19.448  19.467  19.477  19.495  19.522  19.623  19.641  19.775 
   19.843  19.857  19.917  19.969  19.994  20.239  20.270  20.497 
   20.677  20.784  20.899  20.934  20.979  20.992  21.137  21.266 
   21.623  21.898  21.975  22.083  22.377  22.470  22.981  23.002 
   23.320  23.630  23.840  24.000  30.239  30.407  38.394  38.497 
   38.803  39.516  40.013  40.340  41.959  42.759  61.110  61.201 
   61.346  61.395  61.649  61.720  61.860  62.136  62.305  62.402 
   71.791  71.819  71.865  71.897  72.000  72.049  72.057  72.149 
   72.178  72.434  72.476  72.541  72.663  72.702  82.688  82.840 
  107.581 107.646 107.923 108.649 109.123 109.309 181.245 181.307 
  181.388 181.426 181.627 181.674 181.790 181.969 182.063 182.145 
  220.341 220.496 245.700 245.700 245.704 245.705 245.706 245.708 
  245.709 245.709 245.710 245.761 245.762 245.765 245.767 245.768 
  245.772 245.774 245.783 245.785 291.462 291.474 291.480 291.489 
  291.527 291.557 291.564 291.579 291.587 291.706 291.726 291.727 
  291.806 291.823 298.725 298.765 299.015 299.625 300.049 300.200 
  556.549 556.588 556.623 556.651 556.797 556.846 556.927 557.046 
  557.092 557.151 583.825 583.963 837.385 837.411 837.626 838.128 
  838.494 838.617 2073.115 2073.828 


  >>> Running RHF-MP2 <<<


RMP2-TIMING
  rmp2                  :::      779.218 (100.00%)
  Total                 :::      779.218 (100.00%)

MP2 correlation energy (RHF) : -1.0695436771
MP2 total energy       (RHF) : -228.9567407894


  >>> Running UHF <<<

init D/C      : input mo_coeff
init ov       : zeros
no            : 15 16
nv            : 677 676
ov_size       : 20971
max_cycle     : 1000
conv          : 6
econv         : 9
method        : diis
mom_start     : 0
guess mix     : 0.000000
orb_swap      : [[[1, 15]], []]
init E        : -207.341032728331
init S2       : 0.750000000000034
init |[F,P]|  : 1.33e-02
init |dE|     : 4.25e-02
check file    : None

iter      total energy   |[F,P]|      |dE|         ∆E   S^2   comment
   1    -207.844297416  7.43e-03  2.34e-02  -5.03e-01  0.75  DIIS mom: 14.7/15 15.6/16
   2    -208.149915345  7.93e-04  2.30e-03  -3.06e-01  0.76  DIIS mom: 14.9/15 15.9/16
   3    -208.154551105  3.41e-04  9.40e-04  -4.64e-03  0.76  DIIS mom: 15.0/15 16.0/16
   4    -208.155507643  1.23e-04  3.54e-04  -9.57e-04  0.76  DIIS mom: 15.0/15 16.0/16
   5    -208.155844811  5.63e-05  1.57e-04  -3.37e-04  0.77  DIIS mom: 15.0/15 16.0/16
   6    -208.155919732  2.13e-05  5.68e-05  -7.49e-05  0.77  DIIS mom: 15.0/15 16.0/16
   7    -208.155935443  1.12e-05  2.91e-05  -1.57e-05  0.77  DIIS mom: 15.0/15 16.0/16
   8    -208.155941103  6.50e-06  1.62e-05  -5.66e-06  0.77  DIIS mom: 15.0/15 16.0/16
   9    -208.155943205  4.57e-06  1.11e-05  -2.10e-06  0.77  DIIS mom: 15.0/15 16.0/16
  10    -208.155944638  2.73e-06  6.60e-06  -1.43e-06  0.77  DIIS mom: 15.0/15 16.0/16
  11    -208.155945295  7.79e-07  1.97e-06  -6.57e-07  0.77  DIIS mom: 15.0/15 16.0/16
  12    -208.155945324  2.95e-07  7.44e-07  -2.92e-08  0.77  DIIS mom: 15.0/15 16.0/16
  13    -208.155945327  8.33e-08  2.17e-07  -3.03e-09  0.77  DIIS mom: 15.0/15 16.0/16
  14    -208.155945328  1.99e-08  5.05e-08  -1.89e-10  0.77  DIIS mom: 15.0/15 16.0/16
                                                                      diis is converged!

SCF converged : True
final |[F,P]| : 1.99e-08
final |dE|    : 5.05e-08
final Escf    : -330.897758802366
final Etot    : -208.155945327506
final S2      : 0.772171705192973

  diis prep             :::        0.417 (  0.02%)
  diis extrap           :::        0.393 (  0.02%)
  roothaan              :::        1.770 (  0.10%)
  fock build            :::     1699.895 ( 99.85%)
  Total                 :::     1702.476 (100.00%)

Alpha occupied
  -20.916 -11.754 -11.505  -1.871  -1.711  -1.250  -1.163  -1.107 
   -1.037  -1.029  -0.903  -0.895  -0.862  -0.772  -0.748 

Alpha virtual
  -18.915  -0.165  -0.076  -0.055  -0.026  -0.017  -0.015   0.012 
    0.030   0.054   0.066   0.079   0.135   0.142   0.167   0.181 
    0.205   0.208   0.213   0.219   0.246   0.269   0.280   0.280 
    0.303   0.309   0.315   0.356   0.386   0.399   0.426   0.452 
    0.470   0.491   0.513   0.521   0.541   0.548   0.558   0.578 
    0.622   0.636   0.648   0.659   0.687   0.707   0.733   0.749 
    0.753   0.775   0.803   0.828   0.833   0.859   0.864   0.903 
    0.955   0.981   0.989   1.021   1.032   1.062   1.070   1.082 
    1.114   1.149   1.156   1.182   1.212   1.216   1.263   1.280 
    1.316   1.335   1.340   1.347   1.354   1.363   1.394   1.426 
    1.458   1.475   1.495   1.515   1.555   1.575   1.579   1.607 
    1.654   1.659   1.676   1.693   1.700   1.752   1.763   1.774 
    1.807   1.824   1.840   1.863   1.873   1.896   1.909   1.918 
    1.927   1.941   1.950   1.962   2.034   2.048   2.077   2.096 
    2.115   2.126   2.175   2.203   2.207   2.269   2.296   2.300 
    2.365   2.392   2.434   2.437   2.476   2.518   2.535   2.552 
    2.612   2.623   2.642   2.681   2.708   2.749   2.763   2.768 
    2.859   2.859   2.865   2.874   2.907   2.932   2.948   2.955 
    3.010   3.020   3.081   3.096   3.124   3.151   3.169   3.185 
    3.223   3.266   3.285   3.301   3.307   3.347   3.348   3.390 
    3.414   3.460   3.476   3.519   3.576   3.577   3.618   3.651 
    3.652   3.678   3.693   3.723   3.770   3.787   3.814   3.852 
    3.862   3.923   3.936   3.949   3.958   3.976   4.036   4.045 
    4.051   4.064   4.110   4.120   4.167   4.172   4.181   4.242 
    4.248   4.282   4.342   4.351   4.381   4.398   4.417   4.452 
    4.484   4.504   4.533   4.541   4.556   4.575   4.599   4.601 
    4.646   4.677   4.714   4.729   4.747   4.764   4.793   4.823 
    4.893   4.906   4.925   4.957   4.975   5.009   5.010   5.042 
    5.086   5.091   5.174   5.187   5.191   5.225   5.235   5.321 
    5.338   5.342   5.368   5.409   5.450   5.483   5.510   5.544 
    5.549   5.567   5.635   5.670   5.705   5.711   5.723   5.798 
    5.855   5.888   5.911   5.930   5.966   6.014   6.133   6.156 
    6.190   6.252   6.257   6.328   6.356   6.390   6.489   6.514 
    6.584   6.612   6.631   6.682   6.701   6.836   6.845   6.845 
    6.896   6.901   6.928   6.946   6.978   7.000   7.018   7.046 
    7.109   7.118   7.188   7.210   7.243   7.273   7.304   7.320 
    7.379   7.388   7.446   7.447   7.472   7.545   7.549   7.584 
    7.602   7.614   7.678   7.683   7.706   7.803   7.859   7.967 
    7.975   7.983   8.047   8.068   8.164   8.233   8.319   8.325 
    8.448   8.556   8.560   8.603   8.642   8.692   8.779   8.865 
    8.873   8.935   9.029   9.035   9.159   9.182   9.276   9.304 
    9.315   9.319   9.404   9.405   9.485   9.500   9.541   9.622 
    9.649   9.652   9.682   9.727   9.789   9.841   9.922   9.935 
    9.963  10.043  10.056  10.083  10.137  10.149  10.217  10.234 
   10.256  10.286  10.288  10.335  10.350  10.353  10.457  10.538 
   10.585  10.653  10.713  10.798  10.827  10.836  10.982  11.099 
   11.135  11.175  11.229  11.257  11.294  11.322  11.400  11.457 
   11.491  11.587  11.690  11.791  11.792  12.046  12.149  12.208 
   12.354  12.390  12.443  12.464  12.477  12.529  12.537  12.547 
   12.551  12.574  12.585  12.588  12.621  12.630  12.687  12.723 
   12.750  12.769  12.805  12.832  12.843  12.862  12.875  12.948 
   12.957  13.040  13.149  13.175  13.198  13.238  13.260  13.299 
   13.318  13.353  13.364  13.413  13.446  13.512  13.589  13.596 
   13.640  13.669  13.774  13.813  13.818  13.879  13.894  13.918 
   13.919  13.922  13.927  13.934  13.952  13.974  13.998  14.023 
   14.030  14.039  14.064  14.073  14.108  14.135  14.159  14.212 
   14.219  14.236  14.242  14.277  14.294  14.361  14.385  14.391 
   14.454  14.491  14.519  14.577  14.603  14.658  14.660  14.742 
   14.780  14.821  14.870  14.911  15.003  15.021  15.111  15.142 
   15.165  15.216  15.318  15.361  15.461  15.477  15.501  15.535 
   15.599  15.631  15.669  15.760  15.895  15.949  15.983  16.018 
   16.077  16.195  16.225  16.283  16.360  16.427  16.669  16.740 
   16.785  17.066  17.162  17.242  17.378  17.382  17.417  17.501 
   17.631  17.778  17.796  17.826  18.158  18.160  18.216  18.228 
   18.236  18.294  18.369  18.407  18.417  18.519  18.565  18.652 
   18.682  18.692  18.762  18.802  18.806  18.830  18.963  18.970 
   19.033  19.076  19.096  19.147  19.161  19.194  19.304  19.321 
   19.386  19.456  19.501  19.542  19.594  19.700  19.939  19.989 
   20.213  20.373  20.429  20.472  20.666  20.760  20.767  20.839 
   20.914  21.159  21.205  21.381  21.515  22.084  22.163  22.318 
   22.663  22.710  23.017  23.492  23.714  29.331  30.106  37.218 
   37.616  38.193  38.944  39.284  39.878  41.583  42.542  59.740 
   59.841  60.297  60.477  60.753  61.048  61.092  61.396  62.006 
   62.105  70.490  70.517  70.684  70.742  71.116  71.320  71.339 
   71.581  71.599  71.747  71.862  71.877  72.199  72.268  80.992 
   82.543 105.567 105.900 107.099 107.339 108.347 109.006 178.815 
  178.887 179.224 179.354 179.530 181.089 181.118 181.341 181.763 
  181.843 217.624 220.198 243.492 243.493 243.497 243.497 243.499 
  243.502 243.503 243.504 243.505 245.398 245.399 245.404 245.404 
  245.405 245.408 245.409 245.410 245.413 288.684 288.695 288.762 
  288.781 288.925 288.999 289.014 291.168 291.175 291.232 291.261 
  291.283 291.409 291.432 295.649 295.933 296.967 298.457 299.320 
  299.893 552.870 552.920 553.158 553.246 553.362 556.325 556.344 
  556.502 556.793 556.849 580.027 583.666 833.239 833.474 834.343 
  837.102 837.825 838.312 2068.344 2073.532 

Beta occupied
  -23.813 -20.914 -11.751 -11.505  -1.968  -1.715  -1.276  -1.204 
   -1.157  -1.118  -1.040  -0.935  -0.898  -0.868  -0.772  -0.746 

Beta virtual
   -0.172  -0.076  -0.056  -0.027  -0.016  -0.016   0.010   0.030 
    0.055   0.064   0.077   0.135   0.139   0.166   0.178   0.202 
    0.204   0.212   0.219   0.244   0.269   0.280   0.281   0.300 
    0.308   0.310   0.352   0.386   0.398   0.426   0.453   0.469 
    0.491   0.508   0.520   0.533   0.549   0.557   0.578   0.622 
    0.628   0.649   0.659   0.686   0.709   0.732   0.749   0.754 
    0.776   0.804   0.829   0.834   0.857   0.864   0.902   0.955 
    0.983   0.989   1.022   1.029   1.065   1.069   1.084   1.116 
    1.150   1.157   1.183   1.208   1.213   1.262   1.264   1.316 
    1.334   1.338   1.339   1.355   1.358   1.396   1.425   1.458 
    1.476   1.490   1.515   1.555   1.576   1.578   1.606   1.654 
    1.657   1.677   1.681   1.701   1.738   1.765   1.772   1.807 
    1.825   1.841   1.860   1.873   1.897   1.907   1.918   1.926 
    1.942   1.950   1.963   2.034   2.047   2.078   2.092   2.116 
    2.126   2.175   2.203   2.208   2.269   2.297   2.299   2.364 
    2.395   2.431   2.438   2.477   2.517   2.531   2.552   2.606 
    2.624   2.643   2.678   2.709   2.749   2.762   2.767   2.857 
    2.859   2.864   2.876   2.905   2.932   2.946   2.951   3.010 
    3.021   3.081   3.096   3.123   3.149   3.169   3.185   3.219 
    3.267   3.284   3.301   3.304   3.347   3.347   3.390   3.412 
    3.461   3.477   3.518   3.573   3.576   3.619   3.651   3.651 
    3.677   3.690   3.719   3.770   3.785   3.811   3.851   3.863 
    3.924   3.936   3.945   3.955   3.974   4.028   4.038   4.043 
    4.050   4.105   4.108   4.162   4.169   4.170   4.231   4.241 
    4.279   4.338   4.347   4.373   4.399   4.417   4.441   4.478 
    4.504   4.532   4.541   4.554   4.575   4.598   4.601   4.630 
    4.678   4.714   4.729   4.747   4.764   4.788   4.822   4.890 
    4.906   4.920   4.957   4.975   5.005   5.010   5.040   5.084 
    5.090   5.171   5.185   5.192   5.226   5.232   5.319   5.337 
    5.342   5.367   5.403   5.448   5.480   5.509   5.544   5.546 
    5.565   5.630   5.670   5.696   5.706   5.719   5.794   5.854 
    5.884   5.913   5.931   5.963   6.013   6.133   6.156   6.188 
    6.253   6.258   6.325   6.358   6.391   6.490   6.513   6.580 
    6.610   6.631   6.682   6.702   6.831   6.842   6.844   6.895 
    6.900   6.927   6.945   6.974   6.997   7.015   7.044   7.107 
    7.118   7.187   7.209   7.239   7.272   7.304   7.318   7.376 
    7.386   7.445   7.447   7.469   7.544   7.547   7.583   7.601 
    7.613   7.678   7.682   7.703   7.802   7.859   7.958   7.976 
    7.978   8.044   8.066   8.160   8.212   8.313   8.319   8.442 
    8.554   8.557   8.602   8.643   8.691   8.777   8.865   8.867 
    8.933   9.022   9.034   9.156   9.164   9.273   9.304   9.313 
    9.314   9.395   9.403   9.478   9.498   9.536   9.622   9.647 
    9.650   9.678   9.724   9.789   9.830   9.921   9.937   9.959 
   10.015  10.044  10.083  10.137  10.148  10.209  10.234  10.251 
   10.266  10.288  10.330  10.351  10.354  10.459  10.534  10.577 
   10.653  10.710  10.784  10.828  10.836  10.980  11.099  11.134 
   11.171  11.229  11.256  11.294  11.322  11.399  11.457  11.484 
   11.587  11.685  11.786  11.791  12.027  12.147  12.192  12.353 
   12.390  12.431  12.437  12.475  12.527  12.536  12.544  12.551 
   12.571  12.576  12.583  12.592  12.619  12.686  12.723  12.743 
   12.769  12.804  12.822  12.843  12.860  12.870  12.924  12.954 
   13.038  13.149  13.172  13.197  13.237  13.258  13.293  13.317 
   13.352  13.364  13.408  13.446  13.508  13.557  13.581  13.639 
   13.643  13.772  13.802  13.811  13.879  13.885  13.907  13.918 
   13.922  13.927  13.934  13.951  13.973  13.997  14.002  14.023 
   14.039  14.047  14.065  14.109  14.133  14.157  14.210  14.219 
   14.236  14.237  14.275  14.293  14.358  14.385  14.389  14.454 
   14.489  14.518  14.577  14.602  14.645  14.659  14.741  14.780 
   14.819  14.870  14.910  15.001  15.021  15.111  15.138  15.164 
   15.216  15.318  15.361  15.417  15.470  15.489  15.536  15.599 
   15.631  15.668  15.759  15.895  15.947  15.978  16.015  16.073 
   16.195  16.220  16.280  16.358  16.410  16.668  16.740  16.785 
   17.064  17.162  17.242  17.376  17.382  17.416  17.499  17.631 
   17.778  17.796  17.826  18.158  18.160  18.214  18.222  18.227 
   18.294  18.368  18.406  18.416  18.508  18.553  18.641  18.677 
   18.687  18.761  18.797  18.801  18.828  18.952  18.969  19.030 
   19.066  19.088  19.141  19.154  19.195  19.301  19.319  19.378 
   19.446  19.497  19.529  19.593  19.701  19.940  19.989  20.213 
   20.370  20.404  20.468  20.665  20.759  20.767  20.837  20.904 
   21.138  21.144  21.325  21.486  22.086  22.162  22.263  22.612 
   22.712  22.958  23.490  23.714  28.961  30.107  36.862  37.266 
   38.194  38.647  39.259  39.868  41.578  42.542  59.575  59.677 
   60.134  60.315  60.590  61.049  61.092  61.397  62.007  62.105 
   70.405  70.432  70.600  70.657  71.032  71.236  71.257  71.582 
   71.599  71.748  71.862  71.877  72.199  72.268  80.475  82.543 
  105.103 105.439 106.643 107.339 108.347 109.006 178.529 178.601 
  178.939 179.069 179.245 181.089 181.119 181.341 181.763 181.843 
  217.127 220.198 243.376 243.377 243.381 243.381 243.383 243.386 
  243.387 243.387 243.389 245.399 245.399 245.404 245.405 245.406 
  245.408 245.409 245.411 245.413 288.471 288.482 288.549 288.569 
  288.713 288.786 288.801 291.169 291.176 291.232 291.262 291.284 
  291.409 291.432 295.212 295.496 296.533 298.457 299.320 299.893 
  552.564 552.613 552.852 552.940 553.056 556.325 556.344 556.503 
  556.793 556.849 579.629 583.666 832.904 833.139 834.009 837.102 
  837.825 838.312 2068.098 2073.532 


  >>> Running UHF-MP2 <<<

MP2 correlation energy (UHF) : -1.0158788860
MP2 total energy       (UHF) : -209.1718242135

