	*********************************************** 
	***** Beginning CEBE Calculation with MOM ***** 
	*****       Calculation Details:          ***** 
	      Geometry:	 /home/am3939/core/calculations/mols/exp/n/me2-n-cho.xyz
	      Core Basis:	 ccX-5Z
	      Full Basis:	 cc-pV5Z
	      DIIS (start, space):	 0 50
	      Level shift:	 0
	      Do localization?:	 False
	      Do SFX2C1E?:	 True
	      Freeze orbitals?:	 True
	      Use Cheng orbitals?:	 False
	      Do Special Basis?:	 True
	      Do Special Basis?:	 ccX-5Z
	*********************************************** 
	*********************************************** 

  >>> Running RHF <<<

init D/C      : minao
init ov       : zeros
no            : 20
nv            : 921
ov_size       : 18420
max_cycle     : 1000
conv          : 6
econv         : 9
method        : gdm
scale_stop    : 0
scale_factor  : 1.000000
init E        : -246.946614127888
init |[F,P]|  : 4.46e-03
init |dE|     : 1.19e-02
check file    : None

iter      total energy   |[F,P]|      |dE|         ∆E   comment
   1    -247.001628812  3.85e-03  1.10e-02  -5.50e-02  BFGS
   2    -247.102536473  4.10e-04  9.95e-04  -1.01e-01  BFGS
   3    -247.104066498  1.24e-04  3.03e-04  -1.53e-03  BFGS
   4    -247.104294108  6.30e-05  1.51e-04  -2.28e-04  BFGS
   5    -247.104331675  2.46e-05  6.25e-05  -3.76e-05  BFGS
   6    -247.104339846  9.09e-06  2.20e-05  -8.17e-06  BFGS
   7    -247.104340387  2.42e-06  5.42e-06  -5.42e-07  BFGS
   8    -247.104340427  6.06e-07  1.56e-06  -3.99e-08  BFGS
   9    -247.104340431  1.91e-07  5.01e-07  -4.10e-09  BFGS
  10    -247.104340431  5.45e-08  1.22e-07  -3.49e-10  BFGS
                                                                      gdm is converged!

SCF converged : True
final |[F,P]| : 5.45e-08
final |dE|    : 1.22e-07
final Escf    : -429.396763082852
final Etot    : -247.104340431474

  pxp & ewc             :::        1.212 (  0.10%)
  apply B               :::        0.003 (  0.00%)
  linsrch               :::     1188.056 ( 99.89%)
  grad                  :::        0.043 (  0.00%)
  Total                 :::     1189.314 (100.00%)

Alpha occupied
  -20.516 -15.591 -11.343 -11.274 -11.257  -1.377  -1.258  -0.990 
   -0.952  -0.783  -0.706  -0.663  -0.656  -0.585  -0.570  -0.570 
   -0.542  -0.531  -0.429  -0.378 

Alpha virtual
    0.078   0.104   0.112   0.117   0.142   0.156   0.157   0.164 
    0.173   0.200   0.202   0.209   0.231   0.244   0.253   0.261 
    0.290   0.290   0.313   0.339   0.358   0.365   0.387   0.392 
    0.403   0.407   0.428   0.429   0.443   0.475   0.491   0.500 
    0.512   0.514   0.514   0.533   0.545   0.549   0.557   0.581 
    0.596   0.604   0.607   0.624   0.641   0.648   0.677   0.685 
    0.700   0.726   0.736   0.751   0.761   0.773   0.794   0.801 
    0.822   0.832   0.846   0.860   0.877   0.884   0.894   0.900 
    0.902   0.913   0.944   0.946   0.974   0.979   0.985   1.009 
    1.030   1.041   1.052   1.064   1.066   1.075   1.085   1.093 
    1.102   1.110   1.113   1.158   1.161   1.185   1.215   1.233 
    1.240   1.268   1.285   1.304   1.335   1.336   1.354   1.385 
    1.395   1.414   1.422   1.429   1.441   1.469   1.496   1.527 
    1.530   1.550   1.554   1.559   1.573   1.581   1.601   1.601 
    1.652   1.657   1.677   1.694   1.702   1.709   1.713   1.731 
    1.751   1.775   1.788   1.790   1.800   1.836   1.840   1.861 
    1.871   1.880   1.895   1.924   1.934   1.939   1.960   1.987 
    2.004   2.010   2.012   2.033   2.044   2.059   2.072   2.075 
    2.117   2.129   2.136   2.141   2.151   2.171   2.180   2.182 
    2.194   2.232   2.234   2.244   2.255   2.259   2.272   2.286 
    2.301   2.331   2.349   2.358   2.401   2.402   2.407   2.427 
    2.438   2.448   2.455   2.487   2.490   2.510   2.529   2.549 
    2.578   2.586   2.587   2.634   2.641   2.672   2.676   2.716 
    2.731   2.766   2.781   2.805   2.835   2.838   2.845   2.874 
    2.907   2.932   2.947   2.973   2.979   2.990   3.015   3.021 
    3.060   3.073   3.074   3.108   3.117   3.161   3.164   3.170 
    3.193   3.225   3.235   3.251   3.270   3.272   3.272   3.318 
    3.340   3.347   3.350   3.363   3.373   3.399   3.409   3.444 
    3.453   3.484   3.513   3.528   3.590   3.621   3.631   3.644 
    3.684   3.687   3.732   3.749   3.769   3.775   3.788   3.802 
    3.843   3.845   3.852   3.880   3.889   3.916   3.927   3.955 
    3.971   4.000   4.013   4.042   4.068   4.096   4.109   4.137 
    4.143   4.155   4.170   4.207   4.229   4.234   4.236   4.253 
    4.253   4.282   4.288   4.313   4.330   4.339   4.364   4.379 
    4.412   4.417   4.432   4.466   4.478   4.496   4.531   4.552 
    4.566   4.581   4.582   4.596   4.607   4.641   4.671   4.682 
    4.699   4.717   4.726   4.751   4.761   4.770   4.783   4.801 
    4.816   4.821   4.822   4.834   4.850   4.884   4.900   4.928 
    4.953   4.958   4.962   4.993   5.028   5.035   5.044   5.061 
    5.078   5.079   5.105   5.117   5.120   5.130   5.139   5.148 
    5.172   5.188   5.204   5.262   5.264   5.288   5.293   5.300 
    5.325   5.345   5.346   5.377   5.425   5.428   5.436   5.473 
    5.478   5.494   5.506   5.536   5.567   5.582   5.593   5.597 
    5.624   5.650   5.651   5.705   5.706   5.769   5.771   5.793 
    5.795   5.805   5.810   5.821   5.853   5.870   5.896   5.919 
    5.932   5.952   5.962   5.986   6.007   6.012   6.026   6.050 
    6.061   6.065   6.106   6.111   6.148   6.173   6.183   6.199 
    6.237   6.246   6.248   6.273   6.290   6.295   6.358   6.364 
    6.389   6.422   6.431   6.470   6.502   6.532   6.540   6.585 
    6.623   6.636   6.647   6.700   6.731   6.777   6.824   6.892 
    6.921   6.943   6.987   6.998   7.040   7.042   7.101   7.128 
    7.149   7.175   7.204   7.244   7.289   7.290   7.318   7.319 
    7.348   7.364   7.378   7.406   7.415   7.423   7.447   7.481 
    7.496   7.507   7.539   7.540   7.588   7.593   7.651   7.658 
    7.696   7.738   7.761   7.762   7.780   7.824   7.862   7.888 
    7.952   7.972   8.001   8.052   8.066   8.078   8.091   8.134 
    8.155   8.237   8.327   8.330   8.355   8.413   8.447   8.457 
    8.503   8.584   8.627   8.705   8.729   8.818   8.841   8.873 
    8.937   8.961   9.038   9.114   9.144   9.186   9.257   9.285 
    9.309   9.312   9.507   9.510   9.549   9.560   9.600   9.606 
    9.632   9.696   9.713   9.728   9.762   9.790   9.836   9.876 
    9.880   9.899   9.973  10.001  10.012  10.022  10.047  10.067 
   10.086  10.101  10.157  10.179  10.209  10.265  10.285  10.354 
   10.361  10.369  10.424  10.426  10.445  10.448  10.495  10.508 
   10.525  10.548  10.565  10.582  10.605  10.685  10.688  10.696 
   10.738  10.744  10.815  10.836  10.842  10.876  10.908  10.927 
   11.007  11.049  11.156  11.214  11.243  11.296  11.313  11.329 
   11.385  11.420  11.462  11.512  11.527  11.544  11.574  11.587 
   11.600  11.617  11.656  11.664  11.670  11.799  11.811  11.817 
   11.876  11.913  11.951  12.035  12.228  12.240  12.281  12.383 
   12.424  12.433  12.493  12.522  12.562  12.581  12.639  12.644 
   12.662  12.684  12.689  12.741  12.751  12.762  12.763  12.779 
   12.781  12.786  12.789  12.805  12.807  12.810  12.824  12.844 
   12.857  12.860  12.890  12.918  12.947  12.953  12.966  13.005 
   13.007  13.030  13.031  13.032  13.068  13.080  13.100  13.116 
   13.122  13.157  13.172  13.176  13.185  13.199  13.240  13.250 
   13.251  13.301  13.309  13.361  13.390  13.396  13.412  13.459 
   13.468  13.475  13.525  13.532  13.585  13.592  13.599  13.625 
   13.645  13.673  13.692  13.706  13.729  13.730  13.764  13.801 
   13.814  13.860  13.861  13.902  13.954  13.960  13.984  14.003 
   14.074  14.082  14.117  14.142  14.153  14.157  14.172  14.173 
   14.206  14.217  14.235  14.242  14.261  14.274  14.290  14.301 
   14.334  14.340  14.350  14.358  14.372  14.395  14.399  14.434 
   14.445  14.451  14.456  14.472  14.479  14.496  14.533  14.557 
   14.577  14.593  14.615  14.629  14.654  14.656  14.679  14.694 
   14.718  14.720  14.732  14.764  14.801  14.814  14.846  14.882 
   14.924  14.925  14.955  14.978  14.990  15.002  15.034  15.066 
   15.090  15.116  15.170  15.189  15.201  15.214  15.246  15.291 
   15.398  15.416  15.480  15.527  15.546  15.627  15.647  15.696 
   15.699  15.743  15.802  15.817  15.832  15.858  15.888  15.922 
   15.926  15.948  15.983  16.028  16.036  16.058  16.059  16.137 
   16.152  16.194  16.217  16.257  16.313  16.389  16.429  16.483 
   16.494  16.512  16.725  16.771  16.889  16.927  16.950  17.001 
   17.003  17.032  17.100  17.276  17.326  17.415  17.437  17.471 
   17.526  17.576  17.582  17.602  17.711  17.790  17.840  17.890 
   17.940  17.958  17.998  18.035  18.069  18.075  18.094  18.141 
   18.366  18.389  18.422  18.437  18.472  18.511  18.563  18.573 
   18.584  18.623  18.664  18.700  18.720  18.751  18.762  18.819 
   18.867  18.894  18.916  18.971  19.006  19.101  19.174  19.183 
   19.188  19.209  19.235  19.332  19.361  19.421  19.488  19.567 
   19.694  19.746  19.832  19.871  19.939  20.126  20.507  20.617 
   20.897  20.941  20.970  20.998  21.008  21.029  21.040  21.096 
   21.676  22.257  22.369  22.565  23.494  23.846  24.263  26.638 
   27.771  27.907  33.678  41.926  43.069  43.273  54.242  54.256 
   54.452  54.500  54.506  54.661  54.724  54.866  54.967  55.343 
   55.562  55.621  56.642  57.696  57.791  64.235  72.250 100.473 
  100.477 100.484 100.497 100.501 100.518 100.532 100.632 100.646 
  125.577 126.426 126.532 150.774 150.853 151.232 151.553 151.619 
  155.525 173.595 173.640 173.676 173.719 173.747 173.928 174.024 
  294.429 295.185 295.276 320.659 320.659 320.664 320.664 320.667 
  320.667 320.670 320.670 320.671 320.671 320.672 342.200 373.472 
  373.473 373.475 373.479 373.480 373.486 373.490 373.523 373.527 
  384.416 384.478 384.775 385.031 385.083 529.886 529.912 529.934 
  529.957 529.971 530.079 530.127 754.829 755.483 755.560 825.689 
  976.594 976.643 976.874 977.077 977.118 2440.598 2441.193 2441.262 
  3195.837 


  >>> Running RHF-MP2 <<<


RMP2-TIMING
  rmp2                  :::     1225.879 (100.00%)
  Total                 :::     1225.879 (100.00%)

MP2 correlation energy (RHF) : -1.2402887264
MP2 total energy       (RHF) : -248.3446291579


  >>> Running UHF <<<

init D/C      : input mo_coeff
init ov       : zeros
no            : 19 20
nv            : 922 921
ov_size       : 35938
max_cycle     : 1000
conv          : 6
econv         : 9
method        : diis
mom_start     : 0
guess mix     : 0.000000
orb_swap      : [[[1, 19]], []]
init E        : -231.512930803761
init S2       : 0.750000000000256
init |[F,P]|  : 1.15e-02
init |dE|     : 2.76e-02
check file    : None

iter      total energy   |[F,P]|      |dE|         ∆E   S^2   comment
   1    -231.862214946  7.25e-03  1.68e-02  -3.49e-01  0.75  DIIS mom: 18.6/19 19.6/20
   2    -232.208301136  8.52e-04  2.24e-03  -3.46e-01  0.76  DIIS mom: 18.9/19 19.9/20
   3    -232.214906316  3.96e-04  1.21e-03  -6.61e-03  0.76  DIIS mom: 19.0/19 20.0/20
   4    -232.217213998  1.23e-04  2.83e-04  -2.31e-03  0.76  DIIS mom: 19.0/19 20.0/20
   5    -232.217679187  5.52e-05  1.23e-04  -4.65e-04  0.77  DIIS mom: 19.0/19 20.0/20
   6    -232.217800040  2.20e-05  5.20e-05  -1.21e-04  0.78  DIIS mom: 19.0/19 20.0/20
   7    -232.217827124  1.36e-05  3.38e-05  -2.71e-05  0.78  DIIS mom: 19.0/19 20.0/20
   8    -232.217843673  1.21e-05  3.04e-05  -1.65e-05  0.78  DIIS mom: 19.0/19 20.0/20
   9    -232.217864126  1.12e-05  2.83e-05  -2.05e-05  0.78  DIIS mom: 19.0/19 20.0/20
  10    -232.217911729  9.47e-06  2.39e-05  -4.76e-05  0.78  DIIS mom: 19.0/19 20.0/20
  11    -232.217975379  6.63e-06  1.69e-05  -6.37e-05  0.79  DIIS mom: 19.0/19 20.0/20
  12    -232.217997776  3.07e-06  7.75e-06  -2.24e-05  0.80  DIIS mom: 19.0/19 20.0/20
  13    -232.218002248  6.90e-07  1.60e-06  -4.47e-06  0.80  DIIS mom: 19.0/19 20.0/20
  14    -232.218002313  2.34e-07  5.65e-07  -6.56e-08  0.80  DIIS mom: 19.0/19 20.0/20
  15    -232.218002315  8.43e-08  2.02e-07  -1.52e-09  0.80  DIIS mom: 19.0/19 20.0/20
  16    -232.218002315  3.72e-08  9.44e-08  -1.44e-10  0.80  DIIS mom: 19.0/19 20.0/20
                                                                      diis is converged!

SCF converged : True
final |[F,P]| : 3.72e-08
final |dE|    : 9.44e-08
final Escf    : -414.510424966226
final Etot    : -232.218002314848
final S2      : 0.800945661256861

  diis prep             :::        0.703 (  0.03%)
  diis extrap           :::        0.563 (  0.03%)
  roothaan              :::        4.056 (  0.19%)
  fock build            :::     2085.554 ( 99.75%)
  Total                 :::     2090.877 (100.00%)

Alpha occupied
  -20.789 -11.617 -11.528 -11.512  -1.664  -1.581  -1.263  -1.246 
   -1.044  -0.987  -0.976  -0.935  -0.855  -0.815  -0.803  -0.786 
   -0.782  -0.707  -0.694 

Alpha virtual
  -14.161  -0.080  -0.079  -0.047  -0.035  -0.026  -0.023  -0.002 
    0.020   0.020   0.021   0.030   0.050   0.065   0.068   0.087 
    0.100   0.118   0.133   0.156   0.165   0.167   0.172   0.190 
    0.197   0.209   0.224   0.244   0.256   0.259   0.274   0.288 
    0.301   0.317   0.318   0.333   0.344   0.348   0.355   0.365 
    0.383   0.406   0.420   0.420   0.431   0.442   0.453   0.490 
    0.492   0.493   0.510   0.548   0.552   0.559   0.583   0.607 
    0.610   0.633   0.646   0.647   0.650   0.669   0.687   0.692 
    0.704   0.710   0.722   0.756   0.761   0.772   0.783   0.793 
    0.814   0.836   0.847   0.860   0.870   0.871   0.874   0.885 
    0.894   0.897   0.899   0.918   0.956   0.972   0.982   1.009 
    1.021   1.035   1.046   1.086   1.102   1.126   1.128   1.151 
    1.176   1.184   1.199   1.211   1.215   1.227   1.260   1.282 
    1.310   1.320   1.330   1.341   1.347   1.361   1.366   1.390 
    1.394   1.435   1.443   1.462   1.476   1.486   1.496   1.496 
    1.514   1.536   1.563   1.575   1.578   1.588   1.624   1.627 
    1.658   1.661   1.665   1.682   1.712   1.715   1.733   1.742 
    1.776   1.796   1.800   1.801   1.820   1.831   1.849   1.859 
    1.860   1.908   1.921   1.930   1.932   1.936   1.947   1.967 
    1.971   1.986   2.019   2.027   2.036   2.040   2.040   2.064 
    2.075   2.082   2.117   2.136   2.139   2.178   2.180   2.198 
    2.209   2.227   2.235   2.238   2.271   2.274   2.293   2.318 
    2.323   2.342   2.358   2.360   2.415   2.420   2.443   2.450 
    2.495   2.505   2.540   2.550   2.585   2.591   2.615   2.625 
    2.634   2.683   2.705   2.725   2.735   2.746   2.770   2.775 
    2.789   2.828   2.841   2.846   2.870   2.873   2.916   2.933 
    2.940   2.959   2.991   3.001   3.009   3.026   3.039   3.046 
    3.089   3.101   3.108   3.123   3.132   3.138   3.160   3.177 
    3.207   3.217   3.253   3.277   3.299   3.361   3.395   3.399 
    3.409   3.439   3.458   3.508   3.519   3.540   3.546   3.557 
    3.570   3.610   3.615   3.622   3.638   3.661   3.680   3.696 
    3.721   3.745   3.757   3.780   3.808   3.831   3.868   3.881 
    3.913   3.916   3.930   3.941   3.986   3.999   4.009   4.010 
    4.023   4.031   4.058   4.067   4.085   4.102   4.110   4.132 
    4.149   4.173   4.189   4.201   4.238   4.264   4.269   4.305 
    4.324   4.340   4.350   4.352   4.369   4.376   4.412   4.430 
    4.455   4.472   4.489   4.497   4.523   4.542   4.551   4.551 
    4.575   4.588   4.598   4.604   4.618   4.622   4.648   4.672 
    4.698   4.718   4.730   4.741   4.773   4.781   4.806   4.807 
    4.813   4.843   4.858   4.870   4.882   4.887   4.895   4.900 
    4.905   4.944   4.951   4.962   5.029   5.036   5.046   5.061 
    5.070   5.081   5.114   5.116   5.149   5.185   5.203   5.216 
    5.239   5.259   5.263   5.275   5.297   5.337   5.348   5.360 
    5.367   5.397   5.413   5.417   5.479   5.480   5.518   5.525 
    5.553   5.565   5.567   5.589   5.590   5.610   5.634   5.667 
    5.689   5.696   5.711   5.721   5.750   5.775   5.776   5.789 
    5.794   5.803   5.833   5.850   5.882   5.899   5.931   5.947 
    5.963   5.992   6.005   6.008   6.035   6.046   6.054   6.121 
    6.130   6.136   6.176   6.183   6.201   6.253   6.269   6.269 
    6.342   6.363   6.388   6.394   6.458   6.488   6.536   6.577 
    6.639   6.671   6.703   6.738   6.750   6.787   6.798   6.848 
    6.894   6.896   6.928   6.978   7.008   7.042   7.060   7.068 
    7.085   7.111   7.123   7.127   7.162   7.176   7.180   7.190 
    7.229   7.250   7.258   7.295   7.296   7.338   7.349   7.402 
    7.421   7.441   7.498   7.514   7.521   7.532   7.579   7.612 
    7.657   7.712   7.739   7.758   7.800   7.807   7.816   7.833 
    7.889   7.918   7.984   8.064   8.080   8.092   8.120   8.194 
    8.206   8.225   8.340   8.357   8.432   8.449   8.544   8.584 
    8.614   8.678   8.691   8.779   8.855   8.888   8.916   9.000 
    9.028   9.048   9.050   9.255   9.264   9.294   9.319   9.356 
    9.364   9.365   9.442   9.463   9.471   9.502   9.549   9.596 
    9.621   9.636   9.646   9.724   9.751   9.760   9.771   9.783 
    9.812   9.831   9.852   9.901   9.921   9.956  10.007  10.029 
   10.089  10.110  10.117  10.179  10.183  10.198  10.201  10.245 
   10.265  10.274  10.303  10.326  10.337  10.353  10.430  10.442 
   10.444  10.488  10.499  10.567  10.582  10.602  10.634  10.654 
   10.684  10.763  10.800  10.891  10.957  10.990  11.043  11.053 
   11.074  11.129  11.167  11.208  11.276  11.292  11.310  11.333 
   11.346  11.356  11.363  11.399  11.412  11.416  11.536  11.563 
   11.573  11.638  11.651  11.678  11.766  11.959  11.977  12.023 
   12.102  12.117  12.171  12.239  12.252  12.311  12.335  12.336 
   12.390  12.433  12.444  12.457  12.507  12.508  12.532  12.532 
   12.535  12.545  12.556  12.560  12.562  12.565  12.572  12.582 
   12.613  12.622  12.630  12.659  12.674  12.690  12.713  12.733 
   12.750  12.762  12.771  12.789  12.796  12.812  12.825  12.862 
   12.876  12.888  12.897  12.905  12.922  12.942  12.949  12.994 
   12.996  13.005  13.057  13.062  13.114  13.133  13.154  13.170 
   13.223  13.235  13.239  13.293  13.297  13.327  13.356  13.359 
   13.370  13.412  13.436  13.459  13.471  13.478  13.494  13.523 
   13.545  13.569  13.616  13.625  13.662  13.678  13.692  13.751 
   13.757  13.781  13.857  13.858  13.892  13.921  13.932  13.943 
   13.947  13.958  13.980  14.003  14.015  14.033  14.046  14.048 
   14.059  14.086  14.109  14.111  14.129  14.130  14.155  14.164 
   14.198  14.208  14.218  14.227  14.243  14.245  14.265  14.289 
   14.316  14.329  14.351  14.368  14.393  14.414  14.420  14.441 
   14.458  14.470  14.474  14.495  14.531  14.545  14.575  14.611 
   14.645  14.672  14.684  14.723  14.735  14.739  14.761  14.777 
   14.799  14.821  14.871  14.907  14.916  14.933  14.943  14.990 
   15.041  15.126  15.134  15.208  15.256  15.307  15.372  15.373 
   15.448  15.457  15.490  15.526  15.551  15.568  15.600  15.630 
   15.671  15.691  15.718  15.742  15.777  15.777  15.787  15.813 
   15.880  15.894  15.955  15.968  16.014  16.019  16.129  16.138 
   16.226  16.253  16.263  16.392  16.457  16.611  16.658  16.707 
   16.739  16.766  16.799  16.826  16.953  16.995  17.099  17.146 
   17.196  17.273  17.301  17.353  17.362  17.468  17.508  17.569 
   17.646  17.708  17.730  17.756  17.794  17.825  17.848  17.853 
   17.891  18.117  18.119  18.162  18.199  18.232  18.249  18.258 
   18.338  18.352  18.363  18.369  18.404  18.404  18.477  18.502 
   18.514  18.547  18.551  18.655  18.701  18.741  18.828  18.857 
   18.935  18.943  18.954  18.970  19.073  19.130  19.171  19.193 
   19.231  19.305  19.439  19.566  19.605  19.681  19.810  19.934 
   20.093  20.642  20.710  20.732  20.745  20.777  20.798  20.810 
   20.866  21.413  21.996  22.100  22.296  23.228  23.588  24.002 
   25.862  27.000  27.140  32.843  41.650  42.812  43.015  53.008 
   53.056  53.338  53.378  53.399  53.484  53.531  53.625  53.862 
   54.172  54.274  54.321  55.423  56.476  56.575  63.966  70.906 
   99.136  99.138  99.146  99.156  99.160  99.173  99.187  99.281 
   99.295 123.668 124.509 124.619 148.678 148.755 149.139 149.452 
  149.518 153.490 171.532 171.574 171.612 171.658 171.683 171.857 
  171.953 291.664 292.415 292.507 318.473 318.473 318.481 318.481 
  318.488 318.488 318.492 318.493 318.495 318.496 318.496 339.358 
  370.880 370.881 370.883 370.887 370.887 370.890 370.894 370.924 
  370.928 381.496 381.558 381.857 382.108 382.160 526.740 526.765 
  526.787 526.811 526.825 526.929 526.977 751.202 751.853 751.931 
  822.011 972.874 972.922 973.154 973.355 973.396 2436.269 2436.863 
  2436.933 3191.492 

Beta occupied
  -20.781 -18.445 -11.619 -11.526 -11.510  -1.730  -1.592  -1.281 
   -1.268  -1.063  -1.036  -1.005  -0.954  -0.855  -0.816  -0.802 
   -0.787  -0.780  -0.704  -0.690 

Beta virtual
   -0.079  -0.078  -0.048  -0.037  -0.029  -0.028  -0.003   0.017 
    0.019   0.020   0.028   0.048   0.065   0.066   0.087   0.100 
    0.115   0.131   0.147   0.157   0.164   0.172   0.189   0.192 
    0.205   0.224   0.247   0.255   0.259   0.269   0.290   0.294 
    0.306   0.322   0.333   0.343   0.348   0.354   0.366   0.382 
    0.406   0.420   0.420   0.431   0.439   0.452   0.485   0.490 
    0.492   0.506   0.545   0.552   0.560   0.581   0.607   0.610 
    0.627   0.642   0.647   0.648   0.669   0.686   0.687   0.703 
    0.712   0.723   0.754   0.761   0.773   0.783   0.793   0.815 
    0.838   0.847   0.860   0.867   0.870   0.875   0.885   0.895 
    0.898   0.899   0.917   0.956   0.973   0.982   0.992   1.021 
    1.033   1.046   1.086   1.103   1.128   1.128   1.150   1.175 
    1.186   1.198   1.209   1.217   1.220   1.261   1.283   1.306 
    1.318   1.327   1.340   1.347   1.359   1.367   1.391   1.395 
    1.431   1.442   1.462   1.476   1.486   1.495   1.498   1.512 
    1.536   1.564   1.577   1.578   1.588   1.625   1.628   1.659 
    1.662   1.668   1.682   1.713   1.714   1.733   1.742   1.776 
    1.796   1.801   1.801   1.821   1.831   1.848   1.858   1.859 
    1.907   1.921   1.930   1.932   1.937   1.946   1.966   1.972 
    1.985   2.018   2.027   2.037   2.038   2.040   2.064   2.074 
    2.080   2.116   2.134   2.139   2.176   2.179   2.197   2.207 
    2.227   2.232   2.237   2.262   2.274   2.289   2.307   2.317 
    2.340   2.355   2.356   2.414   2.419   2.438   2.449   2.494 
    2.505   2.537   2.546   2.584   2.587   2.614   2.625   2.631 
    2.683   2.705   2.724   2.732   2.742   2.768   2.770   2.787 
    2.826   2.837   2.847   2.864   2.870   2.905   2.928   2.941 
    2.956   2.992   3.002   3.007   3.022   3.041   3.049   3.088 
    3.096   3.111   3.124   3.132   3.139   3.158   3.176   3.204 
    3.215   3.253   3.277   3.298   3.362   3.395   3.398   3.408 
    3.436   3.459   3.509   3.519   3.538   3.546   3.556   3.566 
    3.610   3.615   3.622   3.632   3.662   3.678   3.696   3.719 
    3.744   3.757   3.778   3.808   3.828   3.867   3.880   3.912 
    3.916   3.930   3.940   3.986   3.999   4.009   4.010   4.022 
    4.031   4.057   4.068   4.085   4.101   4.110   4.130   4.148 
    4.173   4.189   4.200   4.238   4.264   4.269   4.305   4.323 
    4.340   4.351   4.353   4.369   4.375   4.412   4.427   4.455 
    4.472   4.494   4.497   4.522   4.543   4.550   4.551   4.574 
    4.589   4.598   4.604   4.618   4.622   4.647   4.675   4.697 
    4.718   4.729   4.742   4.771   4.774   4.805   4.806   4.809 
    4.842   4.858   4.870   4.881   4.886   4.893   4.898   4.904 
    4.944   4.945   4.959   5.029   5.036   5.043   5.059   5.070 
    5.079   5.113   5.114   5.146   5.180   5.202   5.216   5.236 
    5.258   5.260   5.274   5.293   5.336   5.344   5.361   5.366 
    5.391   5.411   5.414   5.476   5.480   5.508   5.513   5.547 
    5.563   5.567   5.587   5.588   5.606   5.632   5.667   5.688 
    5.692   5.713   5.718   5.743   5.771   5.776   5.777   5.787 
    5.800   5.833   5.845   5.882   5.899   5.929   5.947   5.962 
    5.991   6.004   6.007   6.030   6.040   6.053   6.118   6.129 
    6.131   6.173   6.180   6.196   6.241   6.263   6.267   6.342 
    6.356   6.385   6.389   6.458   6.486   6.534   6.576   6.637 
    6.672   6.699   6.732   6.747   6.778   6.797   6.844   6.890 
    6.897   6.927   6.978   7.006   7.035   7.061   7.063   7.086 
    7.109   7.123   7.126   7.161   7.179   7.180   7.181   7.226 
    7.248   7.257   7.294   7.296   7.330   7.349   7.397   7.421 
    7.441   7.498   7.513   7.524   7.531   7.581   7.614   7.656 
    7.709   7.739   7.754   7.796   7.801   7.815   7.824   7.888 
    7.915   7.981   8.059   8.077   8.084   8.114   8.188   8.201 
    8.217   8.337   8.355   8.423   8.444   8.539   8.590   8.612 
    8.676   8.687   8.776   8.854   8.888   8.914   8.999   9.027 
    9.047   9.049   9.255   9.265   9.294   9.319   9.357   9.361 
    9.366   9.446   9.464   9.470   9.501   9.550   9.597   9.621 
    9.637   9.644   9.723   9.751   9.760   9.772   9.783   9.811 
    9.830   9.850   9.900   9.922   9.957  10.007  10.029  10.087 
   10.111  10.116  10.176  10.184  10.196  10.202  10.244  10.266 
   10.273  10.303  10.326  10.337  10.352  10.428  10.438  10.445 
   10.487  10.499  10.565  10.582  10.602  10.633  10.653  10.684 
   10.762  10.800  10.890  10.957  10.990  11.043  11.053  11.074 
   11.128  11.167  11.207  11.277  11.292  11.311  11.333  11.346 
   11.355  11.362  11.395  11.413  11.417  11.534  11.564  11.574 
   11.639  11.647  11.676  11.761  11.952  11.974  12.020  12.038 
   12.111  12.169  12.229  12.250  12.310  12.318  12.334  12.386 
   12.433  12.437  12.457  12.502  12.507  12.522  12.530  12.531 
   12.543  12.556  12.558  12.562  12.564  12.572  12.578  12.612 
   12.622  12.629  12.657  12.666  12.684  12.704  12.728  12.736 
   12.754  12.769  12.786  12.793  12.809  12.821  12.861  12.872 
   12.885  12.888  12.893  12.920  12.938  12.949  12.990  12.995 
   13.004  13.055  13.058  13.111  13.128  13.153  13.169  13.219 
   13.228  13.238  13.289  13.297  13.315  13.355  13.356  13.366 
   13.412  13.435  13.458  13.469  13.476  13.493  13.521  13.544 
   13.567  13.608  13.625  13.662  13.668  13.685  13.737  13.751 
   13.781  13.842  13.858  13.892  13.919  13.932  13.943  13.947 
   13.956  13.981  14.003  14.015  14.034  14.046  14.048  14.061 
   14.089  14.109  14.111  14.128  14.130  14.151  14.160  14.195 
   14.208  14.217  14.227  14.232  14.245  14.265  14.281  14.315 
   14.327  14.351  14.360  14.392  14.412  14.420  14.441  14.456 
   14.467  14.473  14.492  14.530  14.533  14.574  14.610  14.643 
   14.664  14.669  14.712  14.721  14.738  14.760  14.771  14.792 
   14.818  14.870  14.900  14.913  14.930  14.939  14.989  15.038 
   15.116  15.128  15.200  15.253  15.306  15.365  15.370  15.446 
   15.456  15.485  15.519  15.543  15.563  15.599  15.628  15.666 
   15.690  15.718  15.738  15.775  15.776  15.786  15.810  15.879 
   15.894  15.952  15.967  16.010  16.013  16.127  16.138  16.225 
   16.251  16.263  16.383  16.450  16.612  16.656  16.706  16.737 
   16.766  16.798  16.824  16.938  16.978  17.088  17.139  17.196 
   17.262  17.301  17.353  17.359  17.464  17.499  17.569  17.645 
   17.706  17.729  17.756  17.791  17.824  17.848  17.851  17.890 
   18.108  18.112  18.163  18.198  18.202  18.242  18.252  18.336 
   18.352  18.359  18.367  18.386  18.409  18.476  18.487  18.514 
   18.539  18.544  18.654  18.704  18.738  18.823  18.857  18.935 
   18.947  18.954  18.972  19.078  19.129  19.133  19.189  19.235 
   19.310  19.443  19.565  19.612  19.684  19.796  19.887  20.063 
   20.642  20.711  20.736  20.746  20.777  20.798  20.809  20.867 
   21.414  21.999  22.109  22.303  23.235  23.591  24.005  25.648 
   26.797  26.937  32.544  41.648  42.812  43.014  52.866  52.927 
   53.260  53.291  53.319  53.395  53.437  53.484  53.793  54.074 
   54.132  54.167  55.133  56.200  56.298  63.968  70.551  99.077 
   99.079  99.087  99.098  99.102  99.115  99.128  99.223  99.237 
  123.332 124.176 124.285 148.447 148.525 148.909 149.223 149.289 
  153.133 171.384 171.427 171.464 171.510 171.536 171.710 171.806 
  291.341 292.092 292.185 318.396 318.396 318.404 318.404 318.411 
  318.411 318.415 318.415 318.417 318.419 318.419 339.038 370.756 
  370.756 370.758 370.762 370.763 370.765 370.770 370.799 370.803 
  381.267 381.328 381.627 381.879 381.931 526.559 526.583 526.606 
  526.630 526.644 526.748 526.796 750.948 751.599 751.677 821.755 
  972.685 972.734 972.966 973.167 973.208 2436.120 2436.714 2436.783 
  3191.352 


  >>> Running UHF-MP2 <<<

MP2 correlation energy (UHF) : -1.2003153303
MP2 total energy       (UHF) : -233.4183176452

