	*********************************************** 
	***** Beginning CEBE Calculation with MOM ***** 
	*****       Calculation Details:          ***** 
	      Geometry:	 /home/am3939/core/calculations/mols/exp/f/ch3nhcof.xyz
	      Core Basis:	 ccX-5Z
	      Full Basis:	 cc-pV5Z
	      DIIS (start, space):	 0 50
	      Level shift:	 0
	      Do localization?:	 False
	      Do SFX2C1E?:	 True
	      Freeze orbitals?:	 True
	      Use Cheng orbitals?:	 False
	      Do Special Basis?:	 True
	      Do Special Basis?:	 ccX-5Z
	*********************************************** 
	*********************************************** 

  >>> Running RHF <<<

init D/C      : minao
init ov       : zeros
no            : 20
nv            : 756
ov_size       : 15120
max_cycle     : 1000
conv          : 6
econv         : 9
method        : gdm
scale_stop    : 0
scale_factor  : 1.000000
init E        : -306.819669059552
init |[F,P]|  : 5.69e-03
init |dE|     : 1.46e-02
check file    : None

iter      total energy   |[F,P]|      |dE|         ∆E   comment
   1    -306.901161620  4.34e-03  1.16e-02  -8.15e-02  BFGS
   2    -306.984775172  4.75e-04  1.20e-03  -8.36e-02  BFGS
   3    -306.986203058  2.16e-04  5.48e-04  -1.43e-03  BFGS
   4    -306.986487690  8.20e-05  2.10e-04  -2.85e-04  BFGS
   5    -306.986526989  2.68e-05  6.61e-05  -3.93e-05  BFGS
   6    -306.986534658  7.60e-06  1.91e-05  -7.67e-06  BFGS
   7    -306.986535050  2.29e-06  5.34e-06  -3.92e-07  BFGS
   8    -306.986535090  6.08e-07  1.47e-06  -4.05e-08  BFGS
   9    -306.986535093  1.98e-07  4.87e-07  -2.94e-09  BFGS
  10    -306.986535094  5.65e-08  1.38e-07  -2.67e-10  BFGS
                                                                      gdm is converged!

SCF converged : True
final |[F,P]| : 5.65e-08
final |dE|    : 1.38e-07
final Escf    : -487.797139253727
final Etot    : -306.986535093689

  pxp & ewc             :::        0.587 (  0.13%)
  apply B               :::        0.002 (  0.00%)
  linsrch               :::      435.003 ( 99.86%)
  grad                  :::        0.022 (  0.00%)
  Total                 :::      435.614 (100.00%)

Alpha occupied
  -26.324 -20.549 -15.612 -11.439 -11.277  -1.652  -1.415  -1.269 
   -0.987  -0.845  -0.796  -0.727  -0.727  -0.651  -0.636  -0.626 
   -0.572  -0.550  -0.491  -0.425 

Alpha virtual
    0.074   0.106   0.124   0.143   0.162   0.174   0.192   0.194 
    0.208   0.222   0.236   0.264   0.271   0.303   0.322   0.339 
    0.352   0.375   0.381   0.396   0.418   0.427   0.433   0.464 
    0.474   0.490   0.522   0.526   0.534   0.554   0.568   0.601 
    0.618   0.637   0.655   0.656   0.693   0.713   0.716   0.728 
    0.752   0.756   0.763   0.785   0.802   0.827   0.850   0.861 
    0.872   0.888   0.891   0.902   0.915   0.926   0.946   0.969 
    0.988   1.011   1.026   1.036   1.047   1.078   1.092   1.097 
    1.151   1.184   1.224   1.231   1.240   1.288   1.297   1.319 
    1.351   1.387   1.400   1.414   1.425   1.435   1.462   1.472 
    1.528   1.543   1.569   1.572   1.594   1.634   1.651   1.657 
    1.682   1.690   1.735   1.747   1.777   1.792   1.796   1.812 
    1.817   1.840   1.857   1.865   1.870   1.883   1.896   1.913 
    1.925   1.935   1.969   1.973   1.987   1.992   2.006   2.042 
    2.063   2.071   2.086   2.111   2.125   2.148   2.170   2.190 
    2.213   2.224   2.250   2.264   2.281   2.315   2.326   2.341 
    2.364   2.370   2.382   2.427   2.438   2.447   2.479   2.511 
    2.548   2.570   2.602   2.632   2.650   2.713   2.733   2.757 
    2.776   2.819   2.827   2.859   2.876   2.896   2.917   2.935 
    2.964   3.021   3.085   3.113   3.122   3.137   3.147   3.185 
    3.198   3.229   3.246   3.258   3.263   3.285   3.352   3.380 
    3.381   3.433   3.435   3.497   3.520   3.527   3.561   3.573 
    3.617   3.652   3.685   3.708   3.712   3.744   3.780   3.803 
    3.814   3.854   3.865   3.886   3.889   3.927   3.945   3.959 
    3.990   4.020   4.036   4.041   4.058   4.075   4.089   4.143 
    4.163   4.168   4.179   4.197   4.223   4.232   4.253   4.260 
    4.270   4.303   4.318   4.351   4.371   4.374   4.407   4.413 
    4.448   4.481   4.512   4.541   4.565   4.571   4.605   4.627 
    4.640   4.664   4.685   4.695   4.711   4.733   4.742   4.760 
    4.773   4.793   4.804   4.825   4.876   4.890   4.909   4.951 
    4.967   4.986   5.010   5.047   5.057   5.099   5.105   5.129 
    5.158   5.200   5.215   5.240   5.261   5.295   5.328   5.351 
    5.381   5.392   5.435   5.449   5.476   5.495   5.538   5.571 
    5.583   5.603   5.624   5.634   5.680   5.710   5.719   5.760 
    5.787   5.806   5.832   5.857   5.904   5.923   5.939   5.966 
    6.019   6.029   6.056   6.092   6.099   6.109   6.135   6.161 
    6.219   6.271   6.292   6.322   6.344   6.346   6.446   6.508 
    6.519   6.550   6.602   6.656   6.686   6.805   6.837   6.846 
    6.917   6.929   6.968   7.066   7.087   7.126   7.147   7.157 
    7.179   7.233   7.253   7.268   7.283   7.305   7.338   7.399 
    7.434   7.464   7.502   7.505   7.572   7.583   7.608   7.643 
    7.662   7.683   7.723   7.743   7.785   7.796   7.824   7.848 
    7.882   7.954   7.989   8.000   8.064   8.088   8.140   8.229 
    8.245   8.323   8.345   8.362   8.450   8.459   8.578   8.609 
    8.635   8.747   8.801   8.859   8.872   8.987   8.993   8.996 
    9.058   9.090   9.125   9.161   9.256   9.294   9.352   9.371 
    9.380   9.473   9.492   9.499   9.547   9.568   9.604   9.621 
    9.634   9.718   9.743   9.799   9.831   9.869   9.881   9.904 
    9.950  10.027  10.042  10.082  10.109  10.170  10.187  10.255 
   10.271  10.283  10.304  10.361  10.383  10.389  10.445  10.465 
   10.496  10.505  10.518  10.531  10.575  10.596  10.625  10.716 
   10.734  10.740  10.829  10.848  10.882  10.912  10.953  11.037 
   11.060  11.085  11.141  11.209  11.333  11.341  11.355  11.445 
   11.486  11.489  11.519  11.604  11.610  11.708  11.748  11.801 
   11.829  11.832  11.923  11.982  12.004  12.021  12.125  12.149 
   12.307  12.329  12.373  12.507  12.617  12.632  12.650  12.701 
   12.718  12.750  12.765  12.774  12.782  12.813  12.841  12.867 
   12.878  12.889  12.898  12.924  12.960  12.968  13.016  13.058 
   13.070  13.109  13.118  13.130  13.138  13.168  13.259  13.301 
   13.417  13.425  13.442  13.450  13.474  13.483  13.503  13.510 
   13.555  13.602  13.618  13.692  13.707  13.719  13.773  13.815 
   13.842  13.939  13.945  14.016  14.059  14.077  14.085  14.115 
   14.139  14.160  14.204  14.224  14.268  14.287  14.293  14.303 
   14.319  14.327  14.335  14.372  14.392  14.418  14.444  14.457 
   14.470  14.513  14.542  14.585  14.622  14.636  14.665  14.698 
   14.720  14.753  14.823  14.911  14.935  14.960  15.017  15.038 
   15.080  15.093  15.145  15.186  15.236  15.266  15.305  15.397 
   15.431  15.474  15.552  15.605  15.679  15.691  15.827  15.908 
   15.941  15.952  16.018  16.111  16.166  16.176  16.191  16.292 
   16.351  16.391  16.410  16.445  16.504  16.596  16.795  16.868 
   16.930  16.940  16.960  16.988  17.080  17.094  17.143  17.413 
   17.512  17.526  17.623  17.679  17.782  17.863  17.975  17.984 
   18.015  18.104  18.277  18.294  18.333  18.341  18.341  18.351 
   18.373  18.418  18.461  18.464  18.536  18.574  18.588  18.605 
   18.627  18.671  18.754  18.809  18.839  18.859  18.863  18.908 
   18.914  18.969  19.066  19.089  19.098  19.157  19.174  19.181 
   19.229  19.260  19.319  19.447  19.544  19.587  19.648  19.724 
   19.830  19.926  19.937  20.123  20.282  20.909  20.942  20.987 
   21.012  21.144  21.283  21.706  22.263  22.344  22.473  22.524 
   23.449  23.583  23.756  23.759  23.773  23.927  23.964  24.214 
   24.358  24.402  24.626  24.724  24.813  24.925  25.243  25.318 
   25.542  25.654  25.909  26.245  26.780  28.320  28.446  29.158 
   29.599  30.564  39.639  39.754  40.068  41.310  42.943  53.273 
   54.462  64.229  83.929  84.002  84.394  84.651  85.255  85.353 
   85.428  85.712  93.638  93.663  93.740  93.778  93.868  94.017 
   94.255 118.904 145.101 145.102 145.104 145.107 145.145 145.156 
  145.194 145.197 145.219 190.227 190.316 190.644 231.221 231.275 
  231.572 231.770 232.343 258.114 297.516 297.530 297.573 297.594 
  297.644 297.726 297.851 414.654 414.654 414.656 414.658 414.659 
  414.663 414.663 414.670 414.670 414.679 414.679 448.014 448.091 
  448.387 547.345 547.346 547.347 547.347 547.357 547.360 547.371 
  547.373 547.380 570.387 592.461 592.503 592.739 592.894 593.347 
  896.438 896.446 896.473 896.485 896.515 896.563 896.637 1152.532 
  1152.598 1152.857 1383.859 1517.633 1517.666 1517.852 1517.973 1518.326 
  3735.171 3735.229 3735.468 5407.508 


  >>> Running RHF-MP2 <<<


RMP2-TIMING
  rmp2                  :::      448.482 (100.00%)
  Total                 :::      448.482 (100.00%)

MP2 correlation energy (RHF) : -1.3305529453
MP2 total energy       (RHF) : -308.3170880390


  >>> Running UHF <<<

init D/C      : input mo_coeff
init ov       : zeros
no            : 19 20
nv            : 757 756
ov_size       : 29503
max_cycle     : 1000
conv          : 6
econv         : 9
method        : diis
mom_start     : 0
guess mix     : 0.000000
orb_swap      : [[[0, 19]], []]
init E        : -280.662584171348
init S2       : 0.750000000000036
init |[F,P]|  : 1.63e-02
init |dE|     : 4.18e-02
check file    : None

iter      total energy   |[F,P]|      |dE|         ∆E   S^2   comment
   1    -281.308097527  7.40e-03  1.97e-02  -6.46e-01  0.75  DIIS mom: 18.7/19 19.7/20
   2    -281.547580906  7.91e-04  2.22e-03  -2.39e-01  0.75  DIIS mom: 19.0/19 20.0/20
   3    -281.551319136  3.96e-04  1.16e-03  -3.74e-03  0.76  DIIS mom: 19.0/19 20.0/20
   4    -281.552928722  9.37e-05  2.45e-04  -1.61e-03  0.76  DIIS mom: 19.0/19 20.0/20
   5    -281.553074382  3.98e-05  9.96e-05  -1.46e-04  0.76  DIIS mom: 19.0/19 20.0/20
   6    -281.553104749  1.64e-05  4.11e-05  -3.04e-05  0.76  DIIS mom: 19.0/19 20.0/20
   7    -281.553112197  8.27e-06  2.07e-05  -7.45e-06  0.76  DIIS mom: 19.0/19 20.0/20
   8    -281.553115304  5.32e-06  1.32e-05  -3.11e-06  0.76  DIIS mom: 19.0/19 20.0/20
   9    -281.553117206  3.34e-06  8.20e-06  -1.90e-06  0.76  DIIS mom: 19.0/19 20.0/20
  10    -281.553118293  2.07e-06  5.12e-06  -1.09e-06  0.76  DIIS mom: 19.0/19 20.0/20
  11    -281.553118785  1.51e-06  3.71e-06  -4.92e-07  0.76  DIIS mom: 19.0/19 20.0/20
  12    -281.553119070  1.13e-06  2.73e-06  -2.86e-07  0.76  DIIS mom: 19.0/19 20.0/20
  13    -281.553119331  6.02e-07  1.37e-06  -2.61e-07  0.76  DIIS mom: 19.0/19 20.0/20
  14    -281.553119391  3.26e-07  7.15e-07  -5.98e-08  0.76  DIIS mom: 19.0/19 20.0/20
  15    -281.553119403  1.56e-07  3.51e-07  -1.17e-08  0.76  DIIS mom: 19.0/19 20.0/20
  16    -281.553119405  4.23e-08  9.91e-08  -1.97e-09  0.76  DIIS mom: 19.0/19 20.0/20
  17    -281.553119405  1.29e-08  3.04e-08  -8.39e-11  0.76  DIIS mom: 19.0/19 20.0/20
                                                                      diis is converged!

SCF converged : True
final |[F,P]| : 1.29e-08
final |dE|    : 3.04e-08
final Escf    : -462.363723564826
final Etot    : -281.553119404788
final S2      : 0.763190821870896

  diis prep             :::        0.319 (  0.04%)
  diis extrap           :::        0.339 (  0.04%)
  roothaan              :::        2.082 (  0.27%)
  fock build            :::      770.810 ( 99.65%)
  Total                 :::      773.550 (100.00%)

Alpha occupied
  -20.832 -15.863 -11.734 -11.460  -2.201  -1.693  -1.523  -1.387 
   -1.313  -1.309  -1.165  -1.051  -0.928  -0.880  -0.873  -0.789 
   -0.774  -0.755  -0.649 

Alpha virtual
  -24.547  -0.096  -0.074  -0.050  -0.035  -0.016  -0.000   0.015 
    0.019   0.023   0.042   0.051   0.070   0.097   0.116   0.131 
    0.147   0.165   0.169   0.199   0.222   0.250   0.264   0.266 
    0.267   0.295   0.306   0.330   0.344   0.355   0.364   0.366 
    0.388   0.417   0.437   0.438   0.459   0.468   0.485   0.500 
    0.515   0.534   0.554   0.565   0.576   0.589   0.634   0.648 
    0.662   0.670   0.689   0.707   0.713   0.721   0.726   0.770 
    0.779   0.797   0.820   0.848   0.851   0.861   0.884   0.893 
    0.924   0.957   0.984   0.993   1.011   1.055   1.067   1.077 
    1.095   1.123   1.176   1.191   1.209   1.218   1.230   1.245 
    1.286   1.299   1.325   1.338   1.353   1.379   1.393   1.430 
    1.438   1.470   1.483   1.487   1.496   1.518   1.522   1.538 
    1.555   1.559   1.564   1.607   1.626   1.635   1.642   1.677 
    1.704   1.723   1.736   1.748   1.766   1.782   1.790   1.792 
    1.824   1.863   1.869   1.885   1.903   1.922   1.936   1.957 
    1.979   1.995   2.018   2.047   2.068   2.072   2.099   2.113 
    2.120   2.145   2.160   2.173   2.220   2.227   2.260   2.268 
    2.286   2.339   2.360   2.384   2.414   2.444   2.494   2.510 
    2.526   2.555   2.604   2.608   2.642   2.653   2.681   2.697 
    2.723   2.736   2.802   2.849   2.872   2.875   2.893   2.900 
    2.945   2.964   2.992   3.004   3.023   3.056   3.077   3.109 
    3.137   3.138   3.183   3.200   3.271   3.289   3.300   3.317 
    3.324   3.324   3.354   3.418   3.451   3.458   3.492   3.532 
    3.580   3.602   3.609   3.637   3.642   3.651   3.672   3.716 
    3.725   3.730   3.747   3.760   3.779   3.783   3.803   3.818 
    3.830   3.849   3.880   3.883   3.930   3.955   3.969   4.003 
    4.013   4.038   4.046   4.064   4.096   4.129   4.130   4.143 
    4.200   4.227   4.246   4.258   4.276   4.294   4.330   4.346 
    4.388   4.423   4.445   4.454   4.464   4.475   4.502   4.522 
    4.543   4.546   4.589   4.602   4.620   4.643   4.672   4.698 
    4.726   4.739   4.789   4.804   4.829   4.846   4.872   4.899 
    4.910   4.932   4.972   5.002   5.025   5.035   5.094   5.113 
    5.132   5.147   5.178   5.190   5.215   5.263   5.294   5.300 
    5.335   5.362   5.391   5.409   5.425   5.475   5.491   5.515 
    5.561   5.571   5.578   5.603   5.655   5.683   5.710   5.726 
    5.758   5.778   5.795   5.839   5.863   5.875   5.884   5.924 
    5.940   5.994   6.050   6.084   6.101   6.118   6.125   6.210 
    6.266   6.290   6.300   6.368   6.438   6.475   6.556   6.589 
    6.628   6.679   6.701   6.730   6.814   6.840   6.875   6.923 
    6.943   6.983   7.009   7.022   7.033   7.045   7.067   7.092 
    7.156   7.187   7.197   7.238   7.253   7.271   7.283   7.336 
    7.375   7.392   7.436   7.455   7.500   7.519   7.549   7.555 
    7.612   7.643   7.679   7.716   7.722   7.789   7.822   7.926 
    7.951   8.005   8.029   8.106   8.114   8.181   8.219   8.306 
    8.361   8.369   8.424   8.434   8.542   8.556   8.564   8.615 
    8.715   8.720   8.735   8.806   8.822   8.935   8.953   9.039 
    9.058   9.101   9.121   9.150   9.196   9.264   9.284   9.367 
    9.388   9.417   9.432   9.505   9.541   9.579   9.628   9.632 
    9.643   9.687   9.730   9.750   9.795   9.839   9.859   9.900 
    9.903   9.932   9.983   9.998  10.024  10.118  10.140  10.177 
   10.207  10.244  10.268  10.284  10.287  10.308  10.336  10.358 
   10.366  10.425  10.454  10.467  10.538  10.606  10.624  10.676 
   10.740  10.754  10.776  10.922  10.970  11.020  11.070  11.099 
   11.184  11.228  11.303  11.323  11.385  11.388  11.488  11.502 
   11.565  11.574  11.625  11.664  11.714  11.727  11.746  11.861 
   11.915  12.079  12.104  12.121  12.292  12.337  12.440  12.473 
   12.489  12.526  12.536  12.563  12.582  12.590  12.602  12.627 
   12.635  12.654  12.671  12.682  12.692  12.711  12.781  12.809 
   12.818  12.837  12.868  12.909  12.916  12.943  12.948  13.042 
   13.081  13.170  13.197  13.219  13.240  13.271  13.280  13.287 
   13.295  13.327  13.370  13.393  13.494  13.505  13.521  13.553 
   13.597  13.616  13.725  13.734  13.829  13.838  13.889  13.903 
   13.919  13.930  13.960  13.976  14.006  14.030  14.047  14.075 
   14.082  14.104  14.114  14.136  14.141  14.168  14.202  14.239 
   14.256  14.270  14.306  14.335  14.379  14.414  14.436  14.461 
   14.470  14.540  14.545  14.616  14.630  14.727  14.773  14.812 
   14.821  14.852  14.871  14.898  14.960  15.016  15.042  15.061 
   15.170  15.203  15.224  15.323  15.415  15.448  15.500  15.649 
   15.711  15.745  15.760  15.797  15.899  15.915  15.929  15.963 
   16.067  16.134  16.161  16.201  16.213  16.289  16.351  16.537 
   16.600  16.687  16.707  16.740  16.773  16.845  16.868  16.913 
   17.191  17.263  17.345  17.442  17.480  17.536  17.637  17.779 
   17.803  17.821  17.868  17.901  17.904  17.905  17.941  17.996 
   18.029  18.056  18.101  18.124  18.182  18.213  18.236  18.279 
   18.324  18.331  18.357  18.369  18.406  18.427  18.479  18.607 
   18.617  18.629  18.663  18.675  18.766  18.780  18.902  18.910 
   18.927  18.977  18.993  19.002  19.105  19.179  19.280  19.322 
   19.468  19.557  19.643  19.646  19.857  20.000  20.724  20.766 
   20.785  20.809  20.872  21.045  21.423  22.012  22.067  22.199 
   22.256  23.159  23.262  23.262  23.339  23.444  23.446  23.514 
   23.748  23.863  23.931  24.038  24.212  24.308  24.416  24.613 
   24.691  24.924  25.037  25.302  25.634  26.167  27.417  27.546 
   28.282  28.728  29.702  38.599  38.713  39.082  40.967  42.761 
   53.022  53.304  63.950  82.239  82.312  82.714  82.971  83.677 
   83.728  83.798  84.143  92.112  92.137  92.220  92.258  92.352 
   92.499  92.740 117.093 143.464 143.465 143.472 143.475 143.516 
  143.528 143.567 143.572 143.592 187.781 187.868 188.205 228.536 
  228.591 228.893 229.091 229.667 255.403 294.747 294.761 294.807 
  294.828 294.881 294.962 295.089 412.124 412.124 412.125 412.127 
  412.127 412.130 412.130 412.135 412.135 412.141 412.141 444.448 
  444.524 444.825 544.080 544.081 544.081 544.082 544.094 544.098 
  544.109 544.111 544.118 566.614 588.681 588.723 588.961 589.116 
  589.571 892.264 892.272 892.300 892.312 892.344 892.391 892.465 
  1147.804 1147.869 1148.130 1378.977 1512.764 1512.797 1512.984 1513.104 
  1513.459 3729.475 3729.534 3729.773 5401.738 

Beta occupied
  -30.061 -20.830 -15.862 -11.735 -11.460  -2.335  -1.694  -1.533 
   -1.460  -1.406  -1.396  -1.171  -1.050  -0.927  -0.882  -0.875 
   -0.787  -0.771  -0.754  -0.646 

Beta virtual
   -0.099  -0.077  -0.056  -0.036  -0.016  -0.007   0.015   0.017 
    0.023   0.035   0.050   0.069   0.097   0.112   0.131   0.147 
    0.165   0.168   0.199   0.222   0.249   0.263   0.266   0.267 
    0.295   0.306   0.330   0.344   0.353   0.359   0.365   0.385 
    0.415   0.431   0.437   0.456   0.467   0.485   0.501   0.513 
    0.534   0.556   0.564   0.576   0.588   0.635   0.648   0.662 
    0.669   0.689   0.707   0.713   0.721   0.726   0.769   0.779 
    0.797   0.820   0.847   0.851   0.861   0.884   0.893   0.924 
    0.957   0.984   0.995   1.012   1.056   1.070   1.078   1.094 
    1.123   1.177   1.191   1.209   1.219   1.230   1.246   1.286 
    1.299   1.321   1.338   1.353   1.378   1.392   1.414   1.432 
    1.465   1.473   1.482   1.495   1.510   1.517   1.538   1.555 
    1.559   1.565   1.608   1.625   1.635   1.643   1.677   1.704 
    1.722   1.736   1.747   1.767   1.782   1.790   1.792   1.823 
    1.863   1.870   1.885   1.903   1.922   1.936   1.956   1.979 
    1.995   2.018   2.047   2.068   2.072   2.098   2.112   2.120 
    2.143   2.160   2.173   2.220   2.225   2.260   2.267   2.287 
    2.340   2.360   2.384   2.414   2.444   2.494   2.511   2.526 
    2.555   2.605   2.608   2.643   2.653   2.680   2.697   2.723 
    2.736   2.802   2.850   2.872   2.875   2.893   2.901   2.944 
    2.966   2.993   3.006   3.024   3.056   3.078   3.109   3.137 
    3.138   3.184   3.199   3.270   3.289   3.301   3.315   3.322 
    3.324   3.352   3.418   3.450   3.458   3.487   3.532   3.580 
    3.597   3.610   3.633   3.639   3.649   3.666   3.687   3.707 
    3.729   3.746   3.755   3.763   3.782   3.791   3.815   3.825 
    3.848   3.869   3.883   3.928   3.941   3.962   4.002   4.013 
    4.032   4.044   4.061   4.090   4.128   4.130   4.143   4.200 
    4.227   4.243   4.257   4.276   4.293   4.330   4.346   4.389 
    4.422   4.444   4.448   4.462   4.472   4.501   4.521   4.543 
    4.547   4.589   4.602   4.621   4.643   4.670   4.698   4.727 
    4.739   4.789   4.804   4.829   4.846   4.871   4.898   4.910 
    4.932   4.971   5.002   5.024   5.035   5.094   5.113   5.132 
    5.148   5.177   5.187   5.215   5.262   5.294   5.300   5.335 
    5.362   5.391   5.409   5.425   5.475   5.491   5.515   5.561 
    5.570   5.578   5.603   5.655   5.683   5.710   5.726   5.756 
    5.778   5.795   5.840   5.863   5.875   5.885   5.924   5.940 
    5.995   6.050   6.084   6.101   6.118   6.124   6.210   6.266 
    6.290   6.301   6.368   6.438   6.475   6.552   6.589   6.627 
    6.679   6.702   6.730   6.811   6.840   6.875   6.923   6.944 
    6.983   7.010   7.022   7.034   7.046   7.067   7.093   7.157 
    7.189   7.197   7.239   7.253   7.273   7.286   7.335   7.375 
    7.392   7.436   7.456   7.500   7.519   7.548   7.556   7.613 
    7.642   7.677   7.716   7.721   7.789   7.823   7.926   7.950 
    8.006   8.028   8.101   8.112   8.180   8.219   8.290   8.344 
    8.355   8.372   8.405   8.503   8.540   8.550   8.615   8.694 
    8.720   8.734   8.805   8.821   8.909   8.952   9.035   9.056 
    9.099   9.119   9.147   9.190   9.264   9.281   9.366   9.385 
    9.416   9.432   9.504   9.540   9.570   9.625   9.628   9.642 
    9.679   9.724   9.748   9.794   9.836   9.848   9.876   9.895 
    9.927   9.979   9.996  10.016  10.117  10.138  10.175  10.203 
   10.244  10.268  10.277  10.285  10.304  10.332  10.349  10.358 
   10.408  10.445  10.464  10.538  10.599  10.622  10.663  10.739 
   10.751  10.773  10.922  10.965  11.017  11.070  11.098  11.178 
   11.228  11.303  11.322  11.383  11.388  11.488  11.501  11.563 
   11.574  11.625  11.661  11.713  11.725  11.745  11.860  11.915 
   12.079  12.104  12.121  12.292  12.330  12.440  12.473  12.489 
   12.525  12.533  12.563  12.580  12.590  12.600  12.623  12.632 
   12.653  12.670  12.682  12.691  12.711  12.781  12.807  12.817 
   12.836  12.867  12.908  12.916  12.943  12.948  13.042  13.081 
   13.168  13.197  13.218  13.240  13.270  13.279  13.287  13.295 
   13.327  13.369  13.392  13.494  13.505  13.521  13.552  13.596 
   13.616  13.725  13.734  13.829  13.838  13.888  13.903  13.919 
   13.930  13.959  13.975  14.007  14.031  14.048  14.075  14.082 
   14.104  14.114  14.136  14.141  14.168  14.202  14.239  14.255 
   14.270  14.306  14.335  14.379  14.414  14.436  14.461  14.467 
   14.540  14.545  14.616  14.623  14.727  14.773  14.812  14.821 
   14.851  14.871  14.898  14.960  15.016  15.042  15.061  15.170 
   15.202  15.224  15.323  15.415  15.448  15.500  15.648  15.710 
   15.746  15.760  15.796  15.899  15.916  15.929  15.964  16.067 
   16.134  16.161  16.201  16.213  16.289  16.351  16.538  16.600 
   16.688  16.707  16.740  16.773  16.845  16.868  16.912  17.191 
   17.263  17.345  17.442  17.480  17.536  17.636  17.779  17.803 
   17.821  17.867  17.902  17.905  17.905  17.934  17.941  17.997 
   18.031  18.044  18.059  18.135  18.190  18.236  18.274  18.322 
   18.326  18.350  18.357  18.403  18.425  18.472  18.569  18.607 
   18.628  18.663  18.670  18.763  18.774  18.903  18.911  18.926 
   18.971  18.991  19.000  19.064  19.180  19.281  19.323  19.469 
   19.558  19.641  19.648  19.857  20.000  20.724  20.766  20.785 
   20.809  20.873  21.045  21.424  22.013  22.070  22.201  22.257 
   23.158  23.254  23.256  23.332  23.438  23.440  23.508  23.526 
   23.854  23.928  24.007  24.200  24.293  24.404  24.593  24.671 
   24.903  25.017  25.282  25.614  26.142  27.346  27.475  28.213 
   28.659  29.634  38.336  38.451  38.829  40.958  42.761  52.905 
   53.033  63.950  82.045  82.118  82.519  82.775  83.313  83.416 
   83.554  83.782  92.023  92.048  92.130  92.168  92.263  92.409 
   92.650 116.637 143.401 143.401 143.408 143.411 143.452 143.464 
  143.503 143.507 143.527 187.351 187.439 187.776 228.247 228.302 
  228.604 228.803 229.379 254.946 294.557 294.571 294.617 294.638 
  294.691 294.772 294.898 412.039 412.039 412.040 412.042 412.042 
  412.045 412.045 412.050 412.050 412.056 412.056 444.026 444.102 
  444.402 543.925 543.926 543.926 543.927 543.939 543.943 543.954 
  543.956 543.963 566.205 588.383 588.426 588.664 588.819 589.274 
  892.034 892.042 892.070 892.082 892.113 892.160 892.235 1147.466 
  1147.531 1147.792 1378.650 1512.516 1512.549 1512.736 1512.856 1513.211 
  3729.274 3729.332 3729.571 5401.561 


  >>> Running UHF-MP2 <<<

MP2 correlation energy (UHF) : -1.2845281018
MP2 total energy       (UHF) : -282.8376475066

