	*********************************************** 
	***** Beginning CEBE Calculation with MOM ***** 
	*****       Calculation Details:          ***** 
	      Geometry:	 /home/am3939/core/calculations/mols/exp/n/ch3sc-n.xyz
	      Core Basis:	 pcX-4
	      Full Basis:	 pc-4
	      DIIS (start, space):	 0 50
	      Level shift:	 0
	      Do localization?:	 False
	      Do SFX2C1E?:	 True
	      Freeze orbitals?:	 True
	      Use Cheng orbitals?:	 False
	      Do Special Basis?:	 True
	      Do Special Basis?:	 pcX-4
	*********************************************** 
	*********************************************** 

  >>> Running RHF <<<

init D/C      : minao
init ov       : zeros
no            : 19
nv            : 624
ov_size       : 11856
max_cycle     : 1000
conv          : 6
econv         : 9
method        : gdm
scale_stop    : 0
scale_factor  : 1.000000
init E        : -529.414732628925
init |[F,P]|  : 5.42e-03
init |dE|     : 1.03e-02
check file    : None

iter      total energy   |[F,P]|      |dE|         ∆E   comment
   1    -529.452907872  4.95e-03  9.90e-03  -3.82e-02  BFGS
   2    -529.513339062  7.25e-04  1.37e-03  -6.04e-02  BFGS
   3    -529.515268300  2.91e-04  5.79e-04  -1.93e-03  BFGS
   4    -529.515626249  6.91e-05  1.53e-04  -3.58e-04  BFGS
   5    -529.515651257  2.53e-05  4.95e-05  -2.50e-05  BFGS
   6    -529.515656023  1.01e-05  1.96e-05  -4.77e-06  BFGS
   7    -529.515656810  5.53e-06  1.08e-05  -7.87e-07  BFGS
   8    -529.515657149  2.37e-06  5.08e-06  -3.40e-07  BFGS
   9    -529.515657194  9.51e-07  2.06e-06  -4.47e-08  BFGS
  10    -529.515657200  2.67e-07  5.80e-07  -5.65e-09  BFGS
  11    -529.515657200  8.57e-08  1.76e-07  -4.55e-10  BFGS
                                                                      gdm is converged!

SCF converged : True
final |[F,P]| : 8.57e-08
final |dE|    : 1.76e-07
final Escf    : -667.013271213588
final Etot    : -529.515657200099

  pxp & ewc             :::        2.268 (  0.34%)
  apply B               :::        0.003 (  0.00%)
  linsrch               :::      668.998 ( 99.65%)
  grad                  :::        0.099 (  0.01%)
  Total                 :::      671.368 (100.00%)

Alpha occupied
  -91.969 -15.585 -11.300 -11.290  -9.008  -6.690  -6.689  -6.688 
   -1.222  -1.099  -0.940  -0.690  -0.633  -0.611  -0.567  -0.534 
   -0.516  -0.454  -0.384 

Alpha virtual
    0.039   0.067   0.071   0.078   0.099   0.105   0.105   0.109 
    0.115   0.121   0.140   0.161   0.162   0.165   0.179   0.203 
    0.205   0.229   0.238   0.239   0.245   0.259   0.273   0.276 
    0.285   0.302   0.320   0.338   0.349   0.358   0.376   0.377 
    0.387   0.390   0.413   0.420   0.451   0.451   0.463   0.486 
    0.493   0.500   0.514   0.530   0.541   0.546   0.556   0.564 
    0.571   0.588   0.590   0.606   0.636   0.638   0.646   0.651 
    0.669   0.674   0.683   0.709   0.711   0.721   0.747   0.757 
    0.785   0.804   0.809   0.817   0.871   0.879   0.882   0.903 
    0.915   0.923   0.961   0.966   0.966   0.972   0.998   1.027 
    1.039   1.059   1.081   1.084   1.116   1.134   1.164   1.182 
    1.209   1.220   1.235   1.237   1.261   1.274   1.282   1.298 
    1.311   1.328   1.351   1.359   1.389   1.396   1.404   1.431 
    1.444   1.455   1.476   1.488   1.491   1.500   1.522   1.533 
    1.545   1.553   1.585   1.604   1.632   1.648   1.655   1.658 
    1.721   1.746   1.763   1.764   1.794   1.804   1.834   1.852 
    1.869   1.877   1.882   1.887   1.914   1.919   1.974   1.981 
    1.993   2.036   2.054   2.084   2.101   2.105   2.145   2.147 
    2.189   2.207   2.217   2.238   2.245   2.289   2.303   2.342 
    2.345   2.364   2.382   2.407   2.431   2.434   2.481   2.519 
    2.525   2.562   2.569   2.582   2.617   2.627   2.642   2.701 
    2.714   2.744   2.764   2.772   2.828   2.845   2.924   2.979 
    2.994   3.064   3.076   3.119   3.128   3.179   3.217   3.219 
    3.238   3.240   3.248   3.261   3.306   3.312   3.346   3.380 
    3.389   3.478   3.483   3.521   3.523   3.555   3.583   3.621 
    3.636   3.638   3.647   3.673   3.703   3.711   3.741   3.756 
    3.778   3.800   3.821   3.846   3.867   3.887   3.925   3.934 
    3.978   3.988   4.002   4.050   4.065   4.077   4.131   4.142 
    4.163   4.185   4.206   4.236   4.263   4.279   4.289   4.291 
    4.311   4.331   4.337   4.395   4.407   4.439   4.463   4.472 
    4.487   4.495   4.513   4.517   4.567   4.606   4.623   4.666 
    4.694   4.795   4.811   4.817   4.841   4.856   4.885   4.904 
    4.913   4.932   4.950   4.954   5.010   5.012   5.047   5.059 
    5.073   5.078   5.092   5.099   5.171   5.182   5.228   5.248 
    5.350   5.350   5.398   5.425   5.444   5.464   5.472   5.496 
    5.533   5.542   5.589   5.621   5.701   5.711   5.717   5.761 
    5.778   5.805   5.839   5.870   5.904   5.938   6.019   6.044 
    6.063   6.076   6.177   6.205   6.217   6.265   6.275   6.303 
    6.348   6.401   6.420   6.458   6.518   6.521   6.561   6.625 
    6.651   6.680   6.702   6.720   6.757   6.771   6.895   6.948 
    6.989   7.013   7.051   7.137   7.137   7.140   7.165   7.182 
    7.219   7.287   7.303   7.339   7.371   7.518   7.607   7.806 
    7.821   7.892   7.900   7.965   8.029   8.046   8.067   8.101 
    8.208   8.585   8.642   8.682   8.848   8.913   8.914   8.964 
    8.994   9.042   9.068   9.204   9.262   9.281   9.293   9.348 
    9.359   9.362   9.411   9.441   9.451   9.473   9.515   9.540 
    9.559   9.638   9.642   9.769   9.877   9.892   9.933   9.987 
   10.037  10.074  10.112  10.205  10.237  10.352  10.687  10.688 
   10.797  10.880  10.973  10.978  11.004  11.006  11.019  11.031 
   11.054  11.175  11.186  11.212  11.226  11.228  11.429  11.442 
   11.458  11.463  11.508  11.535  11.569  11.637  11.639  11.673 
   11.686  11.736  11.739  11.775  11.862  11.878  11.884  11.937 
   11.954  11.974  11.974  12.011  12.074  12.155  12.210  12.217 
   12.232  12.281  12.283  12.333  12.337  12.358  12.402  12.462 
   12.472  12.487  12.505  12.536  12.604  12.605  12.635  12.649 
   12.673  12.677  12.685  12.712  12.809  12.833  12.871  12.892 
   12.906  12.932  13.106  13.126  13.210  13.217  13.254  13.260 
   13.275  13.348  13.372  13.400  13.410  13.434  13.591  13.594 
   13.632  13.673  13.686  13.769  13.826  13.829  13.834  13.901 
   13.925  13.976  14.116  14.208  14.298  14.313  14.456  14.474 
   14.508  14.683  14.907  14.907  15.006  15.189  15.192  15.234 
   15.235  15.456  15.469  15.506  15.763  15.781  15.972  15.998 
   16.006  16.229  16.382  16.403  16.503  16.514  16.548  16.805 
   16.824  17.185  17.193  17.195  17.234  17.241  17.242  17.264 
   17.336  17.512  17.526  17.598  17.658  17.720  17.723  17.757 
   17.821  17.828  18.022  18.025  18.051  18.150  18.284  18.503 
   18.553  18.648  18.878  18.966  18.967  19.143  19.350  19.365 
   19.652  19.852  19.990  20.214  20.254  20.335  20.431  20.450 
   20.694  20.712  21.292  21.306  21.409  21.745  21.788  21.833 
   21.901  22.234  22.257  22.342  23.780  24.049  24.138  24.438 
   24.636  24.641  24.649  26.144  26.283  26.311  32.790  32.814 
   33.002  33.458  33.495  33.930  33.997  34.226  34.852  34.920 
   35.767  41.765  41.767  42.119  44.769  48.858  48.869  49.265 
   49.284  49.982  52.538  52.577  53.825  64.368  64.405  64.508 
   64.624  64.998  77.692  79.213  91.620  91.798  91.857  92.049 
   92.199  92.205  93.185  93.223  93.236 100.377 140.299 140.331 
  141.127 228.055 429.682 429.708 430.347 529.486 1271.196 1691.178 
  1691.197 1691.654 3195.118 8539.979 24825.250 81391.307 322259.852 1830823.758 


  >>> Running RHF-MP2 <<<


RMP2-TIMING
  rmp2                  :::      425.831 (100.00%)
  Total                 :::      425.831 (100.00%)

MP2 correlation energy (RHF) : -1.1111059382
MP2 total energy       (RHF) : -530.6267631383


  >>> Running UHF <<<

init D/C      : input mo_coeff
init ov       : zeros
no            : 18 19
nv            : 625 624
ov_size       : 23106
max_cycle     : 1000
conv          : 6
econv         : 9
method        : diis
mom_start     : 0
guess mix     : 0.000000
orb_swap      : [[[1, 18]], []]
init E        : -513.93016357523
init S2       : 0.750000000000057
init |[F,P]|  : 1.42e-02
init |dE|     : 3.36e-02
check file    : None

iter      total energy   |[F,P]|      |dE|         ∆E   S^2   comment
   1    -514.165492307  1.03e-02  2.35e-02  -2.35e-01  0.75  DIIS mom: 17.5/18 18.4/19
   2    -514.629256914  1.45e-03  3.09e-03  -4.64e-01  0.76  DIIS mom: 17.8/18 18.9/19
   3    -514.640856036  4.40e-04  9.47e-04  -1.16e-02  0.77  DIIS mom: 18.0/18 19.0/19
   4    -514.642759724  2.65e-04  5.19e-04  -1.90e-03  0.78  DIIS mom: 18.0/18 19.0/19
   5    -514.644446357  2.20e-04  4.21e-04  -1.69e-03  0.80  DIIS mom: 18.0/18 19.0/19
   6    -514.646567250  1.72e-04  3.27e-04  -2.12e-03  0.84  DIIS mom: 18.0/18 19.0/19
   7    -514.648881634  8.32e-05  1.73e-04  -2.31e-03  0.95  DIIS mom: 18.0/18 19.0/19
   8    -514.649087792  2.82e-05  5.68e-05  -2.06e-04  0.98  DIIS mom: 18.0/18 19.0/19
   9    -514.649113663  1.68e-05  3.26e-05  -2.59e-05  0.99  DIIS mom: 18.0/18 19.0/19
  10    -514.649123262  1.08e-05  2.07e-05  -9.60e-06  1.00  DIIS mom: 18.0/18 19.0/19
  11    -514.649128508  5.77e-06  1.14e-05  -5.25e-06  1.00  DIIS mom: 18.0/18 19.0/19
  12    -514.649130164  2.58e-06  5.44e-06  -1.66e-06  1.00  DIIS mom: 18.0/18 19.0/19
  13    -514.649130523  1.28e-06  2.69e-06  -3.59e-07  1.00  DIIS mom: 18.0/18 19.0/19
  14    -514.649130614  6.72e-07  1.43e-06  -9.03e-08  1.00  DIIS mom: 18.0/18 19.0/19
  15    -514.649130640  4.63e-07  9.75e-07  -2.65e-08  1.00  DIIS mom: 18.0/18 19.0/19
  16    -514.649130648  2.23e-07  4.72e-07  -8.36e-09  1.00  DIIS mom: 18.0/18 19.0/19
  17    -514.649130651  7.01e-08  1.48e-07  -2.71e-09  1.00  DIIS mom: 18.0/18 19.0/19
  18    -514.649130651  3.37e-08  7.10e-08  -2.44e-10  1.00  DIIS mom: 18.0/18 19.0/19
                                                                      diis is converged!

SCF converged : True
final |[F,P]| : 3.37e-08
final |dE|    : 7.10e-08
final Escf    : -652.146744664894
final Etot    : -514.649130651405
final S2      : 0.998767222934426

  diis prep             :::        0.525 (  0.05%)
  diis extrap           :::        0.598 (  0.05%)
  roothaan              :::        2.536 (  0.22%)
  fock build            :::     1162.753 ( 99.69%)
  Total                 :::     1166.411 (100.00%)

Alpha occupied
  -92.229 -11.704 -11.493  -9.267  -6.947  -6.947  -6.946  -1.608 
   -1.353  -1.171  -0.966  -0.909  -0.877  -0.867  -0.822  -0.797 
   -0.731  -0.645 

Alpha virtual
  -14.131  -0.163  -0.138  -0.105  -0.076  -0.068  -0.058  -0.056 
   -0.035  -0.023  -0.022  -0.019  -0.015   0.006   0.021   0.025 
    0.028   0.051   0.071   0.076   0.085   0.094   0.100   0.112 
    0.118   0.134   0.145   0.165   0.166   0.176   0.187   0.189 
    0.196   0.208   0.214   0.232   0.246   0.272   0.284   0.297 
    0.299   0.316   0.316   0.343   0.349   0.364   0.370   0.384 
    0.389   0.397   0.411   0.416   0.438   0.447   0.460   0.467 
    0.474   0.477   0.498   0.504   0.515   0.526   0.532   0.564 
    0.574   0.586   0.600   0.608   0.625   0.649   0.692   0.694 
    0.696   0.716   0.726   0.738   0.748   0.768   0.788   0.789 
    0.830   0.833   0.858   0.867   0.891   0.910   0.923   0.964 
    0.990   0.996   1.012   1.030   1.039   1.062   1.066   1.073 
    1.087   1.115   1.122   1.132   1.160   1.169   1.181   1.222 
    1.235   1.249   1.261   1.286   1.292   1.299   1.324   1.324 
    1.338   1.353   1.357   1.364   1.369   1.413   1.417   1.433 
    1.437   1.478   1.522   1.534   1.552   1.567   1.591   1.603 
    1.627   1.646   1.648   1.671   1.673   1.695   1.701   1.737 
    1.741   1.768   1.793   1.795   1.843   1.856   1.856   1.922 
    1.935   1.981   1.986   1.989   2.010   2.026   2.045   2.066 
    2.121   2.125   2.154   2.168   2.177   2.199   2.231   2.242 
    2.262   2.301   2.328   2.348   2.365   2.406   2.412   2.422 
    2.488   2.496   2.539   2.549   2.560   2.560   2.607   2.649 
    2.750   2.768   2.854   2.860   2.893   2.900   2.947   2.985 
    2.995   3.003   3.014   3.015   3.045   3.060   3.069   3.127 
    3.160   3.197   3.240   3.276   3.293   3.301   3.325   3.335 
    3.340   3.382   3.407   3.422   3.427   3.479   3.496   3.535 
    3.546   3.565   3.569   3.575   3.605   3.613   3.673   3.679 
    3.714   3.731   3.749   3.771   3.791   3.833   3.835   3.898 
    3.912   3.926   3.947   3.952   3.965   3.990   4.024   4.048 
    4.052   4.067   4.098   4.113   4.154   4.157   4.189   4.204 
    4.208   4.222   4.250   4.254   4.292   4.332   4.381   4.384 
    4.443   4.464   4.542   4.577   4.582   4.593   4.604   4.625 
    4.636   4.648   4.674   4.698   4.734   4.739   4.763   4.777 
    4.794   4.798   4.813   4.829   4.845   4.937   4.946   4.987 
    5.050   5.119   5.142   5.162   5.208   5.211   5.226   5.254 
    5.260   5.315   5.329   5.369   5.405   5.444   5.491   5.507 
    5.507   5.539   5.572   5.581   5.603   5.666   5.724   5.802 
    5.812   5.829   5.855   5.940   5.975   5.976   6.017   6.035 
    6.063   6.102   6.170   6.170   6.201   6.259   6.271   6.319 
    6.325   6.353   6.442   6.466   6.495   6.537   6.546   6.651 
    6.700   6.733   6.795   6.817   6.856   6.863   6.938   6.942 
    6.989   6.996   7.042   7.052   7.060   7.077   7.215   7.288 
    7.519   7.524   7.578   7.640   7.666   7.747   7.775   7.850 
    7.889   7.981   8.256   8.262   8.489   8.593   8.633   8.638 
    8.710   8.771   8.796   8.840   8.917   8.920   9.056   9.067 
    9.098   9.118   9.151   9.163   9.204   9.216   9.249   9.292 
    9.320   9.345   9.439   9.443   9.462   9.579   9.626   9.741 
    9.788   9.834   9.870   9.913   9.935  10.021  10.043  10.319 
   10.319  10.440  10.527  10.614  10.636  10.675  10.682  10.689 
   10.698  10.729  10.859  10.859  10.976  10.977  11.010  11.142 
   11.224  11.246  11.257  11.286  11.300  11.332  11.352  11.394 
   11.407  11.421  11.434  11.453  11.508  11.536  11.572  11.573 
   11.643  11.670  11.706  11.730  11.730  11.840  11.861  11.877 
   11.941  11.950  11.990  12.014  12.046  12.049  12.090  12.099 
   12.157  12.183  12.189  12.256  12.266  12.328  12.343  12.391 
   12.426  12.442  12.464  12.477  12.489  12.502  12.535  12.638 
   12.673  12.713  12.727  12.902  12.914  12.917  12.942  13.015 
   13.029  13.045  13.096  13.149  13.153  13.211  13.226  13.290 
   13.293  13.401  13.426  13.430  13.490  13.537  13.575  13.628 
   13.679  13.723  13.773  13.919  13.958  13.970  14.015  14.259 
   14.274  14.282  14.347  14.621  14.621  14.813  14.891  14.893 
   15.036  15.036  15.155  15.259  15.281  15.435  15.454  15.693 
   15.698  15.779  15.849  16.131  16.152  16.188  16.208  16.345 
   16.609  16.628  16.832  16.930  16.946  16.992  17.001  17.001 
   17.041  17.048  17.052  17.144  17.244  17.305  17.524  17.529 
   17.559  17.623  17.630  17.718  17.767  17.784  17.815  17.862 
   18.067  18.165  18.299  18.681  18.728  18.773  18.793  19.156 
   19.171  19.458  19.558  19.671  19.834  19.956  20.062  20.236 
   20.250  20.500  20.517  21.006  21.053  21.097  21.110  21.212 
   21.393  21.635  21.743  22.037  22.063  23.585  23.853  23.942 
   24.117  24.241  24.441  24.447  25.948  26.087  26.115  32.393 
   32.417  32.757  33.254  33.289  33.542  33.610  34.014  34.651 
   34.718  35.376  41.568  41.570  41.922  43.749  47.572  47.583 
   47.966  47.985  48.679  51.229  51.267  52.509  64.110  64.145 
   64.249  64.366  64.740  77.300  79.009  91.421  91.599  91.657 
   91.850  91.999  92.006  92.986  93.024  93.037  98.705 138.067 
  138.097 138.885 225.589 426.357 426.383 427.018 526.229 1267.286 
  1686.927 1686.946 1687.402 3190.752 8535.342 24820.473 81386.468 322254.989 
  1830818.888 

Beta occupied
  -92.228 -18.441 -11.687 -11.492  -9.266  -6.948  -6.945  -6.943 
   -1.713  -1.352  -1.169  -1.060  -0.975  -0.974  -0.915  -0.829 
   -0.804  -0.742  -0.655 

Beta virtual
   -0.177  -0.149  -0.104  -0.072  -0.065  -0.057  -0.056  -0.035 
   -0.025  -0.021  -0.020  -0.013   0.006   0.023   0.025   0.029 
    0.051   0.071   0.078   0.082   0.095   0.099   0.113   0.117 
    0.133   0.147   0.164   0.166   0.183   0.187   0.195   0.201 
    0.211   0.212   0.234   0.246   0.273   0.278   0.298   0.302 
    0.314   0.318   0.341   0.351   0.363   0.373   0.385   0.390 
    0.399   0.411   0.417   0.439   0.449   0.454   0.466   0.466 
    0.477   0.498   0.504   0.513   0.525   0.531   0.565   0.569 
    0.585   0.602   0.611   0.622   0.643   0.689   0.695   0.697 
    0.722   0.727   0.746   0.755   0.769   0.790   0.791   0.832 
    0.835   0.860   0.866   0.892   0.912   0.923   0.961   0.988 
    0.991   1.014   1.032   1.039   1.058   1.069   1.073   1.088 
    1.114   1.120   1.130   1.161   1.162   1.177   1.223   1.237 
    1.251   1.260   1.284   1.293   1.295   1.323   1.323   1.337 
    1.343   1.352   1.363   1.369   1.411   1.422   1.423   1.430 
    1.467   1.505   1.515   1.550   1.565   1.589   1.605   1.625 
    1.646   1.649   1.669   1.674   1.695   1.701   1.736   1.742 
    1.767   1.801   1.810   1.850   1.863   1.866   1.925   1.939 
    1.981   1.991   1.992   2.011   2.030   2.046   2.069   2.123 
    2.128   2.154   2.156   2.173   2.191   2.232   2.245   2.263 
    2.304   2.330   2.349   2.366   2.406   2.411   2.424   2.487 
    2.497   2.539   2.550   2.559   2.559   2.610   2.645   2.746 
    2.769   2.856   2.860   2.881   2.893   2.947   2.968   2.968 
    3.000   3.013   3.016   3.048   3.060   3.071   3.126   3.161 
    3.197   3.240   3.269   3.288   3.296   3.313   3.313   3.327 
    3.349   3.397   3.423   3.427   3.476   3.496   3.528   3.544 
    3.562   3.562   3.575   3.603   3.608   3.670   3.679   3.706 
    3.723   3.751   3.772   3.786   3.818   3.831   3.887   3.912 
    3.931   3.949   3.955   3.968   3.977   4.014   4.049   4.054 
    4.068   4.103   4.112   4.158   4.158   4.178   4.204   4.207 
    4.220   4.245   4.256   4.291   4.333   4.380   4.385   4.443 
    4.464   4.546   4.559   4.585   4.600   4.604   4.625   4.629 
    4.653   4.673   4.696   4.735   4.742   4.766   4.777   4.800 
    4.800   4.814   4.824   4.847   4.936   4.944   4.985   5.050 
    5.119   5.142   5.160   5.204   5.207   5.223   5.254   5.259 
    5.316   5.329   5.369   5.404   5.441   5.490   5.506   5.507 
    5.539   5.572   5.581   5.600   5.666   5.724   5.802   5.812 
    5.828   5.855   5.939   5.975   5.975   6.017   6.033   6.064 
    6.101   6.171   6.172   6.202   6.260   6.272   6.323   6.325 
    6.348   6.443   6.467   6.497   6.536   6.547   6.651   6.696 
    6.734   6.784   6.803   6.818   6.841   6.938   6.942   6.988 
    6.996   7.032   7.038   7.054   7.069   7.198   7.263   7.513 
    7.513   7.560   7.619   7.639   7.730   7.759   7.850   7.886 
    7.977   8.183   8.231   8.489   8.568   8.622   8.631   8.700 
    8.765   8.794   8.834   8.838   8.866   9.037   9.056   9.096 
    9.102   9.146   9.163   9.204   9.213   9.250   9.290   9.319 
    9.345   9.437   9.439   9.452   9.554   9.617   9.741   9.788 
    9.832   9.871   9.907   9.921  10.020  10.043  10.333  10.334 
   10.450  10.525  10.585  10.640  10.680  10.685  10.696  10.705 
   10.733  10.871  10.871  10.977  10.978  11.011  11.141  11.224 
   11.247  11.258  11.286  11.300  11.330  11.346  11.364  11.369 
   11.407  11.435  11.453  11.508  11.536  11.576  11.585  11.651 
   11.670  11.706  11.715  11.715  11.850  11.874  11.881  11.922 
   11.948  11.974  12.012  12.040  12.044  12.091  12.108  12.147 
   12.185  12.187  12.259  12.267  12.330  12.343  12.391  12.428 
   12.442  12.464  12.478  12.489  12.495  12.533  12.637  12.673 
   12.713  12.727  12.907  12.916  12.919  12.946  13.017  13.030 
   13.045  13.099  13.150  13.152  13.211  13.226  13.286  13.289 
   13.398  13.424  13.428  13.490  13.535  13.572  13.629  13.678 
   13.723  13.773  13.919  13.956  13.968  14.016  14.259  14.275 
   14.281  14.340  14.591  14.592  14.813  14.867  14.869  15.036 
   15.036  15.136  15.260  15.281  15.419  15.437  15.686  15.691 
   15.778  15.814  16.105  16.124  16.188  16.208  16.345  16.609 
   16.628  16.786  16.849  16.865  16.992  17.001  17.001  17.041 
   17.048  17.051  17.144  17.240  17.299  17.524  17.529  17.558 
   17.623  17.629  17.697  17.700  17.784  17.804  17.826  18.033 
   18.147  18.289  18.672  18.699  18.773  18.786  19.156  19.171 
   19.458  19.529  19.670  19.827  19.950  20.062  20.236  20.250 
   20.500  20.517  20.785  20.829  21.097  21.110  21.212  21.268 
   21.607  21.643  22.037  22.063  23.585  23.853  23.942  24.055 
   24.241  24.441  24.447  25.948  26.087  26.115  32.400  32.425 
   32.757  33.254  33.289  33.546  33.616  34.015  34.651  34.718 
   35.377  41.568  41.570  41.922  43.400  47.386  47.397  47.787 
   47.803  48.486  50.878  50.914  52.187  64.111  64.146  64.250 
   64.366  64.740  77.304  79.009  91.421  91.599  91.657  91.850 
   91.999  92.006  92.986  93.024  93.037  98.315 137.645 137.675 
  138.469 225.228 425.996 426.021 426.658 525.942 1267.091 1686.725 
  1686.744 1687.200 3190.638 8535.284 24820.448 81386.459 322254.986 1830818.888 


  >>> Running UHF-MP2 <<<

MP2 correlation energy (UHF) : -1.0663615557
MP2 total energy       (UHF) : -515.7154922071

