	*********************************************** 
	***** Beginning CEBE Calculation with MOM ***** 
	*****       Calculation Details:          ***** 
	      Geometry:	 /work/morgunov/rev2calcs/mols/exp/o/hcooch3.xyz
	      Core Basis:	 pcX-4
	      Full Basis:	 pc-4
	      DIIS (start, space):	 0 50
	      Level shift:	 0
	      Do localization?:	 False
	      Do SFX2C1E?:	 True
	      Freeze orbitals?:	 True
	      Use Cheng orbitals?:	 False
	      Do Special Basis?:	 True
	      Do Special Basis?:	 pcX-4
	*********************************************** 
	*********************************************** 

  >>> Running RHF <<<

init D/C      : minao
init ov       : zeros
no            : 16
nv            : 716
ov_size       : 11456
max_cycle     : 1000
conv          : 6
econv         : 9
method        : gdm
scale_stop    : 0
scale_factor  : 1.000000
init E        : -227.747212686736
init |[F,P]|  : 6.77e-03
init |dE|     : 1.52e-02
check file    : None

iter      total energy   |[F,P]|      |dE|         ∆E   comment
   1    -227.820102325  5.14e-03  1.18e-02  -7.29e-02  BFGS
   2    -227.885905573  6.71e-04  1.41e-03  -6.58e-02  BFGS
   3    -227.887240652  3.43e-04  7.94e-04  -1.34e-03  BFGS
   4    -227.887632411  9.26e-05  2.09e-04  -3.92e-04  BFGS
   5    -227.887679620  4.16e-05  8.82e-05  -4.72e-05  BFGS
   6    -227.887690156  1.16e-05  2.63e-05  -1.05e-05  BFGS
   7    -227.887690785  2.42e-06  5.09e-06  -6.29e-07  BFGS
   8    -227.887690821  6.98e-07  1.54e-06  -3.63e-08  BFGS
   9    -227.887690824  2.33e-07  5.04e-07  -2.39e-09  BFGS
  10    -227.887690824  5.45e-08  1.22e-07  -2.26e-10  BFGS
                                                                      gdm is converged!

SCF converged : True
final |[F,P]| : 5.45e-08
final |dE|    : 1.22e-07
final Escf    : -350.629504298962
final Etot    : -227.887690824102

  pxp & ewc             :::        0.754 (  0.03%)
  apply B               :::        0.004 (  0.00%)
  linsrch               :::     2502.193 ( 99.97%)
  grad                  :::        0.030 (  0.00%)
  Total                 :::     2502.981 (100.00%)

Alpha occupied
  -20.616 -20.546 -11.379 -11.294  -1.471  -1.371  -0.989  -0.819 
   -0.751  -0.683  -0.680  -0.603  -0.556  -0.536  -0.471  -0.457 

Alpha virtual
    0.051   0.064   0.076   0.079   0.096   0.101   0.103   0.115 
    0.133   0.168   0.174   0.184   0.198   0.219   0.220   0.228 
    0.246   0.252   0.260   0.264   0.278   0.282   0.299   0.305 
    0.313   0.345   0.354   0.356   0.385   0.394   0.407   0.415 
    0.452   0.454   0.454   0.476   0.482   0.487   0.498   0.513 
    0.528   0.544   0.553   0.563   0.590   0.598   0.604   0.610 
    0.615   0.626   0.638   0.650   0.669   0.680   0.723   0.737 
    0.748   0.756   0.766   0.772   0.799   0.804   0.814   0.822 
    0.827   0.849   0.885   0.892   0.894   0.909   0.931   0.951 
    0.972   1.009   1.011   1.035   1.047   1.064   1.076   1.098 
    1.128   1.146   1.155   1.180   1.184   1.195   1.218   1.229 
    1.239   1.253   1.260   1.293   1.298   1.310   1.336   1.348 
    1.367   1.378   1.394   1.403   1.416   1.426   1.459   1.466 
    1.492   1.507   1.521   1.536   1.541   1.548   1.562   1.590 
    1.659   1.689   1.699   1.711   1.724   1.744   1.762   1.779 
    1.787   1.788   1.811   1.864   1.883   1.908   1.918   1.928 
    1.944   1.949   1.975   2.017   2.034   2.041   2.080   2.081 
    2.103   2.103   2.127   2.179   2.191   2.205   2.228   2.228 
    2.251   2.280   2.287   2.308   2.331   2.351   2.400   2.423 
    2.445   2.445   2.470   2.483   2.506   2.540   2.542   2.567 
    2.606   2.626   2.642   2.647   2.682   2.695   2.717   2.756 
    2.784   2.786   2.839   2.856   2.864   2.874   2.900   2.964 
    2.968   3.052   3.105   3.129   3.138   3.169   3.197   3.236 
    3.238   3.268   3.315   3.357   3.361   3.391   3.438   3.449 
    3.466   3.493   3.509   3.551   3.574   3.604   3.634   3.657 
    3.684   3.713   3.724   3.754   3.761   3.782   3.812   3.814 
    3.849   3.872   3.881   3.968   4.004   4.025   4.068   4.093 
    4.128   4.166   4.170   4.207   4.207   4.230   4.256   4.293 
    4.306   4.348   4.363   4.377   4.379   4.414   4.454   4.475 
    4.505   4.534   4.555   4.561   4.605   4.607   4.625   4.666 
    4.674   4.685   4.720   4.736   4.743   4.788   4.795   4.816 
    4.827   4.858   4.865   4.876   4.884   4.918   4.932   4.944 
    4.954   4.977   4.987   5.054   5.069   5.117   5.140   5.142 
    5.179   5.187   5.228   5.279   5.307   5.333   5.353   5.405 
    5.408   5.477   5.496   5.541   5.556   5.577   5.588   5.623 
    5.642   5.709   5.711   5.742   5.761   5.794   5.806   5.834 
    5.852   5.867   5.902   5.909   5.912   6.022   6.083   6.102 
    6.102   6.143   6.161   6.189   6.235   6.267   6.286   6.360 
    6.391   6.413   6.445   6.486   6.496   6.567   6.577   6.619 
    6.668   6.686   6.725   6.800   6.811   6.814   6.865   6.955 
    6.990   7.034   7.081   7.084   7.096   7.148   7.161   7.198 
    7.216   7.297   7.307   7.311   7.377   7.407   7.473   7.521 
    7.611   7.849   7.857   7.880   7.909   8.101   8.108   8.134 
    8.175   8.304   8.357   8.444   8.485   8.584   8.617   8.653 
    8.754   8.813   8.830   8.949   9.035   9.087   9.112   9.268 
    9.278   9.332   9.353   9.384   9.404   9.414   9.423   9.437 
    9.455   9.476   9.495   9.583   9.646   9.653   9.683   9.693 
    9.760   9.888   9.955  10.019  10.036  10.056  10.064  10.166 
   10.224  10.241  10.264  10.366  10.390  10.462  10.477  10.522 
   10.756  10.771  10.800  10.901  11.036  11.105  11.126  11.139 
   11.150  11.166  11.194  11.259  11.298  11.341  11.343  11.365 
   11.405  11.431  11.438  11.493  11.550  11.556  11.605  11.642 
   11.669  11.703  11.759  11.823  11.834  11.876  11.925  11.970 
   12.005  12.035  12.049  12.070  12.144  12.248  12.274  12.312 
   12.369  12.410  12.436  12.471  12.528  12.554  12.564  12.600 
   12.617  12.626  12.641  12.671  12.680  12.683  12.707  12.728 
   12.753  12.759  12.808  12.868  12.876  12.895  12.917  12.929 
   12.946  12.970  12.971  13.023  13.073  13.092  13.092  13.169 
   13.170  13.220  13.236  13.262  13.292  13.314  13.333  13.380 
   13.422  13.444  13.463  13.487  13.501  13.561  13.563  13.598 
   13.622  13.652  13.684  13.687  13.747  13.753  13.798  13.824 
   13.852  13.853  13.874  13.899  13.963  13.967  13.975  14.013 
   14.055  14.066  14.080  14.132  14.162  14.271  14.367  14.478 
   14.492  14.540  14.609  14.679  14.679  14.786  14.868  14.923 
   14.996  15.027  15.173  15.181  15.306  15.312  15.367  15.601 
   15.787  15.958  15.999  16.008  16.161  16.204  16.280  16.436 
   16.480  16.520  16.540  16.586  16.728  16.831  16.883  17.180 
   17.211  17.221  17.221  17.235  17.244  17.269  17.279  17.290 
   17.371  17.550  17.631  17.763  17.779  17.815  17.822  17.836 
   17.856  17.882  17.888  17.905  18.138  18.260  18.322  18.424 
   18.430  18.741  18.819  18.829  18.948  18.978  19.011  19.078 
   19.091  19.112  19.144  19.204  19.265  19.324  19.376  19.429 
   19.473  19.568  19.582  19.687  19.766  19.842  19.887  20.144 
   20.249  20.259  20.527  20.580  20.706  20.764  20.780  20.814 
   21.066  21.178  21.358  21.370  21.874  22.030  22.292  22.341 
   22.438  23.206  23.815  23.914  24.019  24.023  24.089  24.183 
   24.268  24.430  24.492  24.540  24.596  24.677  24.717  24.839 
   25.277  25.736  25.851  26.066  26.224  26.289  26.334  26.379 
   26.649  26.717  26.810  27.077  27.657  28.481  29.256  29.694 
   33.216  33.554  33.612  33.678  34.564  34.753  34.889  34.977 
   35.628  35.874  41.705  41.816  41.878  42.279  61.181  61.533 
   65.266  65.322  65.515  65.940  66.327  66.510  68.117  68.234 
   68.311  68.472  68.640  68.678  69.030  69.351  70.049  70.700 
   78.643  80.557  91.667  91.772  91.839  91.949  92.058  92.154 
   92.228  92.263  93.210  93.239  93.274  93.300 139.806 140.128 
  175.248 175.273 175.463 175.871 176.326 176.491 320.389 320.691 
  536.665 536.673 536.836 537.147 537.530 537.654 747.154 747.438 
  1796.271 1796.538 2112.477 2112.507 2112.621 2112.823 2113.121 2113.187 
  4514.494 4514.743 12060.471 12060.701 35044.667 35044.878 114859.395 114859.584 
  454594.968 454595.129 2579392.649 2579392.772 


  >>> Running RHF-MP2 <<<


RMP2-TIMING
  rmp2                  :::     1605.776 (100.00%)
  Total                 :::     1605.776 (100.00%)

MP2 correlation energy (RHF) : -1.0788907969
MP2 total energy       (RHF) : -228.9665816210


  >>> Running UHF <<<

init D/C      : input mo_coeff
init ov       : zeros
no            : 15 16
nv            : 717 716
ov_size       : 22211
max_cycle     : 1000
conv          : 6
econv         : 9
method        : diis
mom_start     : 0
guess mix     : 0.000000
orb_swap      : [[[0, 15]], []]
init E        : -207.271658544566
init S2       : 0.750000000000107
init |[F,P]|  : 1.58e-02
init |dE|     : 4.15e-02
check file    : None

iter      total energy   |[F,P]|      |dE|         ∆E   S^2   comment
   1    -207.743268265  8.87e-03  2.33e-02  -4.72e-01  0.75  DIIS mom: 14.7/15 15.6/16
   2    -208.074913170  1.26e-03  3.06e-03  -3.32e-01  0.76  DIIS mom: 14.9/15 15.9/16
   3    -208.081640191  6.01e-04  1.43e-03  -6.73e-03  0.76  DIIS mom: 15.0/15 16.0/16
   4    -208.083592707  1.36e-04  3.21e-04  -1.95e-03  0.76  DIIS mom: 15.0/15 16.0/16
   5    -208.083901355  6.32e-05  1.45e-04  -3.09e-04  0.77  DIIS mom: 15.0/15 16.0/16
   6    -208.083982257  2.63e-05  5.65e-05  -8.09e-05  0.77  DIIS mom: 15.0/15 16.0/16
   7    -208.084000539  1.64e-05  3.26e-05  -1.83e-05  0.77  DIIS mom: 15.0/15 16.0/16
   8    -208.084009388  1.50e-05  2.96e-05  -8.85e-06  0.77  DIIS mom: 15.0/15 16.0/16
   9    -208.084021792  1.42e-05  2.80e-05  -1.24e-05  0.77  DIIS mom: 15.0/15 16.0/16
  10    -208.084052731  1.25e-05  2.47e-05  -3.09e-05  0.77  DIIS mom: 15.0/15 16.0/16
  11    -208.084111249  8.55e-06  1.74e-05  -5.85e-05  0.78  DIIS mom: 15.0/15 16.0/16
  12    -208.084132502  4.27e-06  8.87e-06  -2.13e-05  0.79  DIIS mom: 15.0/15 16.0/16
  13    -208.084135312  1.42e-06  2.90e-06  -2.81e-06  0.79  DIIS mom: 15.0/15 16.0/16
  14    -208.084135555  9.27e-07  2.11e-06  -2.43e-07  0.79  DIIS mom: 15.0/15 16.0/16
  15    -208.084135567  2.31e-07  4.84e-07  -1.21e-08  0.79  DIIS mom: 15.0/15 16.0/16
  16    -208.084135569  1.01e-07  2.18e-07  -2.05e-09  0.79  DIIS mom: 15.0/15 16.0/16
