	*********************************************** 
	***** Beginning CEBE Calculation with MOM ***** 
	*****       Calculation Details:          ***** 
	      Geometry:	 /home/morgunov/core/calculations/mols/exp/n/pohpyridine.xyz
	      Core Basis:	 cc-pCV5Z
	      Full Basis:	 cc-pV5Z
	      DIIS (start, space):	 0 50
	      Level shift:	 0
	      Do localization?:	 False
	      Do SFX2C1E?:	 True
	      Freeze orbitals?:	 True
	      Use Cheng orbitals?:	 False
	      Do Special Basis?:	 False
	*********************************************** 
	*********************************************** 

  >>> Running RHF <<<

init D/C      : minao
init ov       : zeros
no            : 25
nv            : 941
ov_size       : 23525
max_cycle     : 1000
conv          : 6
econv         : 9
method        : gdm
scale_stop    : 0
scale_factor  : 1.000000
init E        : -321.582100292166
init |[F,P]|  : 3.64e-03
init |dE|     : 8.47e-03
check file    : None

iter      total energy   |[F,P]|      |dE|         ∆E   comment
   1    -321.673488893  1.87e-03  4.41e-03  -9.14e-02  BFGS
   2    -321.696476677  3.88e-04  8.99e-04  -2.30e-02  BFGS
   3    -321.697371446  1.33e-04  3.15e-04  -8.95e-04  BFGS
   4    -321.697496201  3.85e-05  9.30e-05  -1.25e-04  BFGS
   5    -321.697509331  1.48e-05  3.63e-05  -1.31e-05  BFGS
   6    -321.697511470  5.02e-06  1.20e-05  -2.14e-06  BFGS
   7    -321.697511677  1.33e-06  3.16e-06  -2.07e-07  BFGS
   8    -321.697511694  3.94e-07  8.67e-07  -1.68e-08  BFGS
   9    -321.697511696  2.31e-07  5.07e-07  -2.84e-09  BFGS
  10    -321.697511697  9.65e-08  2.15e-07  -6.35e-10  BFGS
                                                                      gdm is converged!

SCF converged : True
final |[F,P]| : 9.65e-08
final |dE|    : 2.15e-07
final Escf    : -596.513570413686
final Etot    : -321.697511697009

  pxp & ewc             :::        0.762 (  0.05%)
  apply B               :::        0.005 (  0.00%)
  linsrch               :::     1407.358 ( 99.94%)
  grad                  :::        0.056 (  0.00%)
  Total                 :::     1408.180 (100.00%)

Alpha occupied
  -20.609 -15.556 -11.327 -11.280 -11.277 -11.240 -11.233  -1.429 
   -1.257  -1.082  -1.040  -0.878  -0.858  -0.760  -0.702  -0.666 
   -0.634  -0.613  -0.603  -0.593  -0.527  -0.518  -0.422  -0.362 
   -0.355 

Alpha virtual
    0.077   0.103   0.106   0.110   0.116   0.135   0.145   0.179 
    0.201   0.206   0.223   0.227   0.237   0.239   0.241   0.260 
    0.300   0.307   0.317   0.329   0.341   0.352   0.362   0.364 
    0.380   0.404   0.405   0.414   0.420   0.423   0.447   0.461 
    0.466   0.471   0.489   0.495   0.508   0.513   0.522   0.529 
    0.532   0.549   0.570   0.589   0.596   0.609   0.617   0.635 
    0.669   0.676   0.694   0.700   0.701   0.732   0.737   0.739 
    0.763   0.771   0.781   0.794   0.822   0.825   0.832   0.841 
    0.852   0.856   0.864   0.894   0.899   0.905   0.935   0.939 
    0.948   0.960   0.962   0.970   0.975   0.988   1.004   1.015 
    1.019   1.027   1.048   1.054   1.073   1.076   1.085   1.111 
    1.128   1.138   1.139   1.144   1.162   1.214   1.218   1.235 
    1.236   1.240   1.261   1.278   1.305   1.308   1.312   1.316 
    1.333   1.364   1.391   1.397   1.401   1.422   1.441   1.472 
    1.494   1.499   1.513   1.520   1.529   1.534   1.561   1.571 
    1.578   1.580   1.588   1.616   1.617   1.630   1.643   1.649 
    1.651   1.676   1.688   1.688   1.698   1.708   1.735   1.738 
    1.751   1.759   1.779   1.796   1.811   1.842   1.851   1.865 
    1.886   1.889   1.895   1.901   1.910   1.924   1.936   1.964 
    1.980   1.981   1.990   2.022   2.034   2.046   2.058   2.066 
    2.084   2.098   2.103   2.111   2.124   2.133   2.142   2.155 
    2.157   2.177   2.189   2.201   2.205   2.215   2.242   2.254 
    2.265   2.279   2.293   2.321   2.335   2.347   2.352   2.360 
    2.363   2.387   2.391   2.420   2.450   2.470   2.494   2.495 
    2.502   2.510   2.539   2.560   2.560   2.589   2.600   2.615 
    2.622   2.638   2.662   2.678   2.727   2.738   2.759   2.769 
    2.797   2.830   2.872   2.889   2.894   2.895   2.936   2.952 
    2.957   2.998   3.024   3.027   3.067   3.078   3.080   3.090 
    3.103   3.141   3.155   3.162   3.175   3.192   3.200   3.207 
    3.210   3.232   3.255   3.278   3.286   3.304   3.338   3.340 
    3.369   3.371   3.383   3.387   3.390   3.450   3.451   3.468 
    3.500   3.517   3.521   3.527   3.560   3.598   3.599   3.609 
    3.623   3.650   3.666   3.669   3.688   3.700   3.717   3.724 
    3.733   3.757   3.778   3.780   3.801   3.834   3.841   3.850 
    3.852   3.859   3.873   3.883   3.905   3.931   3.948   3.964 
    3.982   4.004   4.012   4.012   4.035   4.038   4.063   4.066 
    4.092   4.099   4.112   4.124   4.146   4.148   4.180   4.184 
    4.202   4.212   4.237   4.262   4.273   4.275   4.281   4.285 
    4.313   4.324   4.326   4.346   4.351   4.377   4.381   4.402 
    4.420   4.448   4.465   4.489   4.496   4.519   4.547   4.562 
    4.562   4.588   4.608   4.631   4.637   4.660   4.667   4.691 
    4.692   4.717   4.736   4.761   4.769   4.775   4.800   4.829 
    4.831   4.841   4.857   4.862   4.874   4.890   4.907   4.934 
    4.962   4.968   4.975   4.981   4.990   5.025   5.027   5.034 
    5.066   5.073   5.092   5.120   5.130   5.132   5.140   5.150 
    5.190   5.196   5.206   5.231   5.249   5.268   5.285   5.302 
    5.309   5.326   5.350   5.358   5.367   5.384   5.416   5.421 
    5.453   5.473   5.480   5.521   5.538   5.542   5.556   5.577 
    5.613   5.626   5.637   5.645   5.677   5.688   5.707   5.710 
    5.748   5.761   5.817   5.830   5.846   5.867   5.890   5.891 
    5.924   5.942   5.965   5.966   5.994   6.006   6.010   6.015 
    6.077   6.106   6.169   6.170   6.213   6.238   6.254   6.281 
    6.302   6.324   6.350   6.394   6.397   6.401   6.431   6.442 
    6.501   6.516   6.537   6.565   6.585   6.612   6.646   6.661 
    6.689   6.738   6.756   6.778   6.804   6.835   6.871   6.872 
    6.915   6.964   6.972   7.021   7.039   7.052   7.087   7.140 
    7.144   7.163   7.180   7.248   7.288   7.293   7.334   7.363 
    7.372   7.416   7.452   7.462   7.499   7.511   7.551   7.567 
    7.611   7.612   7.645   7.656   7.671   7.757   7.775   7.792 
    7.818   7.839   7.855   7.857   7.900   7.955   7.993   8.005 
    8.027   8.031   8.051   8.154   8.177   8.217   8.229   8.234 
    8.253   8.319   8.327   8.337   8.371   8.375   8.411   8.428 
    8.447   8.452   8.482   8.520   8.525   8.582   8.605   8.619 
    8.657   8.727   8.740   8.749   8.797   8.843   8.880   8.891 
    8.907   8.925   8.949   8.949   8.977   9.000   9.014   9.047 
    9.090   9.106   9.114   9.150   9.165   9.172   9.209   9.232 
    9.253   9.269   9.306   9.345   9.384   9.394   9.406   9.448 
    9.494   9.511   9.514   9.573   9.590   9.605   9.618   9.649 
    9.664   9.686   9.773   9.784   9.854   9.871   9.950   9.956 
    9.973   9.982   9.994  10.037  10.048  10.058  10.087  10.103 
   10.132  10.181  10.210  10.218  10.240  10.241  10.260  10.274 
   10.284  10.290  10.308  10.354  10.356  10.361  10.390  10.446 
   10.464  10.491  10.496  10.502  10.515  10.535  10.546  10.578 
   10.605  10.638  10.643  10.665  10.701  10.755  10.791  10.805 
   10.886  10.892  10.914  10.928  10.939  10.999  11.007  11.011 
   11.072  11.078  11.096  11.106  11.115  11.139  11.169  11.170 
   11.178  11.208  11.212  11.248  11.281  11.298  11.315  11.338 
   11.367  11.377  11.404  11.461  11.472  11.475  11.528  11.552 
   11.559  11.594  11.627  11.644  11.660  11.687  11.716  11.728 
   11.734  11.820  11.832  11.944  11.971  12.006  12.027  12.059 
   12.081  12.104  12.160  12.162  12.178  12.230  12.277  12.300 
   12.343  12.348  12.402  12.473  12.501  12.504  12.512  12.522 
   12.590  12.608  12.668  12.680  12.700  12.719  12.758  12.762 
   12.764  12.784  12.785  12.789  12.794  12.807  12.844  12.864 
   12.873  12.892  12.896  12.902  12.930  12.932  12.976  12.982 
   12.994  13.010  13.016  13.033  13.071  13.102  13.124  13.177 
   13.179  13.194  13.250  13.255  13.289  13.323  13.359  13.380 
   13.386  13.421  13.491  13.543  13.543  13.564  13.587  13.598 
   13.632  13.663  13.673  13.676  13.694  13.733  13.744  13.785 
   13.827  13.837  13.844  13.865  13.885  13.897  13.906  13.931 
   13.962  13.982  13.991  14.019  14.043  14.099  14.115  14.134 
   14.188  14.190  14.215  14.220  14.238  14.240  14.265  14.277 
   14.279  14.319  14.357  14.381  14.397  14.415  14.439  14.457 
   14.461  14.465  14.482  14.500  14.530  14.541  14.568  14.581 
   14.588  14.609  14.620  14.652  14.689  14.714  14.806  14.838 
   14.866  14.870  14.911  14.943  14.984  15.028  15.035  15.072 
   15.080  15.110  15.129  15.201  15.217  15.245  15.310  15.318 
   15.387  15.409  15.429  15.451  15.479  15.497  15.594  15.600 
   15.605  15.677  15.691  15.694  15.750  15.787  15.815  15.895 
   15.917  15.984  16.011  16.065  16.088  16.150  16.157  16.228 
   16.267  16.291  16.331  16.422  16.445  16.486  16.542  16.638 
   16.686  16.754  16.758  16.791  16.821  16.824  16.937  17.003 
   17.359  17.372  17.461  17.502  17.573  17.619  17.665  17.704 
   17.725  17.866  17.894  17.899  17.983  18.000  18.043  18.051 
   18.056  18.108  18.142  18.182  18.293  18.365  18.426  18.448 
   18.485  18.629  18.789  18.804  18.845  18.895  18.990  19.073 
   19.128  19.252  19.285  19.307  19.415  19.530  19.581  19.630 
   19.729  19.783  19.837  19.853  19.988  20.199  20.240  20.357 
   20.430  20.865  20.998  21.195  21.280  21.307  21.547  21.601 
   22.668  23.122  23.243  23.524  23.773  24.274  25.307  25.587 
   26.183  30.008  31.335  32.089  39.590  41.192  41.288  42.208 
   42.691  50.634  50.825  51.049  51.842  51.993  58.742  58.837 
   59.136  59.171  59.172  59.471  59.712  65.227  66.268  83.146 
   84.237  84.932 150.713 150.842 151.017 151.562 151.676 172.622 
  209.078 209.078 209.083 209.086 209.086 209.089 209.091 209.101 
  209.101 230.043 230.956 231.525 236.339 236.382 236.509 236.512 
  236.546 236.660 236.741 450.316 456.930 457.032 457.146 457.522 
  457.616 644.203 644.979 645.486 1576.849 


  >>> Running RHF-MP2 <<<


RMP2-TIMING
  rmp2                  :::     1132.088 (100.00%)
  Total                 :::     1132.088 (100.00%)

MP2 correlation energy (RHF) : -1.5927590046
MP2 total energy       (RHF) : -323.2902707016


  >>> Running UHF <<<

init D/C      : input mo_coeff
init ov       : zeros
no            : 24 25
nv            : 942 941
ov_size       : 46133
max_cycle     : 1000
conv          : 6
econv         : 9
method        : diis
mom_start     : 0
guess mix     : 0.000000
orb_swap      : [[[1, 24]], []]
init E        : -306.141697293958
init S2       : 0.750000000000153
init |[F,P]|  : 8.93e-03
init |dE|     : 2.42e-02
check file    : None

iter      total energy   |[F,P]|      |dE|         ∆E   S^2   comment
   1    -306.454080662  6.18e-03  1.54e-02  -3.12e-01  0.75  DIIS mom: 23.6/24 24.5/25
   2    -306.854663360  6.53e-04  1.54e-03  -4.01e-01  0.76  DIIS mom: 23.9/24 24.9/25
   3    -306.861153104  2.75e-04  5.99e-04  -6.49e-03  0.76  DIIS mom: 24.0/24 25.0/25
   4    -306.862600275  1.20e-04  2.76e-04  -1.45e-03  0.77  DIIS mom: 24.0/24 25.0/25
   5    -306.863336379  6.34e-05  1.40e-04  -7.36e-04  0.78  DIIS mom: 24.0/24 25.0/25
   6    -306.863595819  3.61e-05  7.47e-05  -2.59e-04  0.78  DIIS mom: 24.0/24 25.0/25
   7    -306.863695555  2.61e-05  5.16e-05  -9.97e-05  0.79  DIIS mom: 24.0/24 25.0/25
   8    -306.863775082  1.98e-05  3.84e-05  -7.95e-05  0.79  DIIS mom: 24.0/24 25.0/25
   9    -306.863835229  1.49e-05  2.88e-05  -6.01e-05  0.80  DIIS mom: 24.0/24 25.0/25
  10    -306.863869995  1.10e-05  2.06e-05  -3.48e-05  0.81  DIIS mom: 24.0/24 25.0/25
  11    -306.863894649  7.86e-06  1.45e-05  -2.47e-05  0.81  DIIS mom: 24.0/24 25.0/25
  12    -306.863909272  5.06e-06  9.51e-06  -1.46e-05  0.81  DIIS mom: 24.0/24 25.0/25
  13    -306.863915255  2.45e-06  4.85e-06  -5.98e-06  0.81  DIIS mom: 24.0/24 25.0/25
  14    -306.863916197  1.05e-06  2.02e-06  -9.42e-07  0.82  DIIS mom: 24.0/24 25.0/25
  15    -306.863916308  4.03e-07  8.22e-07  -1.11e-07  0.82  DIIS mom: 24.0/24 25.0/25
  16    -306.863916320  1.86e-07  3.81e-07  -1.11e-08  0.82  DIIS mom: 24.0/24 25.0/25
  17    -306.863916321  1.22e-07  2.29e-07  -1.90e-09  0.82  DIIS mom: 24.0/24 25.0/25
  18    -306.863916322  1.04e-07  1.88e-07  -1.08e-09  0.82  DIIS mom: 24.0/24 25.0/25
  19    -306.863916324  8.57e-08  1.56e-07  -1.86e-09  0.82  DIIS mom: 24.0/24 25.0/25
  20    -306.863916327  4.69e-08  9.05e-08  -2.89e-09  0.82  DIIS mom: 24.0/24 25.0/25
  21    -306.863916328  2.01e-08  4.05e-08  -7.97e-10  0.82  DIIS mom: 24.0/24 25.0/25
                                                                      diis is converged!

SCF converged : True
final |[F,P]| : 2.01e-08
final |dE|    : 4.05e-08
final Escf    : -581.679975044704
final Etot    : -306.863916328027
final S2      : 0.815739707852799

  diis prep             :::        0.793 (  0.03%)
  diis extrap           :::        0.954 (  0.03%)
  roothaan              :::        2.938 (  0.10%)
  fock build            :::     3067.122 ( 99.85%)
  Total                 :::     3071.807 (100.00%)

Alpha occupied
  -20.809 -11.564 -11.561 -11.555 -11.458 -11.451  -1.627  -1.578 
   -1.322  -1.288  -1.132  -1.092  -0.987  -0.956  -0.902  -0.871 
   -0.858  -0.839  -0.807  -0.795  -0.748  -0.737  -0.606  -0.582 

Alpha virtual
  -14.092  -0.143  -0.095  -0.061  -0.043  -0.034  -0.001  -0.001 
    0.016   0.034   0.042   0.053   0.068   0.074   0.087   0.091 
    0.116   0.122   0.140   0.152   0.162   0.179   0.184   0.186 
    0.202   0.208   0.227   0.236   0.237   0.246   0.257   0.267 
    0.271   0.278   0.288   0.313   0.322   0.330   0.337   0.343 
    0.355   0.357   0.376   0.384   0.408   0.416   0.424   0.428 
    0.446   0.483   0.490   0.504   0.508   0.524   0.543   0.544 
    0.552   0.556   0.589   0.599   0.611   0.632   0.637   0.645 
    0.656   0.660   0.673   0.681   0.701   0.711   0.719   0.742 
    0.749   0.761   0.766   0.770   0.776   0.786   0.807   0.817 
    0.829   0.831   0.839   0.864   0.871   0.887   0.889   0.910 
    0.929   0.935   0.945   0.948   0.959   0.975   1.002   1.030 
    1.032   1.034   1.048   1.050   1.072   1.072   1.099   1.115 
    1.142   1.144   1.176   1.196   1.218   1.219   1.234   1.250 
    1.271   1.296   1.301   1.302   1.310   1.334   1.344   1.363 
    1.375   1.383   1.388   1.395   1.404   1.423   1.433   1.445 
    1.451   1.457   1.463   1.479   1.494   1.503   1.510   1.531 
    1.536   1.537   1.561   1.582   1.602   1.607   1.641   1.649 
    1.658   1.682   1.691   1.692   1.701   1.713   1.720   1.724 
    1.752   1.763   1.788   1.796   1.832   1.839   1.851   1.856 
    1.866   1.884   1.899   1.902   1.911   1.926   1.941   1.948 
    1.959   1.968   1.971   1.994   2.005   2.017   2.026   2.034 
    2.046   2.069   2.072   2.093   2.127   2.132   2.140   2.149 
    2.155   2.159   2.181   2.190   2.210   2.241   2.255   2.277 
    2.283   2.303   2.308   2.341   2.348   2.354   2.371   2.395 
    2.398   2.417   2.422   2.458   2.481   2.518   2.520   2.553 
    2.563   2.594   2.615   2.660   2.663   2.672   2.673   2.718 
    2.740   2.747   2.793   2.814   2.819   2.862   2.871   2.877 
    2.880   2.881   2.924   2.936   2.941   2.957   2.977   2.987 
    2.997   2.999   3.020   3.039   3.069   3.072   3.091   3.113 
    3.118   3.158   3.164   3.170   3.180   3.182   3.218   3.241 
    3.263   3.285   3.303   3.305   3.312   3.342   3.365   3.382 
    3.393   3.406   3.428   3.456   3.465   3.476   3.486   3.501 
    3.501   3.520   3.545   3.557   3.564   3.579   3.598   3.623 
    3.631   3.637   3.643   3.654   3.658   3.679   3.720   3.725 
    3.749   3.776   3.777   3.779   3.790   3.810   3.818   3.836 
    3.842   3.875   3.885   3.889   3.909   3.912   3.917   3.960 
    3.973   3.995   4.000   4.017   4.047   4.055   4.061   4.066 
    4.072   4.099   4.108   4.109   4.126   4.129   4.156   4.163 
    4.179   4.211   4.217   4.260   4.275   4.284   4.307   4.327 
    4.344   4.366   4.366   4.382   4.415   4.425   4.448   4.449 
    4.474   4.481   4.503   4.516   4.543   4.549   4.560   4.584 
    4.608   4.622   4.628   4.636   4.646   4.670   4.674   4.681 
    4.720   4.741   4.760   4.764   4.769   4.774   4.806   4.815 
    4.820   4.859   4.873   4.883   4.904   4.908   4.918   4.929 
    4.933   4.968   4.993   4.997   5.020   5.032   5.048   5.071 
    5.077   5.092   5.111   5.134   5.149   5.155   5.174   5.202 
    5.204   5.232   5.256   5.267   5.286   5.324   5.331   5.340 
    5.358   5.389   5.405   5.420   5.431   5.465   5.467   5.480 
    5.498   5.524   5.565   5.597   5.610   5.619   5.648   5.661 
    5.669   5.684   5.714   5.728   5.731   5.775   5.776   5.779 
    5.784   5.861   5.881   5.934   5.952   5.986   6.017   6.033 
    6.061   6.071   6.101   6.119   6.168   6.169   6.186   6.205 
    6.223   6.268   6.287   6.329   6.333   6.350   6.387   6.428 
    6.438   6.471   6.509   6.540   6.567   6.573   6.612   6.640 
    6.658   6.693   6.735   6.748   6.790   6.823   6.826   6.870 
    6.927   6.936   6.950   6.969   7.047   7.070   7.089   7.114 
    7.122   7.147   7.207   7.236   7.247   7.266   7.280   7.325 
    7.346   7.385   7.390   7.409   7.412   7.456   7.528   7.549 
    7.565   7.572   7.613   7.628   7.633   7.681   7.740   7.771 
    7.793   7.798   7.805   7.820   7.920   7.945   7.978   8.004 
    8.021   8.022   8.076   8.089   8.097   8.108   8.144   8.184 
    8.201   8.224   8.225   8.261   8.294   8.298   8.350   8.381 
    8.392   8.429   8.491   8.513   8.521   8.546   8.591   8.631 
    8.648   8.674   8.691   8.701   8.721   8.746   8.768   8.783 
    8.802   8.861   8.878   8.890   8.905   8.925   8.940   8.974 
    8.995   8.999   9.039   9.072   9.125   9.153   9.154   9.167 
    9.217   9.257   9.276   9.280   9.327   9.356   9.371   9.391 
    9.417   9.437   9.469   9.531   9.541   9.632   9.633   9.719 
    9.722   9.726   9.745   9.769   9.790   9.816   9.822   9.849 
    9.865   9.904   9.943   9.974   9.982  10.005  10.011  10.024 
   10.038  10.051  10.055  10.069  10.102  10.107  10.111  10.157 
   10.191  10.204  10.259  10.262  10.265  10.275  10.306  10.312 
   10.314  10.366  10.406  10.411  10.421  10.469  10.474  10.547 
   10.561  10.573  10.656  10.686  10.694  10.713  10.763  10.767 
   10.767  10.831  10.836  10.867  10.870  10.886  10.906  10.938 
   10.942  10.945  10.965  10.969  11.014  11.046  11.061  11.071 
   11.114  11.132  11.148  11.167  11.223  11.235  11.237  11.284 
   11.308  11.320  11.336  11.400  11.403  11.439  11.457  11.481 
   11.495  11.505  11.566  11.568  11.668  11.738  11.756  11.785 
   11.825  11.851  11.856  11.907  11.924  11.929  11.995  12.047 
   12.078  12.116  12.119  12.169  12.240  12.272  12.274  12.314 
   12.318  12.355  12.374  12.438  12.442  12.466  12.483  12.523 
   12.537  12.557  12.558  12.571  12.574  12.581  12.591  12.616 
   12.648  12.659  12.660  12.677  12.681  12.711  12.726  12.740 
   12.749  12.763  12.794  12.794  12.810  12.871  12.874  12.888 
   12.936  12.950  12.996  12.999  13.037  13.060  13.078  13.115 
   13.143  13.152  13.196  13.264  13.278  13.306  13.331  13.366 
   13.385  13.398  13.446  13.454  13.458  13.504  13.517  13.529 
   13.545  13.595  13.610  13.644  13.654  13.664  13.682  13.698 
   13.721  13.743  13.766  13.775  13.807  13.829  13.875  13.895 
   13.926  13.961  13.967  14.000  14.001  14.016  14.020  14.039 
   14.046  14.070  14.111  14.145  14.157  14.169  14.171  14.206 
   14.232  14.246  14.261  14.265  14.291  14.296  14.297  14.342 
   14.364  14.374  14.385  14.391  14.443  14.462  14.464  14.575 
   14.621  14.643  14.659  14.666  14.721  14.722  14.753  14.810 
   14.839  14.846  14.881  14.907  14.967  14.981  15.012  15.060 
   15.079  15.094  15.171  15.191  15.197  15.240  15.268  15.319 
   15.364  15.365  15.438  15.463  15.473  15.506  15.548  15.580 
   15.656  15.708  15.763  15.821  15.835  15.861  15.927  15.941 
   15.978  16.055  16.078  16.099  16.156  16.228  16.249  16.332 
   16.377  16.420  16.447  16.452  16.542  16.561  16.629  16.744 
   16.749  17.114  17.153  17.192  17.258  17.289  17.400  17.428 
   17.451  17.455  17.516  17.648  17.676  17.696  17.702  17.769 
   17.793  17.834  17.870  17.922  17.947  17.997  18.037  18.145 
   18.212  18.244  18.254  18.411  18.581  18.640  18.679  18.793 
   18.870  18.909  19.037  19.066  19.100  19.219  19.306  19.387 
   19.396  19.446  19.525  19.563  19.608  19.656  19.724  20.045 
   20.159  20.232  20.643  20.777  21.001  21.056  21.086  21.349 
   21.403  22.472  22.929  23.046  23.329  23.580  24.078  24.556 
   25.395  25.993  29.023  30.345  31.107  39.352  40.951  41.032 
   41.952  42.453  49.408  49.599  49.821  50.605  50.759  57.575 
   57.673  57.966  58.000  58.004  58.286  58.528  64.816  65.029 
   81.420  82.502  83.195 148.554 148.683 148.855 149.394 149.510 
  170.288 207.021 207.021 207.026 207.029 207.031 207.033 207.033 
  207.034 207.035 227.391 228.298 228.866 233.885 233.929 234.052 
  234.054 234.089 234.197 234.277 447.057 453.715 453.817 453.929 
  454.302 454.396 640.627 641.400 641.906 1572.761 

Beta occupied
  -20.808 -18.378 -11.562 -11.556 -11.550 -11.461 -11.453  -1.661 
   -1.624  -1.333  -1.291  -1.150  -1.097  -0.997  -0.977  -0.931 
   -0.924  -0.875  -0.843  -0.811  -0.793  -0.771  -0.745  -0.629 
   -0.583 

Beta virtual
   -0.141  -0.085  -0.061  -0.042  -0.034  -0.003  -0.001   0.016 
    0.034   0.038   0.050   0.067   0.074   0.086   0.091   0.115 
    0.121   0.136   0.154   0.163   0.179   0.182   0.186   0.202 
    0.207   0.223   0.235   0.241   0.244   0.258   0.261   0.263 
    0.275   0.287   0.312   0.321   0.330   0.336   0.344   0.355 
    0.356   0.374   0.383   0.408   0.412   0.421   0.429   0.448 
    0.485   0.493   0.499   0.500   0.525   0.540   0.544   0.552 
    0.556   0.588   0.597   0.611   0.630   0.641   0.644   0.654 
    0.662   0.673   0.681   0.703   0.712   0.720   0.745   0.746 
    0.761   0.767   0.772   0.775   0.783   0.806   0.815   0.826 
    0.830   0.838   0.865   0.871   0.886   0.889   0.910   0.928 
    0.937   0.944   0.949   0.959   0.974   0.999   1.028   1.033 
    1.034   1.049   1.050   1.063   1.070   1.097   1.110   1.144 
    1.144   1.177   1.196   1.219   1.219   1.233   1.251   1.271 
    1.294   1.300   1.302   1.309   1.333   1.344   1.362   1.373 
    1.383   1.387   1.396   1.406   1.424   1.433   1.445   1.449 
    1.453   1.460   1.479   1.493   1.504   1.511   1.529   1.530 
    1.538   1.561   1.580   1.601   1.608   1.640   1.649   1.657 
    1.683   1.692   1.692   1.701   1.714   1.718   1.721   1.755 
    1.759   1.789   1.796   1.830   1.840   1.851   1.857   1.867 
    1.884   1.900   1.902   1.912   1.926   1.941   1.947   1.960 
    1.967   1.971   1.995   2.006   2.017   2.026   2.035   2.047 
    2.069   2.073   2.094   2.127   2.131   2.141   2.149   2.155 
    2.160   2.179   2.188   2.207   2.241   2.254   2.274   2.284 
    2.302   2.308   2.341   2.348   2.353   2.372   2.391   2.397 
    2.417   2.420   2.457   2.481   2.516   2.517   2.552   2.562 
    2.589   2.611   2.658   2.659   2.672   2.673   2.715   2.735 
    2.748   2.793   2.812   2.819   2.862   2.871   2.877   2.880 
    2.881   2.918   2.925   2.941   2.956   2.975   2.987   2.997 
    2.999   3.020   3.036   3.067   3.071   3.089   3.103   3.119 
    3.158   3.163   3.169   3.179   3.182   3.215   3.241   3.264 
    3.286   3.299   3.304   3.311   3.337   3.354   3.381   3.393 
    3.406   3.427   3.455   3.464   3.476   3.485   3.495   3.500 
    3.520   3.545   3.556   3.563   3.580   3.587   3.622   3.631 
    3.635   3.643   3.655   3.657   3.672   3.719   3.724   3.749 
    3.769   3.774   3.778   3.783   3.806   3.817   3.836   3.842 
    3.873   3.883   3.889   3.907   3.914   3.915   3.957   3.974 
    3.995   4.001   4.018   4.048   4.054   4.060   4.065   4.071 
    4.100   4.107   4.110   4.125   4.130   4.156   4.164   4.176 
    4.212   4.219   4.260   4.275   4.284   4.306   4.326   4.344 
    4.362   4.367   4.383   4.414   4.426   4.448   4.449   4.474 
    4.480   4.504   4.514   4.540   4.547   4.559   4.584   4.604 
    4.622   4.628   4.636   4.646   4.669   4.672   4.678   4.718 
    4.738   4.760   4.763   4.770   4.774   4.805   4.814   4.821 
    4.859   4.873   4.883   4.903   4.903   4.918   4.929   4.933 
    4.969   4.993   4.996   5.020   5.031   5.043   5.067   5.074 
    5.091   5.110   5.134   5.146   5.155   5.173   5.202   5.204 
    5.229   5.257   5.265   5.282   5.324   5.331   5.337   5.356 
    5.388   5.404   5.418   5.430   5.465   5.466   5.477   5.497 
    5.525   5.565   5.595   5.609   5.617   5.649   5.656   5.664 
    5.678   5.707   5.722   5.731   5.771   5.771   5.778   5.784 
    5.860   5.881   5.934   5.951   5.986   6.015   6.031   6.057 
    6.069   6.100   6.111   6.166   6.168   6.186   6.204   6.224 
    6.265   6.282   6.322   6.333   6.348   6.385   6.423   6.437 
    6.471   6.505   6.540   6.560   6.572   6.610   6.637   6.658 
    6.693   6.734   6.748   6.787   6.822   6.825   6.869   6.927 
    6.935   6.950   6.969   7.046   7.065   7.089   7.114   7.119 
    7.144   7.206   7.236   7.245   7.261   7.274   7.318   7.341 
    7.382   7.387   7.400   7.403   7.454   7.524   7.544   7.562 
    7.566   7.607   7.626   7.633   7.677   7.740   7.768   7.793 
    7.796   7.805   7.818   7.920   7.938   7.968   8.002   8.020 
    8.020   8.063   8.087   8.097   8.108   8.143   8.182   8.200 
    8.221   8.225   8.261   8.294   8.296   8.345   8.379   8.391 
    8.429   8.491   8.510   8.516   8.549   8.593   8.621   8.649 
    8.675   8.679   8.700   8.722   8.746   8.767   8.783   8.800 
    8.861   8.878   8.882   8.899   8.926   8.941   8.968   8.995 
    8.996   9.038   9.067   9.124   9.150   9.156   9.164   9.214 
    9.253   9.273   9.280   9.321   9.356   9.371   9.392   9.414 
    9.437   9.464   9.517   9.539   9.626   9.633   9.715   9.719 
    9.725   9.744   9.769   9.792   9.816   9.823   9.849   9.865 
    9.904   9.936   9.976   9.983  10.006  10.011  10.022  10.038 
   10.051  10.055  10.071  10.091  10.104  10.111  10.158  10.185 
   10.199  10.258  10.261  10.262  10.265  10.291  10.304  10.310 
   10.365  10.407  10.409  10.420  10.427  10.474  10.540  10.561 
   10.572  10.656  10.686  10.695  10.713  10.762  10.764  10.768 
   10.827  10.834  10.867  10.868  10.885  10.905  10.938  10.941 
   10.945  10.960  10.971  11.014  11.045  11.060  11.069  11.113 
   11.131  11.147  11.162  11.223  11.235  11.236  11.279  11.305 
   11.319  11.320  11.400  11.400  11.435  11.456  11.481  11.495 
   11.504  11.554  11.561  11.639  11.738  11.757  11.781  11.823 
   11.848  11.857  11.903  11.924  11.931  11.995  12.046  12.078 
   12.116  12.119  12.169  12.235  12.272  12.273  12.314  12.317 
   12.348  12.366  12.438  12.441  12.451  12.473  12.515  12.532 
   12.551  12.557  12.571  12.574  12.580  12.587  12.612  12.647 
   12.654  12.659  12.676  12.680  12.710  12.726  12.734  12.744 
   12.763  12.792  12.794  12.808  12.863  12.874  12.886  12.929 
   12.950  12.994  12.996  13.037  13.051  13.078  13.115  13.141 
   13.152  13.195  13.257  13.278  13.302  13.330  13.364  13.385 
   13.393  13.444  13.453  13.457  13.503  13.515  13.529  13.541 
   13.592  13.608  13.644  13.652  13.663  13.681  13.697  13.720 
   13.742  13.766  13.774  13.807  13.828  13.875  13.894  13.926 
   13.961  13.966  13.999  14.000  14.016  14.019  14.039  14.045 
   14.069  14.109  14.145  14.155  14.164  14.169  14.205  14.229 
   14.245  14.260  14.264  14.291  14.291  14.295  14.342  14.363 
   14.373  14.384  14.391  14.443  14.456  14.460  14.574  14.620 
   14.640  14.655  14.665  14.715  14.719  14.741  14.808  14.838 
   14.845  14.880  14.907  14.962  14.978  15.010  15.056  15.076 
   15.083  15.165  15.189  15.190  15.240  15.265  15.311  15.363 
   15.363  15.435  15.461  15.472  15.500  15.545  15.578  15.652 
   15.707  15.762  15.821  15.834  15.859  15.925  15.940  15.974 
   16.055  16.077  16.099  16.151  16.226  16.245  16.331  16.372 
   16.401  16.424  16.449  16.542  16.562  16.629  16.740  16.750 
   17.110  17.153  17.159  17.255  17.289  17.391  17.417  17.449 
   17.451  17.469  17.644  17.670  17.689  17.703  17.764  17.793 
   17.828  17.870  17.920  17.922  17.978  18.032  18.144  18.194 
   18.213  18.254  18.411  18.580  18.639  18.679  18.794  18.870 
   18.909  19.036  19.065  19.099  19.220  19.292  19.375  19.388 
   19.428  19.520  19.547  19.603  19.657  19.704  20.045  20.160 
   20.232  20.643  20.776  21.001  21.055  21.085  21.349  21.403 
   22.473  22.929  23.047  23.330  23.581  24.075  24.248  25.395 
   25.993  28.711  30.049  30.821  39.351  40.950  41.032  41.952 
   42.453  49.252  49.443  49.666  50.453  50.607  57.493  57.590 
   57.884  57.918  57.921  58.202  58.449  64.372  65.029  81.011 
   82.101  82.798 148.299 148.428 148.601 149.141 149.257 169.859 
  206.912 206.913 206.918 206.921 206.923 206.924 206.925 206.925 
  206.927 227.007 227.917 228.486 233.696 233.740 233.863 233.866 
  233.899 234.008 234.089 446.712 453.451 453.553 453.666 454.039 
  454.133 640.334 641.108 641.614 1572.545 


  >>> Running UHF-MP2 <<<

MP2 correlation energy (UHF) : -1.5489913509
MP2 total energy       (UHF) : -308.4129076789

