	*********************************************** 
	***** Beginning CEBE Calculation with MOM ***** 
	*****       Calculation Details:          ***** 
	      Geometry:	 /home/am3939/core/calculations/mols/exp/f/ch3f.xyz
	      Core Basis:	 ccX-5Z
	      Full Basis:	 cc-pV5Z
	      DIIS (start, space):	 0 50
	      Level shift:	 0
	      Do localization?:	 False
	      Do SFX2C1E?:	 True
	      Freeze orbitals?:	 True
	      Use Cheng orbitals?:	 False
	      Do Special Basis?:	 True
	      Do Special Basis?:	 ccX-5Z
	*********************************************** 
	*********************************************** 

  >>> Running RHF <<<

init D/C      : minao
init ov       : zeros
no            : 9
nv            : 439
ov_size       : 3951
max_cycle     : 1000
conv          : 6
econv         : 9
method        : gdm
scale_stop    : 0
scale_factor  : 1.000000
init E        : -139.064571071341
init |[F,P]|  : 5.79e-03
init |dE|     : 1.52e-02
check file    : None

iter      total energy   |[F,P]|      |dE|         ∆E   comment
   1    -139.098069662  3.59e-03  9.24e-03  -3.35e-02  BFGS
   2    -139.109935972  4.00e-04  1.02e-03  -1.19e-02  BFGS
   3    -139.110122129  1.16e-04  3.18e-04  -1.86e-04  BFGS
   4    -139.110146085  2.36e-05  6.13e-05  -2.40e-05  BFGS
   5    -139.110147327  7.65e-06  1.78e-05  -1.24e-06  BFGS
   6    -139.110147486  1.14e-06  2.95e-06  -1.58e-07  BFGS
   7    -139.110147489  2.59e-07  6.85e-07  -3.15e-09  BFGS
   8    -139.110147489  3.47e-08  8.85e-08  -1.85e-10  BFGS
                                                                      gdm is converged!

SCF converged : True
final |[F,P]| : 3.47e-08
final |dE|    : 8.85e-08
final Escf    : -176.91118433737
final Etot    : -139.110147488978

  pxp & ewc             :::        0.148 (  0.26%)
  apply B               :::        0.001 (  0.00%)
  linsrch               :::       56.273 ( 99.73%)
  grad                  :::        0.005 (  0.01%)
  Total                 :::       56.427 (100.00%)

Alpha occupied
  -26.275 -11.300  -1.593  -0.957  -0.702  -0.702  -0.680  -0.530 
   -0.530 

Alpha virtual
    0.094   0.137   0.137   0.139   0.214   0.214   0.220   0.246 
    0.246   0.385   0.405   0.430   0.430   0.458   0.556   0.556 
    0.585   0.585   0.630   0.653   0.690   0.690   0.706   0.714 
    0.770   0.770   0.863   0.879   0.879   0.925   0.954   0.954 
    1.041   1.041   1.070   1.241   1.241   1.245   1.435   1.435 
    1.454   1.470   1.470   1.558   1.603   1.603   1.603   1.682 
    1.682   1.758   1.766   1.828   1.828   1.831   1.874   1.874 
    1.916   1.968   1.968   2.044   2.087   2.087   2.099   2.099 
    2.204   2.246   2.246   2.353   2.353   2.357   2.361   2.361 
    2.373   2.458   2.628   2.657   2.657   2.713   2.826   2.945 
    2.945   3.136   3.210   3.210   3.418   3.418   3.456   3.488 
    3.531   3.531   3.618   3.618   3.696   3.776   3.786   3.786 
    3.865   3.959   3.959   3.978   4.031   4.060   4.060   4.149 
    4.188   4.200   4.200   4.227   4.227   4.285   4.285   4.314 
    4.314   4.366   4.507   4.546   4.560   4.560   4.666   4.666 
    4.703   4.771   4.798   4.798   4.841   4.886   4.886   4.943 
    4.943   5.067   5.067   5.111   5.223   5.231   5.256   5.256 
    5.461   5.484   5.484   5.555   5.555   5.616   5.616   5.682 
    5.685   5.749   5.749   5.896   5.946   5.946   5.995   6.166 
    6.166   6.181   6.516   6.571   6.571   6.851   6.851   6.857 
    6.975   7.096   7.096   7.323   7.323   7.414   7.475   7.475 
    7.567   7.781   7.781   8.005   8.005   8.100   8.139   8.254 
    8.338   8.338   8.382   8.577   8.577   9.122   9.122   9.224 
    9.488   9.531   9.531   9.578   9.628   9.649   9.764   9.764 
    9.818   9.921   9.929   9.929   9.952   9.952  10.125  10.125 
   10.299  10.321  10.372  10.372  10.404  10.405  10.435  10.617 
   10.617  10.699  10.699  10.795  10.923  10.961  10.961  11.145 
   11.145  11.449  11.449  11.466  11.476  11.476  11.549  11.761 
   12.498  12.527  12.527  12.659  12.692  12.692  12.757  12.788 
   12.788  12.809  12.809  12.837  12.939  12.939  12.939  13.052 
   13.052  13.056  13.206  13.206  13.472  13.472  13.486  13.515 
   13.515  13.540  13.661  13.661  13.790  13.970  13.977  14.062 
   14.062  14.118  14.118  14.158  14.236  14.281  14.327  14.327 
   14.428  14.428  14.452  14.533  14.533  14.627  14.628  14.801 
   14.823  14.826  14.826  14.987  14.987  15.127  15.268  15.499 
   15.499  15.733  15.857  15.857  16.085  16.169  16.169  16.436 
   16.946  16.946  17.405  17.541  17.541  17.810  17.954  17.954 
   18.187  18.316  18.317  18.387  18.387  18.437  18.437  18.513 
   18.513  18.558  18.672  18.679  18.917  18.917  18.961  18.961 
   19.012  19.012  19.033  19.158  19.257  19.257  19.756  20.882 
   20.930  20.930  23.810  23.810  23.988  24.053  24.465  24.465 
   24.501  24.729  24.814  24.814  25.319  25.389  25.651  25.651 
   26.078  26.078  26.831  28.422  28.422  29.321  29.321  30.575 
   39.728  39.728  40.158  42.769  54.399  84.012  84.012  84.508 
   84.508  85.340  85.340  85.408  85.736  93.698  93.722  93.811 
   93.811  93.962  93.962  94.304 118.850 145.152 145.152 145.156 
  145.161 145.200 145.200 145.238 145.251 145.251 190.306 190.306 
  190.667 231.295 231.295 231.671 231.671 232.356 258.066 297.571 
  297.585 297.634 297.634 297.717 297.717 297.901 414.703 414.704 
  414.704 414.707 414.707 414.712 414.712 414.720 414.720 414.729 
  414.729 448.088 448.088 448.413 547.395 547.397 547.397 547.397 
  547.407 547.407 547.418 547.423 547.423 570.344 592.530 592.530 
  592.827 592.827 593.368 896.490 896.498 896.528 896.528 896.578 
  896.578 896.685 1152.601 1152.601 1152.886 1383.813 1517.697 1517.697 
  1517.931 1517.931 1518.353 3735.237 3735.237 3735.498 5407.378 


  >>> Running RHF-MP2 <<<


RMP2-TIMING
  rmp2                  :::       53.839 (100.00%)
  Total                 :::       53.839 (100.00%)

MP2 correlation energy (RHF) : -0.5829750809
MP2 total energy       (RHF) : -139.6931225699


  >>> Running UHF <<<

init D/C      : input mo_coeff
init ov       : zeros
no            : 8 9
nv            : 440 439
ov_size       : 7471
max_cycle     : 1000
conv          : 6
econv         : 9
method        : diis
mom_start     : 0
guess mix     : 0.000000
orb_swap      : [[[0, 8]], []]
init E        : -112.835255502952
init S2       : 0.750000000000099
init |[F,P]|  : 2.84e-02
init |dE|     : 8.24e-02
check file    : None

iter      total energy   |[F,P]|      |dE|         ∆E   S^2   comment
   1    -113.493589333  1.26e-02  3.80e-02  -6.58e-01  0.75  DIIS mom: 7.8/8 8.7/9
   2    -113.709133535  9.56e-04  2.69e-03  -2.16e-01  0.75  DIIS mom: 8.0/8 9.0/9
   3    -113.710822883  2.03e-04  5.83e-04  -1.69e-03  0.76  DIIS mom: 8.0/8 9.0/9
   4    -113.711019118  9.40e-05  2.62e-04  -1.96e-04  0.76  DIIS mom: 8.0/8 9.0/9
   5    -113.711070150  2.69e-05  6.88e-05  -5.10e-05  0.76  DIIS mom: 8.0/8 9.0/9
   6    -113.711074417  8.06e-06  2.01e-05  -4.27e-06  0.76  DIIS mom: 8.0/8 9.0/9
   7    -113.711074819  2.22e-06  5.30e-06  -4.02e-07  0.76  DIIS mom: 8.0/8 9.0/9
   8    -113.711074847  4.47e-07  9.25e-07  -2.84e-08  0.76  DIIS mom: 8.0/8 9.0/9
   9    -113.711074848  1.79e-07  3.82e-07  -9.99e-10  0.76  DIIS mom: 8.0/8 9.0/9
                                                                      diis is converged!

SCF converged : True
final |[F,P]| : 1.79e-07
final |dE|    : 3.82e-07
final Escf    : -151.512111696562
final Etot    : -113.71107484817
final S2      : 0.761452747042719

  diis prep             :::        0.054 (  0.08%)
  diis extrap           :::        0.032 (  0.04%)
  roothaan              :::        0.355 (  0.49%)
  fock build            :::       71.436 ( 99.39%)
  Total                 :::       71.877 (100.00%)

Alpha occupied
  -11.627  -2.177  -1.411  -1.301  -1.301  -1.149  -0.884  -0.884 

Alpha virtual
  -24.532  -0.108  -0.090  -0.046  -0.046  -0.001   0.001   0.001 
    0.040   0.040   0.094   0.175   0.196   0.196   0.225   0.302 
    0.302   0.344   0.344   0.362   0.433   0.439   0.439   0.446 
    0.451   0.487   0.487   0.597   0.638   0.638   0.676   0.727 
    0.727   0.780   0.780   0.826   0.985   0.990   0.990   1.121 
    1.121   1.177   1.177   1.187   1.280   1.315   1.315   1.323 
    1.389   1.389   1.407   1.486   1.489   1.489   1.504   1.562 
    1.562   1.618   1.684   1.684   1.765   1.820   1.820   1.831 
    1.831   1.928   1.976   1.976   2.056   2.056   2.056   2.087 
    2.101   2.101   2.191   2.347   2.374   2.374   2.426   2.538 
    2.638   2.638   2.828   2.916   2.916   3.085   3.085   3.088 
    3.105   3.196   3.196   3.310   3.310   3.356   3.463   3.479 
    3.479   3.533   3.619   3.634   3.634   3.670   3.714   3.714 
    3.738   3.738   3.828   3.856   3.856   3.872   3.927   3.964 
    3.964   4.002   4.002   4.184   4.236   4.243   4.243   4.385 
    4.385   4.402   4.473   4.474   4.504   4.562   4.571   4.571 
    4.647   4.647   4.769   4.769   4.789   4.911   4.923   4.956 
    4.956   5.175   5.197   5.197   5.255   5.255   5.299   5.299 
    5.358   5.403   5.456   5.456   5.560   5.631   5.631   5.692 
    5.869   5.869   5.890   6.200   6.243   6.243   6.531   6.532 
    6.563   6.578   6.801   6.801   7.003   7.003   7.093   7.149 
    7.149   7.250   7.378   7.378   7.687   7.716   7.716   7.816 
    7.853   7.941   7.941   7.998   8.179   8.179   8.526   8.526 
    8.658   9.080   9.174   9.203   9.203   9.240   9.256   9.408 
    9.408   9.458   9.543   9.543   9.574   9.574   9.575   9.703 
    9.703   9.809   9.977   9.977   9.995  10.051  10.051  10.120 
   10.239  10.239  10.311  10.311  10.338  10.485  10.485  10.587 
   10.750  10.750  11.078  11.116  11.117  11.163  11.163  11.218 
   11.451  12.091  12.204  12.204  12.348  12.348  12.364  12.465 
   12.479  12.479  12.513  12.513  12.540  12.637  12.644  12.644 
   12.748  12.748  12.767  12.874  12.874  13.162  13.162  13.181 
   13.209  13.209  13.218  13.349  13.349  13.490  13.655  13.677 
   13.771  13.771  13.822  13.822  13.822  13.943  13.955  14.034 
   14.034  14.134  14.134  14.153  14.237  14.237  14.325  14.325 
   14.488  14.510  14.520  14.520  14.683  14.683  14.798  14.911 
   15.196  15.196  15.438  15.559  15.560  15.757  15.863  15.863 
   16.131  16.643  16.643  17.111  17.236  17.236  17.506  17.655 
   17.655  17.835  17.913  17.913  17.921  17.921  18.059  18.059 
   18.107  18.188  18.188  18.210  18.210  18.256  18.377  18.526 
   18.526  18.546  18.662  18.662  18.768  18.806  18.806  19.131 
   20.577  20.625  20.625  23.279  23.279  23.463  23.526  23.708 
   23.937  23.937  24.192  24.271  24.271  24.657  24.728  25.003 
   25.003  25.439  25.439  26.187  27.488  27.488  28.414  28.415 
   29.679  38.655  38.655  39.108  42.430  53.207  82.288  82.288 
   82.795  82.795  83.703  83.727  83.727  84.133  92.138  92.163 
   92.258  92.258  92.412  92.412  92.755 117.006 143.482 143.482 
  143.491 143.495 143.537 143.537 143.579 143.591 143.591 187.825 
  187.825 188.194 228.577 228.577 228.958 228.958 229.647 255.322 
  294.769 294.782 294.835 294.835 294.920 294.920 295.104 412.139 
  412.140 412.140 412.142 412.142 412.146 412.146 412.151 412.151 
  412.158 412.158 444.487 444.487 444.817 544.097 544.097 544.097 
  544.098 544.111 544.111 544.123 544.127 544.127 566.536 588.715 
  588.715 589.015 589.015 589.558 892.282 892.290 892.322 892.322 
  892.372 892.372 892.480 1147.839 1147.839 1148.125 1378.896 1512.794 
  1512.794 1513.029 1513.029 1513.452 3729.507 3729.507 3729.769 5401.574 

Beta occupied
  -30.045 -11.627  -2.311  -1.482  -1.392  -1.392  -1.170  -0.888 
   -0.888 

Beta virtual
   -0.115  -0.095  -0.045  -0.045  -0.006  -0.000  -0.000   0.039 
    0.039   0.085   0.175   0.197   0.197   0.225   0.301   0.301 
    0.344   0.344   0.355   0.434   0.438   0.438   0.443   0.450 
    0.482   0.482   0.594   0.640   0.640   0.676   0.727   0.727 
    0.780   0.780   0.828   0.985   0.990   0.990   1.127   1.127 
    1.178   1.178   1.187   1.280   1.317   1.317   1.317   1.384 
    1.389   1.389   1.471   1.471   1.479   1.504   1.562   1.562 
    1.613   1.684   1.684   1.765   1.820   1.820   1.831   1.831 
    1.929   1.977   1.977   2.052   2.057   2.057   2.088   2.101 
    2.101   2.192   2.348   2.375   2.375   2.427   2.536   2.639 
    2.639   2.825   2.916   2.916   3.087   3.087   3.092   3.102 
    3.197   3.197   3.311   3.311   3.355   3.464   3.477   3.477 
    3.532   3.607   3.634   3.634   3.658   3.687   3.687   3.721 
    3.721   3.808   3.854   3.854   3.872   3.881   3.963   3.963 
    4.003   4.003   4.178   4.235   4.243   4.243   4.386   4.386 
    4.398   4.474   4.474   4.504   4.562   4.571   4.571   4.647 
    4.647   4.770   4.770   4.790   4.906   4.924   4.956   4.956 
    5.173   5.197   5.197   5.254   5.254   5.298   5.298   5.358 
    5.404   5.456   5.456   5.551   5.631   5.631   5.692   5.869 
    5.869   5.890   6.200   6.244   6.244   6.532   6.532   6.564 
    6.570   6.801   6.801   7.003   7.003   7.093   7.150   7.150 
    7.251   7.381   7.381   7.686   7.717   7.717   7.817   7.856 
    7.930   7.931   7.992   8.173   8.173   8.453   8.453   8.583 
    9.079   9.173   9.202   9.202   9.229   9.256   9.404   9.404 
    9.449   9.538   9.538   9.569   9.574   9.574   9.701   9.701 
    9.731   9.972   9.972   9.994  10.047  10.047  10.121  10.236 
   10.236  10.304  10.306  10.306  10.474  10.474  10.587  10.749 
   10.749  11.061  11.116  11.116  11.163  11.163  11.216  11.451 
   12.078  12.203  12.203  12.346  12.346  12.364  12.465  12.478 
   12.478  12.513  12.513  12.539  12.637  12.644  12.644  12.748 
   12.748  12.767  12.872  12.872  13.161  13.161  13.181  13.208 
   13.208  13.218  13.348  13.348  13.490  13.649  13.677  13.771 
   13.771  13.819  13.822  13.822  13.944  13.951  14.035  14.035 
   14.134  14.134  14.152  14.237  14.237  14.325  14.326  14.485 
   14.510  14.520  14.520  14.683  14.683  14.795  14.905  15.196 
   15.196  15.438  15.559  15.560  15.754  15.862  15.863  16.131 
   16.643  16.643  17.111  17.234  17.234  17.506  17.654  17.654 
   17.836  17.912  17.912  17.922  17.922  18.025  18.025  18.069 
   18.069  18.108  18.209  18.209  18.243  18.377  18.468  18.525 
   18.526  18.661  18.661  18.763  18.804  18.804  19.070  20.577 
   20.625  20.625  23.272  23.272  23.435  23.456  23.527  23.928 
   23.928  24.180  24.259  24.259  24.637  24.708  24.983  24.983 
   25.419  25.419  26.162  27.416  27.416  28.345  28.345  29.611 
   38.393  38.393  38.849  42.427  52.818  82.094  82.094  82.600 
   82.600  83.364  83.364  83.506  83.775  92.049  92.073  92.168 
   92.168  92.322  92.323  92.665 116.549 143.419 143.419 143.427 
  143.431 143.473 143.473 143.515 143.527 143.527 187.396 187.396 
  187.765 228.288 228.288 228.670 228.670 229.359 254.865 294.579 
  294.592 294.645 294.645 294.730 294.730 294.914 412.054 412.055 
  412.055 412.057 412.057 412.061 412.061 412.066 412.066 412.073 
  412.073 444.065 444.065 444.395 543.942 543.942 543.942 543.944 
  543.956 543.956 543.968 543.972 543.972 566.128 588.418 588.418 
  588.718 588.718 589.262 892.052 892.060 892.091 892.091 892.141 
  892.141 892.250 1147.501 1147.501 1147.788 1378.569 1512.545 1512.545 
  1512.780 1512.780 1513.204 3729.306 3729.306 3729.568 5401.397 


  >>> Running UHF-MP2 <<<

MP2 correlation energy (UHF) : -0.5179206823
MP2 total energy       (UHF) : -114.2289955305

