	*********************************************** 
	***** Beginning CEBE Calculation with MOM ***** 
	*****       Calculation Details:          ***** 
	      Geometry:	 /home/am3939/core/calculations/mols/exp/f/cf3ocf3.xyz
	      Core Basis:	 ccX-5Z
	      Full Basis:	 cc-pV5Z
	      DIIS (start, space):	 0 50
	      Level shift:	 0
	      Do localization?:	 True
	      Atoms that were localized?:	 ['F']
	      Do SFX2C1E?:	 True
	      Freeze orbitals?:	 True
	      Use Cheng orbitals?:	 False
	      Do Special Basis?:	 True
	      Do Special Basis?:	 ccX-5Z
	*********************************************** 
	*********************************************** 

  >>> Running RHF <<<

init D/C      : minao
init ov       : zeros
no            : 37
nv            : 1388
ov_size       : 51356
max_cycle     : 1000
conv          : 6
econv         : 9
method        : gdm
scale_stop    : 0
scale_factor  : 1.000000
init E        : -747.264358686105
init |[F,P]|  : 5.22e-03
init |dE|     : 1.26e-02
check file    : None

iter      total energy   |[F,P]|      |dE|         ∆E   comment
   1    -747.507593050  3.46e-03  8.08e-03  -2.43e-01  BFGS
   2    -747.625853491  3.23e-04  8.53e-04  -1.18e-01  BFGS
   3    -747.627832422  1.08e-04  2.71e-04  -1.98e-03  BFGS
   4    -747.628050165  3.06e-05  8.73e-05  -2.18e-04  BFGS
   5    -747.628065646  9.68e-06  2.51e-05  -1.55e-05  BFGS
   6    -747.628067031  2.34e-06  6.26e-06  -1.39e-06  BFGS
   7    -747.628067119  4.05e-07  9.72e-07  -8.80e-08  BFGS
   8    -747.628067122  1.48e-07  3.72e-07  -3.13e-09  BFGS
   9    -747.628067123  6.15e-08  1.49e-07  -3.16e-10  BFGS
                                                                      gdm is converged!

SCF converged : True
final |[F,P]| : 6.15e-08
final |dE|    : 1.49e-07
final Escf    : -1312.69240685813
final Etot    : -747.6280671225

  pxp & ewc             :::        1.968 (  0.13%)
  apply B               :::        0.005 (  0.00%)
  linsrch               :::     1570.971 ( 99.87%)
  grad                  :::        0.087 (  0.01%)
  Total                 :::     1573.031 (100.00%)

Alpha occupied
  -26.372 -26.372 -26.372 -26.372 -26.372 -26.372 -20.676 -11.599 
  -11.599  -1.793  -1.777  -1.682  -1.681  -1.678  -1.675  -1.508 
   -1.062  -0.978  -0.915  -0.895  -0.892  -0.867  -0.858  -0.801 
   -0.768  -0.755  -0.747  -0.737  -0.711  -0.709  -0.694  -0.693 
   -0.688  -0.682  -0.678  -0.642  -0.612 

Alpha virtual
    0.113   0.132   0.142   0.146   0.173   0.177   0.180   0.199 
    0.200   0.234   0.240   0.247   0.251   0.256   0.288   0.292 
    0.293   0.318   0.328   0.329   0.332   0.361   0.363   0.371 
    0.375   0.401   0.415   0.422   0.446   0.456   0.458   0.466 
    0.492   0.507   0.523   0.559   0.578   0.591   0.613   0.619 
    0.638   0.646   0.648   0.653   0.678   0.681   0.696   0.706 
    0.713   0.717   0.733   0.745   0.748   0.770   0.794   0.796 
    0.799   0.811   0.820   0.827   0.827   0.832   0.835   0.857 
    0.867   0.879   0.898   0.950   0.953   0.978   1.015   1.049 
    1.049   1.088   1.184   1.187   1.196   1.211   1.222   1.342 
    1.343   1.372   1.379   1.390   1.394   1.437   1.439   1.507 
    1.546   1.566   1.568   1.591   1.596   1.605   1.612   1.622 
    1.627   1.658   1.682   1.683   1.709   1.719   1.734   1.744 
    1.757   1.777   1.793   1.794   1.800   1.808   1.809   1.822 
    1.839   1.845   1.849   1.850   1.851   1.863   1.872   1.884 
    1.884   1.903   1.913   1.923   1.929   1.941   1.944   1.945 
    1.979   1.980   1.981   2.019   2.019   2.046   2.057   2.064 
    2.095   2.100   2.110   2.124   2.125   2.214   2.231   2.277 
    2.280   2.281   2.305   2.342   2.397   2.449   2.474   2.477 
    2.515   2.531   2.563   2.576   2.636   2.656   2.668   2.693 
    2.735   2.743   2.759   2.767   2.856   2.912   2.957   3.044 
    3.052   3.086   3.143   3.152   3.173   3.211   3.217   3.219 
    3.251   3.252   3.261   3.339   3.349   3.352   3.387   3.393 
    3.404   3.429   3.434   3.469   3.473   3.483   3.486   3.504 
    3.557   3.575   3.609   3.620   3.659   3.661   3.667   3.724 
    3.750   3.779   3.807   3.829   3.845   3.890   3.928   3.949 
    3.955   3.957   3.961   3.974   3.993   3.996   4.027   4.027 
    4.035   4.051   4.053   4.076   4.085   4.087   4.087   4.095 
    4.130   4.131   4.133   4.155   4.164   4.174   4.181   4.210 
    4.225   4.226   4.241   4.246   4.252   4.255   4.264   4.287 
    4.288   4.293   4.309   4.312   4.341   4.347   4.350   4.368 
    4.368   4.372   4.409   4.410   4.417   4.446   4.456   4.461 
    4.478   4.527   4.544   4.550   4.552   4.584   4.613   4.618 
    4.618   4.635   4.686   4.693   4.697   4.706   4.738   4.754 
    4.790   4.826   4.830   4.838   4.864   4.959   4.980   4.984 
    5.015   5.023   5.025   5.066   5.091   5.125   5.145   5.190 
    5.195   5.198   5.269   5.353   5.391   5.398   5.405   5.454 
    5.474   5.490   5.497   5.560   5.573   5.598   5.671   5.678 
    5.690   5.744   5.787   5.919   5.925   5.967   5.972   5.973 
    5.991   6.031   6.044   6.167   6.175   6.273   6.276   6.485 
    6.507   6.641   6.822   6.845   6.928   6.934   6.977   7.009 
    7.070   7.176   7.197   7.247   7.269   7.351   7.356   7.357 
    7.391   7.439   7.442   7.450   7.518   7.537   7.549   7.587 
    7.588   7.598   7.600   7.642   7.674   7.680   7.686   7.689 
    7.696   7.701   7.750   7.780   7.785   7.785   7.806   7.826 
    7.859   7.893   7.943   7.996   8.000   8.030   8.034   8.073 
    8.080   8.172   8.182   8.190   8.202   8.279   8.287   8.316 
    8.334   8.337   8.358   8.453   8.460   8.503   8.576   8.603 
    8.615   8.670   8.711   8.729   8.733   8.759   8.827   8.857 
    8.867   8.884   8.932   8.953   8.964   8.966   9.011   9.032 
    9.032   9.035   9.069   9.074   9.097   9.103   9.117   9.118 
    9.133   9.148   9.166   9.175   9.184   9.209   9.261   9.281 
    9.398   9.398   9.427   9.443   9.456   9.470   9.481   9.523 
    9.528   9.536   9.548   9.569   9.580   9.588   9.598   9.617 
    9.624   9.664   9.711   9.714   9.743   9.797   9.821   9.873 
    9.913   9.935   9.949   9.961   9.985   9.991   9.998  10.040 
   10.045  10.074  10.082  10.082  10.096  10.142  10.167  10.174 
   10.186  10.200  10.210  10.238  10.282  10.287  10.305  10.315 
   10.345  10.380  10.383  10.389  10.406  10.429  10.476  10.478 
   10.496  10.518  10.536  10.558  10.598  10.605  10.619  10.635 
   10.641  10.654  10.657  10.737  10.757  10.784  10.786  10.792 
   10.798  10.801  10.841  10.855  10.861  10.880  10.900  10.936 
   10.940  10.982  11.006  11.022  11.043  11.044  11.047  11.073 
   11.116  11.151  11.155  11.178  11.206  11.215  11.245  11.281 
   11.287  11.306  11.320  11.371  11.403  11.465  11.482  11.484 
   11.495  11.514  11.529  11.565  11.614  11.622  11.637  11.699 
   11.757  11.789  11.812  12.091  12.176  12.238  12.239  12.339 
   12.424  12.456  12.545  12.547  12.663  12.695  12.801  12.873 
   13.115  13.262  13.370  13.377  13.403  13.423  13.440  13.460 
   13.468  13.479  13.491  13.517  13.542  13.570  13.717  13.868 
   13.874  13.998  14.013  14.152  14.310  14.356  14.616  14.683 
   14.868  14.939  15.308  15.453  15.464  15.464  15.525  15.528 
   15.558  15.608  15.855  16.394  16.544  16.823  17.704  18.262 
   18.262  18.275  18.276  18.278  18.282  18.283  18.288  18.289 
   18.292  18.292  18.292  18.292  18.292  18.292  18.293  18.294 
   18.294  18.294  18.294  18.294  18.294  18.303  18.304  18.306 
   18.308  18.401  18.405  18.410  18.411  18.420  18.421  18.431 
   18.436  18.438  18.453  18.617  18.626  18.626  18.632  18.638 
   18.674  18.719  18.789  18.795  18.833  18.866  18.867  18.882 
   18.885  18.887  18.888  18.892  18.911  18.922  18.924  18.932 
   18.932  18.945  18.995  18.998  19.016  19.028  19.058  19.065 
   19.067  19.095  19.100  19.101  19.120  19.122  19.124  19.174 
   19.183  19.197  19.298  19.317  19.371  19.386  19.394  19.407 
   19.408  19.479  19.522  19.532  19.619  19.726  19.731  19.751 
   19.766  19.852  19.870  19.887  19.896  20.194  20.232  20.349 
   20.396  20.821  21.200  21.294  22.764  22.776  23.421  23.693 
   23.698  23.701  23.705  23.706  23.711  23.724  23.727  23.729 
   23.731  23.736  23.753  23.757  23.769  23.775  23.823  23.847 
   23.883  23.922  23.944  23.950  23.952  23.969  23.983  24.142 
   24.269  24.324  24.334  24.363  24.380  24.383  24.386  24.436 
   24.477  24.504  24.511  24.520  24.529  24.540  24.563  24.625 
   24.632  24.638  24.698  24.718  24.723  24.731  24.733  24.740 
   24.747  24.765  24.772  24.774  24.804  24.829  24.831  24.834 
   24.847  24.889  24.889  24.915  24.972  25.192  25.220  25.239 
   25.242  25.255  25.291  25.292  25.302  25.318  25.321  25.382 
   25.393  25.512  25.541  25.562  25.606  25.621  25.644  25.737 
   25.745  25.750  25.782  25.788  25.815  25.970  26.012  26.017 
   26.025  26.061  26.062  26.077  26.109  26.111  26.140  26.157 
   26.289  26.764  26.826  26.883  26.910  26.970  26.993  28.319 
   28.357  28.367  28.386  28.396  28.414  28.417  28.429  28.434 
   28.440  28.480  28.505  29.318  29.330  29.391  29.393  29.423 
   29.454  29.459  29.516  29.526  29.538  29.569  29.604  30.092 
   30.235  30.779  30.815  30.862  30.906  39.635  39.656  39.661 
   39.667  39.668  39.671  39.688  39.689  39.697  39.718  39.797 
   39.823  39.959  39.983  40.074  40.105  40.128  40.153  42.487 
   42.549  54.418  54.453  54.529  54.534  54.563  54.674  64.113 
   83.895  83.923  83.930  83.946  83.962  83.964  83.967  83.973 
   83.984  83.989  84.003  84.023  84.471  84.483  84.510  84.517 
   84.518  84.528  84.537  84.564  84.580  84.584  84.605  84.627 
   85.201  85.239  85.260  85.273  85.276  85.278  85.283  85.289 
   85.304  85.304  85.325  85.388  85.397  85.424  85.453  85.490 
   85.534  85.544  85.626  85.648  85.670  85.678  85.776  85.799 
   93.591  93.599  93.600  93.601  93.604  93.617  93.618  93.620 
   93.623  93.624  93.657  93.658  93.685  93.690  93.707  93.720 
   93.765  93.772  93.791  93.792  93.795  93.811  93.811  93.821 
   93.870  93.888  93.890  93.894  93.899  93.906  93.911  93.918 
   93.925  93.926  93.933  93.993  94.263  94.274  94.283  94.289 
   94.306  94.321 118.867 118.904 118.944 118.977 118.991 119.093 
  145.045 145.046 145.054 145.054 145.054 145.055 145.055 145.055 
  145.055 145.055 145.056 145.057 145.057 145.058 145.059 145.059 
  145.059 145.059 145.066 145.066 145.068 145.068 145.073 145.073 
  145.096 145.097 145.104 145.106 145.107 145.107 145.109 145.111 
  145.126 145.127 145.129 145.132 145.145 145.147 145.148 145.148 
  145.152 145.156 145.158 145.158 145.161 145.163 145.163 145.165 
  145.166 145.167 145.168 145.173 145.173 145.181 190.210 190.226 
  190.232 190.235 190.235 190.237 190.252 190.253 190.260 190.278 
  190.342 190.361 190.552 190.577 190.595 190.611 190.695 190.719 
  231.185 231.205 231.210 231.223 231.234 231.236 231.240 231.244 
  231.252 231.255 231.265 231.282 231.627 231.633 231.654 231.661 
  231.663 231.665 231.678 231.693 231.709 231.719 231.726 231.738 
  232.151 232.280 232.379 232.406 232.423 232.444 258.080 258.117 
  258.144 258.184 258.193 258.290 297.468 297.473 297.474 297.474 
  297.476 297.483 297.483 297.484 297.486 297.487 297.505 297.506 
  297.521 297.523 297.533 297.540 297.562 297.566 297.580 297.581 
  297.582 297.592 297.592 297.597 297.621 297.632 297.632 297.636 
  297.639 297.644 297.646 297.652 297.655 297.657 297.659 297.694 
  297.830 297.841 297.844 297.847 297.859 297.866 414.605 414.605 
  414.605 414.605 414.606 414.606 414.606 414.606 414.606 414.606 
  414.607 414.607 414.607 414.607 414.607 414.607 414.607 414.607 
  414.610 414.610 414.610 414.610 414.610 414.610 414.610 414.610 
  414.610 414.610 414.610 414.610 414.615 414.615 414.615 414.615 
  414.615 414.615 414.615 414.615 414.615 414.615 414.615 414.615 
  414.622 414.622 414.622 414.622 414.622 414.622 414.622 414.622 
  414.623 414.623 414.623 414.623 414.632 414.632 414.632 414.632 
  414.632 414.632 414.632 414.632 414.633 414.633 414.633 414.633 
  447.992 448.006 448.012 448.014 448.015 448.016 448.029 448.029 
  448.037 448.052 448.109 448.126 448.302 448.324 448.341 448.353 
  448.426 448.447 547.294 547.294 547.297 547.297 547.298 547.298 
  547.299 547.299 547.299 547.300 547.300 547.300 547.300 547.300 
  547.301 547.301 547.301 547.301 547.301 547.301 547.302 547.302 
  547.303 547.303 547.309 547.309 547.311 547.312 547.312 547.313 
  547.313 547.314 547.318 547.319 547.319 547.320 547.323 547.324 
  547.324 547.324 547.326 547.327 547.328 547.328 547.328 547.329 
  547.330 547.330 547.331 547.331 547.331 547.333 547.333 547.335 
  570.354 570.389 570.413 570.453 570.461 570.554 592.423 592.438 
  592.442 592.452 592.461 592.462 592.466 592.469 592.475 592.478 
  592.485 592.498 592.772 592.777 592.793 592.798 592.801 592.802 
  592.812 592.824 592.836 592.844 592.850 592.859 593.181 593.281 
  593.368 593.390 593.403 593.419 896.390 896.393 896.393 896.394 
  896.395 896.399 896.399 896.400 896.401 896.401 896.412 896.413 
  896.422 896.424 896.429 896.433 896.446 896.448 896.457 896.458 
  896.458 896.464 896.464 896.467 896.481 896.488 896.488 896.491 
  896.492 896.496 896.496 896.500 896.502 896.503 896.504 896.525 
  896.604 896.611 896.612 896.615 896.622 896.626 1152.506 1152.518 
  1152.523 1152.524 1152.526 1152.527 1152.537 1152.538 1152.545 1152.557 
  1152.606 1152.621 1152.778 1152.797 1152.811 1152.822 1152.884 1152.901 
  1383.828 1383.865 1383.885 1383.931 1383.936 1384.032 1517.593 1517.605 
  1517.608 1517.616 1517.622 1517.623 1517.626 1517.629 1517.633 1517.636 
  1517.642 1517.651 1517.868 1517.872 1517.884 1517.888 1517.890 1517.891 
  1517.899 1517.908 1517.918 1517.924 1517.929 1517.935 1518.186 1518.264 
  1518.333 1518.350 1518.360 1518.373 3735.141 3735.152 3735.157 3735.158 
  3735.160 3735.160 3735.170 3735.170 3735.177 3735.188 3735.232 3735.246 
  3735.393 3735.410 3735.423 3735.432 3735.488 3735.504 5407.492 5407.564 
  5407.597 5407.687 5407.695 5407.877 


  >>> Running RHF-MP2 <<<


RMP2-TIMING
  rmp2                  :::     3500.747 (100.00%)
  Total                 :::     3500.747 (100.00%)

MP2 correlation energy (RHF) : -2.7791122088
MP2 total energy       (RHF) : -750.4071793313


  >>> Running UHF <<<

init D/C      : input mo_coeff
init ov       : zeros
no            : 36 37
nv            : 1389 1388
ov_size       : 101360
max_cycle     : 1000
conv          : 6
econv         : 9
method        : diis
mom_start     : 0
guess mix     : 0.000000
orb_swap      : [[[0, 36]], []]
init E        : -721.463855697575
init S2       : 0.750000000000398
init |[F,P]|  : 1.44e-02
init |dE|     : 3.06e-02
check file    : None

iter      total energy   |[F,P]|      |dE|         ∆E   S^2   comment
   1    -721.900066481  3.97e-03  1.04e-02  -4.36e-01  0.75  DIIS mom: 35.7/36 36.7/37
   2    -722.108634279  1.18e-03  2.89e-03  -2.09e-01  0.76  DIIS mom: 35.9/36 37.0/37
   3    -722.128681353  1.05e-04  2.71e-04  -2.00e-02  0.76  DIIS mom: 36.0/36 37.0/37
   4    -722.129034986  5.29e-05  1.35e-04  -3.54e-04  0.76  DIIS mom: 36.0/36 37.0/37
   5    -722.129140313  2.04e-05  5.00e-05  -1.05e-04  0.76  DIIS mom: 36.0/36 37.0/37
   6    -722.129166251  5.80e-06  1.39e-05  -2.59e-05  0.76  DIIS mom: 36.0/36 37.0/37
   7    -722.129168328  2.41e-06  5.80e-06  -2.08e-06  0.76  DIIS mom: 36.0/36 37.0/37
   8    -722.129168861  1.06e-06  2.48e-06  -5.33e-07  0.76  DIIS mom: 36.0/36 37.0/37
   9    -722.129168962  5.30e-07  1.24e-06  -1.01e-07  0.76  DIIS mom: 36.0/36 37.0/37
  10    -722.129168988  2.48e-07  5.77e-07  -2.63e-08  0.76  DIIS mom: 36.0/36 37.0/37
  11    -722.129168995  9.66e-08  2.29e-07  -6.59e-09  0.76  DIIS mom: 36.0/36 37.0/37
  12    -722.129168996  3.41e-08  8.20e-08  -9.46e-10  0.76  DIIS mom: 36.0/36 37.0/37
                                                                      diis is converged!

SCF converged : True
final |[F,P]| : 3.41e-08
final |dE|    : 8.20e-08
final Escf    : -1287.19350873136
final Etot    : -722.129168995733
final S2      : 0.761429605262308

  diis prep             :::        1.218 (  0.06%)
  diis extrap           :::        0.780 (  0.04%)
  roothaan              :::        5.717 (  0.27%)
  fock build            :::     2140.760 ( 99.64%)
  Total                 :::     2148.474 (100.00%)

Alpha occupied
  -26.643 -26.641 -26.562 -26.547 -26.538 -20.926 -11.920 -11.789 
   -2.292  -2.011  -1.965  -1.941  -1.860  -1.847  -1.752  -1.488 
   -1.392  -1.391  -1.267  -1.170  -1.117  -1.108  -1.061  -1.049 
   -1.017  -1.010  -0.980  -0.953  -0.950  -0.927  -0.897  -0.880 
   -0.873  -0.866  -0.856  -0.845 

Alpha virtual
  -24.627  -0.085  -0.031  -0.025  -0.017   0.003   0.028   0.029 
    0.034   0.039   0.041   0.072   0.084   0.088   0.093   0.101 
    0.104   0.114   0.119   0.129   0.148   0.160   0.172   0.181 
    0.187   0.193   0.207   0.229   0.241   0.251   0.265   0.282 
    0.293   0.310   0.315   0.331   0.356   0.378   0.394   0.400 
    0.409   0.430   0.435   0.461   0.466   0.487   0.495   0.506 
    0.522   0.530   0.537   0.541   0.549   0.569   0.573   0.585 
    0.592   0.612   0.620   0.630   0.644   0.652   0.657   0.663 
    0.668   0.701   0.706   0.714   0.744   0.757   0.781   0.803 
    0.841   0.857   0.883   0.961   0.968   0.997   0.998   1.009 
    1.086   1.125   1.136   1.148   1.172   1.198   1.213   1.235 
    1.277   1.312   1.322   1.331   1.355   1.373   1.395   1.398 
    1.412   1.418   1.424   1.430   1.465   1.476   1.482   1.500 
    1.513   1.529   1.543   1.558   1.584   1.589   1.594   1.598 
    1.606   1.621   1.633   1.641   1.645   1.654   1.663   1.670 
    1.677   1.678   1.690   1.702   1.710   1.719   1.734   1.748 
    1.750   1.762   1.770   1.779   1.799   1.812   1.824   1.840 
    1.854   1.875   1.877   1.905   1.921   1.926   2.003   2.010 
    2.032   2.057   2.070   2.079   2.124   2.160   2.226   2.242 
    2.254   2.287   2.296   2.340   2.344   2.391   2.433   2.440 
    2.480   2.499   2.504   2.539   2.547   2.633   2.677   2.713 
    2.795   2.821   2.831   2.906   2.917   2.928   2.946   2.969 
    2.986   3.017   3.030   3.045   3.088   3.091   3.121   3.133 
    3.138   3.176   3.201   3.228   3.238   3.249   3.255   3.265 
    3.276   3.326   3.344   3.365   3.384   3.422   3.428   3.439 
    3.483   3.506   3.528   3.557   3.582   3.610   3.637   3.646 
    3.666   3.686   3.708   3.715   3.733   3.743   3.749   3.760 
    3.764   3.780   3.792   3.817   3.831   3.842   3.849   3.863 
    3.873   3.879   3.890   3.902   3.924   3.932   3.941   3.958 
    3.968   3.988   3.997   4.008   4.013   4.032   4.041   4.052 
    4.053   4.061   4.065   4.072   4.085   4.093   4.113   4.118 
    4.127   4.139   4.148   4.169   4.189   4.205   4.217   4.217 
    4.238   4.268   4.281   4.288   4.299   4.344   4.358   4.375 
    4.395   4.396   4.411   4.436   4.459   4.462   4.495   4.502 
    4.531   4.551   4.574   4.601   4.610   4.629   4.703   4.723 
    4.749   4.769   4.803   4.807   4.823   4.849   4.882   4.904 
    4.944   4.960   4.979   5.040   5.119   5.143   5.147   5.183 
    5.209   5.241   5.254   5.265   5.310   5.321   5.377   5.414 
    5.432   5.474   5.517   5.557   5.639   5.672   5.712   5.743 
    5.754   5.760   5.808   5.812   5.907   5.935   6.042   6.054 
    6.243   6.264   6.398   6.542   6.598   6.632   6.694   6.756 
    6.771   6.857   6.929   6.947   7.003   7.010   7.092   7.093 
    7.122   7.145   7.185   7.191   7.206   7.221   7.249   7.304 
    7.310   7.355   7.366   7.402   7.406   7.413   7.436   7.447 
    7.452   7.492   7.505   7.526   7.531   7.542   7.546   7.565 
    7.593   7.599   7.674   7.692   7.735   7.749   7.767   7.799 
    7.833   7.844   7.886   7.931   7.961   7.981   8.006   8.036 
    8.071   8.095   8.109   8.131   8.201   8.221   8.261   8.307 
    8.332   8.368   8.398   8.423   8.453   8.486   8.501   8.518 
    8.528   8.581   8.613   8.642   8.650   8.673   8.727   8.736 
    8.763   8.782   8.804   8.825   8.831   8.834   8.851   8.872 
    8.881   8.922   8.927   8.933   8.966   8.968   8.998   9.008 
    9.047   9.067   9.109   9.141   9.178   9.212   9.237   9.241 
    9.265   9.281   9.294   9.303   9.328   9.348   9.349   9.382 
    9.394   9.416   9.430   9.465   9.476   9.511   9.533   9.566 
    9.611   9.625   9.653   9.683   9.702   9.716   9.739   9.760 
    9.785   9.789   9.822   9.841   9.864   9.869   9.883   9.895 
    9.910   9.933   9.949   9.963   9.988  10.024  10.044  10.051 
   10.064  10.096  10.111  10.135  10.172  10.176  10.193  10.220 
   10.232  10.243  10.252  10.277  10.291  10.317  10.326  10.345 
   10.403  10.404  10.417  10.426  10.458  10.481  10.494  10.524 
   10.538  10.546  10.554  10.574  10.603  10.619  10.642  10.653 
   10.666  10.707  10.729  10.735  10.752  10.780  10.800  10.833 
   10.853  10.857  10.903  10.918  10.934  10.943  10.959  10.988 
   11.011  11.056  11.066  11.088  11.128  11.158  11.197  11.203 
   11.227  11.241  11.269  11.299  11.337  11.367  11.389  11.404 
   11.468  11.518  11.548  11.564  11.834  11.929  11.964  11.997 
   12.111  12.122  12.176  12.291  12.326  12.404  12.474  12.546 
   12.624  12.866  12.948  13.019  13.043  13.122  13.166  13.190 
   13.210  13.226  13.265  13.280  13.289  13.330  13.370  13.465 
   13.569  13.620  13.770  13.787  13.908  14.069  14.115  14.312 
   14.466  14.624  14.696  15.022  15.123  15.204  15.264  15.285 
   15.304  15.332  15.371  15.612  16.152  16.302  16.578  17.457 
   17.835  17.835  17.837  17.838  17.906  17.955  18.020  18.030 
   18.036  18.040  18.040  18.042  18.044  18.054  18.067  18.087 
   18.092  18.099  18.103  18.104  18.109  18.116  18.116  18.122 
   18.122  18.127  18.134  18.135  18.136  18.139  18.153  18.162 
   18.193  18.222  18.235  18.248  18.262  18.264  18.270  18.298 
   18.365  18.431  18.444  18.456  18.463  18.512  18.540  18.563 
   18.582  18.619  18.626  18.636  18.652  18.674  18.680  18.682 
   18.715  18.718  18.730  18.750  18.752  18.762  18.779  18.793 
   18.803  18.822  18.823  18.852  18.880  18.884  18.901  18.930 
   18.941  18.970  18.997  19.011  19.045  19.114  19.127  19.155 
   19.209  19.219  19.231  19.245  19.282  19.289  19.392  19.484 
   19.520  19.536  19.563  19.619  19.679  19.722  19.950  19.984 
   20.104  20.153  20.573  20.955  21.049  22.517  22.530  23.165 
   23.193  23.203  23.319  23.361  23.446  23.460  23.475  23.486 
   23.518  23.519  23.536  23.539  23.547  23.561  23.577  23.586 
   23.591  23.615  23.640  23.683  23.688  23.754  23.785  23.791 
   23.815  23.877  23.902  23.951  24.088  24.094  24.133  24.161 
   24.182  24.198  24.206  24.215  24.219  24.252  24.282  24.288 
   24.297  24.337  24.373  24.380  24.415  24.444  24.473  24.485 
   24.500  24.513  24.533  24.553  24.556  24.557  24.580  24.585 
   24.598  24.621  24.635  24.652  24.688  24.712  24.727  24.746 
   24.874  24.947  25.013  25.036  25.058  25.073  25.094  25.110 
   25.118  25.129  25.140  25.216  25.296  25.358  25.393  25.397 
   25.426  25.446  25.459  25.488  25.520  25.575  25.589  25.624 
   25.755  25.782  25.807  25.847  25.858  25.877  25.897  25.912 
   25.970  26.077  26.252  26.568  26.627  26.665  26.754  26.793 
   27.480  27.503  28.104  28.119  28.138  28.158  28.196  28.226 
   28.242  28.249  28.257  28.295  28.542  28.553  29.098  29.158 
   29.193  29.208  29.225  29.271  29.284  29.308  29.383  29.398 
   29.542  29.990  30.290  30.567  30.646  30.707  38.603  38.665 
   39.026  39.400  39.406  39.431  39.444  39.481  39.504  39.506 
   39.537  39.555  39.608  39.745  39.794  39.844  39.936  39.950 
   42.172  42.336  53.342  54.193  54.263  54.319  54.370  54.438 
   63.865  82.242  82.260  82.808  82.824  83.653  83.659  83.675 
   83.696  83.704  83.724  83.749  83.756  83.774  83.795  83.802 
   83.806  83.828  84.080  84.234  84.261  84.288  84.310  84.327 
   84.337  84.353  84.375  84.424  84.425  85.003  85.009  85.022 
   85.037  85.064  85.084  85.108  85.113  85.142  85.157  85.189 
   85.207  85.234  85.315  85.350  85.382  85.459  85.479  85.492 
   85.611  92.072  92.080  92.190  92.217  92.345  92.352  92.733 
   93.339  93.349  93.373  93.384  93.416  93.423  93.434  93.442 
   93.444  93.447  93.476  93.487  93.507  93.519  93.533  93.537 
   93.587  93.611  93.621  93.626  93.629  93.641  93.649  93.659 
   93.710  93.714  93.727  93.736  93.756  93.793  94.006  94.021 
   94.098  94.113  94.130 117.127 118.639 118.687 118.761 118.800 
  118.855 143.389 143.390 143.398 143.401 143.448 143.451 143.494 
  143.504 143.508 144.784 144.787 144.789 144.790 144.791 144.791 
  144.798 144.801 144.831 144.836 144.847 144.852 144.863 144.865 
  144.866 144.870 144.876 144.881 144.882 144.883 144.884 144.886 
  144.888 144.889 144.892 144.893 144.893 144.898 144.900 144.902 
  144.915 144.921 144.932 144.937 144.954 144.956 144.960 144.971 
  144.973 144.979 144.988 144.989 144.990 144.999 145.002 187.762 
  187.815 188.149 189.965 189.968 189.991 190.001 190.047 190.069 
  190.070 190.095 190.106 190.149 190.309 190.384 190.406 190.419 
  190.530 228.519 228.534 228.951 228.963 229.628 230.952 230.958 
  230.971 230.980 231.033 231.045 231.060 231.070 231.074 231.087 
  231.380 231.394 231.418 231.436 231.471 231.477 231.492 231.510 
  231.543 231.549 231.971 232.077 232.145 232.220 232.258 255.433 
  257.849 257.889 257.970 258.003 258.054 294.690 294.695 294.757 
  294.771 294.841 294.844 295.050 297.208 297.214 297.227 297.232 
  297.264 297.283 297.290 297.293 297.301 297.306 297.307 297.310 
  297.319 297.334 297.346 297.353 297.363 297.368 297.376 297.382 
  297.395 297.407 297.411 297.421 297.450 297.452 297.465 297.470 
  297.486 297.503 297.567 297.581 297.656 297.671 297.685 412.043 
  412.044 412.044 412.046 412.046 412.050 412.050 412.056 412.056 
  412.064 412.064 414.332 414.333 414.334 414.334 414.334 414.336 
  414.337 414.338 414.339 414.339 414.344 414.344 414.345 414.345 
  414.352 414.352 414.354 414.354 414.364 414.364 414.365 414.365 
  414.415 414.416 414.417 414.419 414.419 414.425 414.425 414.430 
  414.431 414.431 414.432 414.432 414.435 414.435 414.439 414.440 
  414.440 414.440 414.440 414.442 414.442 414.443 414.443 414.448 
  414.448 414.449 414.449 414.457 414.457 414.458 414.458 414.468 
  414.468 444.421 444.467 444.767 447.745 447.747 447.768 447.777 
  447.826 447.848 447.848 447.870 447.880 447.916 448.057 448.124 
  448.149 448.164 448.260 544.003 544.003 544.003 544.004 544.018 
  544.019 544.031 544.035 544.036 547.027 547.028 547.030 547.031 
  547.032 547.032 547.033 547.034 547.040 547.042 547.045 547.047 
  547.053 547.055 547.057 547.058 547.059 547.062 547.108 547.109 
  547.110 547.110 547.120 547.121 547.125 547.125 547.126 547.127 
  547.133 547.134 547.135 547.136 547.137 547.138 547.139 547.140 
  547.141 547.149 547.150 547.150 547.155 547.155 547.160 547.164 
  547.164 566.639 570.123 570.159 570.240 570.271 570.319 588.650 
  588.662 588.991 589.000 589.525 592.182 592.187 592.197 592.204 
  592.263 592.272 592.286 592.295 592.299 592.307 592.522 592.532 
  592.551 592.566 592.609 592.614 592.629 592.641 592.668 592.675 
  592.989 593.078 593.128 593.204 593.236 892.197 892.200 892.237 
  892.246 892.287 892.289 892.410 896.127 896.130 896.137 896.141 
  896.161 896.173 896.182 896.193 896.207 896.210 896.217 896.222 
  896.223 896.224 896.226 896.229 896.233 896.243 896.250 896.252 
  896.271 896.282 896.286 896.292 896.304 896.305 896.318 896.321 
  896.333 896.340 896.343 896.348 896.424 896.440 896.451 1147.769 
  1147.808 1148.071 1152.256 1152.259 1152.276 1152.285 1152.336 1152.357 
  1152.359 1152.376 1152.384 1152.414 1152.532 1152.589 1152.619 1152.636 
  1152.717 1379.006 1383.598 1383.634 1383.717 1383.747 1383.796 1512.722 
  1512.731 1512.990 1512.997 1513.407 1517.347 1517.351 1517.358 1517.364 
  1517.428 1517.434 1517.448 1517.456 1517.459 1517.464 1517.615 1517.623 
  1517.638 1517.649 1517.699 1517.703 1517.718 1517.727 1517.749 1517.755 
  1517.983 1518.062 1518.088 1518.165 1518.193 3729.435 3729.471 3729.712 
  3734.891 3734.893 3734.909 3734.918 3734.970 3734.991 3734.993 3735.007 
  3735.016 3735.041 3735.145 3735.197 3735.231 3735.248 3735.321 5401.864 
  5407.276 5407.351 5407.451 5407.497 5407.609 

Beta occupied
  -30.140 -26.642 -26.641 -26.562 -26.547 -26.538 -20.925 -11.919 
  -11.789  -2.421  -2.014  -1.965  -1.940  -1.860  -1.847  -1.752 
   -1.566  -1.481  -1.481  -1.272  -1.172  -1.118  -1.110  -1.062 
   -1.049  -1.020  -1.010  -0.978  -0.952  -0.950  -0.927  -0.897 
   -0.880  -0.873  -0.865  -0.856  -0.845 

Beta virtual
   -0.091  -0.034  -0.027  -0.026  -0.009   0.028   0.029   0.034 
    0.038   0.039   0.072   0.083   0.088   0.093   0.101   0.104 
    0.114   0.119   0.129   0.148   0.160   0.173   0.181   0.187 
    0.193   0.207   0.229   0.241   0.251   0.264   0.281   0.292 
    0.310   0.313   0.331   0.353   0.376   0.395   0.397   0.405 
    0.429   0.435   0.461   0.465   0.487   0.494   0.506   0.522 
    0.530   0.536   0.541   0.549   0.569   0.574   0.585   0.592 
    0.612   0.619   0.630   0.644   0.652   0.657   0.663   0.667 
    0.701   0.706   0.714   0.744   0.757   0.781   0.803   0.841 
    0.857   0.883   0.961   0.969   0.998   0.998   1.009   1.089 
    1.125   1.135   1.147   1.172   1.198   1.214   1.235   1.278 
    1.308   1.321   1.325   1.349   1.374   1.394   1.398   1.407 
    1.415   1.422   1.426   1.463   1.474   1.476   1.495   1.509 
    1.527   1.539   1.556   1.584   1.589   1.594   1.597   1.606 
    1.620   1.632   1.641   1.645   1.654   1.663   1.669   1.676 
    1.678   1.688   1.702   1.710   1.719   1.733   1.748   1.750 
    1.762   1.771   1.779   1.798   1.812   1.825   1.840   1.855 
    1.875   1.877   1.905   1.921   1.926   2.003   2.010   2.032 
    2.057   2.069   2.078   2.124   2.158   2.226   2.241   2.255 
    2.288   2.294   2.340   2.344   2.390   2.433   2.440   2.479 
    2.498   2.502   2.538   2.546   2.633   2.677   2.713   2.797 
    2.821   2.830   2.907   2.918   2.928   2.947   2.969   2.987 
    3.017   3.030   3.045   3.087   3.092   3.121   3.133   3.139 
    3.176   3.201   3.228   3.238   3.248   3.256   3.265   3.275 
    3.326   3.344   3.365   3.383   3.422   3.427   3.439   3.483 
    3.505   3.528   3.554   3.581   3.606   3.622   3.638   3.648 
    3.677   3.693   3.707   3.729   3.734   3.745   3.757   3.763 
    3.779   3.789   3.813   3.828   3.836   3.848   3.858   3.871 
    3.878   3.886   3.902   3.924   3.931   3.939   3.958   3.967 
    3.987   3.995   4.008   4.012   4.030   4.039   4.051   4.053 
    4.060   4.064   4.071   4.085   4.093   4.112   4.118   4.126 
    4.138   4.148   4.169   4.188   4.204   4.216   4.217   4.237 
    4.268   4.281   4.287   4.299   4.339   4.357   4.375   4.395 
    4.396   4.411   4.435   4.458   4.461   4.494   4.501   4.531 
    4.550   4.572   4.598   4.610   4.627   4.698   4.721   4.749 
    4.768   4.802   4.807   4.822   4.849   4.882   4.903   4.944 
    4.960   4.979   5.040   5.119   5.143   5.147   5.183   5.209 
    5.241   5.254   5.265   5.310   5.321   5.376   5.413   5.433 
    5.473   5.517   5.556   5.639   5.672   5.712   5.742   5.754 
    5.760   5.808   5.812   5.907   5.935   6.041   6.054   6.243 
    6.264   6.399   6.535   6.598   6.631   6.695   6.757   6.771 
    6.857   6.929   6.948   7.003   7.011   7.093   7.094   7.122 
    7.145   7.185   7.192   7.206   7.224   7.250   7.304   7.310 
    7.355   7.366   7.402   7.406   7.413   7.436   7.446   7.452 
    7.492   7.505   7.525   7.531   7.541   7.546   7.565   7.593 
    7.599   7.674   7.691   7.734   7.748   7.768   7.799   7.831 
    7.843   7.884   7.929   7.957   7.978   8.005   8.034   8.064 
    8.095   8.109   8.131   8.198   8.220   8.259   8.287   8.319 
    8.339   8.386   8.407   8.424   8.483   8.493   8.499   8.524 
    8.548   8.610   8.639   8.649   8.667   8.723   8.736   8.761 
    8.779   8.804   8.822   8.830   8.833   8.850   8.871   8.880 
    8.920   8.926   8.932   8.966   8.968   8.997   9.008   9.046 
    9.065   9.107   9.140   9.178   9.211   9.237   9.240   9.265 
    9.279   9.294   9.301   9.328   9.348   9.349   9.380   9.394 
    9.415   9.429   9.464   9.475   9.510   9.527   9.555   9.602 
    9.614   9.644   9.682   9.698   9.714   9.734   9.759   9.784 
    9.789   9.819   9.834   9.862   9.867   9.883   9.891   9.908 
    9.933   9.947   9.961   9.986  10.022  10.042  10.047  10.063 
   10.095  10.110  10.126  10.167  10.175  10.193  10.219  10.224 
   10.241  10.252  10.277  10.288  10.314  10.324  10.341  10.402 
   10.404  10.416  10.424  10.455  10.478  10.491  10.524  10.536 
   10.544  10.551  10.573  10.599  10.616  10.642  10.653  10.665 
   10.698  10.728  10.734  10.752  10.776  10.800  10.833  10.852 
   10.855  10.903  10.917  10.933  10.942  10.959  10.982  11.011 
   11.053  11.065  11.088  11.128  11.157  11.196  11.198  11.226 
   11.241  11.268  11.299  11.336  11.366  11.389  11.404  11.467 
   11.518  11.548  11.561  11.833  11.928  11.963  11.997  12.109 
   12.112  12.175  12.291  12.326  12.404  12.473  12.543  12.624 
   12.865  12.941  13.011  13.041  13.120  13.165  13.190  13.210 
   13.226  13.265  13.280  13.288  13.330  13.370  13.462  13.566 
   13.620  13.769  13.787  13.907  14.069  14.115  14.307  14.466 
   14.624  14.696  15.015  15.120  15.204  15.264  15.285  15.304 
   15.332  15.371  15.612  16.152  16.302  16.578  17.457  17.836 
   17.836  17.837  17.838  17.905  17.931  17.955  17.994  18.020 
   18.032  18.038  18.040  18.040  18.042  18.045  18.055  18.087 
   18.092  18.103  18.104  18.105  18.109  18.114  18.119  18.122 
   18.122  18.133  18.134  18.135  18.138  18.143  18.146  18.153 
   18.222  18.234  18.248  18.262  18.263  18.269  18.289  18.350 
   18.389  18.443  18.456  18.462  18.497  18.540  18.560  18.577 
   18.616  18.626  18.636  18.652  18.674  18.680  18.681  18.715 
   18.717  18.728  18.749  18.752  18.761  18.778  18.792  18.803 
   18.821  18.823  18.852  18.880  18.884  18.901  18.930  18.941 
   18.970  18.996  19.011  19.044  19.113  19.127  19.154  19.193 
   19.210  19.220  19.242  19.282  19.289  19.392  19.484  19.520 
   19.535  19.563  19.619  19.679  19.722  19.950  19.984  20.104 
   20.153  20.574  20.955  21.049  22.518  22.530  23.163  23.186 
   23.197  23.313  23.343  23.447  23.460  23.469  23.478  23.510 
   23.518  23.523  23.537  23.544  23.554  23.561  23.579  23.586 
   23.591  23.630  23.682  23.688  23.723  23.759  23.788  23.792 
   23.838  23.893  23.949  24.087  24.091  24.132  24.156  24.181 
   24.196  24.203  24.211  24.213  24.241  24.278  24.286  24.297 
   24.337  24.372  24.378  24.415  24.443  24.473  24.485  24.498 
   24.512  24.526  24.550  24.555  24.556  24.578  24.585  24.595 
   24.620  24.625  24.650  24.684  24.706  24.725  24.745  24.862 
   24.942  25.009  25.035  25.052  25.072  25.093  25.109  25.113 
   25.128  25.139  25.216  25.292  25.358  25.391  25.392  25.414 
   25.443  25.458  25.481  25.518  25.574  25.588  25.624  25.755 
   25.782  25.807  25.847  25.858  25.877  25.897  25.911  25.970 
   26.077  26.230  26.568  26.627  26.666  26.753  26.793  27.410 
   27.433  28.100  28.119  28.138  28.158  28.196  28.226  28.241 
   28.249  28.256  28.294  28.477  28.492  29.098  29.158  29.193 
   29.208  29.225  29.271  29.284  29.308  29.383  29.398  29.492 
   29.988  30.277  30.568  30.646  30.707  38.341  38.405  38.774 
   39.400  39.405  39.431  39.444  39.481  39.504  39.506  39.537 
   39.554  39.608  39.744  39.794  39.844  39.936  39.950  42.166 
   42.336  52.956  54.193  54.263  54.318  54.370  54.437  63.866 
   82.048  82.066  82.614  82.629  83.304  83.363  83.512  83.670 
   83.686  83.693  83.702  83.750  83.757  83.774  83.793  83.801 
   83.805  83.826  84.233  84.258  84.287  84.308  84.327  84.336 
   84.353  84.375  84.424  84.425  85.004  85.009  85.021  85.037 
   85.064  85.084  85.108  85.113  85.141  85.157  85.188  85.207 
   85.234  85.315  85.350  85.382  85.459  85.479  85.492  85.611 
   91.983  91.991  92.101  92.128  92.256  92.262  92.643  93.340 
   93.349  93.373  93.384  93.416  93.423  93.434  93.442  93.444 
   93.447  93.475  93.487  93.507  93.519  93.533  93.537  93.587 
   93.612  93.621  93.626  93.630  93.641  93.649  93.659  93.710 
   93.714  93.727  93.736  93.756  93.793  94.006  94.022  94.098 
   94.113  94.130 116.672 118.639 118.687 118.761 118.800 118.855 
  143.326 143.326 143.334 143.337 143.384 143.387 143.429 143.440 
  143.444 144.784 144.787 144.789 144.790 144.791 144.792 144.799 
  144.801 144.831 144.836 144.847 144.852 144.864 144.865 144.866 
  144.870 144.876 144.881 144.882 144.883 144.884 144.886 144.888 
  144.890 144.892 144.893 144.893 144.898 144.900 144.902 144.915 
  144.921 144.932 144.937 144.954 144.956 144.960 144.971 144.973 
  144.979 144.988 144.989 144.990 144.999 145.002 187.333 187.385 
  187.721 189.965 189.968 189.991 190.001 190.047 190.069 190.070 
  190.095 190.106 190.149 190.309 190.384 190.406 190.419 190.530 
  228.230 228.245 228.663 228.675 229.341 230.952 230.958 230.971 
  230.980 231.033 231.045 231.060 231.070 231.074 231.087 231.381 
  231.394 231.418 231.436 231.471 231.477 231.492 231.510 231.543 
  231.549 231.971 232.077 232.145 232.220 232.258 254.977 257.850 
  257.889 257.970 258.003 258.053 294.500 294.505 294.566 294.581 
  294.650 294.654 294.860 297.208 297.214 297.227 297.232 297.264 
  297.283 297.290 297.293 297.301 297.306 297.307 297.310 297.319 
  297.334 297.346 297.353 297.363 297.368 297.377 297.382 297.395 
  297.407 297.411 297.421 297.450 297.452 297.465 297.470 297.486 
  297.503 297.567 297.581 297.656 297.671 297.685 411.958 411.959 
  411.959 411.961 411.961 411.965 411.965 411.971 411.971 411.979 
  411.979 414.332 414.333 414.334 414.334 414.334 414.336 414.338 
  414.338 414.339 414.339 414.344 414.344 414.345 414.345 414.353 
  414.353 414.354 414.354 414.364 414.364 414.365 414.365 414.415 
  414.416 414.417 414.419 414.419 414.425 414.425 414.430 414.431 
  414.431 414.432 414.432 414.435 414.435 414.439 414.440 414.440 
  414.440 414.440 414.442 414.442 414.443 414.443 414.448 414.448 
  414.449 414.449 414.457 414.457 414.458 414.458 414.468 414.468 
  443.998 444.045 444.345 447.745 447.748 447.768 447.778 447.826 
  447.848 447.848 447.870 447.880 447.916 448.057 448.124 448.149 
  448.164 448.260 543.848 543.848 543.848 543.849 543.863 543.864 
  543.876 543.880 543.882 547.027 547.028 547.030 547.031 547.032 
  547.032 547.033 547.034 547.040 547.042 547.046 547.047 547.053 
  547.055 547.057 547.058 547.059 547.062 547.108 547.109 547.110 
  547.110 547.120 547.121 547.125 547.125 547.126 547.127 547.133 
  547.134 547.135 547.136 547.137 547.138 547.139 547.140 547.141 
  547.149 547.150 547.150 547.155 547.155 547.160 547.164 547.164 
  566.231 570.123 570.159 570.240 570.271 570.319 588.353 588.364 
  588.694 588.703 589.229 592.182 592.187 592.197 592.204 592.263 
  592.272 592.286 592.295 592.299 592.307 592.522 592.532 592.551 
  592.566 592.609 592.614 592.629 592.641 592.668 592.675 592.989 
  593.078 593.128 593.204 593.236 891.967 891.970 892.007 892.015 
  892.057 892.059 892.179 896.127 896.130 896.137 896.141 896.161 
  896.173 896.182 896.193 896.207 896.210 896.217 896.222 896.223 
  896.224 896.226 896.229 896.233 896.243 896.250 896.252 896.271 
  896.282 896.286 896.292 896.304 896.305 896.318 896.321 896.333 
  896.340 896.343 896.348 896.424 896.440 896.451 1147.431 1147.471 
  1147.733 1152.256 1152.259 1152.276 1152.285 1152.336 1152.357 1152.359 
  1152.376 1152.384 1152.414 1152.532 1152.589 1152.619 1152.636 1152.717 
  1378.679 1383.598 1383.634 1383.717 1383.747 1383.796 1512.474 1512.483 
  1512.742 1512.749 1513.158 1517.347 1517.351 1517.358 1517.364 1517.428 
  1517.434 1517.448 1517.456 1517.459 1517.464 1517.615 1517.623 1517.638 
  1517.649 1517.699 1517.703 1517.718 1517.727 1517.749 1517.755 1517.983 
  1518.062 1518.088 1518.165 1518.193 3729.234 3729.270 3729.511 3734.891 
  3734.893 3734.909 3734.918 3734.970 3734.991 3734.993 3735.007 3735.016 
  3735.041 3735.145 3735.197 3735.231 3735.248 3735.321 5401.687 5407.276 
  5407.351 5407.451 5407.497 5407.609 

  SA 0  : 2 (0.99)    SB 0  : 0 (0.99)
  SA 1  : 5 (0.99)    SB 1  : 2 (0.99)
  SA 2  : 1 (0.99)    SB 2  : 5 (0.99)
  SA 3  : 3 (0.99)    SB 3  : 1 (0.99)
  SA 4  : 4 (0.99)    SB 4  : 3 (0.99)
  SA 5  : 6 (0.99)    SB 5  : 4 (0.99)
  SA 6  : 8 (0.52) 19 (0.47)    SB 6  : 6 (0.99)
  SA 7  : 7 (0.53) 16 (0.47)    SB 7  : 8 (0.52) 19 (0.47)
  SA 8  : 12 (0.38) 18 (0.19) 28 (0.19) 36 (0.20)    SB 8  : 7 (0.53) 16 (0.47)
  SA 9  : 8 (0.11) 9 (0.21) 19 (0.14)    SB 9  : 12 (0.35) 18 (0.21) 28 (0.21) 36 (0.21)
  SA 10 : 10 (0.13) 14 (0.14) 17 (0.19)    SB 10 : 8 (0.11) 9 (0.21) 19 (0.14)
  SA 11 : 8 (0.10) 9 (0.19) 19 (0.10) 22 (0.10) 23 (0.10) 30 (0.12)    SB 11 : 10 (0.13) 14 (0.14) 17 (0.19)
  SA 12 : 14 (0.11) 17 (0.20) 21 (0.13) 24 (0.11) 29 (0.13)    SB 12 : 8 (0.10) 9 (0.19) 19 (0.10) 22 (0.10) 23 (0.10) 30 (0.12)
  SA 13 : 10 (0.22) 11 (0.14) 13 (0.12) 14 (0.14) 26 (0.11)    SB 13 : 14 (0.11) 17 (0.20) 21 (0.13) 24 (0.11) 29 (0.13)
  SA 14 : 7 (0.15) 15 (0.34) 16 (0.16) 20 (0.10) 35 (0.12)    SB 14 : 10 (0.22) 11 (0.14) 13 (0.12) 14 (0.14) 26 (0.11)
  SA 15 : 12 (0.54) 18 (0.12) 28 (0.12) 36 (0.10)    SB 15 : 7 (0.15) 15 (0.33) 16 (0.16) 20 (0.10) 35 (0.11)
  SA 16 : 18 (0.24) 36 (0.61)    SB 16 : 12 (0.57) 18 (0.11) 28 (0.11)
  SA 17 : 18 (0.38) 28 (0.55)    SB 17 : 18 (0.22) 28 (0.62) 36 (0.10)
  SA 18 : 7 (0.12) 15 (0.24) 16 (0.14)    SB 18 : 18 (0.40) 36 (0.53)
  SA 19 : 9 (0.19) 22 (0.13) 30 (0.13)    SB 19 : 7 (0.12) 15 (0.24) 16 (0.15)
  SA 20 : 17 (0.14)    SB 20 : 9 (0.20) 22 (0.13) 30 (0.13)
  SA 21 : 8 (0.11) 9 (0.11) 19 (0.11) 23 (0.18)    SB 21 : 17 (0.14)
  SA 22 : 11 (0.13) 14 (0.13) 17 (0.18) 24 (0.13) 33 (0.14)    SB 22 : 8 (0.11) 9 (0.11) 19 (0.11) 23 (0.18)
  SA 23 : 10 (0.19) 13 (0.12) 21 (0.13)    SB 23 : 11 (0.13) 14 (0.13) 17 (0.18) 24 (0.13) 33 (0.14)
  SA 24 : 22 (0.14) 27 (0.30) 30 (0.15) 31 (0.26)    SB 24 : 10 (0.18) 13 (0.12) 21 (0.14)
  SA 25 : 23 (0.28) 25 (0.11) 31 (0.18)    SB 25 : 22 (0.13) 27 (0.30) 30 (0.13) 31 (0.30)
  SA 26 : 25 (0.39) 27 (0.28) 31 (0.18)    SB 26 : 23 (0.27) 25 (0.13) 31 (0.12)
  SA 27 : 22 (0.37) 30 (0.33)    SB 27 : 25 (0.38) 27 (0.28) 31 (0.19)
  SA 28 : 15 (0.10) 20 (0.16) 24 (0.18) 29 (0.15)    SB 28 : 22 (0.35) 30 (0.33)
  SA 29 : 21 (0.22) 34 (0.22)    SB 29 : 15 (0.10) 20 (0.15) 24 (0.17) 29 (0.15)
  SA 30 : 10 (0.16) 26 (0.17) 33 (0.15)    SB 30 : 21 (0.22) 34 (0.22)
  SA 31 : 14 (0.12) 29 (0.22) 32 (0.29)    SB 31 : 10 (0.16) 26 (0.17) 33 (0.15)
  SA 32 : 13 (0.11) 26 (0.28)    SB 32 : 14 (0.12) 29 (0.23) 32 (0.29)
  SA 33 : 13 (0.14) 20 (0.19) 21 (0.12) 24 (0.15) 26 (0.11)    SB 33 : 13 (0.12) 26 (0.29)
  SA 34 : 11 (0.28) 13 (0.16) 32 (0.14) 33 (0.21)    SB 34 : 13 (0.13) 20 (0.19) 21 (0.12) 24 (0.16)
  SA 35 : 20 (0.18) 34 (0.17) 35 (0.42)    SB 35 : 11 (0.28) 13 (0.17) 32 (0.13) 33 (0.22)
  SB 36 : 20 (0.18) 34 (0.16) 35 (0.42)

The transition for spin alpha is from 35 (0.01) to 1 (0.98).



  >>> Running UHF-MP2 <<<

MP2 correlation energy (UHF) : -2.7285711858
MP2 total energy       (UHF) : -724.8577401815

