	*********************************************** 
	***** Beginning CEBE Calculation with MOM ***** 
	*****       Calculation Details:          ***** 
	      Geometry:	 /home/am3939/core/calculations/mols/exp/n/h2n-c2h4oh.xyz
	      Core Basis:	 ccX-5Z
	      Full Basis:	 cc-pV5Z
	      DIIS (start, space):	 0 50
	      Level shift:	 0
	      Do localization?:	 False
	      Do SFX2C1E?:	 True
	      Freeze orbitals?:	 True
	      Use Cheng orbitals?:	 False
	      Do Special Basis?:	 True
	      Do Special Basis?:	 ccX-5Z
	*********************************************** 
	*********************************************** 

  >>> Running RHF <<<

init D/C      : minao
init ov       : zeros
no            : 17
nv            : 833
ov_size       : 14161
max_cycle     : 1000
conv          : 6
econv         : 9
method        : gdm
scale_stop    : 0
scale_factor  : 1.000000
init E        : -209.132900433496
init |[F,P]|  : 3.64e-03
init |dE|     : 9.64e-03
check file    : None

iter      total energy   |[F,P]|      |dE|         ∆E   comment
   1    -209.191228104  1.94e-03  5.44e-03  -5.83e-02  BFGS
   2    -209.209589122  2.76e-04  7.10e-04  -1.84e-02  BFGS
   3    -209.209928060  6.85e-05  1.73e-04  -3.39e-04  BFGS
   4    -209.209956474  2.21e-05  5.26e-05  -2.84e-05  BFGS
   5    -209.209959047  6.88e-06  1.66e-05  -2.57e-06  BFGS
   6    -209.209959315  1.91e-06  4.67e-06  -2.67e-07  BFGS
   7    -209.209959338  7.79e-07  1.81e-06  -2.36e-08  BFGS
   8    -209.209959341  1.66e-07  4.16e-07  -2.47e-09  BFGS
   9    -209.209959341  3.94e-08  8.91e-08  -1.65e-10  BFGS
                                                                      gdm is converged!

SCF converged : True
final |[F,P]| : 3.94e-08
final |dE|    : 8.91e-08
final Escf    : -344.586798102389
final Etot    : -209.209959341095

  pxp & ewc             :::        1.339 (  0.18%)
  apply B               :::        0.003 (  0.00%)
  linsrch               :::      737.038 ( 99.81%)
  grad                  :::        0.042 (  0.01%)
  Total                 :::      738.422 (100.00%)

Alpha occupied
  -20.536 -15.553 -11.264 -11.252  -1.349  -1.191  -0.980  -0.830 
   -0.703  -0.658  -0.636  -0.618  -0.557  -0.526  -0.486  -0.438 
   -0.409 

Alpha virtual
    0.077   0.108   0.109   0.126   0.147   0.157   0.163   0.178 
    0.181   0.203   0.231   0.239   0.252   0.269   0.317   0.332 
    0.341   0.361   0.385   0.399   0.412   0.415   0.432   0.436 
    0.448   0.460   0.468   0.485   0.489   0.509   0.518   0.524 
    0.551   0.558   0.575   0.582   0.626   0.639   0.664   0.672 
    0.691   0.711   0.722   0.757   0.775   0.780   0.803   0.810 
    0.822   0.829   0.837   0.846   0.863   0.887   0.894   0.913 
    0.922   0.930   0.963   0.978   0.987   1.009   1.021   1.038 
    1.045   1.061   1.068   1.104   1.115   1.136   1.146   1.160 
    1.172   1.186   1.196   1.219   1.229   1.258   1.274   1.290 
    1.323   1.338   1.366   1.392   1.424   1.436   1.445   1.467 
    1.488   1.512   1.530   1.553   1.559   1.569   1.593   1.601 
    1.634   1.645   1.684   1.687   1.696   1.710   1.725   1.735 
    1.764   1.798   1.809   1.828   1.836   1.872   1.875   1.901 
    1.911   1.948   1.956   1.966   1.989   1.998   2.019   2.035 
    2.061   2.070   2.087   2.098   2.112   2.125   2.139   2.158 
    2.172   2.194   2.200   2.208   2.230   2.235   2.269   2.275 
    2.289   2.306   2.317   2.347   2.365   2.380   2.396   2.413 
    2.429   2.439   2.463   2.469   2.485   2.494   2.525   2.548 
    2.564   2.586   2.605   2.629   2.659   2.684   2.701   2.725 
    2.738   2.748   2.778   2.798   2.810   2.841   2.858   2.873 
    2.901   2.913   2.931   2.934   2.995   3.002   3.018   3.036 
    3.060   3.077   3.103   3.151   3.171   3.188   3.212   3.232 
    3.251   3.287   3.291   3.337   3.339   3.360   3.390   3.410 
    3.431   3.450   3.457   3.477   3.497   3.537   3.565   3.578 
    3.625   3.642   3.655   3.692   3.694   3.715   3.738   3.778 
    3.796   3.839   3.880   3.913   3.934   3.940   3.955   3.973 
    3.976   4.007   4.030   4.051   4.056   4.087   4.138   4.142 
    4.158   4.204   4.206   4.228   4.249   4.277   4.291   4.307 
    4.340   4.346   4.357   4.397   4.412   4.424   4.453   4.464 
    4.476   4.509   4.527   4.553   4.583   4.596   4.613   4.638 
    4.658   4.683   4.692   4.705   4.723   4.730   4.751   4.770 
    4.778   4.808   4.828   4.838   4.867   4.878   4.900   4.932 
    4.940   4.969   4.978   4.991   5.007   5.028   5.047   5.061 
    5.081   5.108   5.125   5.141   5.169   5.189   5.194   5.222 
    5.250   5.263   5.283   5.295   5.320   5.333   5.338   5.353 
    5.388   5.401   5.408   5.418   5.428   5.467   5.476   5.529 
    5.542   5.557   5.570   5.597   5.618   5.645   5.651   5.673 
    5.686   5.720   5.760   5.775   5.787   5.805   5.846   5.852 
    5.871   5.875   5.895   5.946   5.956   5.992   6.013   6.029 
    6.060   6.073   6.083   6.112   6.131   6.138   6.171   6.205 
    6.233   6.256   6.264   6.307   6.317   6.370   6.381   6.418 
    6.451   6.473   6.527   6.570   6.579   6.601   6.661   6.691 
    6.713   6.739   6.752   6.754   6.789   6.836   6.862   6.888 
    6.921   6.928   6.952   6.973   6.989   7.063   7.101   7.122 
    7.136   7.141   7.209   7.216   7.234   7.245   7.292   7.319 
    7.348   7.379   7.392   7.438   7.450   7.482   7.509   7.568 
    7.590   7.606   7.681   7.689   7.726   7.785   7.815   7.839 
    7.869   7.880   7.924   7.980   8.001   8.016   8.061   8.115 
    8.146   8.161   8.242   8.276   8.301   8.334   8.395   8.441 
    8.488   8.514   8.570   8.678   8.693   8.758   8.772   8.833 
    8.902   8.929   9.077   9.129   9.184   9.215   9.267   9.318 
    9.342   9.382   9.473   9.495   9.563   9.616   9.657   9.684 
    9.716   9.776   9.855   9.893   9.921   9.983  10.031  10.081 
   10.133  10.174  10.241  10.302  10.368  10.385  10.430  10.430 
   10.453  10.497  10.558  10.590  10.607  10.714  10.764  10.814 
   10.841  10.858  10.892  10.930  10.969  11.002  11.055  11.152 
   11.210  11.245  11.268  11.290  11.378  11.407  11.465  11.482 
   11.507  11.547  11.570  11.599  11.626  11.652  11.720  11.770 
   11.802  11.812  11.835  11.888  11.947  11.981  12.003  12.072 
   12.128  12.144  12.217  12.259  12.438  12.500  12.533  12.559 
   12.582  12.594  12.641  12.649  12.696  12.702  12.716  12.725 
   12.756  12.762  12.776  12.782  12.802  12.817  12.829  12.830 
   12.850  12.857  12.865  12.875  12.889  12.895  12.911  12.920 
   12.935  12.955  12.984  12.986  13.016  13.041  13.053  13.070 
   13.101  13.123  13.138  13.148  13.194  13.205  13.212  13.228 
   13.254  13.296  13.312  13.327  13.355  13.374  13.401  13.445 
   13.461  13.497  13.517  13.551  13.572  13.589  13.607  13.641 
   13.664  13.671  13.712  13.732  13.757  13.770  13.822  13.840 
   13.846  13.866  13.883  13.895  13.923  13.948  13.959  14.004 
   14.028  14.040  14.057  14.081  14.086  14.116  14.129  14.150 
   14.155  14.176  14.187  14.214  14.222  14.260  14.272  14.290 
   14.293  14.302  14.330  14.347  14.392  14.417  14.428  14.437 
   14.473  14.479  14.522  14.549  14.558  14.573  14.603  14.630 
   14.635  14.670  14.676  14.697  14.706  14.723  14.764  14.781 
   14.796  14.808  14.847  14.869  14.897  14.900  14.914  14.955 
   14.964  14.988  15.024  15.061  15.078  15.154  15.162  15.187 
   15.207  15.278  15.289  15.330  15.349  15.412  15.475  15.491 
   15.565  15.574  15.622  15.639  15.705  15.751  15.771  15.814 
   15.865  15.906  15.988  16.007  16.020  16.065  16.104  16.123 
   16.161  16.226  16.268  16.286  16.333  16.397  16.527  16.586 
   16.594  16.636  16.697  16.754  16.762  16.796  16.856  16.909 
   16.937  16.964  17.031  17.068  17.163  17.173  17.310  17.370 
   17.460  17.505  17.567  17.644  17.690  17.748  17.789  17.809 
   17.857  17.869  17.905  17.952  17.982  18.000  18.029  18.049 
   18.119  18.140  18.224  18.342  18.371  18.424  18.458  18.471 
   18.498  18.563  18.648  18.726  18.758  18.799  18.842  18.939 
   19.047  19.110  19.132  19.173  19.184  19.243  19.329  19.378 
   19.485  19.539  19.605  19.740  19.817  20.012  20.244  20.275 
   20.369  20.796  20.871  20.928  20.940  21.001  21.032  21.044 
   21.144  21.196  21.343  21.453  21.991  22.180  22.816  23.123 
   23.264  23.517  23.742  23.753  23.865  24.113  25.503  26.144 
   26.906  27.825  28.055  33.720  42.379  42.595  54.261  54.424 
   54.549  54.570  54.645  54.768  54.801  54.850  54.970  55.524 
   55.927  56.080  56.918  57.737  57.920  65.186  72.247 100.523 
  100.533 100.536 100.576 100.608 100.630 100.671 100.729 100.743 
  125.753 126.292 126.379 150.868 150.925 151.078 151.650 152.066 
  155.519 173.574 173.722 173.799 173.841 173.885 174.044 174.418 
  294.590 295.084 295.154 320.696 320.696 320.701 320.701 320.705 
  320.705 320.707 320.707 320.709 320.709 320.710 342.197 373.513 
  373.516 373.518 373.529 373.540 373.547 373.560 373.577 373.583 
  384.496 384.540 384.664 385.121 385.448 529.892 529.977 530.024 
  530.047 530.073 530.159 530.364 754.975 755.409 755.465 825.689 
  976.666 976.700 976.797 977.157 977.413 2440.735 2441.133 2441.183 
  3195.804 


  >>> Running RHF-MP2 <<<


RMP2-TIMING
  rmp2                  :::      827.249 (100.00%)
  Total                 :::      827.249 (100.00%)

MP2 correlation energy (RHF) : -1.0545488545
MP2 total energy       (RHF) : -210.2645081956


  >>> Running UHF <<<

init D/C      : input mo_coeff
init ov       : zeros
no            : 16 17
nv            : 834 833
ov_size       : 27505
max_cycle     : 1000
conv          : 6
econv         : 9
method        : diis
mom_start     : 0
guess mix     : 0.000000
orb_swap      : [[[1, 16]], []]
init E        : -193.656946262792
init S2       : 0.75000000000016
init |[F,P]|  : 1.30e-02
init |dE|     : 3.11e-02
check file    : None

iter      total energy   |[F,P]|      |dE|         ∆E   S^2   comment
   1    -194.075173374  7.62e-03  1.69e-02  -4.18e-01  0.75  DIIS mom: 15.7/16 16.6/17
   2    -194.333105963  5.48e-04  1.29e-03  -2.58e-01  0.76  DIIS mom: 15.9/16 17.0/17
   3    -194.335426277  1.76e-04  3.78e-04  -2.32e-03  0.76  DIIS mom: 16.0/16 17.0/17
   4    -194.335959992  1.03e-04  2.21e-04  -5.34e-04  0.77  DIIS mom: 16.0/16 17.0/17
   5    -194.336198709  4.58e-05  1.07e-04  -2.39e-04  0.77  DIIS mom: 16.0/16 17.0/17
   6    -194.336245407  1.65e-05  3.89e-05  -4.67e-05  0.78  DIIS mom: 16.0/16 17.0/17
   7    -194.336251086  5.75e-06  1.39e-05  -5.68e-06  0.78  DIIS mom: 16.0/16 17.0/17
   8    -194.336251619  1.83e-06  4.25e-06  -5.33e-07  0.78  DIIS mom: 16.0/16 17.0/17
   9    -194.336251690  6.59e-07  1.49e-06  -7.15e-08  0.78  DIIS mom: 16.0/16 17.0/17
  10    -194.336251701  3.03e-07  6.70e-07  -1.08e-08  0.78  DIIS mom: 16.0/16 17.0/17
  11    -194.336251704  1.24e-07  2.78e-07  -2.99e-09  0.78  DIIS mom: 16.0/16 17.0/17
  12    -194.336251705  5.07e-08  1.15e-07  -5.20e-10  0.78  DIIS mom: 16.0/16 17.0/17
                                                                      diis is converged!

SCF converged : True
final |[F,P]| : 5.07e-08
final |dE|    : 1.15e-07
final Escf    : -329.713090465852
final Etot    : -194.336251704558
final S2      : 0.777043376639352

  diis prep             :::        0.457 (  0.04%)
  diis extrap           :::        0.342 (  0.03%)
  roothaan              :::        3.320 (  0.31%)
  fock build            :::     1066.354 ( 99.62%)
  Total                 :::     1070.473 (100.00%)

Alpha occupied
  -20.728 -11.527 -11.466  -1.598  -1.536  -1.248  -1.097  -1.066 
   -0.977  -0.918  -0.869  -0.802  -0.774  -0.759  -0.689  -0.627 

Alpha virtual
  -14.176  -0.127  -0.080  -0.058  -0.042  -0.018  -0.008  -0.002 
    0.003   0.017   0.041   0.060   0.070   0.085   0.106   0.129 
    0.142   0.153   0.161   0.174   0.183   0.208   0.225   0.227 
    0.230   0.252   0.255   0.271   0.286   0.296   0.300   0.320 
    0.338   0.350   0.367   0.381   0.396   0.429   0.451   0.462 
    0.473   0.498   0.504   0.515   0.553   0.565   0.578   0.603 
    0.616   0.624   0.628   0.635   0.646   0.662   0.687   0.695 
    0.703   0.717   0.725   0.738   0.772   0.791   0.803   0.813 
    0.835   0.839   0.856   0.872   0.893   0.904   0.911   0.922 
    0.935   0.951   0.970   0.979   0.986   1.004   1.041   1.056 
    1.085   1.120   1.135   1.169   1.182   1.207   1.215   1.231 
    1.252   1.267   1.290   1.311   1.328   1.341   1.346   1.391 
    1.398   1.404   1.421   1.459   1.469   1.488   1.499   1.502 
    1.521   1.541   1.578   1.597   1.613   1.621   1.631   1.646 
    1.678   1.690   1.724   1.742   1.745   1.762   1.777   1.797 
    1.810   1.827   1.854   1.874   1.879   1.886   1.903   1.910 
    1.920   1.943   1.968   1.978   2.004   2.012   2.020   2.038 
    2.047   2.071   2.085   2.109   2.117   2.134   2.151   2.158 
    2.180   2.188   2.217   2.233   2.239   2.258   2.268   2.283 
    2.325   2.345   2.364   2.376   2.391   2.412   2.449   2.467 
    2.483   2.500   2.518   2.537   2.545   2.568   2.576   2.616 
    2.628   2.660   2.669   2.682   2.706   2.734   2.761   2.783 
    2.808   2.821   2.829   2.876   2.914   2.929   2.944   2.967 
    2.993   3.030   3.049   3.071   3.088   3.111   3.126   3.153 
    3.181   3.189   3.224   3.233   3.243   3.272   3.308   3.331 
    3.356   3.396   3.404   3.436   3.452   3.470   3.472   3.489 
    3.550   3.565   3.609   3.648   3.669   3.693   3.708   3.712 
    3.740   3.754   3.777   3.785   3.801   3.825   3.853   3.884 
    3.918   3.925   3.950   3.971   3.973   4.027   4.042   4.063 
    4.068   4.080   4.108   4.128   4.155   4.171   4.189   4.213 
    4.232   4.245   4.276   4.281   4.317   4.353   4.362   4.374 
    4.396   4.403   4.425   4.451   4.472   4.484   4.499   4.518 
    4.538   4.553   4.559   4.601   4.611   4.620   4.639   4.670 
    4.686   4.716   4.724   4.734   4.742   4.757   4.776   4.797 
    4.816   4.850   4.863   4.875   4.900   4.909   4.917   4.940 
    4.980   4.989   5.009   5.041   5.052   5.072   5.082   5.110 
    5.123   5.144   5.158   5.166   5.186   5.199   5.205   5.247 
    5.294   5.317   5.319   5.325   5.347   5.381   5.405   5.421 
    5.435   5.441   5.488   5.508   5.523   5.539   5.566   5.593 
    5.612   5.626   5.640   5.646   5.663   5.678   5.745   5.751 
    5.764   5.791   5.821   5.829   5.858   5.886   5.895   5.927 
    5.948   5.961   6.006   6.017   6.040   6.063   6.097   6.147 
    6.155   6.172   6.236   6.258   6.295   6.312   6.362   6.398 
    6.413   6.441   6.492   6.502   6.507   6.550   6.551   6.594 
    6.623   6.637   6.677   6.707   6.710   6.742   6.798   6.829 
    6.862   6.886   6.893   6.944   6.957   6.986   7.015   7.043 
    7.071   7.095   7.124   7.153   7.169   7.212   7.226   7.258 
    7.310   7.362   7.379   7.432   7.450   7.504   7.545   7.560 
    7.610   7.639   7.667   7.695   7.724   7.758   7.798   7.810 
    7.896   7.909   7.936   8.008   8.023   8.071   8.084   8.126 
    8.141   8.220   8.293   8.307   8.365   8.395   8.488   8.513 
    8.535   8.632   8.688   8.824   8.850   8.927   8.981   9.010 
    9.034   9.079   9.121   9.212   9.268   9.326   9.385   9.419 
    9.448   9.492   9.542   9.585   9.651   9.700   9.784   9.798 
    9.850   9.892   9.940  10.011  10.066  10.131  10.146  10.188 
   10.198  10.222  10.261  10.334  10.354  10.374  10.479  10.534 
   10.587  10.598  10.629  10.650  10.695  10.737  10.773  10.830 
   10.893  10.964  10.976  11.013  11.027  11.073  11.139  11.165 
   11.208  11.228  11.282  11.327  11.338  11.386  11.425  11.456 
   11.502  11.524  11.536  11.563  11.593  11.668  11.726  11.751 
   11.787  11.821  11.852  11.925  12.005  12.139  12.178  12.219 
   12.225  12.297  12.336  12.357  12.358  12.383  12.427  12.431 
   12.453  12.465  12.482  12.523  12.535  12.548  12.565  12.573 
   12.582  12.599  12.606  12.618  12.625  12.630  12.638  12.662 
   12.677  12.685  12.695  12.710  12.733  12.752  12.766  12.785 
   12.807  12.846  12.891  12.914  12.924  12.936  12.969  12.972 
   13.001  13.021  13.028  13.049  13.075  13.100  13.125  13.158 
   13.185  13.220  13.241  13.246  13.285  13.302  13.332  13.351 
   13.371  13.397  13.406  13.432  13.445  13.456  13.467  13.523 
   13.543  13.570  13.592  13.614  13.626  13.659  13.673  13.681 
   13.695  13.743  13.747  13.787  13.798  13.817  13.830  13.845 
   13.872  13.896  13.920  13.937  13.966  13.969  13.989  14.015 
   14.027  14.033  14.052  14.078  14.090  14.104  14.145  14.178 
   14.201  14.209  14.238  14.270  14.285  14.310  14.343  14.366 
   14.380  14.384  14.394  14.426  14.452  14.460  14.465  14.502 
   14.511  14.545  14.545  14.573  14.617  14.631  14.649  14.664 
   14.678  14.715  14.740  14.760  14.776  14.818  14.873  14.906 
   14.935  14.955  14.978  15.042  15.071  15.114  15.152  15.212 
   15.220  15.242  15.258  15.374  15.391  15.419  15.430  15.478 
   15.540  15.590  15.692  15.744  15.763  15.817  15.842  15.864 
   15.888  15.902  15.919  15.951  15.983  16.043  16.125  16.135 
   16.229  16.288  16.333  16.377  16.388  16.420  16.508  16.589 
   16.667  16.677  16.692  16.737  16.779  16.794  16.839  16.953 
   17.032  17.087  17.157  17.171  17.261  17.355  17.501  17.556 
   17.583  17.619  17.637  17.686  17.699  17.729  17.754  17.778 
   17.806  17.829  17.870  17.893  17.972  18.059  18.134  18.167 
   18.218  18.232  18.292  18.325  18.368  18.434  18.533  18.620 
   18.738  18.849  18.883  18.926  18.953  18.973  18.989  19.036 
   19.121  19.184  19.296  19.415  19.551  19.625  19.822  20.053 
   20.085  20.177  20.407  20.502  20.562  20.668  20.730  20.785 
   20.811  20.878  20.934  21.000  21.258  21.546  21.689  22.627 
   22.931  23.075  23.299  23.321  23.353  23.558  23.921  25.312 
   25.949  26.085  27.019  27.268  32.837  42.170  42.325  53.076 
   53.203  53.222  53.281  53.470  53.549  53.581  53.609  53.805 
   54.244  54.697  54.753  55.655  56.472  56.650  64.995  70.852 
   99.131  99.138  99.143  99.181  99.214  99.235  99.274  99.330 
   99.345 123.789 124.324 124.413 148.716 148.773 148.929 149.499 
  149.915 153.430 171.455 171.606 171.681 171.723 171.764 171.924 
  172.299 291.770 292.260 292.331 318.459 318.459 318.466 318.466 
  318.472 318.472 318.476 318.476 318.478 318.479 318.479 339.300 
  370.866 370.868 370.871 370.881 370.892 370.899 370.911 370.927 
  370.933 381.521 381.565 381.690 382.146 382.472 526.691 526.776 
  526.823 526.845 526.870 526.957 527.161 751.292 751.724 751.781 
  821.956 972.891 972.924 973.022 973.381 973.637 2436.351 2436.748 
  2436.798 3191.404 

Beta occupied
  -20.728 -18.459 -11.525 -11.466  -1.692  -1.539  -1.261  -1.139 
   -1.092  -1.023  -0.957  -0.870  -0.821  -0.776  -0.760  -0.689 
   -0.627 

Beta virtual
   -0.135  -0.087  -0.059  -0.044  -0.019  -0.008  -0.003   0.004 
    0.015   0.038   0.056   0.070   0.085   0.105   0.119   0.140 
    0.149   0.155   0.174   0.182   0.207   0.223   0.227   0.231 
    0.250   0.256   0.268   0.283   0.295   0.302   0.320   0.338 
    0.350   0.369   0.381   0.396   0.430   0.451   0.462   0.473 
    0.500   0.505   0.515   0.551   0.566   0.579   0.603   0.616 
    0.626   0.628   0.636   0.647   0.663   0.685   0.689   0.698 
    0.716   0.724   0.737   0.769   0.791   0.801   0.812   0.831 
    0.839   0.854   0.870   0.893   0.899   0.911   0.919   0.934 
    0.949   0.969   0.974   0.979   1.004   1.041   1.054   1.085 
    1.121   1.135   1.169   1.181   1.205   1.214   1.232   1.253 
    1.267   1.290   1.312   1.328   1.341   1.346   1.392   1.398 
    1.404   1.423   1.460   1.471   1.488   1.500   1.503   1.522 
    1.543   1.579   1.598   1.613   1.622   1.631   1.647   1.678 
    1.688   1.724   1.740   1.744   1.760   1.776   1.796   1.811 
    1.828   1.853   1.873   1.879   1.885   1.900   1.908   1.920 
    1.941   1.968   1.976   2.004   2.011   2.019   2.037   2.046 
    2.070   2.083   2.106   2.117   2.132   2.149   2.158   2.178 
    2.186   2.215   2.233   2.235   2.257   2.268   2.278   2.323 
    2.344   2.363   2.377   2.384   2.411   2.445   2.458   2.481 
    2.497   2.516   2.534   2.543   2.556   2.571   2.612   2.622 
    2.655   2.667   2.683   2.705   2.733   2.761   2.780   2.808 
    2.817   2.829   2.876   2.910   2.926   2.944   2.966   2.992 
    3.030   3.048   3.069   3.086   3.111   3.125   3.152   3.178 
    3.186   3.223   3.232   3.242   3.271   3.307   3.328   3.356 
    3.396   3.403   3.435   3.452   3.469   3.472   3.487   3.549 
    3.565   3.609   3.648   3.668   3.693   3.709   3.711   3.740 
    3.754   3.778   3.784   3.801   3.825   3.853   3.884   3.919 
    3.924   3.949   3.970   3.973   4.026   4.042   4.062   4.067 
    4.080   4.108   4.128   4.155   4.171   4.189   4.213   4.231 
    4.244   4.276   4.281   4.317   4.353   4.361   4.374   4.396 
    4.403   4.425   4.452   4.472   4.483   4.498   4.517   4.538 
    4.552   4.559   4.600   4.611   4.621   4.640   4.668   4.684 
    4.717   4.724   4.734   4.741   4.756   4.775   4.797   4.816 
    4.851   4.859   4.873   4.898   4.906   4.916   4.939   4.980 
    4.989   5.006   5.040   5.051   5.069   5.081   5.110   5.121 
    5.145   5.157   5.164   5.184   5.199   5.204   5.247   5.294 
    5.316   5.318   5.324   5.338   5.379   5.404   5.420   5.434 
    5.438   5.476   5.497   5.517   5.537   5.562   5.582   5.609 
    5.620   5.628   5.641   5.658   5.666   5.739   5.749   5.763 
    5.789   5.813   5.827   5.853   5.886   5.890   5.919   5.937 
    5.958   6.001   6.012   6.037   6.054   6.087   6.143   6.154 
    6.171   6.235   6.254   6.284   6.312   6.359   6.397   6.414 
    6.437   6.490   6.497   6.504   6.544   6.549   6.591   6.617 
    6.634   6.676   6.707   6.707   6.740   6.794   6.824   6.861 
    6.884   6.892   6.939   6.954   6.986   7.014   7.039   7.069 
    7.092   7.122   7.151   7.166   7.205   7.224   7.257   7.310 
    7.361   7.378   7.429   7.446   7.503   7.543   7.558   7.609 
    7.637   7.666   7.692   7.721   7.755   7.795   7.809   7.894 
    7.906   7.935   8.005   8.017   8.068   8.082   8.123   8.136 
    8.215   8.291   8.305   8.356   8.391   8.480   8.509   8.533 
    8.629   8.686   8.816   8.850   8.925   8.979   9.007   9.026 
    9.079   9.121   9.210   9.268   9.326   9.385   9.419   9.448 
    9.491   9.542   9.583   9.652   9.699   9.784   9.799   9.850 
    9.892   9.940  10.011  10.066  10.131  10.146  10.188  10.198 
   10.222  10.261  10.334  10.355  10.374  10.479  10.534  10.587 
   10.598  10.628  10.650  10.695  10.737  10.773  10.830  10.891 
   10.963  10.976  11.012  11.025  11.072  11.137  11.162  11.202 
   11.228  11.281  11.316  11.333  11.386  11.421  11.446  11.488 
   11.510  11.528  11.561  11.592  11.653  11.717  11.739  11.784 
   11.813  11.851  11.915  12.003  12.120  12.142  12.201  12.223 
   12.294  12.333  12.353  12.359  12.366  12.418  12.431  12.452 
   12.461  12.481  12.523  12.534  12.546  12.563  12.571  12.582 
   12.597  12.606  12.618  12.625  12.629  12.637  12.659  12.675 
   12.685  12.694  12.710  12.732  12.749  12.765  12.782  12.806 
   12.842  12.891  12.914  12.924  12.935  12.968  12.971  13.001 
   13.021  13.027  13.048  13.074  13.099  13.125  13.152  13.183 
   13.219  13.233  13.246  13.283  13.301  13.331  13.349  13.369 
   13.397  13.401  13.431  13.444  13.455  13.467  13.520  13.542 
   13.569  13.588  13.611  13.624  13.660  13.664  13.680  13.687 
   13.736  13.743  13.783  13.794  13.816  13.828  13.842  13.870 
   13.895  13.918  13.935  13.962  13.969  13.987  14.007  14.025 
   14.031  14.051  14.077  14.086  14.101  14.144  14.175  14.200 
   14.207  14.237  14.262  14.278  14.304  14.342  14.364  14.377 
   14.383  14.392  14.418  14.448  14.457  14.458  14.500  14.509 
   14.542  14.544  14.571  14.603  14.630  14.641  14.663  14.672 
   14.713  14.736  14.755  14.771  14.813  14.871  14.903  14.934 
   14.953  14.971  15.040  15.069  15.112  15.149  15.207  15.213 
   15.241  15.257  15.364  15.390  15.417  15.421  15.477  15.539 
   15.586  15.691  15.743  15.763  15.817  15.835  15.862  15.884 
   15.900  15.916  15.949  15.980  16.041  16.117  16.129  16.217 
   16.281  16.324  16.375  16.384  16.419  16.499  16.588  16.666 
   16.672  16.690  16.736  16.771  16.793  16.839  16.944  17.024 
   17.075  17.145  17.158  17.249  17.350  17.498  17.556  17.582 
   17.618  17.633  17.681  17.685  17.726  17.751  17.774  17.804 
   17.827  17.862  17.891  17.954  18.035  18.132  18.160  18.217 
   18.228  18.285  18.319  18.364  18.432  18.533  18.620  18.738 
   18.849  18.883  18.914  18.944  18.964  18.987  19.036  19.119 
   19.184  19.296  19.415  19.551  19.625  19.822  20.053  20.085 
   20.177  20.401  20.491  20.550  20.668  20.730  20.785  20.809 
   20.862  20.933  20.999  21.258  21.521  21.653  22.627  22.931 
   23.075  23.280  23.311  23.336  23.558  23.921  25.312  25.873 
   25.951  26.824  27.088  32.541  42.170  42.325  52.972  53.045 
   53.108  53.165  53.387  53.425  53.497  53.534  53.732  54.113 
   54.561  54.580  55.387  56.213  56.406  64.995  70.498  99.072 
   99.080  99.085  99.122  99.155  99.177  99.216  99.272  99.287 
  123.454 123.990 124.080 148.486 148.543 148.700 149.270 149.687 
  153.073 171.308 171.458 171.534 171.575 171.617 171.777 172.152 
  291.446 291.938 292.008 318.382 318.382 318.389 318.389 318.394 
  318.395 318.398 318.399 318.401 318.401 318.402 338.980 370.742 
  370.743 370.746 370.757 370.767 370.775 370.786 370.802 370.808 
  381.292 381.335 381.461 381.917 382.244 526.509 526.595 526.642 
  526.664 526.689 526.776 526.980 751.038 751.470 751.527 821.700 
  972.702 972.736 972.833 973.193 973.449 2436.202 2436.599 2436.649 
  3191.264 


  >>> Running UHF-MP2 <<<

MP2 correlation energy (UHF) : -1.0224090159
MP2 total energy       (UHF) : -195.3586607204

