	*********************************************** 
	***** Beginning CEBE Calculation with MOM ***** 
	*****       Calculation Details:          ***** 
	      Geometry:	 /work/morgunov/core/calculations/mols/exp/n/ch2chc-n.xyz
	      Core Basis:	 cc-pCV5Z
	      Full Basis:	 cc-pV5Z
	      DIIS (start, space):	 0 50
	      Level shift:	 0
	      Do localization?:	 False
	      Do SFX2C1E?:	 True
	      Freeze orbitals?:	 True
	      Use Cheng orbitals?:	 False
	      Do Special Basis?:	 False
	*********************************************** 
	*********************************************** 

  >>> Running RHF <<<

init D/C      : minao
init ov       : zeros
no            : 14
nv            : 569
ov_size       : 7966
max_cycle     : 1000
conv          : 6
econv         : 9
method        : gdm
scale_stop    : 0
scale_factor  : 1.000000
init E        : -169.74814298619
init |[F,P]|  : 4.96e-03
init |dE|     : 1.19e-02
check file    : None

iter      total energy   |[F,P]|      |dE|         ∆E   comment
   1    -169.788142476  4.32e-03  1.08e-02  -4.00e-02  BFGS
   2    -169.837516316  5.12e-04  1.27e-03  -4.94e-02  BFGS
   3    -169.838486546  1.59e-04  3.96e-04  -9.70e-04  BFGS
   4    -169.838589932  4.15e-05  1.09e-04  -1.03e-04  BFGS
   5    -169.838596483  1.50e-05  3.61e-05  -6.55e-06  BFGS
   6    -169.838597482  4.95e-06  1.24e-05  -9.99e-07  BFGS
   7    -169.838597602  2.18e-06  5.28e-06  -1.20e-07  BFGS
   8    -169.838597654  1.25e-06  3.29e-06  -5.18e-08  BFGS
   9    -169.838597664  4.92e-07  1.25e-06  -9.94e-09  BFGS
  10    -169.838597665  1.12e-07  2.75e-07  -1.22e-09  BFGS
  11    -169.838597665  3.19e-08  7.97e-08  -7.22e-11  BFGS
                                                                      gdm is converged!

SCF converged : True
final |[F,P]| : 3.19e-08
final |dE|    : 7.97e-08
final Escf    : -260.215785915766
final Etot    : -169.838597665223

  pxp & ewc             :::        0.793 (  0.13%)
  apply B               :::        0.004 (  0.00%)
  linsrch               :::      591.388 ( 99.86%)
  grad                  :::        0.022 (  0.00%)
  Total                 :::      592.207 (100.00%)

Alpha occupied
  -15.577 -11.291 -11.281 -11.281  -1.222  -1.104  -0.890  -0.733 
   -0.664  -0.590  -0.556  -0.521  -0.470  -0.399 

Alpha virtual
    0.071   0.081   0.101   0.114   0.164   0.174   0.191   0.201 
    0.223   0.229   0.239   0.246   0.267   0.320   0.332   0.347 
    0.357   0.365   0.393   0.406   0.429   0.441   0.466   0.477 
    0.479   0.519   0.526   0.538   0.592   0.594   0.607   0.651 
    0.655   0.689   0.689   0.717   0.726   0.751   0.775   0.804 
    0.807   0.824   0.831   0.871   0.874   0.898   0.919   0.937 
    0.954   0.961   0.961   1.003   1.025   1.035   1.069   1.070 
    1.080   1.115   1.117   1.131   1.173   1.176   1.213   1.298 
    1.341   1.342   1.376   1.387   1.402   1.405   1.458   1.469 
    1.484   1.504   1.514   1.515   1.542   1.581   1.595   1.595 
    1.598   1.616   1.648   1.665   1.669   1.704   1.747   1.747 
    1.760   1.783   1.803   1.841   1.869   1.917   1.921   1.935 
    1.953   1.977   2.005   2.019   2.061   2.071   2.077   2.083 
    2.117   2.138   2.152   2.176   2.182   2.214   2.234   2.239 
    2.267   2.329   2.343   2.359   2.390   2.415   2.428   2.461 
    2.482   2.506   2.534   2.564   2.605   2.633   2.655   2.678 
    2.734   2.784   2.788   2.839   2.853   2.929   3.002   3.003 
    3.014   3.037   3.072   3.132   3.141   3.181   3.183   3.198 
    3.236   3.260   3.343   3.355   3.377   3.397   3.431   3.469 
    3.479   3.487   3.521   3.545   3.554   3.637   3.660   3.671 
    3.697   3.707   3.708   3.720   3.763   3.790   3.801   3.835 
    3.852   3.892   3.895   3.954   3.975   3.997   4.001   4.005 
    4.047   4.058   4.068   4.092   4.174   4.181   4.207   4.256 
    4.263   4.275   4.308   4.367   4.388   4.426   4.436   4.453 
    4.459   4.491   4.521   4.537   4.585   4.586   4.588   4.631 
    4.681   4.707   4.724   4.734   4.786   4.792   4.808   4.826 
    4.840   4.843   4.892   4.937   4.985   5.010   5.022   5.035 
    5.121   5.124   5.173   5.209   5.212   5.242   5.242   5.302 
    5.341   5.349   5.357   5.403   5.423   5.426   5.451   5.453 
    5.525   5.559   5.612   5.638   5.644   5.655   5.665   5.703 
    5.788   5.796   5.824   5.855   5.902   5.907   5.922   5.944 
    6.014   6.022   6.096   6.146   6.259   6.309   6.352   6.401 
    6.414   6.497   6.549   6.556   6.598   6.630   6.764   6.788 
    6.869   6.905   6.976   6.983   7.049   7.064   7.163   7.202 
    7.252   7.353   7.395   7.414   7.431   7.532   7.585   7.622 
    7.703   7.719   7.725   7.730   7.758   7.759   7.835   7.862 
    7.937   8.009   8.017   8.055   8.147   8.163   8.166   8.244 
    8.268   8.309   8.468   8.485   8.550   8.611   8.677   8.698 
    8.811   8.843   8.904   8.941   8.960   9.007   9.022   9.105 
    9.204   9.270   9.276   9.319   9.406   9.479   9.505   9.507 
    9.544   9.586   9.674   9.710   9.758   9.784   9.877   9.906 
    9.945   9.970   9.984   9.999  10.025  10.033  10.090  10.124 
   10.147  10.170  10.188  10.235  10.255  10.275  10.322  10.346 
   10.362  10.398  10.429  10.497  10.512  10.651  10.684  10.689 
   10.733  10.741  10.860  10.900  10.900  10.945  10.947  10.961 
   11.073  11.090  11.129  11.157  11.178  11.186  11.187  11.213 
   11.221  11.246  11.343  11.373  11.465  11.505  11.574  11.644 
   11.669  11.751  11.779  11.823  11.846  11.976  12.045  12.068 
   12.087  12.197  12.199  12.268  12.444  12.487  12.569  12.581 
   12.653  12.674  12.696  12.737  12.750  12.754  12.798  12.809 
   12.827  12.845  12.875  12.910  12.966  13.005  13.005  13.031 
   13.133  13.187  13.200  13.269  13.358  13.369  13.425  13.477 
   13.588  13.636  13.725  13.726  13.766  13.794  13.814  13.825 
   13.938  13.973  13.984  14.016  14.027  14.087  14.092  14.135 
   14.135  14.161  14.163  14.190  14.215  14.215  14.283  14.335 
   14.351  14.370  14.424  14.437  14.454  14.470  14.482  14.501 
   14.543  14.575  14.579  14.633  14.662  14.787  14.819  14.832 
   14.936  15.015  15.034  15.055  15.096  15.160  15.160  15.188 
   15.286  15.409  15.519  15.534  15.624  15.665  15.949  15.956 
   15.971  16.017  16.064  16.132  16.198  16.265  16.337  16.423 
   16.434  16.781  17.083  17.275  17.317  17.447  17.529  17.546 
   17.576  17.639  17.709  17.842  17.987  18.021  18.093  18.110 
   18.191  18.419  18.631  18.892  18.998  19.117  19.237  19.283 
   19.401  19.492  19.678  20.755  20.830  21.013  21.510  25.138 
   29.836  29.960  31.839  39.681  40.628  42.336  50.331  50.356 
   51.054  51.091  51.734  58.490  58.492  58.869  58.881  59.391 
   59.448  59.572  65.891  83.010  83.112  84.632 150.489 150.506 
  150.999 151.023 151.472 172.270 209.048 209.048 209.056 209.056 
  209.065 209.065 209.076 209.076 209.079 229.926 230.012 231.247 
  236.223 236.224 236.380 236.385 236.613 236.636 236.722 449.973 
  456.773 456.784 457.128 457.145 457.491 644.103 644.176 645.253 
  1575.676 


  >>> Running RHF-MP2 <<<


RMP2-TIMING
  rmp2                  :::      393.276 (100.00%)
  Total                 :::      393.276 (100.00%)

MP2 correlation energy (RHF) : -0.8728500275
MP2 total energy       (RHF) : -170.7114476928


  >>> Running UHF <<<

init D/C      : input mo_coeff
init ov       : zeros
no            : 13 14
nv            : 570 569
ov_size       : 15376
max_cycle     : 1000
conv          : 6
econv         : 9
method        : diis
mom_start     : 0
guess mix     : 0.000000
orb_swap      : [[[0, 13]], []]
init E        : -154.261321837455
init S2       : 0.750000000000115
init |[F,P]|  : 1.35e-02
init |dE|     : 4.11e-02
check file    : None

iter      total energy   |[F,P]|      |dE|         ∆E   S^2   comment
   1    -154.524088787  9.83e-03  2.81e-02  -2.63e-01  0.75  DIIS mom: 12.5/13 13.5/14
   2    -154.955211263  1.32e-03  3.48e-03  -4.31e-01  0.76  DIIS mom: 12.9/13 13.9/14
   3    -154.965260530  4.24e-04  1.08e-03  -1.00e-02  0.77  DIIS mom: 13.0/13 14.0/14
   4    -154.967160115  2.59e-04  6.32e-04  -1.90e-03  0.78  DIIS mom: 13.0/13 14.0/14
   5    -154.968813531  2.08e-04  4.97e-04  -1.65e-03  0.80  DIIS mom: 13.0/13 14.0/14
   6    -154.970611920  1.64e-04  3.84e-04  -1.80e-03  0.83  DIIS mom: 13.0/13 14.0/14
   7    -154.972686516  9.49e-05  2.13e-04  -2.07e-03  0.92  DIIS mom: 13.0/13 14.0/14
   8    -154.973156738  6.20e-05  1.19e-04  -4.70e-04  0.96  DIIS mom: 13.0/13 14.0/14
   9    -154.973300511  5.37e-05  9.90e-05  -1.44e-04  0.98  DIIS mom: 13.0/13 14.0/14
  10    -154.973470588  4.37e-05  8.09e-05  -1.70e-04  1.00  DIIS mom: 13.0/13 14.0/14
  11    -154.973675595  2.66e-05  5.46e-05  -2.05e-04  1.03  DIIS mom: 13.0/13 14.0/14
  12    -154.973739435  1.46e-05  3.32e-05  -6.38e-05  1.05  DIIS mom: 13.0/13 14.0/14
  13    -154.973753250  8.66e-06  2.01e-05  -1.38e-05  1.06  DIIS mom: 13.0/13 14.0/14
  14    -154.973758915  5.07e-06  1.19e-05  -5.67e-06  1.06  DIIS mom: 13.0/13 14.0/14
  15    -154.973760289  2.27e-06  5.13e-06  -1.37e-06  1.06  DIIS mom: 13.0/13 14.0/14
  16    -154.973760565  9.29e-07  1.99e-06  -2.77e-07  1.06  DIIS mom: 13.0/13 14.0/14
  17    -154.973760594  3.39e-07  7.36e-07  -2.87e-08  1.06  DIIS mom: 13.0/13 14.0/14
  18    -154.973760596  1.46e-07  3.24e-07  -2.16e-09  1.06  DIIS mom: 13.0/13 14.0/14
  19    -154.973760597  5.18e-08  1.26e-07  -7.62e-10  1.06  DIIS mom: 13.0/13 14.0/14
                                                                      diis is converged!

SCF converged : True
final |[F,P]| : 5.18e-08
final |dE|    : 1.26e-07
final Escf    : -245.35094884738
final Etot    : -154.973760596837
final S2      : 1.06387024169958

  diis prep             :::        0.469 (  0.04%)
  diis extrap           :::        0.512 (  0.05%)
  roothaan              :::        1.838 (  0.16%)
  fock build            :::     1126.420 ( 99.75%)
  Total                 :::     1129.239 (100.00%)

Alpha occupied
  -11.701 -11.531 -11.524  -1.623  -1.362  -1.157  -0.984  -0.942 
   -0.910  -0.871  -0.835  -0.802  -0.664 

Alpha virtual
  -14.139  -0.191  -0.136  -0.078  -0.051  -0.040  -0.023   0.010 
    0.011   0.018   0.045   0.065   0.068   0.078   0.114   0.122 
    0.163   0.175   0.188   0.199   0.210   0.227   0.249   0.257 
    0.281   0.283   0.323   0.327   0.338   0.389   0.393   0.399 
    0.440   0.453   0.472   0.485   0.524   0.526   0.549   0.561 
    0.574   0.590   0.611   0.612   0.644   0.662   0.697   0.710 
    0.735   0.753   0.755   0.763   0.803   0.808   0.820   0.842 
    0.859   0.871   0.899   0.906   0.912   0.931   0.934   0.982 
    1.073   1.085   1.102   1.133   1.164   1.166   1.180   1.217 
    1.228   1.269   1.280   1.287   1.289   1.307   1.340   1.344 
    1.354   1.371   1.399   1.415   1.428   1.433   1.456   1.495 
    1.518   1.521   1.545   1.564   1.607   1.639   1.683   1.698 
    1.701   1.723   1.750   1.767   1.785   1.844   1.849   1.858 
    1.868   1.907   1.913   1.916   1.955   1.958   1.986   2.010 
    2.017   2.051   2.096   2.124   2.132   2.156   2.169   2.188 
    2.236   2.242   2.248   2.268   2.323   2.368   2.384   2.417 
    2.435   2.517   2.543   2.544   2.605   2.630   2.686   2.741 
    2.768   2.773   2.779   2.824   2.880   2.909   2.933   2.939 
    2.963   3.009   3.015   3.062   3.070   3.090   3.145   3.197 
    3.204   3.213   3.245   3.271   3.274   3.294   3.382   3.390 
    3.423   3.424   3.453   3.467   3.487   3.498   3.537   3.542 
    3.552   3.603   3.609   3.629   3.693   3.719   3.745   3.765 
    3.767   3.769   3.810   3.832   3.847   3.900   3.931   3.948 
    3.958   3.975   4.015   4.028   4.089   4.126   4.172   4.187 
    4.198   4.198   4.232   4.274   4.288   4.327   4.349   4.363 
    4.383   4.432   4.459   4.461   4.482   4.527   4.543   4.549 
    4.568   4.578   4.611   4.661   4.702   4.747   4.779   4.799 
    4.803   4.886   4.888   4.932   4.945   4.992   5.011   5.026 
    5.073   5.090   5.091   5.120   5.157   5.163   5.196   5.214 
    5.215   5.293   5.325   5.380   5.389   5.392   5.405   5.418 
    5.455   5.544   5.547   5.578   5.600   5.643   5.663   5.683 
    5.687   5.763   5.766   5.835   5.906   6.012   6.034   6.102 
    6.157   6.163   6.214   6.249   6.303   6.344   6.367   6.487 
    6.500   6.613   6.635   6.697   6.711   6.783   6.805   6.904 
    6.955   7.027   7.077   7.148   7.171   7.188   7.259   7.332 
    7.341   7.365   7.381   7.424   7.448   7.491   7.496   7.532 
    7.563   7.674   7.696   7.732   7.742   7.871   7.895   7.896 
    7.996   8.006   8.022   8.214   8.244   8.293   8.325   8.397 
    8.419   8.545   8.596   8.644   8.661   8.709   8.744   8.761 
    8.837   8.912   9.002   9.033   9.048   9.120   9.145   9.192 
    9.233   9.258   9.318   9.381   9.439   9.477   9.497   9.563 
    9.580   9.589   9.624   9.642   9.692   9.698   9.715   9.826 
    9.845   9.860   9.887   9.895   9.964   9.972  10.021  10.026 
   10.067  10.103  10.119  10.157  10.210  10.237  10.395  10.412 
   10.434  10.451  10.473  10.541  10.580  10.638  10.644  10.644 
   10.677  10.691  10.711  10.812  10.863  10.891  10.899  10.930 
   10.932  10.946  10.967  11.085  11.112  11.217  11.231  11.327 
   11.373  11.376  11.440  11.481  11.532  11.533  11.632  11.709 
   11.781  11.823  11.935  11.946  11.988  12.152  12.202  12.323 
   12.333  12.391  12.418  12.466  12.494  12.520  12.532  12.564 
   12.589  12.604  12.625  12.648  12.668  12.708  12.770  12.784 
   12.805  12.877  12.926  12.941  13.041  13.090  13.116  13.205 
   13.214  13.357  13.402  13.428  13.472  13.522  13.562  13.563 
   13.576  13.724  13.754  13.760  13.781  13.801  13.814  13.840 
   13.841  13.861  13.868  13.882  13.920  13.981  13.997  14.037 
   14.037  14.072  14.100  14.126  14.138  14.174  14.174  14.211 
   14.238  14.308  14.318  14.344  14.377  14.419  14.529  14.563 
   14.603  14.650  14.756  14.793  14.804  14.835  14.843  14.856 
   14.923  15.020  15.172  15.292  15.309  15.375  15.407  15.508 
   15.581  15.680  15.716  15.778  15.844  15.925  16.028  16.096 
   16.157  16.184  16.494  16.666  16.900  16.956  17.067  17.122 
   17.240  17.348  17.387  17.489  17.582  17.600  17.676  17.854 
   17.868  17.966  18.193  18.397  18.631  18.739  18.741  18.757 
   18.860  19.069  19.212  19.451  20.196  20.605  20.786  21.283 
   24.365  28.811  28.933  30.822  39.306  40.356  42.094  49.073 
   49.098  49.787  49.821  50.464  57.294  57.297  57.663  57.675 
   58.180  58.234  58.355  64.402  81.243  81.342  82.857 148.293 
  148.310 148.797 148.820 149.268 169.898 206.959 206.959 206.961 
  206.961 206.966 206.966 206.975 206.976 206.977 227.232 227.317 
  228.549 233.732 233.733 233.884 233.889 234.115 234.136 234.221 
  446.675 453.518 453.529 453.871 453.886 454.233 640.487 640.559 
  641.634 1571.549 

Beta occupied
  -18.449 -11.684 -11.530 -11.524  -1.727  -1.364  -1.149  -1.064 
   -0.988  -0.987  -0.959  -0.885  -0.805  -0.686 

Beta virtual
   -0.180  -0.146  -0.079  -0.050  -0.039  -0.038   0.010   0.020 
    0.024   0.046   0.069   0.071   0.077   0.111   0.128   0.164 
    0.173   0.188   0.189   0.209   0.230   0.250   0.262   0.281 
    0.283   0.327   0.330   0.340   0.389   0.392   0.403   0.443 
    0.448   0.471   0.489   0.529   0.531   0.552   0.563   0.572 
    0.583   0.611   0.612   0.646   0.664   0.701   0.712   0.735 
    0.754   0.760   0.763   0.802   0.805   0.810   0.838   0.857 
    0.871   0.889   0.901   0.909   0.927   0.932   0.975   1.065 
    1.091   1.103   1.132   1.165   1.177   1.186   1.226   1.233 
    1.266   1.282   1.290   1.290   1.307   1.337   1.352   1.355 
    1.372   1.395   1.403   1.427   1.428   1.450   1.487   1.521 
    1.524   1.544   1.562   1.608   1.640   1.687   1.699   1.703 
    1.721   1.751   1.766   1.784   1.846   1.847   1.858   1.868 
    1.908   1.910   1.911   1.957   1.959   1.984   2.008   2.014 
    2.051   2.090   2.124   2.132   2.154   2.162   2.183   2.227 
    2.241   2.252   2.270   2.311   2.359   2.384   2.416   2.429 
    2.517   2.539   2.542   2.603   2.629   2.682   2.734   2.759 
    2.764   2.780   2.823   2.876   2.908   2.935   2.939   2.961 
    3.000   3.015   3.060   3.068   3.097   3.144   3.194   3.207 
    3.207   3.244   3.260   3.268   3.289   3.366   3.393   3.413 
    3.420   3.448   3.471   3.488   3.502   3.540   3.553   3.554 
    3.607   3.615   3.633   3.691   3.722   3.752   3.763   3.769 
    3.771   3.815   3.830   3.842   3.898   3.913   3.944   3.952 
    3.957   4.021   4.029   4.066   4.125   4.170   4.188   4.198 
    4.198   4.236   4.270   4.288   4.328   4.351   4.365   4.382 
    4.432   4.454   4.462   4.483   4.524   4.540   4.545   4.566 
    4.580   4.611   4.660   4.701   4.748   4.778   4.800   4.803 
    4.886   4.887   4.921   4.943   4.992   5.011   5.026   5.073 
    5.078   5.090   5.120   5.156   5.162   5.195   5.214   5.216 
    5.293   5.321   5.363   5.369   5.389   5.404   5.413   5.453 
    5.541   5.542   5.572   5.594   5.637   5.661   5.676   5.684 
    5.759   5.766   5.831   5.904   6.004   6.026   6.098   6.153 
    6.157   6.189   6.218   6.300   6.332   6.367   6.469   6.494 
    6.606   6.623   6.686   6.704   6.763   6.803   6.890   6.952 
    7.027   7.056   7.146   7.167   7.185   7.250   7.323   7.334 
    7.376   7.387   7.420   7.438   7.488   7.495   7.533   7.564 
    7.672   7.688   7.710   7.739   7.867   7.895   7.896   7.996 
    8.007   8.016   8.214   8.241   8.289   8.313   8.400   8.414 
    8.544   8.600   8.649   8.662   8.712   8.739   8.762   8.835 
    8.891   8.994   9.032   9.041   9.116   9.126   9.192   9.228 
    9.259   9.315   9.383   9.437   9.480   9.498   9.573   9.591 
    9.598   9.631   9.653   9.695   9.701   9.723   9.824   9.849 
    9.865   9.885   9.898   9.953   9.974  10.023  10.031  10.062 
   10.102  10.121  10.153  10.212  10.225  10.395  10.397  10.431 
   10.431  10.456  10.470  10.515  10.587  10.631  10.631  10.655 
   10.683  10.710  10.797  10.855  10.884  10.894  10.925  10.933 
   10.944  10.968  11.083  11.112  11.216  11.231  11.326  11.367 
   11.376  11.421  11.483  11.531  11.541  11.640  11.720  11.782 
   11.823  11.931  11.945  11.985  12.147  12.198  12.323  12.330 
   12.364  12.422  12.466  12.489  12.520  12.532  12.563  12.589 
   12.604  12.625  12.648  12.664  12.705  12.770  12.784  12.805 
   12.876  12.926  12.939  13.041  13.090  13.116  13.205  13.210 
   13.357  13.399  13.418  13.468  13.519  13.560  13.562  13.575 
   13.723  13.753  13.759  13.780  13.799  13.807  13.811  13.811 
   13.855  13.858  13.879  13.918  13.978  13.996  14.001  14.001 
   14.063  14.097  14.112  14.116  14.161  14.170  14.204  14.237 
   14.307  14.317  14.342  14.374  14.420  14.525  14.557  14.603 
   14.644  14.751  14.772  14.800  14.827  14.832  14.852  14.920 
   15.016  15.171  15.292  15.308  15.370  15.404  15.474  15.551 
   15.667  15.709  15.771  15.836  15.919  16.027  16.093  16.151 
   16.181  16.481  16.644  16.820  16.888  17.057  17.119  17.239 
   17.348  17.384  17.489  17.557  17.592  17.664  17.852  17.868 
   17.966  18.194  18.395  18.598  18.690  18.720  18.745  18.835 
   19.059  19.209  19.450  20.128  20.605  20.787  21.283  24.060 
   28.486  28.608  30.533  39.309  40.357  42.094  48.904  48.929 
   49.625  49.659  50.304  57.198  57.201  57.572  57.584  58.092 
   58.146  58.264  63.950  80.828  80.928  82.456 148.033 148.049 
  148.540 148.562 149.012 169.465 206.846 206.846 206.849 206.849 
  206.855 206.855 206.864 206.866 206.867 226.846 226.931 228.168 
  233.539 233.540 233.693 233.698 233.925 233.946 234.030 446.328 
  453.253 453.264 453.606 453.622 453.969 640.192 640.265 641.341 
  1571.332 


  >>> Running UHF-MP2 <<<

MP2 correlation energy (UHF) : -0.8144386862
MP2 total energy       (UHF) : -155.7881992830

