	*********************************************** 
	***** Beginning CEBE Calculation with MOM ***** 
	*****       Calculation Details:          ***** 
	      Geometry:	 /work/morgunov/core/calculations/mols/exp/c/ch3-c-ho.xyz
	      Core Basis:	 cc-pCV5Z
	      Full Basis:	 cc-pV5Z
	      Do localization?:	 False
	      Do SFX2C1E?:	 True
	      Freeze orbitals?:	 True
	      Use Cheng orbitals?:	 False
	      Do Special Basis?:	 False
	*********************************************** 
	*********************************************** 

  >>> Running RHF <<<

init D/C      : minao
init ov       : zeros
no            : 12
nv            : 589
ov_size       : 7068
max_cycle     : 1000
conv          : 6
econv         : 9
method        : gdm
scale_stop    : 0
scale_factor  : 1.000000
init E        : -152.869177430638
init |[F,P]|  : 5.88e-03
init |dE|     : 1.69e-02
check file    : None

iter      total energy   |[F,P]|      |dE|         ∆E   comment
   1    -152.910854094  5.22e-03  1.58e-02  -4.17e-02  BFGS
   2    -152.987439812  4.74e-04  1.23e-03  -7.66e-02  BFGS
   3    -152.988614968  1.49e-04  3.91e-04  -1.18e-03  BFGS
   4    -152.988846341  7.24e-05  1.97e-04  -2.31e-04  BFGS
   5    -152.988871899  3.05e-05  8.04e-05  -2.56e-05  BFGS
   6    -152.988876473  4.72e-06  1.10e-05  -4.57e-06  BFGS
   7    -152.988876600  1.42e-06  3.51e-06  -1.27e-07  BFGS
   8    -152.988876611  3.05e-07  7.38e-07  -1.05e-08  BFGS
   9    -152.988876611  6.94e-08  1.75e-07  -4.49e-10  BFGS
                                                                      gdm is converged!

SCF converged : True
final |[F,P]| : 6.94e-08
final |dE|    : 1.75e-07
final Escf    : -222.975424490607
final Etot    : -152.988876611013

  pxp & ewc             :::        0.477 (  0.04%)
  apply B               :::        0.003 (  0.00%)
  linsrch               :::     1176.251 ( 99.96%)
  grad                  :::        0.017 (  0.00%)
  Total                 :::     1176.747 (100.00%)

Alpha occupied
  -20.556 -11.334 -11.239  -1.393  -1.027  -0.804  -0.677  -0.626 
   -0.609  -0.564  -0.504  -0.428 

Alpha virtual
    0.089   0.109   0.124   0.130   0.147   0.173   0.198   0.212 
    0.227   0.249   0.286   0.324   0.367   0.382   0.400   0.419 
    0.425   0.462   0.471   0.515   0.517   0.528   0.568   0.568 
    0.599   0.603   0.640   0.659   0.670   0.706   0.731   0.741 
    0.744   0.782   0.826   0.841   0.871   0.885   0.892   0.900 
    0.941   0.952   0.975   1.018   1.031   1.044   1.078   1.085 
    1.088   1.126   1.164   1.218   1.226   1.278   1.320   1.328 
    1.359   1.422   1.429   1.454   1.456   1.499   1.546   1.547 
    1.558   1.562   1.600   1.621   1.641   1.658   1.712   1.728 
    1.742   1.748   1.833   1.844   1.865   1.872   1.909   1.910 
    1.918   1.949   1.950   1.981   2.010   2.068   2.076   2.096 
    2.099   2.118   2.145   2.171   2.189   2.232   2.233   2.252 
    2.281   2.350   2.394   2.397   2.406   2.464   2.478   2.508 
    2.563   2.564   2.646   2.665   2.684   2.715   2.723   2.763 
    2.785   2.831   2.836   2.932   2.982   3.026   3.077   3.113 
    3.160   3.170   3.225   3.237   3.250   3.261   3.290   3.304 
    3.351   3.369   3.433   3.453   3.458   3.493   3.557   3.630 
    3.682   3.690   3.698   3.699   3.758   3.771   3.793   3.863 
    3.866   3.877   3.959   3.977   4.000   4.030   4.058   4.081 
    4.122   4.138   4.143   4.166   4.188   4.243   4.253   4.292 
    4.311   4.322   4.386   4.395   4.414   4.469   4.532   4.543 
    4.612   4.617   4.641   4.673   4.677   4.723   4.726   4.745 
    4.748   4.779   4.799   4.835   4.865   4.919   4.950   4.962 
    4.991   4.998   5.094   5.123   5.158   5.159   5.166   5.197 
    5.257   5.293   5.332   5.350   5.357   5.406   5.475   5.486 
    5.509   5.516   5.533   5.594   5.620   5.677   5.723   5.756 
    5.767   5.801   5.814   5.829   5.840   5.895   5.952   6.015 
    6.091   6.119   6.166   6.181   6.208   6.232   6.258   6.298 
    6.317   6.367   6.441   6.535   6.586   6.629   6.754   6.825 
    6.911   6.928   6.997   7.050   7.100   7.133   7.137   7.150 
    7.222   7.236   7.303   7.321   7.331   7.373   7.460   7.475 
    7.553   7.601   7.629   7.636   7.646   7.691   7.705   7.811 
    7.865   7.865   7.910   8.013   8.035   8.112   8.134   8.180 
    8.232   8.472   8.578   8.604   8.631   8.631   8.707   8.840 
    8.905   8.969   9.030   9.057   9.216   9.237   9.284   9.289 
    9.381   9.448   9.492   9.547   9.567   9.710   9.746   9.810 
    9.893   9.899  10.028  10.042  10.082  10.116  10.144  10.189 
   10.272  10.297  10.341  10.422  10.441  10.444  10.537  10.591 
   10.615  10.675  10.745  10.782  10.806  10.807  10.847  10.933 
   11.006  11.036  11.075  11.127  11.272  11.341  11.342  11.353 
   11.474  11.492  11.579  11.633  11.695  11.799  11.810  11.813 
   12.158  12.389  12.400  12.529  12.545  12.643  12.670  12.705 
   12.742  12.750  12.770  12.800  12.812  12.827  12.849  12.867 
   12.897  12.906  12.933  12.991  13.018  13.032  13.053  13.078 
   13.090  13.205  13.273  13.322  13.331  13.429  13.438  13.486 
   13.490  13.547  13.573  13.620  13.622  13.666  13.672  13.734 
   13.862  13.865  13.938  13.945  14.014  14.074  14.087  14.096 
   14.141  14.177  14.198  14.209  14.241  14.286  14.297  14.318 
   14.332  14.337  14.369  14.378  14.390  14.408  14.461  14.503 
   14.514  14.571  14.581  14.608  14.623  14.655  14.726  14.789 
   14.798  14.875  14.911  14.946  14.971  15.024  15.034  15.157 
   15.231  15.357  15.498  15.500  15.638  15.670  15.735  15.755 
   15.841  15.963  16.035  16.048  16.158  16.161  16.196  16.266 
   16.272  16.506  16.804  16.809  16.914  16.914  17.015  17.132 
   17.404  17.539  17.618  17.689  17.784  17.879  17.917  17.978 
   18.008  18.127  18.251  18.339  18.395  18.467  18.500  18.529 
   18.586  18.593  18.655  18.707  18.749  18.757  18.802  18.972 
   18.987  19.152  19.196  19.446  19.491  19.526  19.591  19.796 
   19.832  20.008  20.173  20.412  20.458  20.530  20.652  21.095 
   21.396  21.640  21.732  22.310  22.332  22.451  23.339  23.477 
   23.808  24.022  24.124  24.326  24.549  25.308  35.874  36.176 
   36.388  36.626  36.693  37.045  37.349  37.479  37.525  37.542 
   47.098  47.161  47.229  47.317  47.429  47.476  47.638  47.642 
   47.692  47.758  47.837  47.889  48.108  48.562  50.889  51.867 
   59.299  60.826  61.223  61.224  61.338  61.406  64.318 107.823 
  108.000 108.216 108.340 108.389 108.650 108.849 108.899 108.973 
  108.983 130.512 131.453 165.213 166.490 166.813 166.831 166.949 
  167.007 167.465 167.466 167.472 167.472 167.473 167.474 167.483 
  167.507 167.523 167.571 167.572 167.575 167.577 167.577 167.579 
  167.594 167.604 167.609 188.303 188.324 188.350 188.404 188.459 
  188.517 188.535 188.574 188.595 188.625 188.660 188.673 188.720 
  188.961 329.570 329.691 329.819 329.952 329.984 330.145 330.272 
  330.310 330.400 330.403 338.066 338.949 465.147 466.237 466.529 
  466.557 466.657 466.705 1175.980 1179.273 


  >>> Running RHF-MP2 <<<


RMP2-TIMING
  rmp2                  :::      789.063 (100.00%)
  Total                 :::      789.063 (100.00%)

MP2 correlation energy (RHF) : -0.7668187368
MP2 total energy       (RHF) : -153.7556953479


  >>> Running UHF <<<

init D/C      : input mo_coeff
init ov       : zeros
no            : 11 12
nv            : 590 589
ov_size       : 13558
max_cycle     : 1000
conv          : 6
econv         : 9
method        : diis
mom_start     : 0
guess mix     : 0.000000
orb_swap      : [[[1, 11]], []]
init E        : -141.655262606611
init S2       : 0.750000000000096
init |[F,P]|  : 1.18e-02
init |dE|     : 3.54e-02
check file    : None

iter      total energy   |[F,P]|      |dE|         ∆E   S^2   comment
   1    -141.922669321  7.88e-03  2.20e-02  -2.67e-01  0.76  DIIS mom: 10.7/11 11.6/12
   2    -141.996005243  6.14e-03  1.77e-02  -7.33e-02  0.76  DIIS mom: 10.8/11 11.8/12
   3    -142.013063363  5.87e-03  1.75e-02  -1.71e-02  0.77  DIIS mom: 10.9/11 11.8/12
   4    -142.034553845  5.35e-03  1.64e-02  -2.15e-02  0.78  DIIS mom: 10.8/11 11.9/12
   5    -142.048055185  5.17e-03  1.57e-02  -1.35e-02  0.79  DIIS mom: 10.9/11 11.9/12
   6    -142.066976197  4.76e-03  1.48e-02  -1.89e-02  0.80  DIIS mom: 10.9/11 11.9/12
   7    -142.082742189  4.52e-03  1.38e-02  -1.58e-02  0.82  DIIS mom: 10.9/11 11.9/12
   8    -142.101689002  4.09e-03  1.27e-02  -1.89e-02  0.84  DIIS mom: 10.9/11 11.9/12
   9    -142.118621359  3.76e-03  1.15e-02  -1.69e-02  0.86  DIIS mom: 10.9/11 11.9/12
  10    -142.136597435  3.31e-03  1.03e-02  -1.80e-02  0.89  DIIS mom: 10.9/11 11.9/12
  11    -142.152446374  2.91e-03  8.96e-03  -1.58e-02  0.93  DIIS mom: 11.0/11 11.9/12
  12    -142.167282378  2.45e-03  7.60e-03  -1.48e-02  0.96  DIIS mom: 11.0/11 12.0/12
  13    -142.179380144  2.04e-03  6.31e-03  -1.21e-02  1.01  DIIS mom: 11.0/11 12.0/12
  14    -142.189187783  3.61e-04  9.51e-04  -9.81e-03  0.83  DIIS mom: 11.0/11 12.0/12
  15    -142.183827277  1.05e-03  3.28e-03   5.36e-03  0.83  DIIS mom: 11.0/11 12.0/12
  16    -142.202538699  6.22e-04  1.93e-03  -1.87e-02  1.14  DIIS mom: 11.0/11 11.9/12
  17    -142.183614158  8.33e-04  2.63e-03   1.89e-02  0.82  DIIS mom: 11.0/11 11.9/12
  18    -142.196563649  7.67e-04  2.03e-03  -1.29e-02  1.58  DIIS mom: 10.8/11 11.8/12
  19    -142.197748634  7.23e-04  1.92e-03  -1.18e-03  1.57  DIIS mom: 11.0/11 12.0/12
  20    -142.197611569  1.20e-03  3.96e-03   1.37e-04  1.21  DIIS mom: 11.0/11 12.0/12
  21    -142.204441842  7.72e-04  2.43e-03  -6.83e-03  1.28  DIIS mom: 11.0/11 12.0/12
  22    -142.208433450  2.15e-04  6.98e-04  -3.99e-03  1.32  DIIS mom: 11.0/11 12.0/12
  23    -142.208198342  2.66e-04  8.47e-04   2.35e-04  1.29  DIIS mom: 11.0/11 12.0/12
  24    -142.208259672  2.30e-04  7.38e-04  -6.13e-05  1.28  DIIS mom: 11.0/11 12.0/12
  25    -142.208777800  3.13e-05  8.59e-05  -5.18e-04  1.31  DIIS mom: 11.0/11 12.0/12
  26    -142.208352913  1.12e-04  2.86e-04   4.25e-04  1.38  DIIS mom: 11.0/11 12.0/12
  27    -142.205531185  3.26e-04  8.47e-04   2.82e-03  1.48  DIIS mom: 11.0/11 12.0/12
  28    -142.205215088  2.54e-04  6.50e-04   3.16e-04  1.12  DIIS mom: 11.0/11 12.0/12
  29    -142.208760862  2.64e-05  6.96e-05  -3.55e-03  1.33  DIIS mom: 11.0/11 12.0/12
  30    -142.208783671  8.51e-06  2.20e-05  -2.28e-05  1.32  DIIS mom: 11.0/11 12.0/12
  31    -142.208786510  6.92e-07  1.74e-06  -2.84e-06  1.31  DIIS mom: 11.0/11 12.0/12
  32    -142.208786503  6.65e-07  1.69e-06   7.73e-09  1.31  DIIS mom: 11.0/11 12.0/12
  33    -142.208786519  1.10e-07  2.84e-07  -1.63e-08  1.31  DIIS mom: 11.0/11 12.0/12
  34    -142.208786519  3.78e-08  1.08e-07  -3.12e-10  1.31  DIIS mom: 11.0/11 12.0/12
                                                                      diis is converged!

SCF converged : True
final |[F,P]| : 3.78e-08
final |dE|    : 1.08e-07
final Escf    : -212.195334398882
final Etot    : -142.208786519287
final S2      : 1.31419968143335

  diis prep             :::        0.963 (  0.02%)
  diis extrap           :::        1.010 (  0.02%)
  roothaan              :::        3.933 (  0.08%)
  fock build            :::     4848.402 ( 99.88%)
  Total                 :::     4854.308 (100.00%)

Alpha occupied
  -20.975 -11.513  -1.831  -1.330  -1.151  -1.058  -0.987  -0.978 
   -0.821  -0.820  -0.795 

Alpha virtual
  -10.202  -0.194  -0.097  -0.061  -0.035  -0.030  -0.009   0.011 
    0.028   0.044   0.047   0.096   0.112   0.146   0.161   0.206 
    0.212   0.225   0.227   0.230   0.270   0.289   0.305   0.352 
    0.353   0.388   0.393   0.420   0.442   0.457   0.477   0.502 
    0.520   0.532   0.546   0.567   0.594   0.612   0.648   0.658 
    0.675   0.686   0.748   0.751   0.776   0.811   0.826   0.851 
    0.862   0.864   0.882   0.926   0.987   1.015   1.038   1.044 
    1.082   1.085   1.167   1.182   1.198   1.205   1.251   1.290 
    1.305   1.310   1.320   1.353   1.377   1.389   1.410   1.454 
    1.468   1.488   1.504   1.585   1.586   1.601   1.617   1.636 
    1.651   1.683   1.709   1.715   1.736   1.745   1.800   1.812 
    1.830   1.857   1.882   1.900   1.929   1.936   1.992   2.016 
    2.017   2.035   2.087   2.121   2.142   2.161   2.239   2.245 
    2.263   2.285   2.305   2.382   2.393   2.425   2.441   2.456 
    2.505   2.510   2.565   2.566   2.632   2.715   2.752   2.792 
    2.832   2.876   2.893   2.904   2.946   2.974   2.980   2.996 
    3.005   3.070   3.076   3.131   3.157   3.200   3.203   3.287 
    3.355   3.400   3.423   3.424   3.450   3.477   3.507   3.522 
    3.577   3.579   3.594   3.699   3.717   3.724   3.730   3.790 
    3.836   3.837   3.870   3.888   3.897   3.925   3.976   4.002 
    4.009   4.055   4.061   4.103   4.117   4.132   4.207   4.239 
    4.270   4.316   4.327   4.381   4.388   4.398   4.442   4.478 
    4.486   4.490   4.504   4.544   4.585   4.609   4.639   4.681 
    4.691   4.709   4.729   4.815   4.856   4.888   4.900   4.904 
    4.915   4.993   5.007   5.031   5.071   5.106   5.126   5.209 
    5.219   5.254   5.260   5.262   5.329   5.334   5.374   5.477 
    5.477   5.493   5.518   5.540   5.568   5.568   5.637   5.709 
    5.720   5.791   5.797   5.872   5.891   5.924   5.953   5.968 
    6.011   6.024   6.062   6.158   6.271   6.283   6.337   6.434 
    6.512   6.595   6.615   6.700   6.739   6.816   6.824   6.883 
    6.886   6.898   6.912   6.964   6.985   7.032   7.051   7.145 
    7.183   7.216   7.268   7.294   7.303   7.330   7.367   7.391 
    7.506   7.519   7.534   7.578   7.653   7.710   7.800   7.885 
    7.911   7.968   8.136   8.230   8.249   8.291   8.339   8.345 
    8.476   8.580   8.650   8.709   8.742   8.886   8.943   8.974 
    9.014   9.094   9.122   9.192   9.237   9.247   9.389   9.414 
    9.475   9.575   9.618   9.713   9.730   9.787   9.793   9.810 
    9.917   9.943   9.998  10.052  10.114  10.137  10.145  10.220 
   10.274  10.340  10.348  10.416  10.420  10.466  10.490  10.499 
   10.637  10.656  10.713  10.759  10.774  10.964  11.006  11.015 
   11.041  11.127  11.224  11.295  11.306  11.352  11.423  11.448 
   11.548  11.829  11.914  11.996  12.272  12.293  12.352  12.404 
   12.418  12.470  12.477  12.493  12.503  12.532  12.560  12.592 
   12.602  12.618  12.644  12.666  12.667  12.701  12.764  12.767 
   12.788  12.851  12.869  12.922  12.983  13.025  13.140  13.176 
   13.210  13.243  13.281  13.290  13.328  13.330  13.407  13.422 
   13.446  13.533  13.566  13.598  13.657  13.772  13.786  13.817 
   13.825  13.860  13.876  13.889  13.897  13.916  13.917  13.962 
   13.971  13.987  14.038  14.081  14.095  14.138  14.154  14.162 
   14.227  14.230  14.259  14.320  14.322  14.335  14.399  14.408 
   14.492  14.494  14.612  14.643  14.654  14.692  14.730  14.768 
   14.854  14.920  15.095  15.138  15.224  15.340  15.375  15.415 
   15.520  15.597  15.619  15.682  15.778  15.793  15.838  15.892 
   15.970  15.979  16.234  16.404  16.421  16.550  16.671  16.726 
   16.776  17.044  17.294  17.351  17.421  17.454  17.565  17.620 
   17.728  17.765  17.835  17.861  17.964  18.119  18.183  18.218 
   18.228  18.253  18.286  18.321  18.413  18.460  18.461  18.555 
   18.600  18.637  18.755  18.801  19.032  19.058  19.116  19.176 
   19.410  19.424  19.583  19.670  19.987  20.171  20.196  20.280 
   20.581  20.932  21.060  21.076  21.924  22.016  22.063  22.707 
   23.055  23.428  23.546  23.628  24.067  24.288  24.642  34.726 
   35.026  35.264  36.067  36.218  36.345  36.457  36.949  37.259 
   37.259  45.935  45.958  46.044  46.144  46.331  46.430  46.813 
   47.256  47.361  47.378  47.436  47.546  47.547  48.279  49.559 
   51.554  57.708  59.384  59.788  60.806  60.954  61.127  63.868 
  105.866 106.037 106.274 106.782 106.919 108.059 108.120 108.475 
  108.700 108.702 128.415 131.143 162.834 164.229 164.600 165.498 
  165.498 165.500 165.500 165.502 165.502 165.509 165.523 165.534 
  166.428 166.559 166.707 167.296 167.298 167.299 167.302 167.302 
  167.308 167.320 167.334 167.339 186.026 186.032 186.074 186.127 
  186.197 186.240 186.413 188.254 188.289 188.304 188.322 188.377 
  188.380 188.686 326.715 326.834 326.968 327.338 327.436 329.673 
  329.714 329.952 330.125 330.128 335.198 338.636 461.988 463.183 
  463.511 466.152 466.284 466.413 1172.480 1178.906 

Beta occupied
  -20.942 -13.897 -11.509  -1.800  -1.381  -1.198  -1.058  -1.014 
   -0.997  -0.821  -0.800  -0.782 

Beta virtual
   -0.169  -0.109  -0.064  -0.038  -0.029  -0.010   0.002   0.027 
    0.032   0.047   0.095   0.104   0.133   0.158   0.186   0.205 
    0.223   0.224   0.258   0.265   0.285   0.302   0.349   0.350 
    0.388   0.388   0.415   0.436   0.449   0.477   0.499   0.515 
    0.526   0.541   0.553   0.559   0.600   0.631   0.660   0.682 
    0.685   0.744   0.749   0.774   0.813   0.826   0.852   0.864 
    0.864   0.888   0.926   0.987   1.013   1.035   1.051   1.079 
    1.094   1.167   1.175   1.197   1.210   1.248   1.289   1.300 
    1.311   1.319   1.354   1.378   1.380   1.419   1.456   1.475 
    1.482   1.500   1.573   1.579   1.608   1.622   1.623   1.651 
    1.675   1.704   1.707   1.731   1.744   1.789   1.801   1.835 
    1.852   1.877   1.895   1.923   1.935   1.990   2.015   2.016 
    2.035   2.083   2.101   2.137   2.162   2.233   2.239   2.260 
    2.282   2.299   2.366   2.390   2.422   2.433   2.456   2.498 
    2.503   2.563   2.573   2.640   2.709   2.749   2.797   2.828 
    2.874   2.893   2.928   2.962   2.972   2.993   2.998   3.006 
    3.069   3.078   3.131   3.162   3.200   3.200   3.281   3.355 
    3.389   3.420   3.424   3.445   3.466   3.505   3.515   3.562 
    3.568   3.596   3.691   3.708   3.712   3.718   3.782   3.830 
    3.834   3.867   3.884   3.895   3.921   3.962   4.000   4.003 
    4.049   4.059   4.096   4.110   4.127   4.201   4.255   4.264 
    4.306   4.316   4.385   4.396   4.398   4.440   4.470   4.485 
    4.485   4.503   4.552   4.584   4.606   4.625   4.676   4.690 
    4.707   4.725   4.808   4.845   4.880   4.899   4.904   4.914 
    4.985   5.005   5.020   5.060   5.104   5.123   5.205   5.221 
    5.250   5.257   5.261   5.309   5.333   5.374   5.468   5.473 
    5.489   5.512   5.542   5.564   5.568   5.639   5.708   5.709 
    5.791   5.804   5.868   5.884   5.927   5.951   5.966   6.002 
    6.023   6.062   6.155   6.272   6.280   6.339   6.432   6.516 
    6.602   6.603   6.683   6.744   6.805   6.821   6.877   6.887 
    6.896   6.925   6.970   6.984   7.030   7.054   7.150   7.173 
    7.201   7.260   7.293   7.296   7.331   7.367   7.388   7.487 
    7.522   7.536   7.574   7.659   7.709   7.796   7.885   7.898 
    7.960   8.123   8.213   8.262   8.278   8.327   8.333   8.457 
    8.591   8.619   8.696   8.739   8.872   8.925   8.974   9.014 
    9.093   9.117   9.186   9.232   9.243   9.405   9.406   9.464 
    9.567   9.615   9.697   9.726   9.768   9.791   9.803   9.913 
    9.931   9.994  10.047  10.103  10.126  10.138  10.210  10.265 
   10.327  10.331  10.398  10.403  10.446  10.483  10.495  10.624 
   10.640  10.702  10.745  10.761  10.943  11.002  11.016  11.026 
   11.118  11.223  11.282  11.303  11.345  11.397  11.442  11.549 
   11.822  11.864  11.969  12.272  12.293  12.353  12.404  12.417 
   12.470  12.475  12.491  12.504  12.531  12.552  12.590  12.600 
   12.611  12.640  12.663  12.665  12.695  12.754  12.763  12.785 
   12.850  12.862  12.910  12.972  13.023  13.140  13.173  13.210 
   13.242  13.281  13.286  13.327  13.330  13.402  13.421  13.442 
   13.528  13.569  13.587  13.657  13.771  13.787  13.814  13.818 
   13.857  13.882  13.895  13.904  13.923  13.928  13.964  13.964 
   13.976  14.031  14.080  14.094  14.138  14.153  14.165  14.226 
   14.232  14.253  14.319  14.323  14.334  14.399  14.403  14.491 
   14.496  14.611  14.640  14.653  14.692  14.731  14.768  14.854 
   14.918  15.093  15.140  15.226  15.338  15.373  15.420  15.520 
   15.598  15.617  15.691  15.780  15.811  15.841  15.889  15.976 
   15.978  16.240  16.423  16.426  16.554  16.670  16.723  16.775 
   17.039  17.291  17.344  17.420  17.453  17.554  17.617  17.728 
   17.757  17.809  17.858  17.970  18.125  18.209  18.231  18.238 
   18.252  18.287  18.313  18.418  18.461  18.474  18.556  18.611 
   18.647  18.788  18.832  18.979  19.077  19.138  19.172  19.417 
   19.451  19.545  19.658  19.820  20.170  20.186  20.279  20.510 
   20.865  20.990  21.046  21.959  22.024  22.086  22.560  23.086 
   23.425  23.518  23.605  24.068  24.288  24.555  34.582  34.883 
   35.120  35.941  36.100  36.346  36.447  36.942  37.259  37.260 
   45.847  45.870  45.956  46.054  46.253  46.339  46.727  47.248 
   47.360  47.378  47.436  47.546  47.548  48.279  49.194  51.550 
   57.342  59.044  59.454  60.801  60.954  61.127  63.872 105.641 
  105.813 106.049 106.563 106.701 108.060 108.120 108.474 108.700 
  108.703 128.049 131.142 162.495 163.899 164.272 165.396 165.396 
  165.399 165.399 165.401 165.401 165.409 165.424 165.432 166.427 
  166.560 166.708 167.297 167.298 167.300 167.302 167.303 167.308 
  167.320 167.334 167.339 185.859 185.865 185.907 185.960 186.032 
  186.073 186.249 188.255 188.290 188.304 188.323 188.377 188.380 
  188.686 326.485 326.604 326.737 327.110 327.208 329.673 329.714 
  329.952 330.125 330.128 334.905 338.636 461.731 462.929 463.256 
  466.152 466.284 466.413 1172.298 1178.904 


  >>> Running UHF-MP2 <<<

MP2 correlation energy (UHF) : -0.6956944953
MP2 total energy       (UHF) : -142.9044810145

