	*********************************************** 
	***** Beginning CEBE Calculation with MOM ***** 
	*****       Calculation Details:          ***** 
	      Geometry:	 /work/morgunov/rev2calcs/mols/exp/o/ch3cooh.xyz
	      Core Basis:	 ccX-5Z
	      Full Basis:	 cc-pV5Z
	      DIIS (start, space):	 0 50
	      Level shift:	 0
	      Do localization?:	 False
	      Do SFX2C1E?:	 True
	      Freeze orbitals?:	 True
	      Use Cheng orbitals?:	 False
	      Do Special Basis?:	 True
	      Do Special Basis?:	 ccX-5Z
	*********************************************** 
	*********************************************** 

  >>> Running RHF <<<

init D/C      : minao
init ov       : zeros
no            : 16
nv            : 770
ov_size       : 12320
max_cycle     : 1000
conv          : 6
econv         : 9
method        : gdm
scale_stop    : 0
scale_factor  : 1.000000
init E        : -227.782131062531
init |[F,P]|  : 5.90e-03
init |dE|     : 1.48e-02
check file    : None

iter      total energy   |[F,P]|      |dE|         ∆E   comment
   1    -227.852941766  4.78e-03  1.16e-02  -7.08e-02  BFGS
   2    -227.921750833  5.59e-04  1.31e-03  -6.88e-02  BFGS
   3    -227.923052589  3.06e-04  7.24e-04  -1.30e-03  BFGS
   4    -227.923412840  7.63e-05  1.95e-04  -3.60e-04  BFGS
   5    -227.923450155  2.81e-05  6.84e-05  -3.73e-05  BFGS
   6    -227.923458628  6.95e-06  1.70e-05  -8.47e-06  BFGS
   7    -227.923458965  2.26e-06  5.40e-06  -3.37e-07  BFGS
   8    -227.923458998  5.77e-07  1.37e-06  -3.29e-08  BFGS
   9    -227.923458999  1.51e-07  3.69e-07  -1.77e-09  BFGS
  10    -227.923458999  2.61e-08  6.50e-08  -1.15e-10  BFGS
                                                                      gdm is converged!

SCF converged : True
final |[F,P]| : 2.61e-08
final |dE|    : 6.50e-08
final Escf    : -349.612708755744
final Etot    : -227.923458999486

  pxp & ewc             :::        0.909 (  0.05%)
  apply B               :::        0.004 (  0.00%)
  linsrch               :::     1815.912 ( 99.95%)
  grad                  :::        0.035 (  0.00%)
  Total                 :::     1816.860 (100.00%)

Alpha occupied
  -20.616 -20.547 -11.388 -11.243  -1.472  -1.362  -1.033  -0.827 
   -0.711  -0.685  -0.656  -0.587  -0.575  -0.566  -0.484  -0.458 

Alpha virtual
    0.082   0.109   0.120   0.132   0.152   0.157   0.165   0.173 
    0.184   0.186   0.215   0.233   0.253   0.272   0.296   0.312 
    0.341   0.363   0.391   0.410   0.432   0.436   0.451   0.488 
    0.502   0.517   0.524   0.546   0.552   0.575   0.593   0.608 
    0.624   0.627   0.633   0.638   0.661   0.672   0.682   0.694 
    0.694   0.754   0.797   0.814   0.836   0.843   0.865   0.874 
    0.916   0.937   0.942   0.969   0.969   1.017   1.030   1.055 
    1.070   1.070   1.077   1.116   1.141   1.199   1.200   1.242 
    1.244   1.272   1.335   1.361   1.392   1.410   1.416   1.427 
    1.444   1.448   1.451   1.482   1.486   1.487   1.511   1.518 
    1.548   1.573   1.576   1.606   1.614   1.619   1.681   1.691 
    1.722   1.728   1.765   1.768   1.782   1.791   1.844   1.870 
    1.894   1.910   1.936   1.958   1.979   1.989   2.003   2.012 
    2.035   2.081   2.086   2.136   2.173   2.179   2.184   2.212 
    2.226   2.255   2.270   2.300   2.319   2.347   2.424   2.426 
    2.434   2.467   2.476   2.480   2.483   2.526   2.542   2.638 
    2.647   2.711   2.713   2.736   2.760   2.773   2.804   2.830 
    2.861   2.877   2.899   2.974   2.988   3.057   3.105   3.112 
    3.162   3.164   3.193   3.211   3.219   3.248   3.264   3.294 
    3.296   3.306   3.317   3.337   3.360   3.381   3.438   3.442 
    3.455   3.511   3.512   3.532   3.561   3.562   3.619   3.645 
    3.646   3.679   3.690   3.780   3.783   3.810   3.814   3.839 
    3.848   3.858   3.936   3.965   3.993   4.002   4.022   4.070 
    4.073   4.134   4.149   4.161   4.177   4.179   4.205   4.221 
    4.254   4.258   4.301   4.306   4.368   4.369   4.403   4.464 
    4.472   4.503   4.522   4.527   4.573   4.576   4.608   4.678 
    4.727   4.736   4.740   4.760   4.767   4.774   4.792   4.810 
    4.897   4.920   4.935   4.952   4.999   5.035   5.065   5.089 
    5.142   5.185   5.196   5.220   5.269   5.304   5.310   5.374 
    5.393   5.407   5.441   5.452   5.459   5.482   5.503   5.575 
    5.576   5.643   5.644   5.702   5.734   5.765   5.772   5.832 
    5.834   5.854   5.930   5.971   5.997   6.000   6.026   6.045 
    6.064   6.121   6.170   6.221   6.239   6.284   6.293   6.326 
    6.440   6.460   6.496   6.560   6.585   6.612   6.656   6.722 
    6.727   6.794   6.817   6.924   6.965   6.998   7.039   7.068 
    7.096   7.097   7.122   7.150   7.189   7.203   7.208   7.246 
    7.246   7.282   7.292   7.362   7.406   7.450   7.494   7.500 
    7.546   7.575   7.628   7.645   7.660   7.665   7.717   7.721 
    7.767   7.819   7.824   7.851   7.927   7.959   7.974   7.984 
    8.137   8.163   8.196   8.210   8.257   8.278   8.371   8.481 
    8.523   8.557   8.571   8.665   8.719   8.725   8.861   8.983 
    9.010   9.047   9.115   9.162   9.197   9.383   9.392   9.408 
    9.460   9.493   9.521   9.594   9.615   9.682   9.717   9.757 
    9.877   9.878   9.909   9.950   9.975  10.035  10.061  10.075 
   10.154  10.183  10.277  10.293  10.376  10.410  10.421  10.435 
   10.479  10.483  10.503  10.573  10.588  10.631  10.662  10.671 
   10.743  10.761  10.848  10.868  10.968  10.970  10.997  11.119 
   11.142  11.198  11.230  11.387  11.521  11.549  11.582  11.597 
   11.602  11.653  11.739  11.810  11.840  12.057  12.204  12.216 
   12.318  12.374  12.497  12.516  12.589  12.622  12.650  12.693 
   12.707  12.752  12.764  12.781  12.787  12.800  12.835  12.836 
   12.859  12.899  12.917  12.947  12.970  12.994  13.036  13.055 
   13.077  13.096  13.117  13.188  13.191  13.210  13.282  13.357 
   13.366  13.433  13.477  13.527  13.549  13.589  13.598  13.646 
   13.680  13.704  13.714  13.782  13.843  13.850  13.867  13.913 
   13.967  13.998  14.092  14.108  14.147  14.168  14.190  14.232 
   14.264  14.295  14.303  14.311  14.370  14.383  14.393  14.418 
   14.432  14.432  14.456  14.508  14.552  14.579  14.588  14.632 
   14.658  14.674  14.701  14.749  14.752  14.790  14.810  14.861 
   14.884  14.905  14.959  14.988  15.013  15.034  15.083  15.173 
   15.201  15.262  15.320  15.386  15.562  15.568  15.599  15.661 
   15.678  15.744  15.779  15.799  15.868  15.988  16.021  16.132 
   16.195  16.206  16.228  16.297  16.358  16.376  16.504  16.555 
   16.773  16.911  16.935  16.941  17.008  17.063  17.312  17.517 
   17.584  17.668  17.758  17.835  17.856  17.924  17.926  18.010 
   18.068  18.367  18.480  18.509  18.575  18.596  18.602  18.609 
   18.707  18.768  18.773  18.910  18.945  18.998  19.043  19.044 
   19.105  19.117  19.128  19.164  19.232  19.355  19.456  19.480 
   19.524  19.531  19.580  19.670  19.696  19.743  19.802  19.865 
   19.877  19.900  20.098  20.143  20.249  20.385  20.874  20.931 
   20.970  21.016  21.063  21.219  21.344  21.701  22.050  22.185 
   22.583  22.597  23.005  23.129  23.414  23.549  23.741  23.866 
   24.187  24.737  25.687  26.487  30.816  30.847  31.082  31.353 
   31.586  32.177  41.495  42.970  43.463  43.704  66.036  66.092 
   66.120  66.130  66.314  66.363  66.513  66.529  66.611  66.696 
   66.774  66.866  66.983  67.240  67.669  68.122  70.517  70.542 
   70.646  70.758  70.793  70.827  70.900  71.204  71.261  71.285 
   71.485  71.620  71.754  72.157  94.073  94.276 118.591 118.601 
  118.604 118.607 118.608 118.622 118.629 118.632 118.642 118.648 
  118.682 118.687 118.691 118.711 118.728 118.741 118.768 118.803 
  147.403 147.447 147.617 147.809 147.966 148.261 183.950 184.016 
  184.183 184.315 184.481 184.562 184.691 184.852 185.188 185.410 
  203.558 203.737 225.504 225.518 225.548 225.629 225.634 225.662 
  225.676 225.808 225.893 225.905 226.010 226.073 226.121 226.306 
  347.071 347.123 347.268 347.434 347.584 347.843 385.958 385.958 
  385.961 385.962 385.963 385.965 385.966 385.970 385.970 385.975 
  385.975 386.023 386.023 386.029 386.029 386.034 386.034 386.037 
  386.038 386.039 386.040 386.041 449.072 449.242 449.972 449.974 
  449.974 449.980 449.986 449.988 450.005 450.021 450.021 450.023 
  450.028 450.029 450.034 450.046 450.046 450.046 450.061 450.064 
  473.018 473.069 473.186 473.292 473.441 473.487 473.599 473.715 
  473.992 474.150 685.443 685.455 685.459 685.493 685.516 685.531 
  685.542 685.597 685.656 685.679 685.734 685.769 685.802 685.880 
  892.602 892.662 892.782 892.917 893.059 893.273 1087.517 1087.695 
  1213.240 1213.280 1213.354 1213.438 1213.573 1213.591 1213.690 1213.770 
  1214.000 1214.108 2891.992 2892.058 2892.162 2892.280 2892.417 2892.605 
  4236.827 4237.224 


  >>> Running RHF-MP2 <<<


RMP2-TIMING
  rmp2                  :::     1955.080 (100.00%)
  Total                 :::     1955.080 (100.00%)

MP2 correlation energy (RHF) : -1.0747985672
MP2 total energy       (RHF) : -228.9982575666


  >>> Running UHF <<<

init D/C      : input mo_coeff
init ov       : zeros
no            : 15 16
nv            : 771 770
ov_size       : 23885
max_cycle     : 1000
conv          : 6
econv         : 9
method        : diis
mom_start     : 0
guess mix     : 0.000000
orb_swap      : [[[0, 15]], []]
init E        : -207.30794890533
init S2       : 0.750000000000192
init |[F,P]|  : 1.54e-02
init |dE|     : 3.98e-02
check file    : None

iter      total energy   |[F,P]|      |dE|         ∆E   S^2   comment
   1    -207.804291101  8.50e-03  2.14e-02  -4.96e-01  0.75  DIIS mom: 14.7/15 15.6/16
   2    -208.094799251  9.96e-04  2.52e-03  -2.91e-01  0.76  DIIS mom: 14.9/15 15.9/16
   3    -208.099319203  5.44e-04  1.35e-03  -4.52e-03  0.76  DIIS mom: 15.0/15 16.0/16
   4    -208.101167277  1.25e-04  2.97e-04  -1.85e-03  0.76  DIIS mom: 15.0/15 16.0/16
   5    -208.101447666  5.69e-05  1.32e-04  -2.80e-04  0.77  DIIS mom: 15.0/15 16.0/16
   6    -208.101516235  2.13e-05  4.85e-05  -6.86e-05  0.77  DIIS mom: 15.0/15 16.0/16
   7    -208.101529322  1.26e-05  2.81e-05  -1.31e-05  0.77  DIIS mom: 15.0/15 16.0/16
   8    -208.101535964  1.10e-05  2.43e-05  -6.64e-06  0.77  DIIS mom: 15.0/15 16.0/16
   9    -208.101545168  9.98e-06  2.20e-05  -9.20e-06  0.77  DIIS mom: 15.0/15 16.0/16
  10    -208.101566001  7.56e-06  1.68e-05  -2.08e-05  0.77  DIIS mom: 15.0/15 16.0/16
  11    -208.101587330  3.72e-06  8.61e-06  -2.13e-05  0.77  DIIS mom: 15.0/15 16.0/16
  12    -208.101590151  1.46e-06  3.32e-06  -2.82e-06  0.78  DIIS mom: 15.0/15 16.0/16
  13    -208.101590399  5.51e-07  1.28e-06  -2.48e-07  0.78  DIIS mom: 15.0/15 16.0/16
  14    -208.101590420  1.91e-07  4.57e-07  -2.07e-08  0.78  DIIS mom: 15.0/15 16.0/16
  15    -208.101590421  4.26e-08  9.93e-08  -8.28e-10  0.78  DIIS mom: 15.0/15 16.0/16
                                                                      diis is converged!

SCF converged : True
final |[F,P]| : 4.26e-08
final |dE|    : 9.93e-08
final Escf    : -329.790840176789
final Etot    : -208.101590420531
final S2      : 0.776945330350923

  diis prep             :::        0.782 (  0.03%)
  diis extrap           :::        0.530 (  0.02%)
  roothaan              :::        2.894 (  0.10%)
  fock build            :::     2967.169 ( 99.86%)
  Total                 :::     2971.375 (100.00%)

Alpha occupied
  -20.845 -11.689 -11.458  -1.921  -1.670  -1.330  -1.204  -1.165 
   -1.117  -0.963  -0.877  -0.836  -0.801  -0.760  -0.740 

Alpha virtual
  -19.020  -0.134  -0.104  -0.065  -0.049  -0.035  -0.005   0.001 
    0.012   0.023   0.023   0.032   0.067   0.084   0.092   0.117 
    0.125   0.150   0.156   0.167   0.207   0.238   0.238   0.250 
    0.266   0.269   0.290   0.313   0.316   0.343   0.377   0.383 
    0.396   0.414   0.416   0.432   0.438   0.466   0.474   0.484 
    0.484   0.499   0.537   0.584   0.612   0.620   0.626   0.660 
    0.678   0.710   0.737   0.738   0.747   0.761   0.764   0.816 
    0.825   0.857   0.879   0.882   0.894   0.929   0.954   0.993 
    1.011   1.023   1.063   1.079   1.096   1.100   1.142   1.160 
    1.172   1.188   1.197   1.214   1.258   1.266   1.278   1.287 
    1.292   1.320   1.340   1.354   1.380   1.393   1.398   1.442 
    1.453   1.479   1.487   1.535   1.541   1.552   1.574   1.605 
    1.630   1.646   1.680   1.692   1.732   1.753   1.757   1.759 
    1.784   1.818   1.842   1.859   1.905   1.930   1.959   1.964 
    1.983   1.992   2.017   2.060   2.075   2.077   2.104   2.188 
    2.204   2.210   2.219   2.242   2.258   2.278   2.286   2.300 
    2.367   2.388   2.455   2.475   2.504   2.514   2.520   2.561 
    2.579   2.622   2.623   2.666   2.670   2.742   2.780   2.815 
    2.846   2.858   2.896   2.917   2.926   2.956   2.958   3.014 
    3.019   3.045   3.049   3.054   3.073   3.085   3.108   3.143 
    3.179   3.203   3.231   3.251   3.265   3.300   3.303   3.328 
    3.387   3.400   3.422   3.423   3.484   3.539   3.554   3.555 
    3.590   3.602   3.612   3.679   3.706   3.729   3.738   3.772 
    3.802   3.838   3.856   3.896   3.909   3.932   3.947   3.965 
    3.987   4.005   4.019   4.054   4.100   4.114   4.128   4.153 
    4.197   4.229   4.234   4.256   4.274   4.302   4.308   4.335 
    4.423   4.433   4.491   4.501   4.522   4.548   4.555   4.564 
    4.610   4.655   4.663   4.716   4.718   4.756   4.770   4.830 
    4.850   4.891   4.902   4.912   4.980   5.025   5.051   5.068 
    5.102   5.103   5.159   5.188   5.194   5.222   5.230   5.279 
    5.342   5.355   5.393   5.427   5.441   5.479   5.516   5.543 
    5.580   5.584   5.619   5.691   5.707   5.743   5.753   5.777 
    5.779   5.806   5.851   5.906   5.949   5.980   6.022   6.064 
    6.065   6.120   6.155   6.222   6.317   6.334   6.347   6.386 
    6.388   6.422   6.502   6.535   6.613   6.621   6.631   6.693 
    6.751   6.797   6.809   6.833   6.878   6.900   6.932   6.956 
    6.973   6.988   7.021   7.023   7.088   7.134   7.159   7.215 
    7.229   7.229   7.309   7.330   7.356   7.390   7.395   7.440 
    7.442   7.503   7.525   7.547   7.589   7.617   7.668   7.685 
    7.709   7.842   7.844   7.911   7.926   7.994   8.003   8.093 
    8.137   8.178   8.286   8.309   8.393   8.427   8.458   8.565 
    8.667   8.721   8.743   8.797   8.815   8.907   9.035   9.117 
    9.120   9.142   9.242   9.280   9.348   9.351   9.412   9.465 
    9.499   9.609   9.616   9.630   9.643   9.704   9.743   9.744 
    9.802   9.841   9.889   9.917   9.998  10.086  10.114  10.193 
   10.195  10.211  10.242  10.255  10.324  10.330  10.344  10.423 
   10.428  10.476  10.504  10.583  10.594  10.685  10.718  10.762 
   10.832  10.879  10.956  10.975  11.121  11.300  11.304  11.344 
   11.365  11.367  11.422  11.474  11.586  11.600  11.786  11.878 
   11.895  12.024  12.032  12.138  12.140  12.293  12.306  12.404 
   12.415  12.434  12.458  12.480  12.525  12.537  12.552  12.569 
   12.609  12.621  12.646  12.662  12.668  12.732  12.743  12.766 
   12.785  12.812  12.834  12.857  12.869  12.879  12.985  13.039 
   13.099  13.107  13.189  13.205  13.278  13.289  13.317  13.368 
   13.383  13.407  13.464  13.470  13.478  13.503  13.512  13.609 
   13.620  13.641  13.795  13.816  13.863  13.890  13.932  13.944 
   13.974  13.994  14.007  14.017  14.028  14.063  14.116  14.117 
   14.143  14.150  14.185  14.221  14.231  14.254  14.292  14.300 
   14.370  14.381  14.398  14.409  14.462  14.476  14.513  14.550 
   14.598  14.623  14.661  14.669  14.750  14.780  14.787  14.797 
   14.859  14.879  14.988  15.058  15.137  15.258  15.291  15.306 
   15.370  15.380  15.428  15.462  15.577  15.628  15.663  15.798 
   15.801  15.890  15.920  15.980  16.018  16.023  16.063  16.257 
   16.305  16.368  16.505  16.606  16.733  16.733  16.833  16.896 
   17.200  17.308  17.425  17.432  17.469  17.527  17.550  17.717 
   17.802  17.864  18.151  18.239  18.269  18.287  18.292  18.310 
   18.375  18.385  18.438  18.530  18.590  18.651  18.654  18.686 
   18.718  18.794  18.830  18.848  18.896  18.950  18.989  19.020 
   19.132  19.154  19.198  19.265  19.265  19.349  19.367  19.428 
   19.476  19.481  19.579  19.640  19.762  19.764  19.946  20.512 
   20.589  20.715  20.721  20.760  20.837  21.013  21.222  21.756 
   21.885  21.932  22.283  22.307  22.596  23.021  23.128  23.139 
   23.454  23.574  24.453  25.084  25.927  29.924  30.463  30.555 
   30.797  31.254  31.356  41.158  42.668  42.799  43.190  64.722 
   64.877  65.048  65.143  65.374  65.403  65.731  65.743  65.836 
   65.849  66.035  66.340  66.394  66.631  66.698  67.372  69.355 
   69.523  69.607  69.913  69.988  70.221  70.230  70.312  70.460 
   70.513  70.862  70.966  71.242  71.431  92.686  93.783 117.126 
  117.135 117.138 117.156 117.173 117.180 117.237 117.294 117.331 
  118.305 118.306 118.331 118.335 118.388 118.390 118.395 118.435 
  118.448 145.272 145.674 146.118 147.149 147.327 147.682 181.805 
  181.940 182.202 182.461 183.028 183.655 183.728 184.183 184.391 
  184.894 201.351 203.268 223.152 223.236 223.279 223.412 223.507 
  223.669 223.908 225.208 225.222 225.339 225.367 225.597 225.733 
  225.811 343.953 344.312 344.713 346.827 346.977 347.299 383.521 
  383.521 383.527 383.527 383.530 383.532 383.533 383.537 383.538 
  383.544 383.544 385.725 385.725 385.732 385.732 385.737 385.737 
  385.740 385.742 385.743 385.746 385.746 445.921 447.046 447.048 
  447.048 447.055 447.060 447.062 447.078 447.095 447.106 448.782 
  449.723 449.724 449.731 449.733 449.749 449.750 449.751 449.767 
  449.770 469.843 469.950 470.155 470.360 470.803 472.724 472.780 
  473.144 473.304 473.699 681.800 681.848 681.873 681.950 682.009 
  682.103 682.231 685.157 685.165 685.233 685.249 685.384 685.460 
  685.503 888.459 888.771 889.120 892.369 892.492 892.774 1083.400 
  1087.229 1209.059 1209.144 1209.303 1209.464 1209.808 1212.948 1212.991 
  1213.278 1213.399 1213.708 2886.994 2887.279 2887.598 2891.766 2891.874 
  2892.133 4232.148 4236.543 

Beta occupied
  -23.919 -20.840 -11.690 -11.458  -2.033  -1.666  -1.376  -1.251 
   -1.215  -1.203  -0.963  -0.875  -0.837  -0.804  -0.746  -0.737 

Beta virtual
   -0.143  -0.106  -0.067  -0.050  -0.036  -0.004  -0.000   0.012 
    0.022   0.024   0.032   0.061   0.077   0.093   0.114   0.119 
    0.146   0.155   0.161   0.203   0.237   0.239   0.249   0.265 
    0.268   0.286   0.312   0.312   0.342   0.374   0.383   0.396 
    0.416   0.418   0.433   0.439   0.466   0.473   0.484   0.485 
    0.499   0.536   0.585   0.613   0.618   0.626   0.661   0.678 
    0.710   0.732   0.736   0.744   0.761   0.764   0.815   0.827 
    0.857   0.879   0.881   0.893   0.929   0.957   0.987   1.010 
    1.023   1.058   1.074   1.078   1.100   1.136   1.160   1.172 
    1.182   1.198   1.215   1.258   1.270   1.278   1.287   1.292 
    1.321   1.341   1.353   1.381   1.393   1.400   1.444   1.453 
    1.478   1.487   1.537   1.542   1.552   1.575   1.605   1.630 
    1.646   1.680   1.692   1.732   1.752   1.755   1.758   1.784 
    1.819   1.843   1.859   1.904   1.930   1.960   1.962   1.982 
    1.992   2.015   2.060   2.074   2.075   2.105   2.187   2.203 
    2.210   2.219   2.241   2.257   2.277   2.286   2.300   2.365 
    2.387   2.449   2.474   2.504   2.511   2.520   2.562   2.573 
    2.619   2.621   2.666   2.670   2.739   2.778   2.808   2.822 
    2.858   2.876   2.909   2.926   2.953   2.956   3.013   3.017 
    3.035   3.050   3.052   3.072   3.087   3.104   3.140   3.174 
    3.205   3.231   3.249   3.264   3.298   3.304   3.327   3.386 
    3.398   3.420   3.421   3.484   3.540   3.551   3.554   3.588 
    3.603   3.613   3.676   3.706   3.729   3.739   3.771   3.801 
    3.837   3.855   3.894   3.909   3.925   3.946   3.964   3.986 
    4.004   4.019   4.054   4.100   4.114   4.129   4.151   4.194 
    4.229   4.233   4.256   4.273   4.302   4.306   4.336   4.423 
    4.434   4.491   4.500   4.521   4.548   4.556   4.564   4.610 
    4.654   4.663   4.716   4.718   4.753   4.770   4.830   4.850 
    4.888   4.902   4.907   4.980   5.019   5.049   5.068   5.097 
    5.101   5.158   5.188   5.194   5.222   5.230   5.278   5.341 
    5.356   5.391   5.427   5.442   5.478   5.510   5.543   5.580 
    5.584   5.618   5.692   5.700   5.741   5.754   5.776   5.779 
    5.804   5.845   5.905   5.950   5.980   6.019   6.064   6.064 
    6.110   6.153   6.221   6.316   6.330   6.347   6.351   6.387 
    6.420   6.500   6.535   6.589   6.591   6.626   6.670   6.747 
    6.795   6.811   6.832   6.881   6.893   6.930   6.959   6.972 
    6.989   7.015   7.022   7.084   7.134   7.149   7.206   7.227 
    7.228   7.308   7.330   7.353   7.391   7.395   7.440   7.441 
    7.505   7.519   7.548   7.589   7.609   7.666   7.682   7.708 
    7.836   7.840   7.910   7.924   7.972   8.003   8.060   8.126 
    8.170   8.284   8.311   8.395   8.424   8.458   8.563   8.659 
    8.717   8.740   8.785   8.810   8.908   9.024   9.116   9.117 
    9.138   9.241   9.280   9.347   9.350   9.409   9.465   9.498 
    9.607   9.610   9.623   9.641   9.700   9.738   9.742   9.797 
    9.832   9.890   9.907   9.992  10.086  10.112  10.193  10.194 
   10.209  10.242  10.254  10.320  10.330  10.343  10.422  10.428 
   10.476  10.504  10.582  10.593  10.686  10.717  10.760  10.828 
   10.879  10.956  10.974  11.120  11.298  11.303  11.344  11.365 
   11.367  11.421  11.473  11.586  11.600  11.785  11.872  11.894 
   12.025  12.031  12.139  12.141  12.290  12.307  12.402  12.415 
   12.435  12.458  12.479  12.522  12.537  12.551  12.569  12.596 
   12.621  12.646  12.662  12.668  12.733  12.740  12.766  12.785 
   12.811  12.834  12.849  12.865  12.879  12.985  13.038  13.095 
   13.107  13.188  13.202  13.279  13.288  13.316  13.368  13.382 
   13.406  13.462  13.465  13.477  13.501  13.510  13.591  13.621 
   13.641  13.793  13.811  13.862  13.888  13.931  13.944  13.947 
   13.977  14.001  14.008  14.020  14.030  14.107  14.107  14.139 
   14.148  14.184  14.221  14.230  14.251  14.287  14.296  14.358 
   14.370  14.398  14.398  14.444  14.478  14.515  14.548  14.589 
   14.617  14.661  14.667  14.750  14.769  14.785  14.797  14.853 
   14.879  14.983  15.056  15.137  15.255  15.288  15.304  15.349 
   15.379  15.428  15.461  15.573  15.618  15.663  15.798  15.800 
   15.890  15.901  15.977  16.018  16.022  16.063  16.258  16.305 
   16.361  16.505  16.601  16.733  16.734  16.833  16.879  17.200 
   17.307  17.414  17.426  17.469  17.523  17.550  17.717  17.802 
   17.864  18.149  18.225  18.270  18.291  18.292  18.311  18.373 
   18.385  18.435  18.530  18.583  18.652  18.653  18.674  18.707 
   18.796  18.829  18.848  18.898  18.910  18.940  19.005  19.122 
   19.154  19.171  19.255  19.267  19.339  19.354  19.410  19.469 
   19.478  19.577  19.623  19.744  19.760  19.934  20.488  20.592 
   20.685  20.721  20.756  20.834  20.997  21.199  21.760  21.885 
   21.889  22.254  22.282  22.568  23.003  23.101  23.132  23.412 
   23.567  24.455  25.034  25.904  29.691  30.236  30.559  30.796 
   31.081  31.318  41.127  42.387  42.769  43.189  64.402  64.700 
   64.825  64.872  65.086  65.225  65.561  65.745  65.838  65.846 
   66.032  66.340  66.396  66.472  66.669  67.373  69.278  69.445 
   69.529  69.833  69.911  70.198  70.224  70.270  70.462  70.515 
   70.781  70.968  71.242  71.433  92.281  93.784 117.066 117.075 
  117.078 117.095 117.113 117.120 117.177 117.234 117.271 118.307 
  118.309 118.333 118.337 118.389 118.392 118.396 118.436 118.449 
  144.889 145.292 145.737 147.150 147.327 147.682 181.546 181.681 
  181.944 182.203 182.770 183.656 183.728 184.184 184.391 184.894 
  200.945 203.269 222.984 223.068 223.112 223.245 223.340 223.502 
  223.741 225.209 225.223 225.339 225.368 225.598 225.734 225.811 
  343.574 343.934 344.335 346.828 346.978 347.299 383.437 383.437 
  383.442 383.443 383.446 383.448 383.449 383.453 383.453 383.460 
  383.460 385.726 385.726 385.732 385.732 385.738 385.738 385.741 
  385.742 385.743 385.746 385.746 445.556 446.906 446.908 446.908 
  446.915 446.920 446.922 446.939 446.955 446.967 448.783 449.724 
  449.725 449.732 449.733 449.750 449.750 449.752 449.767 449.770 
  469.578 469.685 469.891 470.095 470.538 472.725 472.780 473.145 
  473.304 473.699 681.593 681.641 681.666 681.743 681.803 681.897 
  682.025 685.157 685.165 685.233 685.249 685.384 685.460 685.504 
  888.155 888.467 888.816 892.369 892.492 892.774 1083.108 1087.229 
  1208.838 1208.923 1209.082 1209.243 1209.588 1212.948 1212.991 1213.279 
  1213.400 1213.708 2886.812 2887.098 2887.416 2891.766 2891.874 2892.133 
  4231.990 4236.543 


  >>> Running UHF-MP2 <<<

MP2 correlation energy (UHF) : -1.0360902093
MP2 total energy       (UHF) : -209.1376806298

