	*********************************************** 
	***** Beginning CEBE Calculation with MOM ***** 
	*****       Calculation Details:          ***** 
	      Geometry:	 /work/morgunov/core/calculations/mols/exp/o/pr-oh.xyz
	      Core Basis:	 cc-pCV5Z
	      Full Basis:	 cc-pV5Z
	      DIIS (start, space):	 0 50
	      Level shift:	 0
	      Do localization?:	 False
	      Do SFX2C1E?:	 True
	      Freeze orbitals?:	 True
	      Use Cheng orbitals?:	 False
	      Do Special Basis?:	 False
	*********************************************** 
	*********************************************** 

  >>> Running RHF <<<

init D/C      : minao
init ov       : zeros
no            : 17
nv            : 841
ov_size       : 14297
max_cycle     : 1000
conv          : 6
econv         : 9
method        : gdm
scale_stop    : 0
scale_factor  : 1.000000
init E        : -193.136628082492
init |[F,P]|  : 3.55e-03
init |dE|     : 9.14e-03
check file    : None

iter      total energy   |[F,P]|      |dE|         ∆E   comment
   1    -193.191673331  1.91e-03  5.10e-03  -5.50e-02  BFGS
   2    -193.207804026  2.59e-04  6.62e-04  -1.61e-02  BFGS
   3    -193.208098910  6.64e-05  1.74e-04  -2.95e-04  BFGS
   4    -193.208122854  1.57e-05  4.01e-05  -2.39e-05  BFGS
   5    -193.208124242  5.19e-06  1.31e-05  -1.39e-06  BFGS
   6    -193.208124374  9.71e-07  2.59e-06  -1.32e-07  BFGS
   7    -193.208124383  2.60e-07  6.81e-07  -8.65e-09  BFGS
   8    -193.208124383  9.69e-08  2.32e-07  -5.21e-10  BFGS
                                                                      gdm is converged!

SCF converged : True
final |[F,P]| : 9.69e-08
final |dE|    : 2.32e-07
final Escf    : -326.902741412533
final Etot    : -193.208124383371

  pxp & ewc             :::        0.846 (  0.06%)
  apply B               :::        0.003 (  0.00%)
  linsrch               :::     1424.265 ( 99.94%)
  grad                  :::        0.034 (  0.00%)
  Total                 :::     1425.147 (100.00%)

Alpha occupied
  -20.551 -11.268 -11.212 -11.200  -1.357  -1.051  -0.918  -0.797 
   -0.705  -0.645  -0.585  -0.581  -0.539  -0.501  -0.482  -0.469 
   -0.441 

Alpha virtual
    0.090   0.110   0.116   0.121   0.147   0.154   0.164   0.175 
    0.207   0.225   0.229   0.238   0.264   0.272   0.295   0.308 
    0.325   0.375   0.384   0.397   0.414   0.416   0.425   0.428 
    0.442   0.460   0.467   0.467   0.479   0.507   0.512   0.519 
    0.538   0.557   0.586   0.598   0.614   0.621   0.627   0.663 
    0.668   0.675   0.690   0.698   0.717   0.743   0.762   0.783 
    0.808   0.819   0.830   0.833   0.841   0.846   0.871   0.873 
    0.897   0.911   0.923   0.931   0.951   0.960   0.980   0.988 
    0.995   1.010   1.033   1.044   1.055   1.063   1.072   1.076 
    1.100   1.132   1.138   1.157   1.168   1.191   1.205   1.207 
    1.237   1.247   1.270   1.293   1.294   1.336   1.337   1.362 
    1.370   1.389   1.411   1.432   1.467   1.489   1.505   1.525 
    1.553   1.566   1.573   1.594   1.618   1.625   1.636   1.653 
    1.662   1.667   1.706   1.712   1.726   1.744   1.755   1.767 
    1.794   1.798   1.823   1.838   1.863   1.876   1.893   1.907 
    1.928   1.946   1.952   1.960   1.983   2.007   2.020   2.028 
    2.038   2.063   2.083   2.090   2.102   2.113   2.123   2.138 
    2.165   2.177   2.186   2.224   2.225   2.235   2.245   2.262 
    2.269   2.284   2.300   2.319   2.332   2.346   2.354   2.374 
    2.383   2.400   2.420   2.434   2.447   2.468   2.486   2.490 
    2.502   2.513   2.531   2.550   2.558   2.575   2.603   2.636 
    2.641   2.675   2.695   2.709   2.725   2.774   2.800   2.825 
    2.846   2.855   2.859   2.883   2.904   2.930   2.962   2.974 
    3.003   3.014   3.027   3.038   3.057   3.072   3.111   3.149 
    3.154   3.219   3.233   3.250   3.263   3.285   3.295   3.309 
    3.346   3.349   3.377   3.381   3.423   3.425   3.429   3.445 
    3.505   3.520   3.536   3.576   3.581   3.597   3.630   3.648 
    3.689   3.754   3.774   3.781   3.806   3.820   3.834   3.839 
    3.849   3.878   3.894   3.911   3.934   3.954   3.959   3.989 
    4.015   4.058   4.071   4.101   4.112   4.128   4.154   4.179 
    4.180   4.185   4.197   4.226   4.240   4.244   4.269   4.281 
    4.310   4.335   4.346   4.367   4.391   4.397   4.420   4.437 
    4.443   4.463   4.497   4.517   4.532   4.539   4.562   4.591 
    4.610   4.618   4.634   4.659   4.687   4.704   4.720   4.735 
    4.764   4.773   4.778   4.791   4.793   4.814   4.822   4.840 
    4.846   4.867   4.879   4.884   4.897   4.911   4.928   4.956 
    4.967   5.005   5.020   5.028   5.063   5.071   5.088   5.109 
    5.118   5.144   5.160   5.175   5.188   5.211   5.222   5.255 
    5.260   5.276   5.293   5.317   5.335   5.343   5.368   5.376 
    5.396   5.437   5.455   5.456   5.491   5.503   5.520   5.536 
    5.556   5.575   5.596   5.626   5.630   5.643   5.650   5.669 
    5.685   5.709   5.729   5.744   5.764   5.784   5.800   5.833 
    5.847   5.855   5.885   5.899   5.914   5.942   5.951   5.960 
    5.976   5.998   6.032   6.047   6.062   6.079   6.115   6.130 
    6.142   6.182   6.188   6.212   6.231   6.257   6.281   6.308 
    6.339   6.345   6.353   6.385   6.422   6.441   6.463   6.485 
    6.528   6.542   6.614   6.646   6.658   6.691   6.702   6.788 
    6.816   6.846   6.872   6.937   6.961   7.011   7.033   7.060 
    7.086   7.090   7.143   7.160   7.172   7.202   7.236   7.255 
    7.294   7.307   7.320   7.342   7.350   7.388   7.401   7.426 
    7.458   7.523   7.552   7.573   7.615   7.675   7.701   7.724 
    7.744   7.783   7.836   7.848   7.861   7.882   7.897   7.948 
    7.970   8.008   8.031   8.098   8.150   8.180   8.209   8.223 
    8.250   8.326   8.384   8.386   8.419   8.449   8.473   8.524 
    8.661   8.714   8.942   9.033   9.060   9.129   9.153   9.263 
    9.273   9.307   9.361   9.452   9.491   9.521   9.548   9.610 
    9.618   9.655   9.689   9.706   9.749   9.751   9.781   9.821 
    9.836   9.899   9.950   9.968   9.983  10.033  10.074  10.120 
   10.123  10.162  10.196  10.240  10.296  10.332  10.353  10.404 
   10.427  10.433  10.479  10.508  10.523  10.560  10.587  10.603 
   10.655  10.672  10.713  10.737  10.762  10.777  10.842  10.855 
   10.894  10.902  10.940  10.964  10.999  11.018  11.071  11.079 
   11.116  11.134  11.195  11.207  11.257  11.320  11.353  11.432 
   11.478  11.526  11.551  11.575  11.588  11.616  11.648  11.673 
   11.699  11.703  11.729  11.777  11.811  11.846  11.850  11.883 
   11.911  11.952  11.993  12.046  12.178  12.348  12.391  12.489 
   12.533  12.604  12.626  12.637  12.667  12.674  12.685  12.704 
   12.713  12.730  12.743  12.755  12.775  12.777  12.786  12.793 
   12.815  12.834  12.843  12.853  12.860  12.865  12.884  12.889 
   12.894  12.903  12.914  12.933  12.955  12.972  12.988  13.003 
   13.024  13.052  13.065  13.089  13.093  13.116  13.124  13.134 
   13.146  13.159  13.191  13.196  13.206  13.228  13.238  13.243 
   13.284  13.311  13.343  13.379  13.406  13.424  13.469  13.482 
   13.514  13.523  13.557  13.569  13.589  13.598  13.617  13.634 
   13.659  13.704  13.729  13.735  13.756  13.772  13.796  13.813 
   13.836  13.862  13.879  13.904  13.931  13.945  13.956  14.023 
   14.080  14.112  14.126  14.130  14.139  14.149  14.162  14.171 
   14.186  14.201  14.213  14.230  14.255  14.273  14.293  14.316 
   14.320  14.337  14.354  14.365  14.389  14.415  14.432  14.467 
   14.478  14.485  14.500  14.507  14.521  14.533  14.538  14.546 
   14.568  14.583  14.614  14.621  14.649  14.688  14.701  14.717 
   14.729  14.738  14.765  14.771  14.804  14.805  14.831  14.843 
   14.862  14.874  14.918  14.932  14.946  14.963  14.977  15.014 
   15.031  15.072  15.082  15.099  15.106  15.148  15.172  15.230 
   15.254  15.298  15.311  15.341  15.435  15.464  15.508  15.558 
   15.633  15.673  15.722  15.739  15.815  15.857  15.897  15.965 
   15.975  16.001  16.018  16.048  16.055  16.076  16.094  16.153 
   16.161  16.207  16.231  16.258  16.303  16.333  16.398  16.522 
   16.552  16.679  16.698  16.933  16.971  17.010  17.021  17.042 
   17.341  17.593  17.612  17.690  17.768  17.784  17.805  17.816 
   17.877  17.890  17.910  17.935  17.965  18.015  18.043  18.066 
   18.102  18.138  18.149  18.320  18.379  18.420  18.434  18.485 
   18.517  18.546  18.605  18.632  18.674  18.758  18.775  18.810 
   18.849  18.893  19.036  19.052  19.077  19.102  19.125  19.189 
   19.195  19.237  19.286  19.303  19.343  19.551  19.569  19.744 
   19.884  19.895  19.991  20.168  20.340  20.675  20.927  20.946 
   20.974  21.018  21.051  21.081  21.142  21.187  21.341  22.466 
   22.637  22.878  23.290  23.718  23.871  24.950  25.952  31.155 
   38.666  39.873  40.827  42.481  42.627  42.948  61.491  61.527 
   61.765  62.212  62.892  71.981  71.987  72.126  72.275  72.581 
   72.768  73.155  83.120 107.808 108.842 109.580 181.507 181.532 
  181.704 182.023 182.487 220.737 245.765 245.767 245.769 245.770 
  245.775 245.775 245.775 245.781 245.784 291.550 291.551 291.602 
  291.650 291.797 291.874 291.987 298.914 299.803 300.440 556.725 
  556.742 556.864 557.086 557.407 584.201 837.542 838.288 838.817 
  2074.396 


  >>> Running RHF-MP2 <<<


RMP2-TIMING
  rmp2                  :::     1505.547 (100.00%)
  Total                 :::     1505.547 (100.00%)

MP2 correlation energy (RHF) : -1.0122813542
MP2 total energy       (RHF) : -194.2204057376


  >>> Running UHF <<<

init D/C      : input mo_coeff
init ov       : zeros
no            : 16 17
nv            : 842 841
ov_size       : 27769
max_cycle     : 1000
conv          : 6
econv         : 9
method        : diis
mom_start     : 0
guess mix     : 0.000000
orb_swap      : [[[0, 16]], []]
init E        : -172.657468180367
init S2       : 0.750000000000126
init |[F,P]|  : 1.16e-02
init |dE|     : 3.69e-02
check file    : None

iter      total energy   |[F,P]|      |dE|         ∆E   S^2   comment
   1    -173.176464411  6.35e-03  1.94e-02  -5.19e-01  0.75  DIIS mom: 15.7/16 16.6/17
   2    -173.452899007  4.44e-04  1.34e-03  -2.76e-01  0.76  DIIS mom: 15.9/16 17.0/17
   3    -173.455022271  1.28e-04  3.64e-04  -2.12e-03  0.76  DIIS mom: 16.0/16 17.0/17
   4    -173.455418712  7.09e-05  1.95e-04  -3.96e-04  0.76  DIIS mom: 16.0/16 17.0/17
   5    -173.455574107  2.87e-05  7.50e-05  -1.55e-04  0.77  DIIS mom: 16.0/16 17.0/17
   6    -173.455600978  8.98e-06  2.36e-05  -2.69e-05  0.77  DIIS mom: 16.0/16 17.0/17
   7    -173.455603491  2.30e-06  6.33e-06  -2.51e-06  0.77  DIIS mom: 16.0/16 17.0/17
   8    -173.455603635  7.41e-07  2.06e-06  -1.44e-07  0.77  DIIS mom: 16.0/16 17.0/17
   9    -173.455603649  2.33e-07  5.86e-07  -1.33e-08  0.77  DIIS mom: 16.0/16 17.0/17
  10    -173.455603650  1.14e-07  2.68e-07  -1.21e-09  0.77  DIIS mom: 16.0/16 17.0/17
  11    -173.455603650  5.30e-08  1.20e-07  -3.78e-10  0.77  DIIS mom: 16.0/16 17.0/17
                                                                      diis is converged!

SCF converged : True
final |[F,P]| : 5.30e-08
final |dE|    : 1.20e-07
final Escf    : -307.150220679441
final Etot    : -173.455603650279
final S2      : 0.769761138375806

  diis prep             :::        0.554 (  0.03%)
  diis extrap           :::        0.366 (  0.02%)
  roothaan              :::        2.405 (  0.12%)
  fock build            :::     2042.967 ( 99.84%)
  Total                 :::     2046.292 (100.00%)

Alpha occupied
  -11.552 -11.415 -11.372  -1.820  -1.308  -1.178  -1.125  -1.058 
   -1.040  -0.958  -0.831  -0.793  -0.762  -0.684  -0.678  -0.666 

Alpha virtual
  -18.946  -0.127  -0.052  -0.038  -0.029  -0.002   0.007   0.018 
    0.019   0.033   0.041   0.068   0.089   0.101   0.109   0.117 
    0.132   0.141   0.145   0.167   0.201   0.206   0.224   0.249 
    0.251   0.256   0.259   0.272   0.282   0.295   0.303   0.315 
    0.323   0.341   0.367   0.410   0.418   0.427   0.434   0.442 
    0.475   0.494   0.500   0.503   0.514   0.523   0.541   0.560 
    0.594   0.602   0.618   0.633   0.647   0.650   0.672   0.674 
    0.693   0.701   0.717   0.722   0.733   0.753   0.766   0.780 
    0.789   0.801   0.825   0.828   0.843   0.852   0.863   0.883 
    0.896   0.909   0.931   0.953   0.962   0.981   0.992   1.006 
    1.008   1.030   1.045   1.061   1.074   1.087   1.101   1.120 
    1.148   1.164   1.198   1.201   1.221   1.264   1.281   1.294 
    1.330   1.343   1.357   1.360   1.390   1.413   1.420   1.424 
    1.435   1.460   1.464   1.467   1.496   1.517   1.524   1.546 
    1.558   1.584   1.597   1.616   1.628   1.646   1.659   1.684 
    1.690   1.708   1.722   1.740   1.749   1.772   1.791   1.803 
    1.812   1.831   1.844   1.869   1.883   1.890   1.903   1.911 
    1.928   1.947   1.950   1.970   1.993   2.022   2.034   2.037 
    2.058   2.061   2.065   2.090   2.110   2.124   2.140   2.144 
    2.160   2.186   2.195   2.212   2.220   2.227   2.262   2.275 
    2.282   2.302   2.317   2.334   2.334   2.349   2.359   2.380 
    2.399   2.429   2.454   2.468   2.479   2.503   2.548   2.582 
    2.599   2.618   2.640   2.645   2.662   2.679   2.704   2.721 
    2.768   2.775   2.806   2.814   2.830   2.841   2.856   2.878 
    2.896   2.922   2.962   2.995   3.007   3.045   3.061   3.072 
    3.078   3.096   3.115   3.142   3.163   3.171   3.181   3.197 
    3.225   3.252   3.272   3.290   3.333   3.352   3.372   3.416 
    3.434   3.454   3.511   3.524   3.542   3.572   3.589   3.612 
    3.618   3.624   3.651   3.668   3.693   3.711   3.724   3.738 
    3.767   3.779   3.828   3.845   3.860   3.869   3.890   3.942 
    3.952   3.968   3.976   3.981   4.005   4.024   4.040   4.049 
    4.064   4.111   4.129   4.135   4.157   4.180   4.187   4.196 
    4.205   4.219   4.233   4.273   4.294   4.302   4.306   4.317 
    4.354   4.368   4.391   4.425   4.435   4.452   4.471   4.478 
    4.489   4.501   4.542   4.554   4.556   4.573   4.595   4.608 
    4.621   4.635   4.662   4.671   4.690   4.696   4.707   4.717 
    4.721   4.742   4.750   4.778   4.783   4.819   4.848   4.864 
    4.883   4.891   4.920   4.937   4.945   4.955   4.968   4.988 
    5.003   5.045   5.064   5.073   5.098   5.106   5.122   5.145 
    5.158   5.188   5.195   5.206   5.241   5.257   5.275   5.295 
    5.313   5.319   5.363   5.384   5.397   5.413   5.427   5.438 
    5.447   5.462   5.490   5.505   5.523   5.545   5.562   5.568 
    5.594   5.615   5.636   5.662   5.674   5.690   5.713   5.721 
    5.732   5.751   5.787   5.804   5.832   5.837   5.860   5.901 
    5.910   5.927   5.958   5.972   6.010   6.023   6.046   6.068 
    6.077   6.113   6.130   6.144   6.159   6.182   6.227   6.238 
    6.258   6.283   6.310   6.344   6.357   6.405   6.449   6.463 
    6.481   6.542   6.604   6.651   6.679   6.689   6.742   6.769 
    6.805   6.836   6.848   6.893   6.927   6.947   6.958   6.992 
    7.023   7.053   7.070   7.105   7.119   7.132   7.151   7.182 
    7.200   7.205   7.276   7.299   7.346   7.375   7.413   7.462 
    7.479   7.511   7.539   7.569   7.597   7.633   7.654   7.678 
    7.708   7.725   7.731   7.798   7.834   7.883   7.916   7.949 
    7.958   8.013   8.050   8.099   8.145   8.174   8.216   8.221 
    8.268   8.334   8.454   8.593   8.750   8.805   8.869   8.905 
    8.969   9.008   9.058   9.110   9.204   9.238   9.306   9.311 
    9.368   9.381   9.410   9.420   9.481   9.492   9.533   9.545 
    9.564   9.611   9.666   9.682   9.688   9.743   9.771   9.838 
    9.887   9.897   9.923   9.943  10.002  10.070  10.102  10.127 
   10.179  10.201  10.218  10.282  10.284  10.306  10.329  10.368 
   10.386  10.433  10.451  10.484  10.509  10.557  10.571  10.622 
   10.633  10.667  10.685  10.712  10.745  10.776  10.799  10.804 
   10.858  10.885  10.900  10.921  10.986  10.995  11.044  11.104 
   11.179  11.258  11.262  11.330  11.334  11.377  11.416  11.433 
   11.465  11.482  11.503  11.513  11.537  11.570  11.612  11.621 
   11.638  11.704  11.740  11.751  11.809  11.953  12.098  12.124 
   12.147  12.189  12.284  12.318  12.360  12.376  12.391  12.411 
   12.469  12.492  12.500  12.505  12.519  12.532  12.546  12.549 
   12.572  12.581  12.597  12.609  12.625  12.640  12.643  12.648 
   12.674  12.680  12.690  12.692  12.705  12.729  12.730  12.744 
   12.751  12.767  12.776  12.805  12.826  12.859  12.875  12.895 
   12.907  12.913  12.939  12.955  12.970  12.985  12.992  13.019 
   13.038  13.067  13.091  13.137  13.171  13.184  13.200  13.242 
   13.261  13.269  13.293  13.325  13.336  13.356  13.377  13.391 
   13.406  13.409  13.433  13.436  13.479  13.499  13.533  13.548 
   13.563  13.580  13.623  13.638  13.655  13.690  13.716  13.741 
   13.774  13.796  13.817  13.853  13.891  13.911  13.922  13.933 
   13.950  13.952  13.963  13.986  13.996  14.009  14.019  14.051 
   14.070  14.079  14.105  14.119  14.127  14.142  14.151  14.176 
   14.194  14.228  14.240  14.276  14.292  14.304  14.320  14.340 
   14.345  14.356  14.366  14.386  14.401  14.410  14.434  14.461 
   14.484  14.499  14.514  14.538  14.555  14.574  14.580  14.607 
   14.621  14.648  14.662  14.687  14.700  14.706  14.753  14.766 
   14.788  14.819  14.850  14.862  14.899  14.914  14.919  14.957 
   15.008  15.035  15.073  15.100  15.109  15.190  15.248  15.299 
   15.330  15.356  15.426  15.472  15.503  15.559  15.605  15.611 
   15.644  15.698  15.723  15.775  15.811  15.834  15.865  15.874 
   15.898  15.921  15.941  15.966  16.023  16.068  16.092  16.137 
   16.239  16.297  16.378  16.463  16.617  16.677  16.774  16.835 
   16.865  16.931  17.151  17.402  17.456  17.498  17.521  17.551 
   17.596  17.605  17.613  17.644  17.664  17.723  17.745  17.805 
   17.845  17.919  17.945  17.958  18.072  18.126  18.146  18.213 
   18.221  18.292  18.316  18.365  18.420  18.431  18.445  18.563 
   18.597  18.633  18.651  18.670  18.674  18.731  18.814  18.885 
   18.964  19.016  19.035  19.071  19.090  19.137  19.144  19.168 
   19.336  19.409  19.446  19.521  19.682  19.844  20.178  20.461 
   20.686  20.722  20.757  20.824  20.851  20.911  20.953  20.991 
   21.794  21.968  22.212  22.692  23.203  23.300  24.386  25.326 
   30.256  37.446  38.689  39.662  42.201  42.378  42.775  60.087 
   60.124  60.362  60.813  61.495  70.641  70.647  70.787  70.936 
   71.238  71.429  71.814  81.397 105.753 106.792 107.531 179.045 
  179.071 179.242 179.562 180.026 217.993 243.465 243.467 243.470 
  243.471 243.475 243.478 243.478 243.480 243.482 288.725 288.726 
  288.777 288.824 288.970 289.048 289.159 295.798 296.690 297.326 
  553.016 553.033 553.155 553.377 553.698 580.377 833.357 834.104 
  834.632 2069.598 

Beta occupied
  -23.846 -11.551 -11.415 -11.372  -1.937  -1.332  -1.203  -1.189 
   -1.132  -1.070  -0.974  -0.839  -0.795  -0.763  -0.685  -0.678 
   -0.666 

Beta virtual
   -0.135  -0.054  -0.038  -0.031  -0.002   0.006   0.013   0.018 
    0.031   0.038   0.067   0.089   0.099   0.107   0.116   0.130 
    0.138   0.143   0.163   0.198   0.207   0.224   0.249   0.251 
    0.256   0.259   0.272   0.282   0.294   0.303   0.316   0.323 
    0.340   0.367   0.410   0.417   0.426   0.434   0.441   0.475 
    0.494   0.500   0.503   0.513   0.522   0.540   0.560   0.593 
    0.601   0.618   0.632   0.646   0.652   0.671   0.673   0.692 
    0.699   0.717   0.722   0.732   0.753   0.766   0.778   0.789 
    0.801   0.823   0.827   0.841   0.850   0.863   0.883   0.896 
    0.908   0.931   0.953   0.963   0.981   0.991   1.008   1.008 
    1.030   1.044   1.061   1.070   1.087   1.100   1.120   1.148 
    1.164   1.197   1.201   1.221   1.263   1.280   1.294   1.329 
    1.343   1.357   1.360   1.390   1.413   1.419   1.422   1.436 
    1.458   1.464   1.468   1.497   1.516   1.524   1.546   1.557 
    1.584   1.596   1.615   1.625   1.646   1.657   1.682   1.689 
    1.704   1.723   1.739   1.748   1.770   1.789   1.801   1.811 
    1.831   1.843   1.867   1.882   1.890   1.902   1.911   1.927 
    1.945   1.948   1.970   1.991   2.022   2.034   2.036   2.057 
    2.062   2.064   2.090   2.109   2.123   2.140   2.144   2.159 
    2.186   2.195   2.211   2.220   2.227   2.260   2.275   2.282 
    2.301   2.317   2.333   2.335   2.347   2.359   2.378   2.400 
    2.429   2.453   2.468   2.478   2.502   2.548   2.580   2.597 
    2.618   2.639   2.645   2.662   2.678   2.703   2.720   2.768 
    2.773   2.806   2.813   2.829   2.841   2.855   2.878   2.895 
    2.919   2.960   2.993   3.004   3.044   3.061   3.070   3.077 
    3.096   3.114   3.141   3.162   3.171   3.179   3.196   3.225 
    3.250   3.270   3.289   3.331   3.351   3.368   3.415   3.434 
    3.453   3.508   3.521   3.542   3.571   3.589   3.612   3.618 
    3.622   3.651   3.669   3.693   3.711   3.723   3.735   3.766 
    3.777   3.825   3.844   3.857   3.869   3.887   3.941   3.952 
    3.966   3.975   3.979   4.005   4.023   4.039   4.049   4.064 
    4.111   4.128   4.134   4.157   4.179   4.185   4.191   4.203 
    4.217   4.233   4.272   4.289   4.297   4.303   4.317   4.352 
    4.368   4.388   4.418   4.434   4.447   4.470   4.473   4.487 
    4.494   4.542   4.554   4.556   4.573   4.594   4.607   4.618 
    4.635   4.661   4.671   4.687   4.694   4.707   4.715   4.720 
    4.740   4.747   4.776   4.783   4.816   4.847   4.862   4.883 
    4.889   4.917   4.935   4.945   4.955   4.967   4.987   5.001 
    5.045   5.063   5.072   5.097   5.104   5.122   5.144   5.157 
    5.188   5.193   5.206   5.240   5.256   5.274   5.293   5.311 
    5.314   5.360   5.384   5.397   5.411   5.421   5.438   5.447 
    5.461   5.488   5.497   5.521   5.539   5.562   5.567   5.591 
    5.614   5.635   5.659   5.672   5.689   5.713   5.721   5.732 
    5.751   5.787   5.804   5.831   5.837   5.860   5.900   5.910 
    5.926   5.957   5.972   6.010   6.023   6.046   6.068   6.077 
    6.112   6.129   6.143   6.158   6.181   6.227   6.238   6.258 
    6.280   6.309   6.341   6.356   6.405   6.449   6.461   6.473 
    6.541   6.604   6.650   6.674   6.688   6.739   6.768   6.804 
    6.834   6.847   6.893   6.926   6.943   6.955   6.991   7.022 
    7.052   7.069   7.104   7.118   7.131   7.151   7.182   7.199 
    7.203   7.276   7.297   7.346   7.373   7.411   7.461   7.478 
    7.510   7.539   7.568   7.595   7.631   7.653   7.677   7.707 
    7.722   7.730   7.798   7.831   7.880   7.914   7.944   7.954 
    8.011   8.042   8.098   8.144   8.166   8.215   8.221   8.266 
    8.329   8.440   8.577   8.737   8.802   8.867   8.901   8.965 
    9.007   9.056   9.108   9.196   9.237   9.304   9.310   9.366 
    9.380   9.404   9.414   9.475   9.491   9.530   9.545   9.558 
    9.610   9.663   9.676   9.686   9.738   9.769   9.834   9.886 
    9.895   9.920   9.943  10.002  10.070  10.099  10.126  10.178 
   10.201  10.217  10.282  10.283  10.305  10.327  10.368  10.386 
   10.433  10.447  10.483  10.509  10.555  10.572  10.622  10.632 
   10.660  10.670  10.707  10.722  10.768  10.785  10.799  10.857 
   10.875  10.900  10.921  10.981  10.995  11.039  11.102  11.174 
   11.256  11.262  11.326  11.332  11.376  11.416  11.433  11.462 
   11.482  11.502  11.513  11.535  11.568  11.604  11.620  11.637 
   11.702  11.737  11.750  11.806  11.952  12.100  12.122  12.146 
   12.188  12.284  12.310  12.344  12.377  12.387  12.407  12.469 
   12.491  12.498  12.504  12.517  12.530  12.544  12.547  12.572 
   12.581  12.595  12.608  12.625  12.637  12.643  12.646  12.670 
   12.675  12.690  12.692  12.702  12.716  12.729  12.742  12.748 
   12.764  12.771  12.803  12.826  12.858  12.874  12.895  12.906 
   12.912  12.934  12.953  12.969  12.985  12.992  13.017  13.038 
   13.064  13.090  13.134  13.169  13.182  13.198  13.238  13.241 
   13.262  13.288  13.321  13.336  13.355  13.366  13.387  13.405 
   13.409  13.432  13.433  13.472  13.497  13.533  13.548  13.562 
   13.579  13.621  13.638  13.655  13.689  13.713  13.729  13.749 
   13.788  13.812  13.850  13.890  13.911  13.920  13.933  13.948 
   13.952  13.961  13.986  13.995  14.009  14.019  14.050  14.069 
   14.077  14.104  14.117  14.125  14.141  14.147  14.174  14.193 
   14.228  14.233  14.273  14.289  14.303  14.319  14.340  14.345 
   14.354  14.365  14.385  14.398  14.409  14.433  14.460  14.482 
   14.498  14.513  14.536  14.555  14.572  14.580  14.605  14.620 
   14.647  14.662  14.685  14.700  14.705  14.754  14.766  14.788 
   14.817  14.850  14.861  14.898  14.914  14.919  14.957  15.006 
   15.035  15.073  15.099  15.109  15.190  15.248  15.299  15.327 
   15.354  15.413  15.431  15.502  15.559  15.604  15.611  15.639 
   15.693  15.723  15.774  15.811  15.834  15.843  15.873  15.896 
   15.917  15.941  15.965  16.020  16.067  16.092  16.137  16.235 
   16.289  16.378  16.463  16.618  16.677  16.774  16.835  16.865 
   16.925  17.130  17.401  17.455  17.493  17.519  17.547  17.596 
   17.605  17.613  17.643  17.661  17.723  17.745  17.805  17.845 
   17.919  17.945  17.958  18.069  18.124  18.144  18.211  18.218 
   18.291  18.315  18.365  18.416  18.431  18.444  18.562  18.597 
   18.626  18.649  18.662  18.673  18.725  18.813  18.885  18.963 
   19.015  19.033  19.069  19.090  19.130  19.138  19.162  19.325 
   19.391  19.433  19.504  19.665  19.823  20.150  20.432  20.686 
   20.722  20.742  20.818  20.846  20.911  20.953  20.991  21.742 
   21.913  22.163  22.647  23.186  23.273  24.329  25.251  29.931 
   37.094  38.352  39.338  42.193  42.376  42.775  59.924  59.961 
   60.199  60.650  61.333  70.557  70.563  70.702  70.851  71.154 
   71.345  71.728  80.884 105.290 106.335 107.077 178.760 178.785 
  178.956 179.277 179.742 217.497 243.349 243.351 243.354 243.355 
  243.359 243.362 243.362 243.364 243.366 288.512 288.513 288.564 
  288.611 288.758 288.836 288.945 295.361 296.255 296.893 552.710 
  552.727 552.848 553.070 553.392 579.978 833.022 833.770 834.298 
  2069.351 


  >>> Running UHF-MP2 <<<

MP2 correlation energy (UHF) : -0.9622196361
MP2 total energy       (UHF) : -174.4178232863

