	*********************************************** 
	***** Beginning CEBE Calculation with MOM ***** 
	*****       Calculation Details:          ***** 
	      Geometry:	 /home/am3939/core/calculations/mols/exp/n/pr-nh2.xyz
	      Core Basis:	 pcX-4
	      Full Basis:	 pc-4
	      DIIS (start, space):	 0 50
	      Level shift:	 0
	      Do localization?:	 False
	      Do SFX2C1E?:	 True
	      Freeze orbitals?:	 True
	      Use Cheng orbitals?:	 False
	      Do Special Basis?:	 True
	      Do Special Basis?:	 pcX-4
	*********************************************** 
	*********************************************** 

  >>> Running RHF <<<

init D/C      : minao
init ov       : zeros
no            : 17
nv            : 1008
ov_size       : 17136
max_cycle     : 1000
conv          : 6
econv         : 9
method        : gdm
scale_stop    : 0
scale_factor  : 1.000000
init E        : -173.32301516709
init |[F,P]|  : 2.87e-03
init |dE|     : 5.72e-03
check file    : None

iter      total energy   |[F,P]|      |dE|         ∆E   comment
   1    -173.363667254  8.87e-04  1.74e-03  -4.07e-02  BFGS
   2    -173.367292538  2.99e-04  6.11e-04  -3.63e-03  BFGS
   3    -173.367620458  5.06e-05  1.07e-04  -3.28e-04  BFGS
   4    -173.367633102  1.53e-05  3.12e-05  -1.26e-05  BFGS
   5    -173.367634739  5.43e-06  1.16e-05  -1.64e-06  BFGS
   6    -173.367634898  1.35e-06  2.85e-06  -1.59e-07  BFGS
   7    -173.367634912  3.60e-07  7.40e-07  -1.41e-08  BFGS
   8    -173.367634914  1.06e-07  1.97e-07  -1.30e-09  BFGS
   9    -173.367634914  3.33e-08  6.68e-08  -6.29e-11  BFGS
                                                                      gdm is converged!

SCF converged : True
final |[F,P]| : 3.33e-08
final |dE|    : 6.68e-08
final Escf    : -305.492635219226
final Etot    : -173.367634913576

  pxp & ewc             :::        0.872 (  0.05%)
  apply B               :::        0.002 (  0.00%)
  linsrch               :::     1859.291 ( 99.95%)
  grad                  :::        0.033 (  0.00%)
  Total                 :::     1860.198 (100.00%)

Alpha occupied
  -15.533 -11.239 -11.214 -11.210  -1.180  -1.042  -0.899  -0.806 
   -0.678  -0.611  -0.606  -0.563  -0.523  -0.517  -0.489  -0.472 
   -0.386 

Alpha virtual
    0.050   0.058   0.064   0.066   0.089   0.093   0.099   0.099 
    0.106   0.130   0.133   0.138   0.139   0.146   0.155   0.166 
    0.177   0.191   0.199   0.211   0.216   0.224   0.229   0.239 
    0.241   0.259   0.270   0.273   0.283   0.298   0.305   0.317 
    0.333   0.335   0.343   0.359   0.360   0.374   0.377   0.387 
    0.404   0.407   0.413   0.413   0.432   0.446   0.460   0.468 
    0.473   0.480   0.489   0.491   0.495   0.507   0.516   0.525 
    0.539   0.541   0.545   0.559   0.564   0.587   0.593   0.602 
    0.607   0.618   0.623   0.632   0.646   0.647   0.666   0.667 
    0.674   0.681   0.684   0.697   0.697   0.703   0.708   0.721 
    0.728   0.733   0.734   0.743   0.744   0.756   0.776   0.796 
    0.803   0.804   0.819   0.836   0.847   0.858   0.867   0.868 
    0.877   0.883   0.886   0.912   0.915   0.934   0.943   0.960 
    0.967   0.980   1.022   1.030   1.052   1.060   1.064   1.069 
    1.075   1.118   1.119   1.141   1.160   1.167   1.187   1.189 
    1.203   1.216   1.223   1.240   1.247   1.254   1.259   1.266 
    1.283   1.296   1.316   1.319   1.319   1.328   1.359   1.379 
    1.383   1.389   1.393   1.394   1.411   1.419   1.428   1.443 
    1.452   1.463   1.474   1.479   1.481   1.490   1.501   1.509 
    1.511   1.520   1.526   1.537   1.563   1.567   1.579   1.579 
    1.585   1.594   1.602   1.616   1.635   1.643   1.643   1.662 
    1.669   1.689   1.701   1.702   1.727   1.733   1.739   1.745 
    1.768   1.772   1.782   1.797   1.807   1.813   1.825   1.849 
    1.853   1.859   1.879   1.919   1.929   1.949   1.965   1.988 
    1.991   2.011   2.036   2.064   2.066   2.092   2.100   2.101 
    2.118   2.129   2.140   2.163   2.192   2.226   2.251   2.276 
    2.278   2.325   2.334   2.335   2.351   2.368   2.396   2.396 
    2.421   2.439   2.449   2.461   2.464   2.487   2.492   2.511 
    2.517   2.528   2.552   2.553   2.595   2.596   2.604   2.635 
    2.642   2.649   2.650   2.668   2.674   2.682   2.695   2.702 
    2.738   2.744   2.778   2.796   2.805   2.829   2.866   2.875 
    2.879   2.888   2.905   2.918   2.937   2.956   2.958   3.013 
    3.035   3.049   3.084   3.090   3.105   3.116   3.140   3.160 
    3.163   3.184   3.191   3.208   3.285   3.296   3.303   3.322 
    3.325   3.351   3.378   3.396   3.399   3.428   3.435   3.448 
    3.475   3.478   3.492   3.507   3.522   3.545   3.563   3.576 
    3.586   3.602   3.640   3.645   3.655   3.672   3.697   3.704 
    3.718   3.726   3.737   3.778   3.793   3.801   3.808   3.818 
    3.834   3.849   3.862   3.898   3.911   3.943   3.958   3.972 
    4.007   4.021   4.036   4.041   4.053   4.072   4.074   4.110 
    4.117   4.124   4.145   4.152   4.159   4.178   4.210   4.213 
    4.231   4.256   4.271   4.275   4.287   4.290   4.292   4.314 
    4.326   4.342   4.362   4.374   4.376   4.386   4.418   4.425 
    4.439   4.440   4.458   4.465   4.470   4.508   4.518   4.530 
    4.548   4.556   4.585   4.592   4.632   4.639   4.654   4.661 
    4.681   4.698   4.720   4.748   4.765   4.769   4.833   4.852 
    4.853   4.887   4.891   4.912   4.928   4.930   4.941   4.960 
    4.964   4.973   4.997   5.030   5.033   5.065   5.076   5.089 
    5.103   5.103   5.133   5.164   5.165   5.172   5.213   5.231 
    5.243   5.246   5.270   5.288   5.312   5.331   5.350   5.351 
    5.370   5.380   5.406   5.406   5.438   5.460   5.484   5.496 
    5.502   5.523   5.565   5.602   5.608   5.619   5.632   5.664 
    5.670   5.676   5.685   5.687   5.729   5.745   5.775   5.820 
    5.838   5.850   5.852   5.863   5.887   5.912   5.929   5.967 
    5.991   6.012   6.024   6.024   6.029   6.043   6.091   6.119 
    6.136   6.142   6.147   6.207   6.218   6.247   6.282   6.282 
    6.323   6.332   6.386   6.420   6.440   6.477   6.522   6.542 
    6.563   6.584   6.612   6.619   6.629   6.650   6.724   6.726 
    6.768   6.813   6.819   6.859   6.879   6.913   6.928   6.952 
    6.962   6.979   7.038   7.048   7.061   7.110   7.132   7.134 
    7.165   7.168   7.208   7.237   7.276   7.284   7.318   7.319 
    7.331   7.397   7.410   7.424   7.466   7.492   7.520   7.542 
    7.552   7.680   7.686   7.728   7.772   7.779   7.866   7.903 
    7.914   8.002   8.025   8.053   8.078   8.138   8.143   8.202 
    8.219   8.251   8.299   8.322   8.355   8.422   8.479   8.493 
    8.575   8.616   8.631   8.657   8.806   8.879   9.031   9.032 
    9.116   9.118   9.145   9.146   9.197   9.253   9.268   9.339 
    9.350   9.359   9.404   9.414   9.415   9.452   9.453   9.479 
    9.522   9.527   9.552   9.565   9.573   9.579   9.597   9.616 
    9.629   9.666   9.677   9.678   9.705   9.732   9.746   9.747 
    9.814   9.855   9.859   9.864   9.898   9.904   9.949   9.972 
    9.990  10.066  10.073  10.098  10.116  10.183  10.200  10.201 
   10.261  10.294  10.328  10.336  10.374  10.381  10.435  10.446 
   10.447  10.461  10.537  10.571  10.578  10.620  10.759  10.818 
   10.960  10.994  11.044  11.133  11.164  11.206  11.282  11.315 
   11.333  11.360  11.370  11.426  11.436  11.477  11.530  11.557 
   11.597  11.637  11.671  11.692  11.709  11.710  11.727  11.758 
   11.786  11.826  11.826  11.916  11.947  11.951  11.984  12.009 
   12.052  12.057  12.083  12.115  12.118  12.139  12.198  12.216 
   12.257  12.259  12.274  12.312  12.317  12.356  12.387  12.428 
   12.450  12.451  12.472  12.480  12.518  12.542  12.575  12.582 
   12.611  12.621  12.656  12.673  12.677  12.717  12.745  12.772 
   12.779  12.794  12.798  12.827  12.836  12.854  12.860  12.921 
   12.962  12.996  13.024  13.036  13.063  13.084  13.087  13.096 
   13.131  13.136  13.148  13.194  13.207  13.208  13.218  13.222 
   13.269  13.282  13.301  13.328  13.350  13.352  13.364  13.375 
   13.391  13.421  13.453  13.459  13.479  13.482  13.495  13.520 
   13.530  13.531  13.556  13.571  13.576  13.617  13.664  13.695 
   13.701  13.719  13.743  13.751  13.779  13.812  13.866  13.880 
   13.920  13.921  13.927  13.935  13.983  13.991  14.013  14.049 
   14.103  14.129  14.137  14.185  14.206  14.239  14.274  14.303 
   14.333  14.355  14.367  14.396  14.462  14.473  14.490  14.592 
   14.593  14.680  14.699  14.741  14.773  14.825  14.838  14.851 
   14.922  14.963  14.977  14.984  15.109  15.120  15.123  15.244 
   15.264  15.313  15.356  15.409  15.425  15.512  15.542  15.606 
   15.610  15.656  15.799  15.808  15.843  15.893  15.969  15.999 
   16.033  16.056  16.107  16.145  16.196  16.257  16.310  16.330 
   16.343  16.366  16.412  16.456  16.469  16.573  16.579  16.633 
   16.696  16.758  16.806  16.876  16.886  16.911  16.930  17.001 
   17.032  17.189  17.248  17.250  17.261  17.269  17.270  17.276 
   17.284  17.291  17.303  17.307  17.312  17.326  17.338  17.339 
   17.349  17.357  17.361  17.383  17.385  17.485  17.552  17.636 
   17.677  17.721  17.754  17.770  17.784  17.785  17.867  17.887 
   17.935  17.939  17.977  17.978  17.989  18.007  18.163  18.254 
   18.303  18.359  18.399  18.416  18.686  18.767  18.925  18.970 
   19.069  19.091  19.145  19.147  19.169  19.204  19.239  19.338 
   19.368  19.377  19.387  19.400  19.498  19.580  19.622  19.685 
   19.708  20.183  20.260  20.331  20.338  20.463  20.471  20.496 
   20.510  20.553  20.570  20.691  20.751  20.777  20.791  20.800 
   20.926  20.981  20.997  21.011  21.302  21.318  21.320  21.346 
   21.471  21.471  21.674  21.697  21.853  21.964  22.044  22.081 
   22.184  22.273  22.330  22.384  22.524  22.549  22.691  22.774 
   23.185  23.519  23.924  23.957  24.176  24.220  24.245  24.282 
   24.337  24.352  24.445  24.522  24.587  24.637  24.688  24.741 
   24.781  24.786  24.821  24.827  24.851  26.247  26.276  26.304 
   26.345  26.355  26.380  26.389  27.491  27.675  33.501  33.577 
   33.627  33.650  33.729  33.782  34.242  34.402  34.467  34.663 
   34.837  35.025  35.081  35.136  35.201  41.784  41.933  42.021 
   42.021  42.139  42.141  42.252  42.315  42.340  45.534  49.575 
   49.615  49.725  50.176  50.566  53.386  53.973  54.040  79.064 
   80.299  81.192  91.745  91.840  91.912  91.940  91.972  91.982 
   91.987  92.006  92.127  92.152  92.173  92.204  92.310  92.314 
   92.324  92.358  92.358  92.363  93.269  93.292  93.317  93.321 
   93.340  93.357  93.383  93.801  93.901 101.100 141.008 141.268 
  141.358 228.730 430.248 430.461 430.539 530.123 1271.797 1691.583 
  1691.739 1691.796 3195.685 8540.513 24825.749 81391.769 322260.268 1830824.112 


  >>> Running RHF-MP2 <<<


RMP2-TIMING
  rmp2                  :::     1373.094 (100.00%)
  Total                 :::     1373.094 (100.00%)

MP2 correlation energy (RHF) : -1.0007897320
MP2 total energy       (RHF) : -174.3684246456


  >>> Running UHF <<<

init D/C      : input mo_coeff
init ov       : zeros
no            : 16 17
nv            : 1009 1008
ov_size       : 33280
max_cycle     : 1000
conv          : 6
econv         : 9
method        : diis
mom_start     : 0
guess mix     : 0.000000
orb_swap      : [[[0, 16]], []]
init E        : -157.834151324802
init S2       : 0.750000000000139
init |[F,P]|  : 1.09e-02
init |dE|     : 2.82e-02
check file    : None

iter      total energy   |[F,P]|      |dE|         ∆E   S^2   comment
   1    -158.254964746  6.33e-03  1.53e-02  -4.21e-01  0.75  DIIS mom: 15.7/16 16.6/17
   2    -158.511069246  4.89e-04  1.20e-03  -2.56e-01  0.76  DIIS mom: 15.9/16 17.0/17
   3    -158.513486010  1.69e-04  3.65e-04  -2.42e-03  0.76  DIIS mom: 16.0/16 17.0/17
   4    -158.513984492  1.04e-04  2.22e-04  -4.98e-04  0.77  DIIS mom: 16.0/16 17.0/17
   5    -158.514296810  4.33e-05  9.07e-05  -3.12e-04  0.77  DIIS mom: 16.0/16 17.0/17
   6    -158.514362441  1.23e-05  2.60e-05  -6.56e-05  0.78  DIIS mom: 16.0/16 17.0/17
   7    -158.514366974  3.30e-06  7.24e-06  -4.53e-06  0.78  DIIS mom: 16.0/16 17.0/17
   8    -158.514367215  1.38e-06  3.05e-06  -2.41e-07  0.78  DIIS mom: 16.0/16 17.0/17
   9    -158.514367260  5.41e-07  1.09e-06  -4.51e-08  0.78  DIIS mom: 16.0/16 17.0/17
  10    -158.514367268  2.52e-07  4.84e-07  -7.97e-09  0.78  DIIS mom: 16.0/16 17.0/17
  11    -158.514367270  9.79e-08  1.96e-07  -1.99e-09  0.78  DIIS mom: 16.0/16 17.0/17
  12    -158.514367270  3.95e-08  8.08e-08  -2.89e-10  0.78  DIIS mom: 16.0/16 17.0/17
                                                                      diis is converged!

SCF converged : True
final |[F,P]| : 3.95e-08
final |dE|    : 8.08e-08
final Escf    : -290.639367575963
final Etot    : -158.514367270314
final S2      : 0.777428281783996

  diis prep             :::        0.443 (  0.02%)
  diis extrap           :::        0.314 (  0.01%)
  roothaan              :::        2.436 (  0.09%)
  fock build            :::     2671.143 ( 99.88%)
  Total                 :::     2674.336 (100.00%)

Alpha occupied
  -11.508 -11.413 -11.371  -1.573  -1.263  -1.144  -1.060  -1.024 
   -0.922  -0.890  -0.834  -0.747  -0.733  -0.694  -0.665  -0.657 

Alpha virtual
  -14.154  -0.120  -0.085  -0.070  -0.060  -0.037  -0.033  -0.029 
   -0.023  -0.021   0.001   0.012   0.018   0.020   0.023   0.024 
    0.033   0.040   0.051   0.059   0.066   0.068   0.074   0.078 
    0.094   0.097   0.107   0.113   0.120   0.130   0.152   0.158 
    0.160   0.172   0.187   0.191   0.194   0.205   0.211   0.220 
    0.223   0.235   0.239   0.246   0.246   0.255   0.274   0.290 
    0.292   0.304   0.308   0.320   0.328   0.337   0.350   0.350 
    0.353   0.375   0.380   0.389   0.395   0.398   0.411   0.413 
    0.416   0.442   0.449   0.460   0.473   0.491   0.495   0.497 
    0.501   0.506   0.517   0.523   0.530   0.531   0.537   0.547 
    0.551   0.554   0.562   0.567   0.575   0.576   0.579   0.602 
    0.611   0.619   0.629   0.639   0.665   0.666   0.669   0.685 
    0.694   0.706   0.723   0.726   0.733   0.745   0.749   0.756 
    0.761   0.785   0.809   0.843   0.849   0.865   0.870   0.881 
    0.886   0.901   0.936   0.942   0.965   0.969   0.974   0.975 
    0.997   1.005   1.033   1.039   1.049   1.067   1.070   1.078 
    1.084   1.093   1.107   1.114   1.124   1.137   1.147   1.152 
    1.172   1.185   1.188   1.206   1.216   1.218   1.238   1.241 
    1.248   1.258   1.267   1.280   1.286   1.292   1.300   1.301 
    1.323   1.325   1.338   1.339   1.370   1.386   1.388   1.395 
    1.404   1.408   1.417   1.430   1.431   1.434   1.455   1.456 
    1.467   1.488   1.497   1.507   1.525   1.527   1.538   1.548 
    1.562   1.570   1.572   1.589   1.595   1.607   1.622   1.646 
    1.654   1.655   1.680   1.683   1.728   1.729   1.733   1.748 
    1.775   1.795   1.797   1.853   1.854   1.876   1.888   1.896 
    1.912   1.913   1.919   1.936   1.961   2.005   2.021   2.054 
    2.063   2.086   2.116   2.117   2.121   2.146   2.159   2.162 
    2.193   2.202   2.229   2.247   2.247   2.266   2.274   2.280 
    2.310   2.314   2.321   2.336   2.347   2.360   2.376   2.401 
    2.430   2.435   2.447   2.456   2.470   2.472   2.496   2.505 
    2.517   2.541   2.544   2.574   2.586   2.614   2.617   2.667 
    2.674   2.675   2.679   2.705   2.711   2.724   2.745   2.746 
    2.809   2.836   2.849   2.860   2.864   2.869   2.889   2.898 
    2.936   2.946   2.956   2.970   2.996   3.050   3.051   3.086 
    3.098   3.122   3.131   3.137   3.158   3.171   3.172   3.194 
    3.244   3.259   3.260   3.287   3.302   3.323   3.324   3.341 
    3.349   3.354   3.367   3.404   3.426   3.439   3.452   3.466 
    3.489   3.506   3.518   3.520   3.562   3.575   3.582   3.602 
    3.610   3.627   3.641   3.659   3.675   3.706   3.712   3.717 
    3.730   3.748   3.781   3.796   3.817   3.837   3.856   3.870 
    3.890   3.897   3.901   3.927   3.943   3.964   3.966   3.976 
    3.978   3.997   4.007   4.028   4.036   4.082   4.083   4.087 
    4.102   4.105   4.130   4.131   4.155   4.163   4.175   4.201 
    4.219   4.220   4.223   4.251   4.261   4.277   4.285   4.324 
    4.332   4.337   4.338   4.391   4.391   4.396   4.403   4.426 
    4.457   4.458   4.482   4.510   4.516   4.544   4.556   4.612 
    4.636   4.653   4.665   4.675   4.711   4.712   4.729   4.732 
    4.742   4.758   4.784   4.786   4.805   4.824   4.846   4.871 
    4.876   4.881   4.886   4.898   4.934   4.949   4.955   5.004 
    5.022   5.023   5.029   5.052   5.086   5.111   5.121   5.134 
    5.138   5.154   5.169   5.188   5.209   5.223   5.240   5.272 
    5.285   5.298   5.311   5.331   5.332   5.384   5.415   5.420 
    5.436   5.448   5.449   5.466   5.479   5.539   5.539   5.566 
    5.604   5.624   5.636   5.644   5.654   5.684   5.711   5.731 
    5.734   5.742   5.779   5.795   5.800   5.830   5.833   5.862 
    5.904   5.906   5.915   5.942   5.953   5.976   6.007   6.021 
    6.063   6.080   6.110   6.136   6.201   6.212   6.257   6.277 
    6.309   6.336   6.363   6.392   6.406   6.412   6.434   6.465 
    6.481   6.548   6.552   6.586   6.625   6.632   6.649   6.674 
    6.706   6.749   6.768   6.830   6.846   6.848   6.876   6.886 
    6.906   6.917   6.922   6.972   7.025   7.044   7.054   7.069 
    7.117   7.127   7.198   7.209   7.225   7.264   7.282   7.292 
    7.309   7.345   7.445   7.455   7.489   7.518   7.525   7.631 
    7.639   7.668   7.755   7.788   7.802   7.871   7.882   7.896 
    7.924   7.930   8.019   8.069   8.074   8.131   8.171   8.208 
    8.211   8.263   8.366   8.406   8.425   8.547   8.635   8.689 
    8.714   8.766   8.805   8.892   8.917   8.971   9.004   9.061 
    9.085   9.087   9.144   9.165   9.198   9.207   9.233   9.246 
    9.267   9.289   9.299   9.312   9.325   9.340   9.381   9.383 
    9.396   9.430   9.451   9.458   9.469   9.478   9.514   9.527 
    9.547   9.595   9.638   9.643   9.664   9.678   9.694   9.710 
    9.714   9.744   9.772   9.817   9.876   9.900   9.966   9.989 
   10.000  10.024  10.052  10.090  10.095  10.111  10.130  10.175 
   10.190  10.214  10.223  10.248  10.262  10.315  10.400  10.493 
   10.539  10.605  10.743  10.826  10.930  10.948  11.020  11.080 
   11.081  11.131  11.173  11.198  11.216  11.223  11.268  11.287 
   11.321  11.332  11.362  11.448  11.481  11.494  11.518  11.546 
   11.568  11.568  11.616  11.635  11.649  11.698  11.738  11.742 
   11.760  11.763  11.784  11.834  11.855  11.887  11.910  11.937 
   11.940  11.981  12.008  12.026  12.055  12.066  12.076  12.094 
   12.159  12.188  12.224  12.244  12.260  12.272  12.311  12.331 
   12.344  12.393  12.404  12.429  12.450  12.464  12.464  12.530 
   12.535  12.576  12.590  12.611  12.618  12.623  12.640  12.678 
   12.689  12.690  12.738  12.738  12.762  12.809  12.813  12.861 
   12.885  12.896  12.911  12.912  12.931  12.960  12.978  13.003 
   13.013  13.034  13.078  13.105  13.112  13.126  13.135  13.146 
   13.159  13.163  13.170  13.192  13.233  13.251  13.260  13.280 
   13.283  13.320  13.332  13.344  13.352  13.360  13.372  13.376 
   13.436  13.444  13.494  13.494  13.534  13.560  13.601  13.661 
   13.671  13.688  13.691  13.704  13.716  13.763  13.764  13.809 
   13.825  13.862  13.875  13.908  13.980  13.993  14.035  14.049 
   14.095  14.105  14.139  14.149  14.179  14.219  14.237  14.273 
   14.276  14.369  14.439  14.450  14.502  14.511  14.532  14.582 
   14.623  14.705  14.716  14.748  14.765  14.808  14.858  14.886 
   15.032  15.091  15.119  15.158  15.225  15.227  15.267  15.339 
   15.362  15.406  15.410  15.543  15.569  15.621  15.623  15.651 
   15.691  15.757  15.778  15.841  15.882  15.966  15.971  15.996 
   16.055  16.056  16.149  16.182  16.210  16.244  16.292  16.310 
   16.394  16.438  16.486  16.524  16.559  16.663  16.689  16.736 
   16.754  16.766  16.823  16.880  16.906  16.950  16.956  17.053 
   17.063  17.069  17.087  17.091  17.101  17.108  17.110  17.115 
   17.123  17.139  17.152  17.175  17.178  17.201  17.217  17.274 
   17.308  17.402  17.440  17.446  17.532  17.582  17.623  17.623 
   17.633  17.700  17.726  17.747  17.773  17.823  17.823  17.854 
   17.863  17.870  17.940  18.006  18.085  18.192  18.320  18.596 
   18.697  18.773  18.831  18.887  18.922  19.003  19.015  19.053 
   19.139  19.160  19.163  19.219  19.237  19.259  19.281  19.328 
   19.340  19.529  19.827  19.843  19.974  20.085  20.258  20.270 
   20.287  20.343  20.380  20.404  20.463  20.549  20.569  20.612 
   20.637  20.680  20.734  20.761  20.795  20.889  21.075  21.102 
   21.162  21.170  21.278  21.279  21.344  21.574  21.713  21.839 
   21.875  21.936  22.030  22.038  22.154  22.157  22.171  22.357 
   22.392  22.600  22.967  23.355  23.792  23.802  23.955  24.002 
   24.035  24.052  24.119  24.176  24.248  24.305  24.389  24.447 
   24.527  24.587  24.592  24.639  24.654  24.663  26.032  26.074 
   26.101  26.122  26.198  26.220  26.220  27.073  27.225  33.291 
   33.333  33.435  33.436  33.539  33.578  34.023  34.161  34.294 
   34.461  34.568  34.832  34.917  34.919  34.993  41.570  41.607 
   41.761  41.772  41.879  41.918  41.982  42.109  42.181  44.455 
   48.218  48.259  48.374  48.822  49.216  52.016  52.609  52.673 
   78.858  80.081  80.989  91.425  91.535  91.570  91.592  91.699 
   91.710  91.740  91.816  91.842  91.932  91.971  92.000  92.100 
   92.101  92.139  92.159  92.183  92.197  93.056  93.089  93.122 
   93.126  93.159  93.189  93.199  93.383  93.481  99.370 138.715 
  138.971 139.063 226.205 426.866 427.076 427.156 526.808 1267.830 
  1687.278 1687.432 1687.490 3191.263 8535.821 24820.918 81386.876 322255.352 
  1830819.188 

Beta occupied
  -18.437 -11.506 -11.413 -11.371  -1.669  -1.270  -1.160  -1.110 
   -1.038  -0.959  -0.945  -0.836  -0.753  -0.734  -0.698  -0.666 
   -0.657 

Beta virtual
   -0.126  -0.089  -0.070  -0.061  -0.038  -0.034  -0.029  -0.022 
   -0.022  -0.001   0.012   0.018   0.020   0.020   0.025   0.031 
    0.040   0.046   0.057   0.067   0.068   0.073   0.079   0.094 
    0.097   0.102   0.112   0.118   0.131   0.146   0.156   0.160 
    0.172   0.183   0.191   0.196   0.205   0.209   0.220   0.224 
    0.234   0.238   0.245   0.247   0.257   0.272   0.290   0.292 
    0.305   0.306   0.316   0.329   0.336   0.349   0.349   0.353 
    0.374   0.379   0.386   0.394   0.398   0.407   0.409   0.416 
    0.441   0.450   0.460   0.473   0.491   0.495   0.497   0.501 
    0.506   0.518   0.522   0.529   0.530   0.535   0.547   0.551 
    0.554   0.562   0.568   0.575   0.575   0.580   0.596   0.612 
    0.620   0.630   0.640   0.664   0.664   0.667   0.686   0.692 
    0.705   0.724   0.725   0.730   0.743   0.749   0.755   0.761 
    0.786   0.809   0.844   0.847   0.865   0.871   0.881   0.887 
    0.901   0.937   0.941   0.964   0.969   0.975   0.976   0.998 
    1.006   1.033   1.036   1.049   1.066   1.070   1.078   1.080 
    1.094   1.105   1.112   1.123   1.137   1.147   1.150   1.171 
    1.185   1.188   1.205   1.216   1.218   1.237   1.241   1.248 
    1.258   1.265   1.277   1.284   1.292   1.300   1.300   1.323 
    1.325   1.338   1.340   1.370   1.385   1.385   1.393   1.404 
    1.408   1.416   1.429   1.430   1.434   1.456   1.456   1.467 
    1.486   1.493   1.507   1.525   1.527   1.538   1.549   1.560 
    1.570   1.572   1.587   1.596   1.607   1.622   1.645   1.653 
    1.655   1.680   1.682   1.723   1.729   1.734   1.746   1.776 
    1.796   1.797   1.854   1.854   1.876   1.886   1.894   1.913 
    1.914   1.919   1.936   1.961   2.004   2.021   2.055   2.062 
    2.083   2.109   2.116   2.117   2.146   2.158   2.160   2.194 
    2.202   2.229   2.243   2.247   2.265   2.272   2.278   2.310 
    2.314   2.321   2.337   2.342   2.358   2.375   2.402   2.429 
    2.435   2.446   2.456   2.470   2.472   2.497   2.505   2.517 
    2.542   2.544   2.574   2.586   2.612   2.617   2.664   2.671 
    2.675   2.679   2.704   2.711   2.723   2.744   2.746   2.809 
    2.837   2.849   2.859   2.862   2.869   2.888   2.897   2.929 
    2.946   2.951   2.969   2.996   3.045   3.048   3.087   3.096 
    3.121   3.131   3.132   3.157   3.172   3.172   3.194   3.241 
    3.257   3.260   3.288   3.303   3.324   3.324   3.341   3.349 
    3.355   3.367   3.399   3.423   3.438   3.452   3.465   3.488 
    3.505   3.518   3.519   3.562   3.567   3.583   3.600   3.611 
    3.626   3.637   3.658   3.673   3.706   3.708   3.714   3.730 
    3.739   3.775   3.790   3.818   3.833   3.852   3.869   3.883 
    3.894   3.901   3.922   3.934   3.960   3.961   3.973   3.974 
    3.995   4.003   4.028   4.033   4.080   4.083   4.087   4.099 
    4.106   4.128   4.128   4.154   4.163   4.172   4.201   4.217 
    4.219   4.224   4.251   4.259   4.276   4.285   4.323   4.331 
    4.337   4.338   4.391   4.392   4.396   4.402   4.425   4.457 
    4.458   4.481   4.509   4.514   4.545   4.556   4.612   4.636 
    4.650   4.665   4.675   4.711   4.712   4.729   4.731   4.742 
    4.757   4.784   4.786   4.803   4.824   4.845   4.870   4.876 
    4.881   4.886   4.898   4.934   4.949   4.955   5.004   5.021 
    5.023   5.029   5.053   5.086   5.111   5.121   5.133   5.134 
    5.153   5.169   5.187   5.208   5.223   5.238   5.271   5.284 
    5.296   5.311   5.329   5.331   5.384   5.415   5.420   5.436 
    5.446   5.448   5.466   5.479   5.536   5.539   5.566   5.603 
    5.622   5.631   5.643   5.654   5.683   5.708   5.724   5.734 
    5.740   5.775   5.794   5.799   5.829   5.834   5.861   5.900 
    5.905   5.914   5.929   5.947   5.975   6.006   6.021   6.063 
    6.078   6.106   6.135   6.197   6.211   6.254   6.276   6.304 
    6.335   6.358   6.391   6.402   6.411   6.434   6.466   6.479 
    6.547   6.551   6.584   6.625   6.628   6.648   6.669   6.705 
    6.749   6.767   6.828   6.845   6.847   6.875   6.885   6.906 
    6.915   6.922   6.971   7.024   7.041   7.050   7.069   7.117 
    7.127   7.197   7.209   7.224   7.264   7.282   7.290   7.307 
    7.345   7.441   7.452   7.488   7.517   7.519   7.629   7.639 
    7.663   7.750   7.783   7.799   7.869   7.877   7.891   7.916 
    7.921   8.016   8.068   8.069   8.124   8.157   8.200   8.206 
    8.254   8.351   8.403   8.424   8.510   8.592   8.693   8.714 
    8.739   8.793   8.893   8.917   8.972   9.005   9.061   9.085 
    9.087   9.144   9.163   9.196   9.208   9.231   9.245   9.260 
    9.287   9.297   9.312   9.320   9.331   9.380   9.382   9.397 
    9.428   9.450   9.457   9.464   9.477   9.513   9.523   9.545 
    9.587   9.632   9.637   9.663   9.676   9.679   9.699   9.704 
    9.742   9.771   9.816   9.870   9.900   9.963   9.969   9.989 
   10.017  10.042  10.090  10.094  10.105  10.129  10.169  10.189 
   10.214  10.223  10.248  10.248  10.315  10.400  10.491  10.534 
   10.572  10.743  10.826  10.930  10.947  11.020  11.079  11.080 
   11.131  11.173  11.198  11.216  11.222  11.268  11.287  11.321 
   11.332  11.360  11.447  11.481  11.494  11.518  11.545  11.568 
   11.568  11.616  11.634  11.647  11.696  11.733  11.741  11.758 
   11.761  11.784  11.831  11.854  11.887  11.905  11.934  11.940 
   11.978  12.008  12.025  12.054  12.062  12.071  12.093  12.159 
   12.184  12.223  12.242  12.259  12.272  12.310  12.331  12.343 
   12.390  12.405  12.425  12.450  12.464  12.464  12.530  12.532 
   12.576  12.591  12.611  12.616  12.618  12.640  12.678  12.690 
   12.690  12.731  12.739  12.763  12.810  12.813  12.860  12.885 
   12.897  12.906  12.912  12.932  12.959  12.976  13.003  13.013 
   13.034  13.078  13.103  13.112  13.123  13.135  13.144  13.159 
   13.161  13.168  13.192  13.232  13.250  13.259  13.280  13.282 
   13.319  13.331  13.343  13.351  13.360  13.369  13.373  13.436 
   13.444  13.494  13.495  13.534  13.559  13.601  13.661  13.670 
   13.688  13.691  13.704  13.716  13.764  13.764  13.809  13.825 
   13.862  13.875  13.908  13.980  13.993  14.035  14.049  14.094 
   14.104  14.138  14.148  14.179  14.219  14.236  14.272  14.277 
   14.366  14.435  14.442  14.499  14.510  14.532  14.581  14.622 
   14.704  14.714  14.748  14.764  14.806  14.857  14.884  15.032 
   15.091  15.119  15.157  15.225  15.226  15.263  15.339  15.350 
   15.405  15.410  15.538  15.567  15.618  15.619  15.643  15.689 
   15.753  15.774  15.840  15.880  15.961  15.966  15.989  16.053 
   16.056  16.148  16.182  16.205  16.236  16.292  16.310  16.386 
   16.431  16.482  16.522  16.557  16.653  16.689  16.736  16.753 
   16.766  16.818  16.874  16.908  16.950  16.950  17.052  17.053 
   17.063  17.086  17.091  17.101  17.107  17.109  17.115  17.123 
   17.138  17.152  17.175  17.178  17.201  17.217  17.261  17.308 
   17.402  17.439  17.444  17.530  17.581  17.619  17.623  17.631 
   17.668  17.716  17.746  17.773  17.814  17.823  17.830  17.854 
   17.867  17.936  18.001  18.074  18.152  18.288  18.549  18.690 
   18.773  18.829  18.886  18.920  19.003  19.015  19.053  19.139 
   19.160  19.163  19.218  19.237  19.256  19.281  19.309  19.338 
   19.529  19.757  19.827  19.974  20.084  20.251  20.270  20.287 
   20.343  20.373  20.404  20.457  20.549  20.569  20.610  20.637 
   20.648  20.733  20.761  20.795  20.850  21.061  21.100  21.162 
   21.170  21.267  21.278  21.310  21.571  21.702  21.828  21.873 
   21.908  21.996  22.025  22.068  22.085  22.167  22.355  22.392 
   22.547  22.864  23.271  23.794  23.804  23.957  24.002  24.035 
   24.051  24.119  24.176  24.244  24.305  24.387  24.447  24.527 
   24.586  24.591  24.639  24.654  24.663  26.032  26.074  26.101 
   26.122  26.198  26.220  26.220  27.065  27.209  33.291  33.334 
   33.435  33.436  33.539  33.579  34.024  34.162  34.294  34.461 
   34.569  34.832  34.917  34.919  34.993  41.570  41.607  41.761 
   41.772  41.879  41.917  41.982  42.109  42.181  44.120  48.047 
   48.087  48.205  48.641  49.034  51.679  52.293  52.353  78.859 
   80.081  80.989  91.426  91.536  91.572  91.592  91.699  91.712 
   91.740  91.816  91.842  91.932  91.971  92.000  92.100  92.101 
   92.139  92.159  92.183  92.197  93.056  93.089  93.122  93.126 
   93.159  93.189  93.199  93.384  93.482  98.988 138.300 138.557 
  138.649 225.848 426.506 426.717 426.797 526.524 1267.636 1687.076 
  1687.231 1687.288 3191.150 8535.763 24820.893 81386.867 322255.349 1830819.187 


  >>> Running UHF-MP2 <<<

MP2 correlation energy (UHF) : -0.9719555554
MP2 total energy       (UHF) : -159.4863228257

