	*********************************************** 
	***** Beginning CEBE Calculation with MOM ***** 
	*****       Calculation Details:          ***** 
	      Geometry:	 /home/am3939/core/calculations/mols/exp/f/ch3f.xyz
	      Core Basis:	 pcX-4
	      Full Basis:	 pc-4
	      DIIS (start, space):	 0 50
	      Level shift:	 0
	      Do localization?:	 False
	      Do SFX2C1E?:	 True
	      Freeze orbitals?:	 True
	      Use Cheng orbitals?:	 False
	      Do Special Basis?:	 True
	      Do Special Basis?:	 pcX-4
	*********************************************** 
	*********************************************** 

  >>> Running RHF <<<

init D/C      : minao
init ov       : zeros
no            : 9
nv            : 420
ov_size       : 3780
max_cycle     : 1000
conv          : 6
econv         : 9
method        : gdm
scale_stop    : 0
scale_factor  : 1.000000
init E        : -139.064650022039
init |[F,P]|  : 6.61e-03
init |dE|     : 1.55e-02
check file    : None

iter      total energy   |[F,P]|      |dE|         ∆E   comment
   1    -139.098153054  3.84e-03  9.45e-03  -3.35e-02  BFGS
   2    -139.110021883  4.61e-04  1.04e-03  -1.19e-02  BFGS
   3    -139.110207917  1.35e-04  3.25e-04  -1.86e-04  BFGS
   4    -139.110231835  2.64e-05  6.26e-05  -2.39e-05  BFGS
   5    -139.110233073  8.89e-06  1.81e-05  -1.24e-06  BFGS
   6    -139.110233232  1.39e-06  3.02e-06  -1.59e-07  BFGS
   7    -139.110233235  3.20e-07  7.00e-07  -3.14e-09  BFGS
   8    -139.110233235  4.28e-08  9.09e-08  -1.86e-10  BFGS
                                                                      gdm is converged!

SCF converged : True
final |[F,P]| : 4.28e-08
final |dE|    : 9.09e-08
final Escf    : -176.911270083762
final Etot    : -139.11023323537

  pxp & ewc             :::        0.144 (  0.23%)
  apply B               :::        0.001 (  0.00%)
  linsrch               :::       62.423 ( 99.76%)
  grad                  :::        0.005 (  0.01%)
  Total                 :::       62.572 (100.00%)

Alpha occupied
  -26.275 -11.300  -1.594  -0.957  -0.702  -0.702  -0.680  -0.530 
   -0.530 

Alpha virtual
    0.052   0.084   0.085   0.085   0.115   0.115   0.217   0.229 
    0.236   0.236   0.258   0.296   0.296   0.305   0.317   0.317 
    0.366   0.366   0.396   0.404   0.404   0.478   0.494   0.532 
    0.532   0.572   0.578   0.578   0.599   0.599   0.603   0.642 
    0.797   0.805   0.805   0.877   0.877   0.909   0.935   0.940 
    0.940   0.946   0.946   1.013   1.013   1.028   1.108   1.108 
    1.131   1.181   1.193   1.242   1.242   1.252   1.252   1.333 
    1.343   1.368   1.368   1.397   1.433   1.433   1.490   1.490 
    1.517   1.535   1.535   1.726   1.726   1.741   1.784   1.838 
    1.838   1.876   2.056   2.056   2.082   2.136   2.136   2.153 
    2.234   2.234   2.260   2.271   2.271   2.330   2.396   2.464 
    2.464   2.488   2.527   2.527   2.612   2.612   2.648   2.665 
    2.687   2.687   2.732   2.748   2.907   2.907   2.994   3.068 
    3.068   3.098   3.098   3.243   3.243   3.321   3.321   3.384 
    3.407   3.512   3.521   3.521   3.565   3.691   3.691   3.734 
    3.737   3.789   3.789   3.813   4.059   4.059   4.107   4.131 
    4.131   4.194   4.194   4.320   4.355   4.357   4.357   4.363 
    4.492   4.492   4.598   4.691   4.691   4.757   4.757   4.779 
    4.779   4.792   5.019   5.065   5.065   5.087   5.276   5.276 
    5.319   5.439   5.439   5.439   5.520   5.628   5.628   5.666 
    5.666   5.742   5.744   5.744   5.856   5.889   5.889   5.913 
    5.997   6.073   6.073   6.207   6.207   6.250   6.361   6.397 
    6.397   6.548   6.590   6.590   6.608   6.654   6.830   6.831 
    7.056   7.113   7.113   7.142   7.178   7.178   7.327   7.327 
    7.329   7.614   7.614   7.712   7.761   7.761   7.951   7.997 
    7.997   8.126   8.250   8.521   8.521   8.749   8.764   8.942 
    8.942   9.292   9.299   9.299   9.374   9.380   9.380   9.525 
    9.531   9.531   9.561   9.561   9.655   9.656   9.919   9.938 
    9.938  10.038  10.277  10.325  10.325  10.496  11.178  11.179 
   11.490  11.500  11.500  11.505  11.538  11.609  11.609  11.882 
   11.882  11.917  12.067  12.097  12.097  12.453  12.453  12.608 
   12.608  12.608  12.657  12.709  12.709  12.853  12.853  12.910 
   12.910  12.918  12.951  12.951  12.998  13.169  13.199  13.199 
   13.200  13.292  13.292  13.348  13.348  13.389  13.389  13.419 
   13.456  13.456  13.605  13.635  13.635  13.674  13.831  13.924 
   13.924  13.994  13.995  14.006  14.098  14.098  14.157  14.485 
   14.567  14.586  14.586  14.701  14.701  14.847  14.963  14.963 
   15.057  15.335  15.335  15.411  15.670  15.670  15.811  15.849 
   16.054  16.242  16.242  16.392  16.572  16.573  16.726  16.855 
   16.856  17.212  17.215  17.215  17.288  17.288  17.293  17.396 
   17.565  17.565  17.713  17.803  17.804  17.953  17.954  18.065 
   18.854  19.036  19.038  19.038  19.511  19.511  19.694  20.297 
   20.510  20.511  20.728  20.728  20.774  21.043  21.043  21.304 
   21.323  21.323  21.361  21.860  21.860  21.891  22.186  22.186 
   22.191  22.987  22.987  23.784  23.810  24.108  24.108  24.429 
   24.656  24.657  26.254  26.355  26.355  31.415  31.415  31.851 
   31.851  32.488  33.569  33.569  34.475  34.637  34.637  34.935 
   34.935  35.999  38.138  41.795  41.795  42.230  80.168  85.130 
   85.130  85.747  88.004  91.653  91.837  91.837  92.021  92.222 
   92.222  93.136  93.136  93.257  93.257  93.268  93.482  93.482 
   94.391 202.913 227.904 227.904 228.632 469.119 696.281 696.281 
  696.858 1100.528 2654.780 2738.595 2738.595 2739.010 6681.100 17849.188 
  51827.832 169672.810 670600.653 3802079.613 


  >>> Running RHF-MP2 <<<


RMP2-TIMING
  rmp2                  :::       47.754 (100.00%)
  Total                 :::       47.754 (100.00%)

MP2 correlation energy (RHF) : -0.5854184986
MP2 total energy       (RHF) : -139.6956517340


  >>> Running UHF <<<

init D/C      : input mo_coeff
init ov       : zeros
no            : 8 9
nv            : 421 420
ov_size       : 7148
max_cycle     : 1000
conv          : 6
econv         : 9
method        : diis
mom_start     : 0
guess mix     : 0.000000
orb_swap      : [[[0, 8]], []]
init E        : -112.835313792667
init S2       : 0.750000000000076
init |[F,P]|  : 2.80e-02
init |dE|     : 8.42e-02
check file    : None

iter      total energy   |[F,P]|      |dE|         ∆E   S^2   comment
   1    -113.493664260  1.21e-02  3.88e-02  -6.58e-01  0.75  DIIS mom: 7.8/8 8.7/9
   2    -113.708952906  1.07e-03  3.03e-03  -2.15e-01  0.75  DIIS mom: 8.0/8 9.0/9
   3    -113.710896857  2.14e-04  5.99e-04  -1.94e-03  0.76  DIIS mom: 8.0/8 9.0/9
   4    -113.711089864  1.00e-04  2.77e-04  -1.93e-04  0.76  DIIS mom: 8.0/8 9.0/9
   5    -113.711144334  3.09e-05  7.62e-05  -5.45e-05  0.76  DIIS mom: 8.0/8 9.0/9
   6    -113.711149559  8.79e-06  1.97e-05  -5.22e-06  0.76  DIIS mom: 8.0/8 9.0/9
   7    -113.711149927  2.56e-06  5.47e-06  -3.68e-07  0.76  DIIS mom: 8.0/8 9.0/9
   8    -113.711149955  5.28e-07  9.50e-07  -2.72e-08  0.76  DIIS mom: 8.0/8 9.0/9
   9    -113.711149956  2.07e-07  3.84e-07  -9.36e-10  0.76  DIIS mom: 8.0/8 9.0/9
                                                                      diis is converged!

SCF converged : True
final |[F,P]| : 2.07e-07
final |dE|    : 3.84e-07
final Escf    : -151.512186803945
final Etot    : -113.711149955553
final S2      : 0.761452718880064

  diis prep             :::        0.049 (  0.06%)
  diis extrap           :::        0.034 (  0.04%)
  roothaan              :::        0.352 (  0.45%)
  fock build            :::       76.907 ( 99.44%)
  Total                 :::       77.341 (100.00%)

Alpha occupied
  -11.627  -2.177  -1.411  -1.301  -1.301  -1.149  -0.884  -0.884 

Alpha virtual
  -24.532  -0.121  -0.105  -0.074  -0.074  -0.040  -0.040  -0.010 
    0.025   0.031   0.031   0.049   0.092   0.092   0.115   0.117 
    0.117   0.160   0.160   0.193   0.196   0.196   0.208   0.275 
    0.319   0.319   0.346   0.379   0.379   0.388   0.388   0.395 
    0.424   0.522   0.571   0.571   0.598   0.598   0.645   0.645 
    0.650   0.675   0.682   0.682   0.752   0.752   0.755   0.862 
    0.862   0.903   0.930   0.947   0.997   0.997   1.010   1.010 
    1.096   1.112   1.125   1.125   1.154   1.204   1.204   1.263 
    1.263   1.266   1.288   1.288   1.455   1.455   1.496   1.515 
    1.574   1.574   1.601   1.750   1.750   1.799   1.836   1.857 
    1.857   1.934   1.934   1.935   1.955   1.955   1.958   2.033 
    2.033   2.036   2.221   2.221   2.225   2.317   2.317   2.339 
    2.344   2.405   2.405   2.405   2.442   2.576   2.576   2.634 
    2.758   2.758   2.808   2.808   2.949   2.949   3.008   3.008 
    3.105   3.129   3.167   3.235   3.235   3.271   3.404   3.404 
    3.452   3.469   3.510   3.510   3.540   3.755   3.755   3.780 
    3.860   3.860   3.889   3.889   4.044   4.057   4.072   4.083 
    4.083   4.212   4.212   4.317   4.391   4.391   4.458   4.458 
    4.477   4.477   4.498   4.692   4.770   4.770   4.774   4.943 
    4.943   4.992   5.100   5.100   5.144   5.176   5.260   5.260 
    5.300   5.300   5.391   5.416   5.416   5.468   5.468   5.481 
    5.487   5.590   5.628   5.628   5.870   5.870   5.890   6.048 
    6.050   6.050   6.158   6.214   6.230   6.230   6.237   6.491 
    6.492   6.705   6.804   6.804   6.850   6.862   6.862   6.935 
    6.935   6.993   7.211   7.211   7.310   7.342   7.342   7.605 
    7.696   7.696   7.720   7.871   8.138   8.138   8.344   8.454 
    8.621   8.621   8.996   8.999   8.999   9.066   9.066   9.077 
    9.213   9.213   9.213   9.223   9.223   9.357   9.357   9.567 
    9.642   9.642   9.735   9.980  10.000  10.000  10.130  10.876 
   10.876  11.158  11.158  11.177  11.189  11.211  11.275  11.275 
   11.574  11.574  11.605  11.723  11.739  11.739  12.111  12.111 
   12.266  12.266  12.277  12.317  12.317  12.323  12.447  12.447 
   12.497  12.497  12.591  12.591  12.617  12.622  12.832  12.845 
   12.845  12.864  12.909  12.909  12.930  12.930  13.032  13.032 
   13.049  13.059  13.059  13.169  13.169  13.221  13.289  13.440 
   13.506  13.552  13.552  13.675  13.675  13.726  13.726  13.761 
   14.019  14.019  14.118  14.175  14.317  14.317  14.333  14.461 
   14.461  14.763  14.882  15.005  15.005  15.275  15.296  15.296 
   15.321  15.667  15.796  15.796  15.968  16.215  16.215  16.376 
   16.542  16.542  16.906  16.906  16.917  16.991  16.991  16.993 
   17.100  17.124  17.125  17.324  17.505  17.506  17.645  17.645 
   17.693  18.524  18.720  18.743  18.743  19.207  19.207  19.393 
   20.002  20.206  20.206  20.415  20.416  20.417  20.552  20.552 
   20.808  20.862  21.012  21.012  21.369  21.369  21.556  21.815 
   21.869  21.869  22.509  22.509  23.305  23.508  23.803  23.803 
   24.122  24.354  24.354  25.949  26.050  26.050  30.448  30.448 
   30.904  30.904  31.564  33.181  33.181  33.608  33.608  33.841 
   34.586  34.586  35.143  37.160  41.488  41.489  41.923  79.813 
   83.323  83.323  83.978  86.354  91.168  91.168  91.341  91.442 
   91.442  91.603  91.603  91.696  91.911  91.911  92.455  92.945 
   92.945  92.961 200.366 224.918 224.918 225.653 465.519 691.864 
  691.864 692.443 1095.931 2649.393 2732.941 2732.941 2733.357 6675.180 
  17842.957 51821.445 169666.354 670594.171 3802073.124 

Beta occupied
  -30.045 -11.627  -2.311  -1.482  -1.392  -1.392  -1.170  -0.888 
   -0.888 

Beta virtual
   -0.125  -0.110  -0.074  -0.074  -0.040  -0.040  -0.019   0.022 
    0.030   0.030   0.048   0.090   0.090   0.115   0.117   0.117 
    0.160   0.160   0.193   0.196   0.196   0.203   0.275   0.320 
    0.320   0.342   0.379   0.379   0.387   0.387   0.395   0.425 
    0.513   0.564   0.564   0.600   0.600   0.645   0.645   0.653 
    0.671   0.683   0.683   0.749   0.753   0.753   0.863   0.863 
    0.903   0.930   0.947   0.997   0.997   1.010   1.010   1.096 
    1.113   1.126   1.126   1.155   1.204   1.204   1.263   1.263 
    1.263   1.289   1.289   1.456   1.456   1.496   1.506   1.573 
    1.573   1.599   1.751   1.751   1.800   1.832   1.857   1.857 
    1.933   1.937   1.937   1.938   1.952   1.952   2.010   2.010 
    2.031   2.223   2.223   2.225   2.316   2.316   2.339   2.346 
    2.402   2.405   2.405   2.441   2.576   2.576   2.614   2.760 
    2.760   2.809   2.809   2.949   2.949   3.008   3.008   3.106 
    3.130   3.168   3.236   3.236   3.270   3.405   3.405   3.450 
    3.470   3.510   3.510   3.540   3.753   3.753   3.778   3.860 
    3.860   3.889   3.889   4.044   4.055   4.072   4.084   4.084 
    4.212   4.213   4.316   4.390   4.390   4.459   4.459   4.478 
    4.478   4.498   4.689   4.767   4.771   4.771   4.943   4.943 
    4.978   5.097   5.097   5.145   5.166   5.255   5.255   5.291 
    5.291   5.345   5.413   5.413   5.434   5.434   5.441   5.477 
    5.591   5.608   5.608   5.871   5.871   5.881   6.046   6.047 
    6.047   6.141   6.215   6.223   6.223   6.240   6.490   6.490 
    6.704   6.804   6.805   6.851   6.862   6.862   6.936   6.936 
    6.992   7.212   7.212   7.301   7.344   7.344   7.606   7.696 
    7.696   7.723   7.873   8.140   8.140   8.321   8.454   8.622 
    8.622   8.997   8.999   8.999   9.067   9.067   9.077   9.213 
    9.214   9.214   9.223   9.223   9.357   9.357   9.565   9.642 
    9.643   9.735   9.980  10.000  10.000  10.125  10.876  10.876 
   11.159  11.159  11.178  11.189  11.211  11.276  11.276  11.574 
   11.574  11.604  11.723  11.738  11.738  12.108  12.108  12.255 
   12.255  12.278  12.310  12.311  12.323  12.441  12.441  12.494 
   12.494  12.590  12.590  12.613  12.622  12.833  12.845  12.845 
   12.860  12.907  12.907  12.919  12.919  13.023  13.023  13.043 
   13.059  13.059  13.143  13.143  13.202  13.285  13.441  13.451 
   13.541  13.542  13.675  13.675  13.699  13.699  13.732  13.953 
   13.953  14.043  14.175  14.287  14.316  14.316  14.442  14.442 
   14.764  14.788  15.005  15.005  15.265  15.293  15.293  15.310 
   15.658  15.789  15.789  15.947  16.213  16.213  16.373  16.542 
   16.542  16.905  16.905  16.918  16.991  16.991  16.992  17.100 
   17.117  17.117  17.314  17.505  17.506  17.644  17.644  17.684 
   18.517  18.717  18.743  18.743  19.207  19.207  19.393  20.002 
   20.206  20.206  20.407  20.416  20.416  20.548  20.548  20.803 
   20.856  21.012  21.012  21.364  21.364  21.555  21.811  21.868 
   21.868  22.504  22.504  23.289  23.508  23.803  23.803  24.122 
   24.354  24.354  25.949  26.050  26.050  30.374  30.374  30.827 
   30.827  31.469  33.090  33.090  33.420  33.420  33.693  34.584 
   34.585  34.954  36.878  41.488  41.489  41.923  79.802  82.887 
   82.887  83.548  85.891  90.919  90.919  91.244  91.244  91.342 
   91.552  91.552  91.687  91.911  91.911  92.216  92.945  92.945 
   92.960 199.867 224.387 224.387 225.124 465.079 691.402 691.402 
  691.982 1095.597 2649.175 2732.679 2732.679 2733.095 6675.056 17842.896 
  51821.419 169666.344 670594.168 3802073.123 


  >>> Running UHF-MP2 <<<

MP2 correlation energy (UHF) : -0.5214169281
MP2 total energy       (UHF) : -114.2325668836

