	*********************************************** 
	***** Beginning CEBE Calculation with MOM ***** 
	*****       Calculation Details:          ***** 
	      Geometry:	 /home/am3939/core/calculations/mols/exp/c/c2-h2.xyz
	      Core Basis:	 ccX-5Z
	      Full Basis:	 cc-pV5Z
	      DIIS (start, space):	 0 50
	      Level shift:	 0
	      Do localization?:	 True
	      Atoms that were localized?:	 ['C']
	      Do SFX2C1E?:	 True
	      Freeze orbitals?:	 True
	      Use Cheng orbitals?:	 False
	      Do Special Basis?:	 True
	      Do Special Basis?:	 ccX-5Z
	*********************************************** 
	*********************************************** 

  >>> Running RHF <<<

init D/C      : minao
init ov       : zeros
no            : 7
nv            : 487
ov_size       : 3409
max_cycle     : 1000
conv          : 6
econv         : 9
method        : gdm
scale_stop    : 0
scale_factor  : 1.000000
init E        : -76.8333327291724
init |[F,P]|  : 3.46e-03
init |dE|     : 8.67e-03
check file    : None

iter      total energy   |[F,P]|      |dE|         ∆E   comment
   1     -76.854261117  8.03e-04  1.96e-03  -2.09e-02  BFGS
   2     -76.855649635  1.14e-04  2.94e-04  -1.39e-03  BFGS
   3     -76.855668359  3.37e-05  8.88e-05  -1.87e-05  BFGS
   4     -76.855669910  4.57e-06  1.27e-05  -1.55e-06  BFGS
   5     -76.855669963  1.06e-06  2.74e-06  -5.25e-08  BFGS
   6     -76.855669966  1.90e-07  5.44e-07  -3.87e-09  BFGS
   7     -76.855669967  3.48e-08  1.10e-07  -9.74e-11  BFGS
                                                                      gdm is converged!

SCF converged : True
final |[F,P]| : 3.48e-08
final |dE|    : 1.10e-07
final Escf    : -101.631571756592
final Etot    : -76.8556699665647

  pxp & ewc             :::        0.208 (  0.30%)
  apply B               :::        0.001 (  0.00%)
  linsrch               :::       68.775 ( 99.69%)
  grad                  :::        0.007 (  0.01%)
  Total                 :::       68.991 (100.00%)

Alpha occupied
  -11.242 -11.239  -1.030  -0.767  -0.681  -0.411  -0.411 

Alpha virtual
    0.066   0.083   0.101   0.101   0.106   0.106   0.147   0.195 
    0.210   0.210   0.241   0.247   0.368   0.368   0.377   0.406 
    0.475   0.475   0.489   0.489   0.533   0.536   0.536   0.561 
    0.562   0.680   0.680   0.689   0.694   0.694   0.800   0.899 
    0.907   0.907   1.021   1.021   1.027   1.040   1.040   1.165 
    1.182   1.240   1.290   1.290   1.291   1.291   1.315   1.405 
    1.405   1.455   1.455   1.485   1.505   1.505   1.511   1.511 
    1.585   1.585   1.599   1.599   1.623   1.780   1.817   1.817 
    1.846   1.846   1.939   2.111   2.111   2.143   2.143   2.168 
    2.168   2.184   2.217   2.225   2.369   2.369   2.442   2.442 
    2.594   2.594   2.658   2.781   2.907   2.944   2.944   3.087 
    3.087   3.242   3.242   3.247   3.247   3.307   3.307   3.322 
    3.476   3.491   3.621   3.621   3.651   3.651   3.666   3.666 
    3.681   3.699   3.725   3.725   3.831   3.831   3.883   3.883 
    4.075   4.075   4.081   4.081   4.084   4.150   4.247   4.247 
    4.264   4.264   4.443   4.443   4.494   4.494   4.502   4.502 
    4.591   4.591   4.678   4.678   4.727   4.811   4.811   4.890 
    4.890   4.906   4.906   4.929   5.001   5.016   5.016   5.178 
    5.178   5.438   5.438   5.464   5.494   5.494   5.731   5.887 
    6.249   6.249   6.292   6.567   6.597   6.597   6.724   6.724 
    6.806   6.888   6.888   6.924   7.163   7.163   7.296   7.296 
    7.349   7.349   7.377   7.628   7.628   7.885   7.930   7.937 
    7.937   8.047   8.047   8.152   8.152   8.443   8.443   8.565 
    8.596   8.596   8.735   8.735   8.754   8.754   9.119   9.146 
    9.146   9.198   9.198   9.372   9.372   9.455   9.455   9.846 
    9.846   9.908   9.908   9.926   9.926   9.933   9.939   9.939 
    9.946  10.068  10.083  10.083  10.146  10.146  10.205  10.205 
   10.816  10.816  10.915  10.915  11.023  11.023  11.179  11.179 
   11.246  11.388  11.388  11.492  11.709  11.709  11.811  11.811 
   11.961  11.964  12.591  12.591  12.600  12.600  12.678  12.678 
   12.723  12.723  12.760  12.760  12.824  12.824  13.010  13.126 
   13.126  13.510  13.554  13.554  13.558  13.558  13.701  13.701 
   13.943  13.943  13.997  14.040  14.040  14.049  14.049  14.442 
   14.442  14.748  14.748  14.824  14.981  15.186  15.186  15.738 
   15.761  15.761  16.184  16.184  16.244  16.244  16.451  16.571 
   16.616  16.616  16.806  16.806  17.108  17.157  17.571  17.571 
   18.298  18.298  18.662  18.917  18.917  19.004  19.004  19.708 
   19.708  20.509  20.509  20.523  20.660  20.710  22.409  23.640 
   24.021  26.711  27.023  37.743  37.743  37.931  37.931  38.949 
   38.949  39.885  39.885  39.908  39.908  39.958  39.958  40.125 
   40.125  40.245  40.245  40.270  40.270  40.412  40.412  40.417 
   40.623  41.186  41.186  41.398  41.398  41.923  42.605  43.659 
   44.148  53.890  54.122  86.955  86.955  86.962  86.962  86.962 
   86.962  86.989  86.989  87.005  87.005  87.080  87.080  87.083 
   87.083  87.131  87.283  87.283  87.459  89.471  89.471  89.569 
   89.569  90.493  90.912 107.142 107.142 107.278 107.278 108.047 
  108.047 108.713 108.713 108.986 111.080 114.251 114.433 129.798 
  129.798 129.839 129.839 129.928 129.928 130.092 130.092 130.425 
  130.425 130.568 130.568 131.279 131.804 209.862 209.862 209.946 
  209.946 210.800 211.132 249.206 249.327 251.673 251.673 251.673 
  251.673 251.676 251.676 251.676 251.676 251.678 251.678 251.678 
  251.678 251.679 251.679 251.680 251.680 251.681 251.681 251.681 
  251.681 251.681 251.682 276.101 276.101 276.206 276.206 276.813 
  276.813 277.318 277.318 277.746 279.343 311.037 311.037 311.039 
  311.039 311.040 311.040 311.049 311.049 311.055 311.055 311.082 
  311.082 311.085 311.085 311.100 311.161 311.161 311.237 396.182 
  396.182 396.206 396.206 396.257 396.257 396.353 396.353 396.540 
  396.540 396.631 396.631 396.996 397.355 537.891 537.891 537.964 
  537.964 538.709 538.985 600.287 600.409 706.730 706.730 706.811 
  706.811 707.288 707.288 707.680 707.680 707.994 709.270 1738.455 
  1738.455 1738.522 1738.522 1739.201 1739.448 2329.981 2330.196 


  >>> Running RHF-MP2 <<<


RMP2-TIMING
  rmp2                  :::       76.383 (100.00%)
  Total                 :::       76.383 (100.00%)

MP2 correlation energy (RHF) : -0.4457391204
MP2 total energy       (RHF) : -77.3014090869


  >>> Running UHF <<<

init D/C      : input mo_coeff
init ov       : zeros
no            : 6 7
nv            : 488 487
ov_size       : 6337
max_cycle     : 1000
conv          : 6
econv         : 9
method        : diis
mom_start     : 0
guess mix     : 0.000000
orb_swap      : [[[0, 6]], []]
init E        : -65.652086882498
init S2       : 0.75000000000006
init |[F,P]|  : 2.19e-02
init |dE|     : 5.69e-02
check file    : None

iter      total energy   |[F,P]|      |dE|         ∆E   S^2   comment
   1     -65.852673916  1.29e-02  3.34e-02  -2.01e-01  0.75  DIIS mom: 5.6/6 6.6/7
   2     -66.135801942  3.52e-03  8.52e-03  -2.83e-01  0.76  DIIS mom: 5.9/6 6.9/7
   3     -66.160063336  5.97e-04  1.48e-03  -2.43e-02  0.77  DIIS mom: 6.0/6 7.0/7
   4     -66.161983015  4.47e-04  1.00e-03  -1.92e-03  0.78  DIIS mom: 6.0/6 7.0/7
   5     -66.164155658  4.24e-04  9.35e-04  -2.17e-03  0.80  DIIS mom: 6.0/6 7.0/7
   6     -66.169909307  3.56e-04  7.78e-04  -5.75e-03  0.91  DIIS mom: 6.0/6 7.0/7
   7     -66.174051719  3.33e-04  8.02e-04  -4.14e-03  1.40  DIIS mom: 5.9/6 7.0/7
   8     -66.174864526  1.59e-04  3.75e-04  -8.13e-04  1.13  DIIS mom: 6.0/6 7.0/7
   9     -66.175352290  4.18e-05  9.82e-05  -4.88e-04  1.21  DIIS mom: 6.0/6 7.0/7
  10     -66.175384111  3.61e-06  9.40e-06  -3.18e-05  1.23  DIIS mom: 6.0/6 7.0/7
  11     -66.175384180  6.80e-07  1.62e-06  -6.89e-08  1.23  DIIS mom: 6.0/6 7.0/7
  12     -66.175384176  7.22e-07  1.67e-06   3.50e-09  1.23  DIIS mom: 6.0/6 7.0/7
  13     -66.175384186  9.54e-08  2.24e-07  -9.83e-09  1.23  DIIS mom: 6.0/6 7.0/7
  14     -66.175384186  9.33e-08  2.22e-07  -1.68e-11  1.23  DIIS mom: 6.0/6 7.0/7
                                                                      diis is converged!

SCF converged : True
final |[F,P]| : 9.33e-08
final |dE|    : 2.22e-07
final Escf    : -90.9512859759619
final Etot    : -66.1753841859347
final S2      : 1.2342056189247

  diis prep             :::        0.105 (  0.07%)
  diis extrap           :::        0.118 (  0.07%)
  roothaan              :::        0.874 (  0.55%)
  fock build            :::      157.410 ( 99.31%)
  Total                 :::      158.508 (100.00%)

Alpha occupied
  -11.660  -1.454  -1.120  -1.059  -0.804  -0.804 

Alpha virtual
  -10.104  -0.148  -0.148  -0.093  -0.086  -0.064  -0.064  -0.053 
   -0.003  -0.003   0.008   0.059   0.078   0.147   0.154   0.154 
    0.206   0.221   0.221   0.237   0.237   0.293   0.293   0.314 
    0.326   0.367   0.430   0.430   0.464   0.471   0.471   0.572 
    0.653   0.653   0.657   0.748   0.748   0.761   0.761   0.782 
    0.934   0.943   0.969   0.996   0.996   1.062   1.062   1.063 
    1.101   1.101   1.175   1.175   1.206   1.208   1.208   1.245 
    1.245   1.303   1.303   1.329   1.329   1.343   1.505   1.527 
    1.527   1.559   1.559   1.651   1.770   1.770   1.823   1.823 
    1.890   1.890   1.896   1.915   1.961   2.100   2.100   2.162 
    2.162   2.307   2.307   2.382   2.488   2.623   2.651   2.651 
    2.803   2.803   2.917   2.917   2.928   2.928   3.011   3.024 
    3.024   3.162   3.191   3.278   3.278   3.338   3.338   3.350 
    3.370   3.370   3.387   3.398   3.398   3.525   3.525   3.527 
    3.527   3.751   3.751   3.752   3.752   3.787   3.831   3.883 
    3.883   3.950   3.950   4.064   4.064   4.148   4.148   4.161 
    4.161   4.250   4.250   4.350   4.350   4.396   4.535   4.535 
    4.578   4.578   4.586   4.614   4.614   4.677   4.722   4.722 
    4.873   4.873   5.112   5.112   5.117   5.188   5.188   5.381 
    5.562   5.935   5.935   5.950   6.224   6.252   6.252   6.415 
    6.415   6.478   6.570   6.570   6.577   6.795   6.795   6.973 
    6.973   7.005   7.005   7.030   7.282   7.282   7.567   7.603 
    7.607   7.607   7.696   7.696   7.831   7.831   8.120   8.120 
    8.191   8.257   8.257   8.326   8.326   8.352   8.352   8.694 
    8.694   8.739   8.868   8.868   8.957   8.957   9.120   9.120 
    9.474   9.474   9.475   9.535   9.535   9.536   9.536   9.559 
    9.589   9.589   9.666   9.726   9.726   9.748   9.748   9.858 
    9.858  10.446  10.446  10.562  10.562  10.621  10.621  10.790 
   10.790  10.888  11.022  11.022  11.114  11.186  11.186  11.363 
   11.363  11.508  11.569  12.065  12.065  12.198  12.198  12.356 
   12.356  12.407  12.407  12.444  12.444  12.504  12.504  12.643 
   12.754  12.754  13.091  13.203  13.203  13.241  13.241  13.384 
   13.384  13.552  13.611  13.611  13.710  13.710  13.720  13.720 
   14.102  14.102  14.412  14.412  14.460  14.602  14.833  14.833 
   15.361  15.427  15.427  15.850  15.850  15.864  15.864  16.100 
   16.179  16.263  16.263  16.476  16.476  16.771  16.825  17.236 
   17.236  17.876  17.876  18.226  18.276  18.276  18.580  18.580 
   19.334  19.334  19.927  20.146  20.146  20.217  20.291  21.948 
   23.283  23.564  26.089  26.554  36.621  36.621  37.434  37.434 
   38.009  38.009  38.872  38.872  39.102  39.102  39.184  39.184 
   39.277  39.277  39.508  39.508  39.567  39.778  39.829  39.829 
   39.889  39.889  40.247  40.247  40.893  40.893  41.215  41.844 
   42.920  43.488  52.760  53.616  85.583  85.583  85.593  85.593 
   85.655  85.655  85.785  85.785  85.880  86.544  86.544  86.565 
   86.565  86.636  86.636  86.785  86.785  86.915  87.806  87.806 
   88.951  89.113  89.113  90.334 105.326 105.326 106.427 106.427 
  106.803 106.803 107.611 108.046 108.046 110.174 112.512 113.940 
  127.933 127.933 128.116 128.116 128.602 128.602 129.408 129.408 
  129.607 129.607 129.608 130.094 130.094 131.181 207.464 207.464 
  208.510 209.498 209.498 210.576 246.751 248.863 249.647 249.647 
  249.647 249.647 249.648 249.648 249.648 249.648 249.648 249.648 
  249.648 251.263 251.263 251.267 251.267 251.270 251.270 251.273 
  251.273 251.275 251.275 251.276 273.570 273.570 274.452 274.452 
  275.701 275.747 275.747 276.688 276.688 278.401 308.623 308.623 
  308.627 308.627 308.649 308.649 308.701 308.701 308.745 310.629 
  310.629 310.637 310.637 310.662 310.662 310.718 310.718 310.765 
  393.398 393.398 393.506 393.506 393.786 393.786 394.364 395.787 
  395.787 395.900 395.900 396.181 396.181 396.784 534.758 534.758 
  535.670 537.523 537.523 538.450 597.126 599.945 703.511 703.511 
  704.210 704.210 705.236 706.366 706.366 707.093 707.093 708.364 
  1734.724 1734.724 1735.556 1738.085 1738.085 1738.926 2326.300 2329.688 

Beta occupied
  -13.804 -11.632  -1.529  -1.178  -1.057  -0.909  -0.909 

Beta virtual
   -0.146  -0.146  -0.103  -0.085  -0.059  -0.059  -0.049  -0.004 
   -0.004   0.006   0.055   0.077   0.146   0.151   0.151   0.205 
    0.235   0.235   0.236   0.236   0.298   0.298   0.316   0.317 
    0.366   0.432   0.432   0.457   0.472   0.472   0.568   0.642 
    0.642   0.651   0.726   0.726   0.779   0.779   0.783   0.916 
    0.932   0.969   1.005   1.005   1.055   1.063   1.063   1.113 
    1.113   1.177   1.177   1.201   1.214   1.214   1.247   1.247 
    1.305   1.305   1.325   1.325   1.338   1.490   1.526   1.526 
    1.560   1.560   1.650   1.713   1.713   1.841   1.841   1.878 
    1.890   1.890   1.901   1.963   2.099   2.099   2.164   2.164 
    2.306   2.306   2.379   2.484   2.622   2.648   2.648   2.806 
    2.806   2.925   2.925   2.934   2.934   2.997   3.026   3.026 
    3.121   3.197   3.284   3.284   3.339   3.339   3.340   3.373 
    3.373   3.383   3.401   3.401   3.521   3.521   3.527   3.527 
    3.746   3.746   3.749   3.749   3.773   3.824   3.824   3.829 
    3.949   3.949   4.047   4.047   4.130   4.130   4.164   4.164 
    4.248   4.248   4.346   4.346   4.378   4.535   4.535   4.565 
    4.580   4.580   4.611   4.611   4.672   4.722   4.722   4.871 
    4.871   5.096   5.112   5.112   5.186   5.186   5.370   5.545 
    5.928   5.936   5.936   6.198   6.247   6.247   6.418   6.418 
    6.473   6.560   6.571   6.571   6.786   6.786   6.974   6.974 
    7.009   7.009   7.025   7.288   7.288   7.555   7.602   7.603 
    7.603   7.699   7.699   7.825   7.825   8.109   8.109   8.175 
    8.257   8.257   8.276   8.276   8.351   8.351   8.644   8.644 
    8.724   8.865   8.865   8.954   8.954   9.117   9.117   9.402 
    9.469   9.469   9.520   9.520   9.538   9.538   9.547   9.584 
    9.584   9.650   9.714   9.714   9.744   9.744   9.854   9.854 
   10.443  10.443  10.556  10.556  10.607  10.607  10.785  10.785 
   10.870  11.014  11.014  11.099  11.115  11.115  11.384  11.384 
   11.417  11.573  12.023  12.023  12.204  12.204  12.357  12.357 
   12.408  12.408  12.445  12.445  12.505  12.505  12.630  12.750 
   12.750  13.072  13.199  13.199  13.242  13.242  13.385  13.385 
   13.525  13.612  13.612  13.710  13.710  13.721  13.721  14.099 
   14.099  14.412  14.412  14.444  14.577  14.830  14.830  15.354 
   15.428  15.428  15.849  15.849  15.857  15.857  16.092  16.169 
   16.263  16.263  16.476  16.476  16.769  16.825  17.232  17.232 
   17.826  17.826  18.140  18.140  18.203  18.589  18.589  19.328 
   19.328  19.788  20.144  20.144  20.204  20.297  21.901  23.281 
   23.510  25.934  26.543  36.466  36.466  37.445  37.445  37.891 
   37.891  38.791  38.791  38.869  38.869  39.112  39.112  39.238 
   39.238  39.478  39.521  39.521  39.621  39.831  39.831  39.897 
   39.897  40.176  40.176  40.899  40.899  41.133  41.798  42.883 
   43.463  52.461  53.619  85.513  85.513  85.526  85.526  85.590 
   85.590  85.722  85.722  85.818  86.551  86.551  86.571  86.571 
   86.641  86.641  86.788  86.788  86.918  87.511  87.511  88.667 
   89.118  89.118  90.331 105.121 105.121 106.233 106.233 106.807 
  106.807 107.449 108.041 108.041 110.134 112.211 113.943 127.798 
  127.798 127.984 127.984 128.471 128.471 129.412 129.412 129.481 
  129.610 129.610 130.096 130.096 131.180 207.180 207.180 208.230 
  209.500 209.500 210.576 246.474 248.864 249.576 249.576 249.576 
  249.576 249.576 249.576 249.576 249.576 249.577 249.577 249.578 
  251.265 251.265 251.269 251.269 251.272 251.272 251.274 251.274 
  251.276 251.276 251.277 273.368 273.368 274.254 274.254 275.520 
  275.749 275.749 276.688 276.688 278.385 308.511 308.511 308.516 
  308.516 308.538 308.538 308.591 308.591 308.635 310.631 310.631 
  310.638 310.638 310.664 310.664 310.719 310.719 310.766 393.240 
  393.240 393.349 393.349 393.629 393.629 394.208 395.788 395.788 
  395.901 395.901 396.182 396.182 396.784 534.535 534.535 535.448 
  537.524 537.524 538.451 596.903 599.946 703.346 703.346 704.046 
  704.046 705.079 706.367 706.367 707.093 707.093 708.358 1734.593 
  1734.593 1735.424 1738.086 1738.086 1738.927 2326.179 2329.689 

  SA 0  : 1 (1.00)    SB 0  : 0 (1.00)
  SA 1  : 2 (0.30) 5 (0.30) 6 (0.30)    SB 1  : 1 (1.00)
  SA 2  : 3 (0.38) 4 (0.61)    SB 2  : 2 (0.28) 4 (0.14) 5 (0.28) 6 (0.28)
  SA 3  : 3 (0.55) 4 (0.36)    SB 3  : 4 (0.76)
  SA 4  : 2 (0.31) 6 (0.62)    SB 4  : 3 (0.91)
  SA 5  : 2 (0.34) 5 (0.60)    SB 5  : 2 (0.26) 6 (0.51)
  SB 6  : 2 (0.28) 5 (0.50)

The transition for spin alpha is from 5 (0.00) to 1 (0.98).



  >>> Running UHF-MP2 <<<

MP2 correlation energy (UHF) : -0.3886700646
MP2 total energy       (UHF) : -66.5640542505

