	*********************************************** 
	***** Beginning CEBE Calculation with MOM ***** 
	*****       Calculation Details:          ***** 
	      Geometry:	 /home/am3939/core/calculations/mols/exp/f/cf4.xyz
	      Core Basis:	 ccX-5Z
	      Full Basis:	 cc-pV5Z
	      DIIS (start, space):	 0 50
	      Level shift:	 0
	      Do localization?:	 True
	      Atoms that were localized?:	 ['F']
	      Do SFX2C1E?:	 True
	      Freeze orbitals?:	 True
	      Use Cheng orbitals?:	 False
	      Do Special Basis?:	 True
	      Do Special Basis?:	 ccX-5Z
	*********************************************** 
	*********************************************** 

  >>> Running RHF <<<

init D/C      : minao
init ov       : zeros
no            : 21
nv            : 838
ov_size       : 17598
max_cycle     : 1000
conv          : 6
econv         : 9
method        : gdm
scale_stop    : 0
scale_factor  : 1.000000
init E        : -435.664270325141
init |[F,P]|  : 6.53e-03
init |dE|     : 1.61e-02
check file    : None

iter      total energy   |[F,P]|      |dE|         ∆E   comment
   1    -435.796424207  4.31e-03  1.03e-02  -1.32e-01  BFGS
   2    -435.860259442  3.70e-04  1.02e-03  -6.38e-02  BFGS
   3    -435.861296064  1.12e-04  2.76e-04  -1.04e-03  BFGS
   4    -435.861398197  2.96e-05  7.92e-05  -1.02e-04  BFGS
   5    -435.861403416  5.93e-06  1.46e-05  -5.22e-06  BFGS
   6    -435.861403657  9.24e-07  2.14e-06  -2.41e-07  BFGS
   7    -435.861403662  1.17e-07  3.15e-07  -5.54e-09  BFGS
   8    -435.861403663  1.58e-08  4.18e-08  -9.39e-11  BFGS
                                                                      gdm is converged!

SCF converged : True
final |[F,P]| : 1.58e-08
final |dE|    : 4.18e-08
final Escf    : -642.524587819236
final Etot    : -435.861403662504

  pxp & ewc             :::        0.535 (  0.16%)
  apply B               :::        0.002 (  0.00%)
  linsrch               :::      327.527 ( 99.83%)
  grad                  :::        0.027 (  0.01%)
  Total                 :::      328.091 (100.00%)

Alpha occupied
  -26.371 -26.371 -26.371 -26.371 -11.607  -1.807  -1.680  -1.680 
   -1.680  -1.011  -0.891  -0.891  -0.891  -0.766  -0.766  -0.713 
   -0.713  -0.713  -0.685  -0.685  -0.685 

Alpha virtual
    0.118   0.150   0.150   0.150   0.211   0.211   0.211   0.221 
    0.221   0.293   0.293   0.293   0.305   0.375   0.375   0.375 
    0.439   0.439   0.439   0.461   0.597   0.597   0.597   0.650 
    0.650   0.650   0.650   0.708   0.708   0.718   0.718   0.718 
    0.758   0.817   0.817   0.817   0.842   0.842   0.857   0.857 
    0.857   1.106   1.106   1.106   1.334   1.334   1.334   1.381 
    1.410   1.410   1.506   1.506   1.506   1.566   1.566   1.700 
    1.700   1.700   1.759   1.794   1.794   1.794   1.819   1.819 
    1.819   1.824   1.824   1.836   1.847   1.847   1.847   1.936 
    1.936   1.936   1.967   1.967   1.967   2.060   2.060   2.060 
    2.129   2.129   2.129   2.195   2.385   2.385   2.385   2.590 
    2.590   2.673   2.673   2.673   3.171   3.171   3.196   3.198 
    3.198   3.198   3.242   3.242   3.242   3.280   3.406   3.406 
    3.406   3.444   3.444   3.444   3.652   3.715   3.715   3.715 
    3.800   3.800   3.800   3.856   3.911   3.911   3.911   3.938 
    3.938   4.045   4.068   4.068   4.068   4.170   4.170   4.170 
    4.171   4.171   4.171   4.175   4.175   4.306   4.306   4.320 
    4.321   4.321   4.321   4.366   4.366   4.366   4.409   4.409 
    4.409   4.466   4.466   4.466   4.538   4.538   4.538   4.655 
    4.655   4.716   4.716   4.716   4.987   4.987   4.987   5.107 
    5.118   5.118   5.118   5.416   5.416   5.468   5.468   5.468 
    5.481   5.568   5.568   5.930   5.930   5.930   6.074   6.074 
    6.074   6.161   6.957   6.957   6.957   7.209   7.209   7.209 
    7.518   7.518   7.518   7.577   7.582   7.582   7.582   7.595 
    7.595   7.704   7.704   7.704   7.851   7.851   7.851   7.973 
    8.235   8.235   8.235   8.297   8.297   8.366   8.387   8.387 
    8.387   8.688   8.688   8.688   8.825   8.825   8.825   8.887 
    8.887   8.954   8.954   8.954   9.089   9.089   9.091   9.091 
    9.091   9.117   9.149   9.149   9.149   9.414   9.420   9.420 
    9.420   9.479   9.479   9.479   9.521   9.521   9.521   9.569 
    9.700   9.700   9.865   9.971   9.971  10.007  10.007  10.007 
   10.059  10.059  10.059  10.093  10.093  10.093  10.200  10.200 
   10.200  10.244  10.419  10.419  10.419  10.514  10.514  10.514 
   10.560  10.560  10.560  10.575  10.575  10.575  10.699  10.699 
   10.783  10.783  10.783  10.954  10.954  11.008  11.008  11.008 
   11.082  11.082  11.082  11.235  11.247  11.247  11.247  11.356 
   11.356  11.356  11.380  11.584  11.584  11.584  11.600  11.600 
   12.052  12.052  12.456  12.456  12.456  13.035  13.396  13.396 
   13.396  13.466  13.466  13.466  13.567  13.567  13.963  13.963 
   13.963  14.282  15.449  15.449  15.449  18.238  18.271  18.271 
   18.271  18.285  18.285  18.293  18.293  18.293  18.293  18.293 
   18.293  18.295  18.295  18.296  18.296  18.296  18.406  18.406 
   18.406  18.415  18.417  18.417  18.417  18.617  18.617  18.643 
   18.643  18.643  18.855  18.855  18.855  18.881  18.881  18.882 
   18.882  18.882  18.949  18.949  18.949  19.081  19.103  19.103 
   19.103  19.246  19.246  19.246  19.378  19.378  19.378  19.452 
   19.452  19.704  19.909  19.909  19.909  23.678  23.693  23.693 
   23.693  23.701  23.701  23.728  23.728  23.728  23.857  23.857 
   23.857  23.944  23.944  23.944  23.972  24.302  24.302  24.302 
   24.464  24.464  24.464  24.481  24.481  24.481  24.515  24.515 
   24.633  24.703  24.703  24.714  24.714  24.714  24.753  24.753 
   24.753  24.859  24.859  24.859  24.956  25.179  25.229  25.229 
   25.229  25.253  25.253  25.253  25.427  25.427  25.458  25.633 
   25.633  25.633  25.795  25.795  25.795  25.965  25.965  25.965 
   26.042  26.042  26.042  26.153  26.153  26.711  26.929  26.929 
   26.929  28.342  28.342  28.342  28.396  28.396  28.396  28.416 
   28.416  29.341  29.341  29.442  29.442  29.442  29.481  29.481 
   29.481  30.012  30.789  30.789  30.789  39.645  39.645  39.645 
   39.666  39.666  39.666  39.670  39.670  39.990  40.093  40.093 
   40.093  42.951  54.400  54.400  54.400  54.597  83.910  83.910 
   83.910  83.952  83.952  83.966  83.966  83.966  84.502  84.502 
   84.524  84.524  84.524  84.534  84.534  84.534  85.252  85.252 
   85.252  85.265  85.265  85.265  85.284  85.284  85.287  85.460 
   85.460  85.460  85.647  85.647  85.647  85.827  93.587  93.601 
   93.601  93.601  93.604  93.604  93.604  93.632  93.632  93.689 
   93.764  93.764  93.764  93.816  93.816  93.816  93.875  93.875 
   93.875  93.905  93.905  93.905  93.932  93.932  94.269  94.290 
   94.290  94.290 118.852 118.852 118.852 118.990 145.039 145.054 
  145.054 145.054 145.055 145.055 145.055 145.055 145.055 145.062 
  145.062 145.062 145.067 145.067 145.067 145.081 145.100 145.100 
  145.100 145.113 145.113 145.113 145.138 145.138 145.147 145.147 
  145.147 145.153 145.153 145.157 145.157 145.157 145.170 145.173 
  145.173 145.173 190.219 190.219 190.219 190.233 190.233 190.233 
  190.238 190.238 190.568 190.568 190.568 190.743 231.196 231.196 
  231.196 231.226 231.226 231.240 231.240 231.240 231.651 231.651 
  231.667 231.667 231.667 231.670 231.670 231.670 232.185 232.384 
  232.384 232.384 258.066 258.066 258.066 258.185 297.466 297.475 
  297.475 297.475 297.476 297.476 297.476 297.493 297.493 297.523 
  297.563 297.563 297.563 297.596 297.596 297.596 297.623 297.623 
  297.623 297.644 297.644 297.644 297.660 297.660 297.831 297.851 
  297.851 297.851 414.606 414.606 414.606 414.606 414.607 414.607 
  414.607 414.607 414.607 414.607 414.608 414.608 414.611 414.611 
  414.611 414.611 414.611 414.611 414.611 414.611 414.616 414.616 
  414.616 414.616 414.616 414.616 414.616 414.616 414.623 414.623 
  414.623 414.623 414.623 414.623 414.623 414.623 414.633 414.633 
  414.633 414.633 414.633 414.633 414.633 414.633 448.000 448.000 
  448.000 448.013 448.013 448.013 448.019 448.019 448.317 448.317 
  448.317 448.468 547.293 547.298 547.298 547.298 547.300 547.300 
  547.300 547.300 547.300 547.302 547.302 547.302 547.302 547.302 
  547.302 547.306 547.311 547.311 547.311 547.315 547.315 547.315 
  547.323 547.323 547.324 547.324 547.324 547.327 547.327 547.328 
  547.328 547.328 547.331 547.333 547.333 547.333 570.340 570.340 
  570.340 570.451 592.432 592.432 592.432 592.455 592.455 592.466 
  592.466 592.466 592.792 592.792 592.804 592.804 592.804 592.806 
  592.806 592.806 593.204 593.373 593.373 593.373 896.389 896.394 
  896.394 896.394 896.395 896.395 896.395 896.406 896.406 896.423 
  896.447 896.447 896.447 896.467 896.467 896.467 896.483 896.483 
  896.483 896.496 896.496 896.496 896.505 896.505 896.605 896.617 
  896.617 896.617 1152.512 1152.512 1152.512 1152.524 1152.524 1152.524 
  1152.529 1152.529 1152.791 1152.791 1152.791 1152.919 1383.814 1383.814 
  1383.814 1383.923 1517.600 1517.600 1517.600 1517.618 1517.618 1517.627 
  1517.627 1517.627 1517.884 1517.884 1517.892 1517.892 1517.892 1517.894 
  1517.894 1517.894 1518.203 1518.337 1518.337 1518.337 3735.147 3735.147 
  3735.147 3735.158 3735.158 3735.158 3735.163 3735.163 3735.404 3735.404 
  3735.404 3735.520 5407.466 5407.466 5407.466 5407.667 


  >>> Running RHF-MP2 <<<


RMP2-TIMING
  rmp2                  :::      540.095 (100.00%)
  Total                 :::      540.095 (100.00%)

MP2 correlation energy (RHF) : -1.5927197538
MP2 total energy       (RHF) : -437.4541234163


  >>> Running UHF <<<

init D/C      : input mo_coeff
init ov       : zeros
no            : 20 21
nv            : 839 838
ov_size       : 34378
max_cycle     : 1000
conv          : 6
econv         : 9
method        : diis
mom_start     : 0
guess mix     : 0.000000
orb_swap      : [[[0, 20]], []]
init E        : -409.698038935863
init S2       : 0.750000000000092
init |[F,P]|  : 2.39e-02
init |dE|     : 5.25e-02
check file    : None

iter      total energy   |[F,P]|      |dE|         ∆E   S^2   comment
   1    -410.129175021  6.57e-03  1.78e-02  -4.31e-01  0.75  DIIS mom: 19.7/20 20.7/21
   2    -410.333635533  1.93e-03  4.88e-03  -2.04e-01  0.76  DIIS mom: 19.9/20 21.0/21
   3    -410.352725073  1.69e-04  4.42e-04  -1.91e-02  0.76  DIIS mom: 20.0/20 21.0/21
   4    -410.353037590  8.58e-05  2.18e-04  -3.13e-04  0.76  DIIS mom: 20.0/20 21.0/21
   5    -410.353131464  3.34e-05  8.40e-05  -9.39e-05  0.76  DIIS mom: 20.0/20 21.0/21
   6    -410.353155772  8.97e-06  2.21e-05  -2.43e-05  0.76  DIIS mom: 20.0/20 21.0/21
   7    -410.353157613  3.60e-06  8.76e-06  -1.84e-06  0.76  DIIS mom: 20.0/20 21.0/21
   8    -410.353158017  1.33e-06  3.08e-06  -4.04e-07  0.76  DIIS mom: 20.0/20 21.0/21
   9    -410.353158075  5.34e-07  1.22e-06  -5.74e-08  0.76  DIIS mom: 20.0/20 21.0/21
  10    -410.353158085  1.95e-07  4.57e-07  -1.05e-08  0.76  DIIS mom: 20.0/20 21.0/21
  11    -410.353158087  4.95e-08  1.18e-07  -1.40e-09  0.76  DIIS mom: 20.0/20 21.0/21
  12    -410.353158087  2.09e-08  4.96e-08  -7.54e-11  0.76  DIIS mom: 20.0/20 21.0/21
                                                                      diis is converged!

SCF converged : True
final |[F,P]| : 2.09e-08
final |dE|    : 4.96e-08
final Escf    : -617.016342243604
final Etot    : -410.353158086871
final S2      : 0.761234811112363

  diis prep             :::        0.336 (  0.07%)
  diis extrap           :::        0.220 (  0.04%)
  roothaan              :::        1.732 (  0.34%)
  fock build            :::      507.544 ( 99.55%)
  Total                 :::      509.833 (100.00%)

Alpha occupied
  -26.656 -26.656 -26.655 -11.950  -2.315  -2.047  -1.956  -1.956 
   -1.509  -1.409  -1.409  -1.235  -1.135  -1.135  -1.041  -1.009 
   -1.009  -0.969  -0.969  -0.954 

Alpha virtual
  -24.647  -0.095  -0.039  -0.039  -0.029   0.009   0.031   0.031 
    0.040   0.048   0.048   0.101   0.101   0.102   0.122   0.122 
    0.135   0.181   0.219   0.220   0.220   0.349   0.362   0.362 
    0.393   0.393   0.405   0.449   0.451   0.474   0.474   0.520 
    0.520   0.545   0.569   0.569   0.599   0.599   0.621   0.623 
    0.649   0.649   0.848   0.860   0.860   1.031   1.031   1.071 
    1.108   1.128   1.128   1.215   1.215   1.234   1.296   1.296 
    1.374   1.425   1.425   1.454   1.502   1.502   1.541   1.541 
    1.542   1.558   1.558   1.567   1.578   1.605   1.611   1.611 
    1.671   1.671   1.685   1.700   1.701   1.701   1.787   1.789 
    1.789   1.854   1.854   1.857   1.924   2.089   2.117   2.117 
    2.307   2.307   2.334   2.385   2.385   2.839   2.839   2.863 
    2.892   2.909   2.909   2.923   2.973   2.973   2.992   3.088 
    3.094   3.094   3.140   3.140   3.172   3.359   3.404   3.418 
    3.418   3.489   3.489   3.500   3.529   3.568   3.610   3.610 
    3.627   3.627   3.690   3.690   3.695   3.796   3.815   3.815 
    3.836   3.908   3.908   3.914   3.927   3.927   3.973   3.973 
    3.980   4.044   4.044   4.059   4.060   4.060   4.078   4.102 
    4.128   4.128   4.169   4.169   4.191   4.228   4.246   4.246 
    4.338   4.338   4.423   4.432   4.432   4.656   4.685   4.685 
    4.784   4.812   4.812   4.853   5.107   5.107   5.140   5.156 
    5.156   5.203   5.265   5.265   5.595   5.636   5.636   5.740 
    5.740   5.787   5.851   6.564   6.668   6.668   6.885   6.885 
    6.895   7.161   7.175   7.175   7.220   7.220   7.266   7.324 
    7.329   7.329   7.398   7.415   7.415   7.528   7.528   7.532 
    7.660   7.894   7.894   7.904   7.986   7.986   8.036   8.042 
    8.091   8.091   8.302   8.350   8.350   8.414   8.414   8.518 
    8.518   8.525   8.582   8.621   8.621   8.731   8.731   8.740 
    8.804   8.804   8.825   8.844   8.867   8.867   9.001   9.010 
    9.122   9.122   9.177   9.177   9.192   9.192   9.226   9.226 
    9.271   9.379   9.379   9.517   9.636   9.636   9.657   9.682 
    9.682   9.719   9.719   9.752   9.770   9.789   9.789   9.844 
    9.844   9.902   9.922  10.078  10.078  10.098  10.158  10.158 
   10.175  10.215  10.236  10.236  10.267  10.267  10.298  10.343 
   10.343  10.450  10.450  10.458  10.600  10.600  10.686  10.702 
   10.702  10.737  10.737  10.798  10.887  10.902  10.902  10.961 
   10.975  11.038  11.038  11.069  11.247  11.247  11.281  11.281 
   11.286  11.717  11.717  12.040  12.152  12.152  12.695  12.989 
   12.989  13.076  13.139  13.139  13.179  13.251  13.251  13.576 
   13.654  13.654  13.941  15.018  15.152  15.152  17.818  17.818 
   17.819  17.819  17.866  17.931  18.000  18.008  18.008  18.016 
   18.016  18.027  18.027  18.027  18.028  18.029  18.029  18.038 
   18.038  18.048  18.068  18.123  18.133  18.133  18.156  18.156 
   18.254  18.254  18.307  18.354  18.354  18.517  18.559  18.559 
   18.581  18.608  18.610  18.610  18.621  18.621  18.670  18.791 
   18.814  18.814  18.911  18.911  18.963  19.023  19.023  19.087 
   19.152  19.152  19.246  19.517  19.627  19.627  23.170  23.170 
   23.270  23.323  23.423  23.426  23.426  23.444  23.444  23.476 
   23.543  23.574  23.574  23.583  23.662  23.662  23.811  23.859 
   23.859  24.035  24.118  24.118  24.138  24.138  24.180  24.200 
   24.211  24.211  24.257  24.257  24.350  24.423  24.429  24.429 
   24.470  24.470  24.534  24.534  24.561  24.574  24.581  24.696 
   24.848  24.848  24.923  24.976  24.976  25.024  25.024  25.143 
   25.250  25.250  25.332  25.386  25.386  25.486  25.486  25.518 
   25.681  25.724  25.724  25.758  25.849  25.849  26.190  26.514 
   26.650  26.650  27.439  27.439  28.066  28.076  28.076  28.120 
   28.129  28.129  28.528  28.528  29.092  29.092  29.157  29.180 
   29.180  29.203  29.456  30.156  30.507  30.507  38.572  38.572 
   39.003  39.370  39.376  39.376  39.391  39.394  39.394  39.731 
   39.811  39.811  42.595  53.235  54.120  54.120  54.275  82.207 
   82.207  82.781  82.781  83.619  83.619  83.629  83.647  83.670 
   83.670  83.683  83.683  83.723  84.044  84.223  84.223  84.246 
   84.246  84.252  84.252  84.973  84.976  84.976  84.988  84.998 
   84.998  85.062  85.172  85.172  85.359  85.359  85.499  92.049 
   92.053  92.163  92.163  92.323  92.323  92.710  93.312  93.322 
   93.322  93.334  93.334  93.390  93.400  93.400  93.460  93.510 
   93.510  93.535  93.584  93.601  93.601  93.616  93.638  93.638 
   93.987  94.004  94.004 117.022 118.569 118.569 118.675 143.370 
  143.370 143.378 143.382 143.431 143.431 143.474 143.481 143.481 
  144.763 144.772 144.772 144.774 144.775 144.775 144.777 144.778 
  144.778 144.784 144.784 144.793 144.815 144.822 144.822 144.824 
  144.845 144.845 144.861 144.861 144.867 144.869 144.869 144.878 
  144.879 144.879 144.888 187.732 187.732 188.115 189.938 189.942 
  189.942 189.953 189.955 189.955 190.281 190.281 190.416 228.489 
  228.489 228.926 228.926 229.601 230.913 230.934 230.934 230.950 
  230.950 230.958 231.368 231.368 231.381 231.381 231.382 231.386 
  231.952 232.098 232.098 255.332 257.782 257.782 257.873 294.669 
  294.670 294.733 294.733 294.819 294.819 295.028 297.187 297.193 
  297.193 297.198 297.198 297.229 297.235 297.235 297.267 297.297 
  297.297 297.312 297.333 297.345 297.345 297.356 297.369 297.369 
  297.549 297.565 297.565 412.023 412.023 412.023 412.026 412.026 
  412.030 412.030 412.036 412.036 412.044 412.044 414.320 414.320 
  414.320 414.320 414.320 414.320 414.321 414.322 414.322 414.325 
  414.325 414.325 414.325 414.325 414.325 414.331 414.331 414.331 
  414.331 414.331 414.331 414.340 414.340 414.340 414.340 414.340 
  414.340 414.351 414.351 414.351 414.351 414.351 414.351 444.392 
  444.392 444.736 447.718 447.722 447.722 447.732 447.734 447.734 
  448.031 448.031 448.146 543.983 543.983 543.983 543.984 543.999 
  543.999 544.011 544.014 544.014 547.011 547.014 547.014 547.016 
  547.016 547.017 547.018 547.018 547.018 547.019 547.019 547.021 
  547.026 547.028 547.028 547.029 547.035 547.035 547.039 547.039 
  547.041 547.042 547.042 547.044 547.045 547.045 547.048 566.541 
  570.057 570.057 570.141 588.622 588.622 588.967 588.967 589.499 
  592.149 592.164 592.164 592.177 592.177 592.184 592.509 592.509 
  592.519 592.519 592.519 592.523 592.963 593.088 593.088 892.177 
  892.177 892.215 892.215 892.266 892.266 892.388 896.109 896.112 
  896.112 896.116 896.116 896.133 896.138 896.138 896.157 896.175 
  896.175 896.183 896.196 896.203 896.203 896.210 896.218 896.218 
  896.323 896.333 896.333 1147.741 1147.741 1148.041 1152.230 1152.235 
  1152.235 1152.244 1152.245 1152.245 1152.507 1152.507 1152.604 1378.905 
  1383.532 1383.532 1383.614 1512.696 1512.696 1512.967 1512.967 1513.382 
  1517.318 1517.329 1517.329 1517.340 1517.340 1517.345 1517.601 1517.601 
  1517.609 1517.609 1517.610 1517.612 1517.954 1518.053 1518.053 3729.408 
  3729.408 3729.684 3734.866 3734.870 3734.870 3734.879 3734.880 3734.880 
  3735.122 3735.122 3735.209 5401.693 5407.185 5407.185 5407.337 

Beta occupied
  -30.160 -26.655 -26.655 -26.655 -11.950  -2.442  -2.051  -1.955 
   -1.955  -1.589  -1.499  -1.499  -1.239  -1.138  -1.138  -1.047 
   -1.007  -1.007  -0.969  -0.969  -0.953 

Beta virtual
   -0.101  -0.041  -0.041  -0.033  -0.010   0.031   0.031   0.036 
    0.048   0.048   0.100   0.100   0.103   0.123   0.123   0.135 
    0.181   0.219   0.220   0.220   0.341   0.362   0.362   0.390 
    0.390   0.401   0.448   0.452   0.472   0.472   0.520   0.520 
    0.544   0.571   0.571   0.597   0.597   0.621   0.624   0.649 
    0.649   0.850   0.860   0.860   1.035   1.035   1.071   1.108 
    1.127   1.127   1.216   1.216   1.226   1.296   1.296   1.350 
    1.420   1.420   1.449   1.492   1.492   1.542   1.542   1.542 
    1.558   1.558   1.567   1.578   1.606   1.611   1.611   1.670 
    1.670   1.684   1.701   1.702   1.702   1.786   1.790   1.790 
    1.854   1.854   1.858   1.925   2.090   2.118   2.118   2.309 
    2.309   2.317   2.386   2.386   2.840   2.840   2.864   2.894 
    2.910   2.910   2.922   2.972   2.972   2.993   3.088   3.094 
    3.094   3.140   3.140   3.172   3.359   3.406   3.417   3.417 
    3.488   3.488   3.496   3.519   3.567   3.606   3.606   3.612 
    3.612   3.673   3.673   3.673   3.793   3.813   3.813   3.813 
    3.908   3.908   3.915   3.927   3.927   3.964   3.970   3.970 
    4.044   4.044   4.057   4.059   4.059   4.078   4.101   4.129 
    4.129   4.169   4.169   4.192   4.221   4.247   4.247   4.337 
    4.337   4.414   4.432   4.432   4.641   4.686   4.686   4.780 
    4.813   4.813   4.854   5.107   5.107   5.141   5.154   5.154 
    5.202   5.264   5.264   5.595   5.636   5.636   5.741   5.741 
    5.787   5.850   6.556   6.669   6.669   6.887   6.887   6.896 
    7.161   7.178   7.178   7.221   7.221   7.267   7.324   7.329 
    7.329   7.397   7.415   7.415   7.528   7.528   7.528   7.661 
    7.881   7.881   7.904   7.986   7.986   8.037   8.037   8.088 
    8.088   8.274   8.300   8.300   8.399   8.399   8.515   8.515 
    8.525   8.548   8.618   8.618   8.728   8.728   8.731   8.804 
    8.804   8.825   8.843   8.867   8.867   8.996   9.009   9.121 
    9.121   9.174   9.177   9.192   9.192   9.225   9.225   9.270 
    9.377   9.377   9.474   9.635   9.635   9.641   9.680   9.680 
    9.715   9.715   9.746   9.770   9.789   9.789   9.839   9.839 
    9.903   9.916  10.070  10.076  10.076  10.155  10.155  10.164 
   10.215  10.233  10.233  10.268  10.268  10.299  10.340  10.340 
   10.447  10.447  10.455  10.597  10.597  10.677  10.703  10.703 
   10.737  10.737  10.798  10.871  10.898  10.898  10.961  10.973 
   11.038  11.038  11.069  11.245  11.245  11.280  11.280  11.286 
   11.717  11.717  12.024  12.152  12.152  12.687  12.980  12.980 
   13.075  13.139  13.139  13.179  13.251  13.251  13.569  13.654 
   13.654  13.938  15.006  15.153  15.153  17.819  17.819  17.819 
   17.819  17.866  17.898  17.898  17.931  18.000  18.008  18.008 
   18.017  18.017  18.028  18.028  18.028  18.028  18.029  18.029 
   18.048  18.068  18.106  18.125  18.125  18.142  18.142  18.253 
   18.253  18.276  18.354  18.354  18.452  18.558  18.558  18.581 
   18.608  18.610  18.610  18.621  18.621  18.670  18.789  18.814 
   18.814  18.910  18.910  18.963  19.022  19.022  19.087  19.152 
   19.152  19.208  19.513  19.628  19.628  23.164  23.164  23.265 
   23.284  23.420  23.424  23.426  23.426  23.444  23.444  23.487 
   23.541  23.574  23.574  23.662  23.662  23.746  23.852  23.852 
   24.032  24.117  24.117  24.131  24.131  24.180  24.190  24.211 
   24.211  24.253  24.253  24.347  24.421  24.429  24.429  24.471 
   24.471  24.534  24.534  24.542  24.556  24.581  24.690  24.836 
   24.836  24.924  24.976  24.976  25.020  25.020  25.142  25.246 
   25.246  25.332  25.374  25.374  25.483  25.483  25.518  25.681 
   25.724  25.724  25.759  25.849  25.849  26.169  26.512  26.650 
   26.650  27.369  27.369  28.067  28.072  28.072  28.120  28.128 
   28.128  28.466  28.466  29.092  29.092  29.157  29.180  29.180 
   29.204  29.412  30.135  30.508  30.508  38.310  38.310  38.748 
   39.370  39.376  39.376  39.391  39.394  39.394  39.731  39.812 
   39.812  42.590  52.848  54.121  54.121  54.273  82.013  82.013 
   82.587  82.587  83.271  83.271  83.480  83.629  83.660  83.661 
   83.661  83.679  83.679  83.728  84.223  84.223  84.245  84.246 
   84.246  84.252  84.973  84.976  84.976  84.988  84.998  84.998 
   85.061  85.172  85.172  85.359  85.359  85.498  91.960  91.964 
   92.074  92.074  92.233  92.233  92.621  93.312  93.322  93.322 
   93.334  93.334  93.390  93.400  93.400  93.460  93.510  93.510 
   93.535  93.584  93.601  93.601  93.616  93.638  93.638  93.987 
   94.004  94.004 116.567 118.569 118.569 118.675 143.306 143.306 
  143.314 143.318 143.367 143.367 143.410 143.417 143.417 144.764 
  144.773 144.773 144.774 144.775 144.775 144.777 144.778 144.778 
  144.785 144.785 144.793 144.815 144.822 144.822 144.824 144.845 
  144.845 144.861 144.861 144.867 144.869 144.869 144.878 144.879 
  144.879 144.888 187.302 187.302 187.687 189.938 189.942 189.942 
  189.953 189.955 189.955 190.281 190.281 190.416 228.200 228.200 
  228.638 228.638 229.314 230.913 230.934 230.934 230.950 230.950 
  230.958 231.368 231.368 231.382 231.382 231.382 231.386 231.952 
  232.099 232.099 254.875 257.782 257.782 257.872 294.479 294.480 
  294.543 294.543 294.628 294.628 294.838 297.187 297.193 297.193 
  297.198 297.198 297.229 297.235 297.235 297.267 297.297 297.297 
  297.312 297.333 297.345 297.345 297.356 297.369 297.369 297.549 
  297.565 297.565 411.938 411.938 411.938 411.941 411.941 411.945 
  411.945 411.951 411.951 411.959 411.959 414.320 414.320 414.320 
  414.320 414.320 414.320 414.322 414.322 414.322 414.325 414.325 
  414.325 414.325 414.325 414.325 414.331 414.331 414.331 414.331 
  414.331 414.331 414.340 414.340 414.340 414.340 414.340 414.340 
  414.351 414.351 414.351 414.351 414.351 414.351 443.969 443.969 
  444.314 447.718 447.722 447.722 447.732 447.735 447.735 448.031 
  448.031 448.146 543.828 543.828 543.828 543.829 543.844 543.844 
  543.856 543.859 543.859 547.011 547.014 547.014 547.016 547.016 
  547.017 547.018 547.018 547.018 547.019 547.019 547.021 547.026 
  547.028 547.028 547.029 547.035 547.035 547.039 547.039 547.041 
  547.042 547.042 547.044 547.045 547.045 547.049 566.133 570.057 
  570.057 570.141 588.325 588.325 588.670 588.670 589.203 592.149 
  592.164 592.164 592.177 592.177 592.184 592.509 592.509 592.519 
  592.519 592.519 592.523 592.963 593.088 593.088 891.947 891.947 
  891.985 891.985 892.035 892.035 892.158 896.109 896.112 896.112 
  896.116 896.116 896.133 896.138 896.138 896.157 896.175 896.175 
  896.183 896.196 896.203 896.203 896.211 896.218 896.218 896.323 
  896.333 896.333 1147.403 1147.403 1147.703 1152.230 1152.235 1152.235 
  1152.244 1152.245 1152.245 1152.507 1152.507 1152.604 1378.579 1383.532 
  1383.532 1383.614 1512.447 1512.447 1512.718 1512.718 1513.134 1517.318 
  1517.329 1517.329 1517.340 1517.340 1517.345 1517.601 1517.601 1517.609 
  1517.609 1517.610 1517.612 1517.954 1518.053 1518.053 3729.207 3729.207 
  3729.482 3734.866 3734.870 3734.870 3734.879 3734.880 3734.880 3735.122 
  3735.122 3735.209 5401.516 5407.185 5407.185 5407.337 

  SA 0  : 1 (0.12) 2 (0.66) 3 (0.21)    SB 0  : 0 (0.99)
  SA 1  : 1 (0.54) 3 (0.45)    SB 1  : 1 (0.12) 2 (0.66) 3 (0.21)
  SA 2  : 1 (0.33) 2 (0.33) 3 (0.33)    SB 2  : 1 (0.54) 3 (0.45)
  SA 3  : 4 (1.00)    SB 3  : 1 (0.33) 2 (0.33) 3 (0.33)
  SA 4  : 7 (0.38) 12 (0.19) 19 (0.19) 20 (0.19)    SB 4  : 4 (1.00)
  SA 5  : 5 (0.16) 8 (0.16) 9 (0.16)    SB 5  : 7 (0.35) 12 (0.20) 19 (0.20) 20 (0.20)
  SA 6  : 8 (0.25) 11 (0.14) 15 (0.12) 16 (0.14)    SB 6  : 5 (0.16) 8 (0.16) 9 (0.16)
  SA 7  : 5 (0.22) 6 (0.11) 9 (0.16) 14 (0.13) 18 (0.11)    SB 7  : 8 (0.24) 9 (0.10) 11 (0.14) 15 (0.12) 16 (0.13)
  SA 8  : 7 (0.54) 12 (0.12) 19 (0.12) 20 (0.12)    SB 8  : 5 (0.22) 6 (0.11) 9 (0.15) 14 (0.13) 18 (0.12)
  SA 9  : 12 (0.19) 19 (0.63) 20 (0.13)    SB 9  : 7 (0.57) 12 (0.11) 19 (0.11) 20 (0.11)
  SA 10 : 12 (0.44) 20 (0.50)    SB 10 : 12 (0.21) 19 (0.63) 20 (0.11)
  SA 11 : 5 (0.15) 8 (0.15) 9 (0.15)    SB 11 : 12 (0.42) 20 (0.52)
  SA 12 : 8 (0.25) 10 (0.16) 14 (0.15)    SB 12 : 5 (0.15) 8 (0.15) 9 (0.15)
  SA 13 : 5 (0.22) 9 (0.16) 11 (0.13) 17 (0.14) 18 (0.11)    SB 13 : 8 (0.25) 9 (0.10) 10 (0.16) 14 (0.15)
  SA 14 : 6 (0.25) 13 (0.25) 15 (0.25)    SB 14 : 5 (0.22) 9 (0.16) 11 (0.13) 17 (0.15) 18 (0.11)
  SA 15 : 10 (0.13) 13 (0.12) 14 (0.14) 15 (0.30)    SB 15 : 6 (0.25) 13 (0.25) 15 (0.25)
  SA 16 : 6 (0.26) 11 (0.14) 13 (0.19) 16 (0.12)    SB 16 : 10 (0.13) 13 (0.11) 14 (0.15) 15 (0.29)
  SA 17 : 11 (0.18) 15 (0.14) 17 (0.21) 18 (0.14)    SB 17 : 6 (0.26) 11 (0.14) 13 (0.18) 16 (0.12)
  SA 18 : 6 (0.14) 10 (0.21) 14 (0.17) 16 (0.15)    SB 18 : 11 (0.16) 15 (0.15) 17 (0.21) 18 (0.16)
  SA 19 : 10 (0.17) 11 (0.17) 14 (0.17) 16 (0.17) 17 (0.17) 18 (0.17)    SB 19 : 6 (0.14) 10 (0.21) 14 (0.19) 16 (0.13)
  SB 20 : 10 (0.17) 11 (0.17) 14 (0.17) 16 (0.17) 17 (0.17) 18 (0.17)

The transition for spin alpha is from 19 (0.01) to 1 (0.98).



  >>> Running UHF-MP2 <<<

MP2 correlation energy (UHF) : -1.5423470030
MP2 total energy       (UHF) : -411.8955050898

