	*********************************************** 
	***** Beginning CEBE Calculation with MOM ***** 
	*****       Calculation Details:          ***** 
	      Geometry:	 /work/morgunov/core/calculations/mols/exp/f/c2f4.xyz
	      Core Basis:	 cc-pCV5Z
	      Full Basis:	 cc-pV5Z
	      DIIS (start, space):	 0 50
	      Level shift:	 0
	      Do localization?:	 True
	      Atoms that were localized?:	 ['F']
	      Do SFX2C1E?:	 True
	      Freeze orbitals?:	 True
	      Use Cheng orbitals?:	 False
	      Do Special Basis?:	 False
	*********************************************** 
	*********************************************** 

  >>> Running RHF <<<

init D/C      : minao
init ov       : zeros
no            : 24
nv            : 738
ov_size       : 17712
max_cycle     : 1000
conv          : 6
econv         : 9
method        : gdm
scale_stop    : 0
scale_factor  : 1.000000
init E        : -473.466510334031
init |[F,P]|  : 5.91e-03
init |dE|     : 1.48e-02
check file    : None

iter      total energy   |[F,P]|      |dE|         ∆E   comment
   1    -473.590697600  3.74e-03  9.41e-03  -1.24e-01  BFGS
   2    -473.649855013  4.16e-04  1.22e-03  -5.92e-02  BFGS
   3    -473.650958140  1.34e-04  3.67e-04  -1.10e-03  BFGS
   4    -473.651090824  2.74e-05  7.26e-05  -1.33e-04  BFGS
   5    -473.651099474  7.95e-06  1.88e-05  -8.65e-06  BFGS
   6    -473.651100155  1.44e-06  3.50e-06  -6.81e-07  BFGS
   7    -473.651100174  2.62e-07  6.73e-07  -1.83e-08  BFGS
   8    -473.651100174  5.88e-08  1.48e-07  -7.51e-10  BFGS
                                                                      gdm is converged!

SCF converged : True
final |[F,P]| : 5.88e-08
final |dE|    : 1.48e-07
final Escf    : -718.283742481891
final Etot    : -473.651100174402

  pxp & ewc             :::        0.679 (  0.04%)
  apply B               :::        0.003 (  0.00%)
  linsrch               :::     1701.475 ( 99.96%)
  grad                  :::        0.066 (  0.00%)
  Total                 :::     1702.223 (100.00%)

Alpha occupied
  -26.366 -26.366 -26.366 -26.366 -11.446 -11.444  -1.729  -1.714 
   -1.666  -1.656  -1.108  -0.919  -0.867  -0.844  -0.807  -0.790 
   -0.765  -0.740  -0.717  -0.711  -0.697  -0.681  -0.680  -0.410 

Alpha virtual
    0.139   0.152   0.180   0.186   0.186   0.248   0.251   0.269 
    0.310   0.315   0.369   0.379   0.406   0.430   0.449   0.479 
    0.492   0.504   0.530   0.544   0.548   0.564   0.579   0.603 
    0.633   0.636   0.692   0.696   0.727   0.737   0.774   0.824 
    0.860   0.880   0.921   0.939   0.944   0.952   0.993   0.998 
    1.026   1.069   1.105   1.106   1.274   1.294   1.297   1.337 
    1.371   1.378   1.380   1.381   1.430   1.432   1.440   1.452 
    1.502   1.524   1.576   1.600   1.630   1.685   1.716   1.716 
    1.718   1.747   1.749   1.752   1.789   1.826   1.855   1.863 
    1.876   1.881   1.897   1.905   1.953   1.968   2.025   2.033 
    2.053   2.146   2.159   2.181   2.198   2.213   2.242   2.314 
    2.342   2.391   2.415   2.416   2.456   2.470   2.522   2.573 
    2.661   2.725   2.728   2.765   2.770   2.775   2.802   2.857 
    2.910   2.952   2.972   3.135   3.178   3.186   3.265   3.287 
    3.298   3.314   3.318   3.362   3.367   3.394   3.416   3.449 
    3.473   3.487   3.505   3.592   3.613   3.640   3.654   3.668 
    3.672   3.685   3.716   3.732   3.739   3.742   3.770   3.879 
    3.905   3.944   3.966   3.986   3.989   4.065   4.074   4.095 
    4.120   4.144   4.163   4.163   4.170   4.181   4.191   4.220 
    4.220   4.246   4.303   4.323   4.369   4.380   4.398   4.457 
    4.471   4.482   4.510   4.516   4.525   4.539   4.546   4.626 
    4.675   4.693   4.798   4.812   4.829   4.908   4.919   4.981 
    5.018   5.026   5.079   5.140   5.193   5.244   5.277   5.319 
    5.386   5.440   5.498   5.534   5.609   5.613   5.667   5.689 
    5.721   5.747   5.801   5.888   5.901   5.938   5.986   6.062 
    6.068   6.129   6.196   6.257   6.320   6.368   6.458   6.561 
    6.572   6.656   6.910   6.951   7.277   7.386   7.431   7.446 
    7.540   7.578   7.580   7.592   7.594   7.597   7.601   7.607 
    7.649   7.662   7.700   7.710   7.809   7.815   7.867   7.880 
    7.886   7.919   7.927   8.036   8.052   8.087   8.231   8.235 
    8.277   8.337   8.394   8.400   8.404   8.415   8.433   8.473 
    8.527   8.711   8.730   8.760   8.796   8.803   8.807   8.877 
    8.928   8.939   9.042   9.102   9.114   9.193   9.314   9.320 
    9.335   9.381   9.416   9.429   9.434   9.447   9.463   9.488 
    9.512   9.518   9.552   9.552   9.565   9.594   9.638   9.652 
    9.656   9.664   9.873   9.889   9.920   9.960   9.970  10.014 
   10.039  10.044  10.051  10.058  10.062  10.154  10.162  10.189 
   10.195  10.229  10.276  10.308  10.324  10.325  10.349  10.373 
   10.425  10.431  10.460  10.488  10.543  10.570  10.581  10.615 
   10.647  10.659  10.665  10.692  10.753  10.756  10.767  10.777 
   10.780  10.931  10.968  11.033  11.055  11.058  11.103  11.125 
   11.134  11.139  11.176  11.196  11.275  11.320  11.329  11.500 
   11.622  11.631  11.634  11.665  11.725  11.739  11.788  11.876 
   11.920  12.050  12.066  12.227  12.445  12.539  12.657  12.682 
   12.842  12.883  12.902  13.056  13.106  13.253  13.282  13.284 
   13.373  13.498  13.540  13.645  13.997  14.083  14.259  14.335 
   14.363  14.607  14.697  14.763  15.166  15.284  15.291  15.713 
   16.572  16.670  16.737  16.876  16.916  17.004  17.144  17.157 
   18.179  18.284  18.287  18.294  18.299  18.304  18.304  18.305 
   18.305  18.305  18.305  18.305  18.305  18.305  18.312  18.314 
   18.318  18.338  18.378  18.402  18.430  18.435  18.465  18.473 
   18.492  18.503  18.627  18.679  18.756  18.803  18.817  18.955 
   18.981  18.983  19.019  19.121  19.142  19.210  19.251  19.311 
   19.328  19.390  19.456  19.514  19.685  19.772  20.040  20.155 
   23.711  23.716  23.716  23.719  23.722  23.726  23.730  23.735 
   23.792  23.842  23.877  23.886  23.909  23.928  23.965  23.975 
   24.277  24.366  24.375  24.377  24.397  24.460  24.508  24.598 
   24.677  24.684  24.691  24.695  24.721  24.728  24.738  24.784 
   24.829  24.835  24.875  25.039  25.192  25.193  25.201  25.212 
   25.216  25.225  25.264  25.306  25.409  25.496  25.522  25.531 
   25.547  25.619  25.683  25.836  25.840  25.882  25.980  26.000 
   26.046  26.095  26.218  26.276  26.339  26.413  26.484  26.585 
   28.128  28.135  28.163  28.191  28.205  28.251  28.277  28.311 
   28.956  28.980  29.161  29.180  29.225  29.252  29.400  29.482 
   29.567  29.572  29.667  29.732  37.016  37.142  37.264  37.272 
   39.217  41.575  46.655  46.732  46.771  46.887  46.919  46.965 
   47.070  47.087  48.273  48.349  48.649  48.833  79.308  79.310 
   79.331  79.353  79.353  79.382  79.406  79.415  79.790  79.799 
   79.922  79.955  79.969  79.988  80.144  80.188  80.215  80.232 
   80.359  80.370  92.679  92.680  92.685  92.687  92.688  92.693 
   92.703  92.715  92.741  92.793  92.794  92.805  92.811  92.841 
   92.843  92.915  92.927  92.933  92.970  92.982  93.008  93.013 
   93.081  93.119  93.150  93.167  93.212  93.230 103.084 103.130 
  103.219 103.277 131.553 131.618 131.647 131.746 131.774 131.806 
  131.894 131.909 132.793 132.875 133.081 133.350 233.973 233.973 
  233.988 234.003 234.005 234.024 234.043 234.047 234.315 234.320 
  234.406 234.431 234.440 234.453 234.562 234.600 234.606 234.640 
  234.732 234.735 249.674 249.675 249.675 249.676 249.676 249.676 
  249.677 249.677 249.678 249.679 249.679 249.680 249.680 249.682 
  249.682 249.682 249.683 249.684 249.684 249.684 249.684 249.684 
  249.684 249.684 249.684 249.685 249.685 249.686 249.686 249.687 
  249.687 249.688 249.689 249.690 249.691 249.693 273.695 273.745 
  273.820 273.883 366.360 366.413 366.436 366.514 366.541 366.553 
  366.632 366.646 367.098 367.156 367.220 367.245 367.288 367.288 
  367.290 367.291 367.291 367.295 367.299 367.303 367.313 367.334 
  367.337 367.342 367.342 367.355 367.363 367.390 367.396 367.396 
  367.421 367.421 367.437 367.448 367.480 367.490 367.802 367.816 
  367.956 368.152 712.719 712.719 712.728 712.739 712.741 712.754 
  712.767 712.770 712.961 712.964 713.024 713.041 713.041 713.051 
  713.128 713.145 713.148 713.158 713.216 713.222 717.838 717.908 
  717.971 718.030 1028.729 1028.775 1028.795 1028.867 1028.887 1028.908 
  1028.974 1028.981 1029.627 1029.685 1029.833 1030.030 2523.317 2523.451 
  2523.684 2523.877 


  >>> Running RHF-MP2 <<<


RMP2-TIMING
  rmp2                  :::     1559.784 (100.00%)
  Total                 :::     1559.784 (100.00%)

MP2 correlation energy (RHF) : -1.7803533027
MP2 total energy       (RHF) : -475.4314534771


  >>> Running UHF <<<

init D/C      : input mo_coeff
init ov       : zeros
no            : 23 24
nv            : 739 738
ov_size       : 34709
max_cycle     : 1000
conv          : 6
econv         : 9
method        : diis
mom_start     : 0
guess mix     : 0.000000
orb_swap      : [[[0, 23]], []]
init E        : -447.493700350049
init S2       : 0.749999999999986
init |[F,P]|  : 2.30e-02
init |dE|     : 5.23e-02
check file    : None

iter      total energy   |[F,P]|      |dE|         ∆E   S^2   comment
   1    -447.935563459  5.89e-03  1.79e-02  -4.42e-01  0.75  DIIS mom: 22.7/23 23.7/24
   2    -448.142404388  1.96e-03  5.48e-03  -2.07e-01  0.76  DIIS mom: 22.9/23 24.0/24
   3    -448.167367833  1.51e-04  4.39e-04  -2.50e-02  0.76  DIIS mom: 23.0/23 24.0/24
   4    -448.167781553  7.74e-05  2.16e-04  -4.14e-04  0.76  DIIS mom: 23.0/23 24.0/24
   5    -448.167889021  3.39e-05  9.15e-05  -1.07e-04  0.76  DIIS mom: 23.0/23 24.0/24
   6    -448.167921233  9.41e-06  2.31e-05  -3.22e-05  0.76  DIIS mom: 23.0/23 24.0/24
   7    -448.167924087  5.50e-06  1.24e-05  -2.85e-06  0.76  DIIS mom: 23.0/23 24.0/24
   8    -448.167925666  4.46e-06  9.71e-06  -1.58e-06  0.76  DIIS mom: 23.0/23 24.0/24
   9    -448.167926857  3.97e-06  8.45e-06  -1.19e-06  0.76  DIIS mom: 23.0/23 24.0/24
  10    -448.167928839  3.39e-06  7.23e-06  -1.98e-06  0.76  DIIS mom: 23.0/23 24.0/24
  11    -448.167932415  2.14e-06  4.64e-06  -3.58e-06  0.76  DIIS mom: 23.0/23 24.0/24
  12    -448.167934202  1.01e-06  2.36e-06  -1.79e-06  0.76  DIIS mom: 23.0/23 24.0/24
  13    -448.167934402  5.31e-07  1.29e-06  -2.00e-07  0.76  DIIS mom: 23.0/23 24.0/24
  14    -448.167934440  1.69e-07  4.22e-07  -3.82e-08  0.76  DIIS mom: 23.0/23 24.0/24
  15    -448.167934441  8.05e-08  2.03e-07  -1.49e-09  0.76  DIIS mom: 23.0/23 24.0/24
  16    -448.167934442  3.20e-08  7.92e-08  -2.34e-10  0.76  DIIS mom: 23.0/23 24.0/24
                                                                      diis is converged!

SCF converged : True
final |[F,P]| : 3.20e-08
final |dE|    : 7.92e-08
final Escf    : -692.800576749116
final Etot    : -448.167934441628
final S2      : 0.762669917559638

  diis prep             :::        0.917 (  0.03%)
  diis extrap           :::        0.648 (  0.02%)
  roothaan              :::        2.577 (  0.07%)
  fock build            :::     3498.220 ( 99.88%)
  Total                 :::     3502.363 (100.00%)

Alpha occupied
  -26.622 -26.601 -26.600 -11.740 -11.735  -2.255  -1.954  -1.937 
   -1.889  -1.477  -1.379  -1.366  -1.313  -1.127  -1.073  -1.039 
   -1.026  -0.987  -0.968  -0.933  -0.930  -0.913  -0.694 

Alpha virtual
  -24.606  -0.099  -0.083  -0.047  -0.028  -0.006   0.020   0.063 
    0.067   0.083   0.101   0.146   0.178   0.197   0.209   0.218 
    0.257   0.292   0.320   0.325   0.337   0.345   0.375   0.379 
    0.391   0.391   0.425   0.447   0.454   0.487   0.514   0.525 
    0.589   0.610   0.647   0.685   0.699   0.718   0.719   0.765 
    0.772   0.796   0.843   0.885   0.908   1.014   1.052   1.074 
    1.084   1.099   1.127   1.134   1.173   1.174   1.181   1.194 
    1.217   1.270   1.281   1.327   1.340   1.391   1.425   1.430 
    1.447   1.470   1.488   1.499   1.521   1.540   1.592   1.598 
    1.607   1.624   1.647   1.663   1.675   1.687   1.731   1.764 
    1.795   1.817   1.886   1.911   1.923   1.942   1.954   1.985 
    2.053   2.084   2.139   2.142   2.174   2.174   2.205   2.273 
    2.327   2.396   2.460   2.477   2.510   2.515   2.535   2.548 
    2.588   2.640   2.682   2.721   2.868   2.894   2.914   2.992 
    3.017   3.018   3.055   3.061   3.076   3.110   3.137   3.141 
    3.192   3.206   3.227   3.245   3.314   3.328   3.346   3.386 
    3.398   3.419   3.433   3.439   3.476   3.478   3.487   3.501 
    3.607   3.636   3.663   3.705   3.710   3.726   3.763   3.770 
    3.825   3.847   3.865   3.880   3.898   3.908   3.924   3.937 
    3.949   3.979   3.981   4.037   4.038   4.112   4.114   4.139 
    4.186   4.203   4.235   4.242   4.244   4.275   4.280   4.296 
    4.352   4.406   4.413   4.525   4.550   4.559   4.635   4.648 
    4.709   4.735   4.747   4.815   4.841   4.927   4.965   4.996 
    5.020   5.112   5.146   5.150   5.255   5.314   5.317   5.365 
    5.420   5.430   5.484   5.525   5.573   5.604   5.654   5.701 
    5.779   5.793   5.853   5.921   5.976   6.042   6.092   6.179 
    6.203   6.311   6.378   6.622   6.670   6.994   7.087   7.143 
    7.150   7.217   7.218   7.252   7.296   7.346   7.357   7.367 
    7.368   7.389   7.397   7.428   7.444   7.525   7.539   7.553 
    7.606   7.619   7.639   7.640   7.758   7.777   7.804   7.944 
    7.951   8.005   8.038   8.100   8.126   8.127   8.146   8.159 
    8.204   8.250   8.420   8.448   8.479   8.508   8.508   8.545 
    8.598   8.645   8.660   8.752   8.821   8.823   8.911   8.993 
    9.015   9.041   9.064   9.100   9.127   9.154   9.184   9.189 
    9.208   9.241   9.255   9.280   9.286   9.291   9.327   9.364 
    9.375   9.381   9.382   9.565   9.569   9.639   9.680   9.705 
    9.711   9.755   9.764   9.774   9.781   9.816   9.865   9.885 
    9.885   9.914   9.952   9.987  10.007  10.018  10.058  10.066 
   10.080  10.112  10.128  10.160  10.198  10.231  10.274  10.283 
   10.331  10.343  10.365  10.405  10.406  10.420  10.472  10.491 
   10.504  10.508  10.630  10.673  10.733  10.768  10.793  10.796 
   10.831  10.853  10.856  10.899  10.909  10.988  11.024  11.053 
   11.211  11.267  11.336  11.366  11.380  11.438  11.456  11.498 
   11.590  11.638  11.745  11.776  11.933  12.150  12.249  12.350 
   12.399  12.512  12.538  12.633  12.757  12.785  12.944  12.980 
   13.015  13.097  13.187  13.244  13.338  13.658  13.789  13.918 
   14.039  14.069  14.313  14.394  14.477  14.863  14.981  14.998 
   15.422  15.858  16.217  16.380  16.473  16.604  16.715  16.844 
   16.911  17.751  17.859  17.859  17.860  17.863  17.966  18.014 
   18.052  18.054  18.065  18.065  18.069  18.072  18.076  18.079 
   18.080  18.082  18.086  18.086  18.131  18.141  18.149  18.183 
   18.229  18.231  18.247  18.317  18.407  18.436  18.511  18.543 
   18.662  18.686  18.701  18.732  18.794  18.882  18.891  18.987 
   19.024  19.047  19.079  19.153  19.221  19.380  19.496  19.758 
   19.869  23.209  23.212  23.355  23.402  23.475  23.482  23.492 
   23.493  23.500  23.504  23.587  23.637  23.638  23.679  23.714 
   23.724  23.859  23.926  24.084  24.121  24.145  24.183  24.201 
   24.240  24.249  24.282  24.329  24.439  24.469  24.477  24.492 
   24.499  24.514  24.569  24.590  24.613  24.626  24.770  24.847 
   24.955  24.964  24.976  24.993  24.993  25.015  25.061  25.222 
   25.279  25.294  25.295  25.371  25.380  25.525  25.579  25.619 
   25.706  25.754  25.774  25.833  25.948  26.065  26.102  26.215 
   26.316  27.271  27.343  27.892  27.937  27.946  27.976  27.996 
   28.065  28.186  28.514  28.638  28.726  28.859  28.960  29.031 
   29.140  29.220  29.305  29.379  29.465  36.053  36.824  36.964 
   37.028  38.913  41.276  45.355  45.607  46.446  46.514  46.615 
   46.697  46.782  46.839  47.123  48.063  48.303  48.526  77.685 
   77.733  78.219  78.402  78.636  79.066  79.101  79.109  79.131 
   79.153  79.180  79.549  79.632  79.697  79.740  79.838  79.917 
   79.975  80.060  80.119  91.119  91.134  91.227  91.278  91.384 
   91.488  91.626  92.436  92.449  92.450  92.452  92.458  92.480 
   92.518  92.551  92.564  92.578  92.595  92.669  92.672  92.713 
   92.732  92.761  92.818  92.859  92.909  92.952  92.979 101.199 
  102.859 102.943 103.012 129.310 129.514 130.684 131.336 131.392 
  131.477 131.543 131.614 131.660 132.585 132.759 133.023 231.153 
  231.189 231.531 231.668 231.834 233.727 233.757 233.760 233.776 
  233.780 233.812 234.071 234.131 234.176 234.203 234.276 234.331 
  234.373 234.444 234.488 247.329 247.330 247.334 247.335 247.335 
  247.336 247.338 247.343 247.345 249.420 249.421 249.423 249.424 
  249.424 249.430 249.431 249.431 249.431 249.440 249.441 249.441 
  249.442 249.444 249.444 249.445 249.446 249.447 249.449 249.450 
  249.450 249.450 249.451 249.452 249.452 249.453 249.457 270.675 
  273.470 273.550 273.616 362.901 363.067 363.810 364.071 364.077 
  364.115 364.140 364.185 364.235 364.546 366.137 366.184 366.251 
  366.302 366.359 366.397 366.878 366.952 366.997 367.037 367.044 
  367.055 367.056 367.059 367.068 367.074 367.092 367.101 367.105 
  367.115 367.144 367.148 367.171 367.178 367.192 367.229 367.242 
  367.562 367.661 367.841 708.486 708.511 708.751 708.847 708.929 
  712.472 712.497 712.498 712.507 712.510 712.536 712.717 712.761 
  712.791 712.804 712.853 712.885 712.908 712.947 712.976 713.613 
  717.620 717.705 717.764 1024.034 1024.181 1025.033 1028.504 1028.545 
  1028.606 1028.652 1028.705 1028.736 1029.409 1029.532 1029.722 2518.118 
  2523.131 2523.343 2523.563 

Beta occupied
  -30.119 -26.621 -26.601 -26.599 -11.738 -11.735  -2.388  -1.954 
   -1.936  -1.888  -1.548  -1.462  -1.459  -1.335  -1.128  -1.074 
   -1.040  -1.026  -0.987  -0.966  -0.931  -0.931  -0.913  -0.699 

Beta virtual
   -0.113  -0.083  -0.050  -0.028  -0.007   0.008   0.062   0.067 
    0.082   0.101   0.145   0.179   0.193   0.207   0.217   0.257 
    0.292   0.318   0.325   0.337   0.342   0.374   0.379   0.391 
    0.392   0.425   0.447   0.450   0.488   0.514   0.523   0.589 
    0.607   0.648   0.685   0.693   0.718   0.718   0.765   0.771 
    0.796   0.841   0.883   0.908   1.016   1.049   1.071   1.088 
    1.100   1.127   1.135   1.174   1.177   1.182   1.195   1.218 
    1.269   1.281   1.326   1.341   1.390   1.421   1.422   1.447 
    1.465   1.486   1.491   1.520   1.540   1.592   1.597   1.608 
    1.620   1.646   1.663   1.675   1.685   1.732   1.763   1.795 
    1.818   1.882   1.911   1.920   1.941   1.954   1.985   2.054 
    2.080   2.139   2.139   2.156   2.175   2.203   2.272   2.327 
    2.396   2.448   2.474   2.506   2.516   2.535   2.546   2.586 
    2.638   2.683   2.720   2.866   2.896   2.914   2.994   3.018 
    3.019   3.055   3.060   3.076   3.110   3.137   3.141   3.192 
    3.207   3.227   3.246   3.314   3.324   3.346   3.385   3.398 
    3.420   3.433   3.439   3.476   3.478   3.487   3.500   3.607 
    3.637   3.662   3.705   3.708   3.726   3.763   3.770   3.825 
    3.844   3.865   3.878   3.898   3.908   3.924   3.937   3.948 
    3.978   3.980   4.036   4.037   4.111   4.115   4.140   4.185 
    4.203   4.229   4.242   4.242   4.272   4.280   4.296   4.346 
    4.403   4.413   4.525   4.549   4.560   4.633   4.642   4.709 
    4.724   4.746   4.812   4.829   4.925   4.960   4.991   5.001 
    5.108   5.125   5.130   5.251   5.290   5.309   5.365   5.395 
    5.427   5.481   5.522   5.557   5.600   5.653   5.697   5.775 
    5.789   5.848   5.920   5.973   6.039   6.092   6.177   6.185 
    6.311   6.376   6.617   6.665   6.996   7.087   7.142   7.152 
    7.219   7.220   7.242   7.293   7.346   7.357   7.367   7.368 
    7.388   7.397   7.428   7.442   7.526   7.536   7.545   7.606 
    7.619   7.640   7.640   7.757   7.777   7.805   7.945   7.951 
    8.005   8.035   8.100   8.126   8.126   8.145   8.159   8.205 
    8.251   8.417   8.448   8.479   8.507   8.508   8.545   8.597 
    8.643   8.659   8.750   8.820   8.823   8.911   8.992   9.014 
    9.040   9.061   9.098   9.126   9.152   9.184   9.188   9.208 
    9.241   9.255   9.279   9.286   9.291   9.327   9.362   9.375 
    9.381   9.382   9.564   9.568   9.639   9.679   9.703   9.710 
    9.752   9.764   9.773   9.779   9.815   9.863   9.882   9.885 
    9.912   9.951   9.984  10.000  10.017  10.057  10.059  10.080 
   10.108  10.121  10.159  10.195  10.226  10.273  10.281  10.327 
   10.343  10.362  10.403  10.405  10.419  10.464  10.491  10.504 
   10.509  10.627  10.670  10.733  10.766  10.785  10.794  10.829 
   10.853  10.856  10.899  10.906  10.986  11.022  11.052  11.209 
   11.239  11.336  11.366  11.376  11.437  11.453  11.491  11.590 
   11.638  11.739  11.774  11.925  12.144  12.248  12.344  12.396 
   12.448  12.532  12.631  12.749  12.775  12.940  12.973  13.015 
   13.096  13.179  13.232  13.326  13.626  13.787  13.888  14.033 
   14.062  14.306  14.386  14.478  14.854  14.974  14.993  15.422 
   15.671  16.039  16.378  16.472  16.602  16.713  16.842  16.911 
   17.669  17.860  17.860  17.860  17.862  17.966  18.013  18.052 
   18.052  18.065  18.065  18.069  18.072  18.075  18.079  18.079 
   18.082  18.086  18.086  18.131  18.141  18.141  18.182  18.229 
   18.231  18.247  18.317  18.403  18.436  18.508  18.543  18.661 
   18.686  18.700  18.731  18.794  18.866  18.891  18.987  19.016 
   19.048  19.071  19.152  19.220  19.375  19.495  19.757  19.867 
   23.203  23.205  23.348  23.395  23.475  23.482  23.492  23.493 
   23.501  23.504  23.587  23.637  23.638  23.679  23.714  23.724 
   23.851  23.918  24.083  24.120  24.144  24.173  24.200  24.230 
   24.249  24.273  24.329  24.439  24.469  24.477  24.491  24.497 
   24.510  24.551  24.589  24.607  24.617  24.769  24.831  24.940 
   24.963  24.976  24.991  24.993  25.014  25.061  25.220  25.278 
   25.279  25.295  25.370  25.377  25.512  25.575  25.619  25.706 
   25.751  25.754  25.832  25.947  26.064  26.100  26.214  26.315 
   27.202  27.275  27.893  27.937  27.944  27.972  27.996  28.065 
   28.121  28.458  28.572  28.726  28.858  28.960  29.027  29.135 
   29.218  29.305  29.378  29.464  35.631  36.822  36.962  37.028 
   38.907  41.271  44.964  45.218  46.446  46.514  46.615  46.696 
   46.747  46.796  46.840  48.063  48.297  48.523  77.499  77.548 
   78.034  78.221  78.451  79.066  79.101  79.108  79.132  79.151 
   79.180  79.549  79.632  79.698  79.740  79.838  79.916  79.975 
   80.059  80.119  91.026  91.040  91.133  91.184  91.290  91.394 
   91.531  92.436  92.449  92.450  92.452  92.458  92.480  92.518 
   92.551  92.564  92.578  92.595  92.669  92.673  92.713  92.732 
   92.761  92.817  92.859  92.910  92.952  92.979 100.623 102.859 
  102.943 103.012 128.793 128.998 130.176 131.336 131.392 131.476 
  131.544 131.614 131.660 132.584 132.758 133.021 230.833 230.869 
  231.211 231.349 231.515 233.727 233.757 233.760 233.776 233.780 
  233.812 234.072 234.131 234.176 234.203 234.276 234.331 234.373 
  234.444 234.488 247.217 247.218 247.223 247.223 247.223 247.224 
  247.227 247.231 247.233 249.420 249.421 249.423 249.424 249.424 
  249.430 249.431 249.431 249.431 249.440 249.441 249.441 249.442 
  249.444 249.444 249.445 249.446 249.447 249.449 249.450 249.450 
  249.450 249.451 249.452 249.452 249.453 249.457 270.122 273.470 
  273.550 273.616 362.409 362.576 363.394 363.834 363.840 363.878 
  363.902 363.947 363.996 364.236 366.137 366.184 366.251 366.302 
  366.359 366.397 366.878 366.952 366.997 367.038 367.044 367.055 
  367.056 367.059 367.068 367.074 367.092 367.101 367.105 367.115 
  367.144 367.148 367.171 367.178 367.192 367.229 367.242 367.562 
  367.661 367.840 708.144 708.169 708.410 708.506 708.586 712.472 
  712.497 712.498 712.507 712.510 712.536 712.717 712.761 712.791 
  712.802 712.851 712.878 712.908 712.947 712.975 713.177 717.620 
  717.705 717.764 1023.654 1023.800 1024.653 1028.504 1028.545 1028.606 
  1028.652 1028.705 1028.736 1029.409 1029.532 1029.721 2517.836 2523.131 
  2523.343 2523.563 

  SA 0  : 2 (0.99)    SB 0  : 0 (0.99)
  SA 1  : 3 (0.99)    SB 1  : 2 (0.99)
  SA 2  : 1 (0.99)    SB 2  : 3 (0.99)
  SA 3  : 5 (0.95)    SB 3  : 1 (0.99)
  SA 4  : 4 (0.95)    SB 4  : 5 (0.90)
  SA 5  : 7 (0.36) 16 (0.21) 17 (0.21) 21 (0.21)    SB 5  : 4 (0.90)
  SA 6  : 6 (0.19) 8 (0.20)    SB 6  : 7 (0.33) 16 (0.21) 17 (0.22) 21 (0.21)
  SA 7  : 9 (0.35) 13 (0.17) 14 (0.17) 20 (0.17)    SB 7  : 6 (0.19) 8 (0.20)
  SA 8  : 6 (0.20) 8 (0.16) 11 (0.11) 12 (0.13) 15 (0.11) 23 (0.11)    SB 8  : 9 (0.35) 13 (0.17) 14 (0.17) 20 (0.17)
  SA 9  : 7 (0.45) 16 (0.12) 21 (0.12)    SB 9  : 6 (0.20) 8 (0.15) 11 (0.11) 12 (0.13) 15 (0.11) 23 (0.11)
  SA 10 : 17 (0.62)    SB 10 : 7 (0.55) 16 (0.11) 21 (0.11)
  SA 11 : 16 (0.48) 21 (0.48)    SB 11 : 16 (0.13) 17 (0.65) 21 (0.13)
  SA 12 : 10 (0.22) 22 (0.22)    SB 12 : 16 (0.48) 21 (0.48)
  SA 13 : 6 (0.12) 8 (0.24) 9 (0.12) 11 (0.17) 12 (0.16)    SB 13 : 10 (0.33) 22 (0.33)
  SA 14 : 6 (0.14) 9 (0.33) 20 (0.10)    SB 14 : 6 (0.13) 8 (0.24) 9 (0.13) 11 (0.17) 12 (0.16)
  SA 15 : 6 (0.21) 8 (0.23) 9 (0.10)    SB 15 : 6 (0.14) 9 (0.33) 20 (0.11)
  SA 16 : 13 (0.13) 14 (0.13) 15 (0.13) 18 (0.14) 19 (0.14) 23 (0.13)    SB 16 : 6 (0.21) 8 (0.23) 15 (0.10) 20 (0.10) 23 (0.10)
  SA 17 : 13 (0.33) 14 (0.33) 18 (0.10) 19 (0.10)    SB 17 : 13 (0.16) 14 (0.16) 15 (0.12) 18 (0.12) 19 (0.12) 23 (0.12)
  SA 18 : 13 (0.14) 14 (0.14) 20 (0.52)    SB 18 : 13 (0.30) 14 (0.30) 18 (0.12) 19 (0.12)
  SA 19 : 15 (0.27) 18 (0.23) 19 (0.23) 23 (0.27)    SB 19 : 13 (0.15) 14 (0.15) 20 (0.52)
  SA 20 : 11 (0.10) 12 (0.15)    SB 20 : 15 (0.27) 18 (0.22) 19 (0.22) 23 (0.27)
  SA 21 : 11 (0.35) 12 (0.38)    SB 21 : 11 (0.11) 12 (0.16) 18 (0.10) 19 (0.10)
  SA 22 : 10 (0.40) 22 (0.40)    SB 22 : 11 (0.35) 12 (0.39)
  SB 23 : 10 (0.39) 22 (0.39)

The transition for spin alpha is from 22 (0.01) to 1 (1.00).



  >>> Running UHF-MP2 <<<

MP2 correlation energy (UHF) : -1.7240938220
MP2 total energy       (UHF) : -449.8920282636

