	*********************************************** 
	***** Beginning CEBE Calculation with MOM ***** 
	*****       Calculation Details:          ***** 
	      Geometry:	 /home/am3939/core/calculations/mols/exp/c/c-cl4.xyz
	      Core Basis:	 ccX-5Z
	      Full Basis:	 cc-pV5Z
	      DIIS (start, space):	 0 50
	      Level shift:	 0
	      Do localization?:	 False
	      Do SFX2C1E?:	 True
	      Freeze orbitals?:	 True
	      Use Cheng orbitals?:	 False
	      Do Special Basis?:	 True
	      Do Special Basis?:	 ccX-5Z
	*********************************************** 
	*********************************************** 

  >>> Running RHF <<<

init D/C      : minao
init ov       : zeros
no            : 37
nv            : 535
ov_size       : 19795
max_cycle     : 1000
conv          : 6
econv         : 9
method        : gdm
scale_stop    : 0
scale_factor  : 1.000000
init E        : -1875.69608517465
init |[F,P]|  : 8.06e-03
init |dE|     : 1.33e-02
check file    : None

iter      total energy   |[F,P]|      |dE|         ∆E   comment
   1   -1875.920768228  1.38e-03  2.87e-03  -2.25e-01  LnSr (2,0.49)
   2   -1875.936477795  4.49e-04  9.50e-04  -1.57e-02  BFGS
   3   -1875.938470482  8.15e-05  1.78e-04  -1.99e-03  BFGS
   4   -1875.938513618  2.43e-05  4.71e-05  -4.31e-05  BFGS
   5   -1875.938517651  3.27e-06  1.19e-05  -4.03e-06  BFGS
   6   -1875.938517734  7.75e-07  2.59e-06  -8.32e-08  BFGS
   7   -1875.938517739  1.25e-07  3.18e-07  -5.43e-09  BFGS
   8   -1875.938517740  3.71e-08  8.27e-08  -1.93e-10  BFGS
                                                                      gdm is converged!

SCF converged : True
final |[F,P]| : 3.71e-08
final |dE|    : 8.27e-08
final Escf    : -2316.11752534696
final Etot    : -1875.93851773954

  pxp & ewc             :::        0.273 (  0.09%)
  apply B               :::        0.002 (  0.00%)
  linsrch               :::      305.960 ( 99.91%)
  grad                  :::        0.012 (  0.00%)
  Total                 :::      306.246 (100.00%)

Alpha occupied
  -104.876 -104.876 -104.876 -104.876 -11.495 -10.601 -10.601 -10.601 
  -10.601  -8.068  -8.068  -8.068  -8.068  -8.066  -8.066  -8.066 
   -8.066  -8.066  -8.066  -8.066  -8.066  -1.282  -1.128  -1.128 
   -1.128  -0.834  -0.659  -0.659  -0.659  -0.532  -0.532  -0.489 
   -0.489  -0.489  -0.460  -0.460  -0.460 

Alpha virtual
    0.084   0.123   0.123   0.123   0.126   0.133   0.133   0.133 
    0.272   0.272   0.285   0.285   0.285   0.325   0.325   0.325 
    0.335   0.335   0.335   0.335   0.366   0.366   0.366   0.406 
    0.406   0.446   0.446   0.446   0.537   0.537   0.537   0.574 
    0.589   0.589   0.599   0.599   0.599   0.671   0.671   0.671 
    0.708   0.723   0.723   0.723   0.813   0.813   0.813   0.844 
    0.950   0.950   0.950   1.029   1.049   1.049   1.072   1.072 
    1.072   1.075   1.075   1.088   1.088   1.088   1.205   1.205 
    1.205   1.248   1.248   1.248   1.289   1.289   1.289   1.305 
    1.305   1.314   1.333   1.333   1.333   1.385   1.385   1.385 
    1.396   1.396   1.396   1.447   1.447   1.447   1.473   1.473 
    1.473   1.490   1.495   1.495   1.527   1.551   1.551   1.551 
    1.611   1.611   1.611   1.644   1.691   1.691   1.717   1.717 
    1.717   1.727   1.727   1.727   1.907   1.932   1.932   1.932 
    1.938   1.938   2.061   2.061   2.061   2.118   2.118   2.118 
    2.186   2.197   2.197   2.197   2.339   2.339   2.339   2.369 
    2.369   2.494   2.494   2.494   2.610   2.610   2.610   2.644 
    2.644   2.673   2.673   2.673   2.726   2.726   2.726   2.766 
    2.766   2.766   2.777   2.777   2.777   2.789   2.815   2.815 
    2.887   2.892   2.892   2.892   2.918   2.918   2.918   2.954 
    3.051   3.051   3.051   3.063   3.102   3.102   3.102   3.106 
    3.106   3.134   3.150   3.192   3.192   3.192   3.215   3.215 
    3.231   3.231   3.231   3.272   3.272   3.272   3.405   3.405 
    3.405   3.537   3.537   3.537   3.557   3.557   3.557   3.596 
    3.596   3.607   3.673   3.673   3.673   3.765   3.765   3.765 
    4.061   4.061   4.086   4.086   4.086   4.086   4.147   4.147 
    4.147   4.158   4.158   4.158   4.215   4.215   4.232   4.232 
    4.232   4.243   4.243   4.243   4.400   4.432   4.432   4.432 
    4.433   4.433   4.433   4.518   4.518   4.518   4.529   4.529 
    4.670   4.878   4.878   4.878   4.899   4.899   4.899   5.194 
    5.194   5.194   5.212   5.212   5.231   5.231   5.231   5.441 
    5.441   5.441   5.457   5.457   5.497   6.066   6.066   6.066 
    6.139   6.139   6.139   6.174   6.189   6.189   6.189   6.191 
    6.191   6.191   6.191   6.191   6.200   6.200   6.200   6.203 
    6.204   6.204   6.204   6.245   6.245   6.264   6.264   6.264 
    6.269   6.269   6.327   6.327   6.327   6.338   6.338   6.338 
    6.347   6.354   6.354   6.354   6.376   6.387   6.387   6.387 
    6.401   6.401   6.405   6.405   6.405   6.491   6.491   6.491 
    6.495   6.556   6.630   6.630   6.630   6.661   6.661   6.661 
    6.705   6.705   6.812   6.812   6.812   6.979   6.979   6.979 
    6.999   6.999   7.028   7.028   7.028   7.032   7.032   7.032 
    7.136   7.136   7.136   7.164   7.186   7.190   7.190   7.190 
    7.195   7.195   7.238   7.238   7.238   7.429   7.429   7.429 
    7.474   7.474   7.537   7.537   7.537   7.537   7.554   7.554 
    7.554   7.805   7.805   7.805   7.897   7.897   7.914   7.914 
    7.914   7.957   7.957   7.957   7.963   8.021   8.021   8.021 
    8.158   8.840   8.840   8.840   8.844   8.844   8.844   9.294 
    9.294   9.294   9.612   9.612  10.038  10.038  10.038  10.434 
   10.573  10.573  10.640  10.640  10.640  10.712  10.712  10.712 
   10.793  10.793  10.793  10.842  10.842  10.842  10.881  10.881 
   10.881  11.006  11.006  11.170  11.170  11.170  11.287  11.287 
   11.287  11.635  11.816  11.816  11.816  11.899  11.899  11.899 
   12.515  12.515  12.515  12.823  12.823  13.220  13.422  13.422 
   13.422  19.138  19.138  19.138  24.293  37.979  37.979  38.160 
   38.160  38.160  38.201  38.201  38.201  38.296  38.296  38.296 
   38.574  38.574  38.977  39.285  39.285  39.285  40.092  40.092 
   40.092  40.108  40.108  40.108  40.814  40.899  40.899  40.899 
   52.192  81.570  82.562  82.562  82.562  86.754  86.754  86.760 
   86.760  86.760  86.771  86.776  86.776  86.776  89.577  89.577 
   89.577 107.247 107.247 107.584 107.584 107.584 112.615 129.790 
  129.790 129.790 129.816 129.816 129.816 130.003 209.897 209.897 
  209.897 247.771 251.415 251.415 251.415 251.415 251.415 251.415 
  251.415 251.415 251.415 251.415 251.415 276.122 276.122 276.384 
  276.384 276.384 310.791 310.791 310.794 310.794 310.794 310.796 
  310.798 310.798 310.798 396.058 396.058 396.058 396.073 396.073 
  396.073 396.176 537.876 537.876 537.876 598.778 706.683 706.683 
  706.886 706.886 706.886 1738.411 1738.411 1738.411 2327.326 


  >>> Running RHF-MP2 <<<


RMP2-TIMING
  rmp2                  :::      272.122 (100.00%)
  Total                 :::      272.122 (100.00%)

MP2 correlation energy (RHF) : -1.7995470694
MP2 total energy       (RHF) : -1877.7380648090


  >>> Running UHF <<<

init D/C      : input mo_coeff
init ov       : zeros
no            : 36 37
nv            : 536 535
ov_size       : 39091
max_cycle     : 1000
conv          : 6
econv         : 9
method        : diis
mom_start     : 0
guess mix     : 0.000000
orb_swap      : [[[4, 36]], []]
init E        : -1864.44364384284
init S2       : 0.750000000000355
init |[F,P]|  : 1.29e-02
init |dE|     : 2.15e-02
check file    : None

iter      total energy   |[F,P]|      |dE|         ∆E   S^2   comment
   1   -1864.374149663  1.16e-02  2.00e-02   6.95e-02  0.76  DIIS mom: 35.5/36 36.4/37
   2   -1865.017302640  1.92e-03  3.57e-03  -6.43e-01  0.76  DIIS mom: 35.8/36 36.8/37
   3   -1865.042303762  4.27e-04  8.16e-04  -2.50e-02  0.77  DIIS mom: 36.0/36 37.0/37
   4   -1865.044840168  2.26e-04  3.89e-04  -2.54e-03  0.78  DIIS mom: 36.0/36 37.0/37
   5   -1865.046741779  1.69e-04  2.86e-04  -1.90e-03  0.81  DIIS mom: 36.0/36 37.0/37
   6   -1865.049080109  7.79e-05  1.46e-04  -2.34e-03  0.89  DIIS mom: 36.0/36 37.0/37
   7   -1865.049626704  1.84e-05  4.98e-05  -5.47e-04  0.95  DIIS mom: 36.0/36 37.0/37
   8   -1865.049639317  4.55e-06  1.11e-05  -1.26e-05  0.96  DIIS mom: 36.0/36 37.0/37
   9   -1865.049640135  1.12e-06  2.43e-06  -8.18e-07  0.96  DIIS mom: 36.0/36 37.0/37
  10   -1865.049640190  4.82e-07  1.00e-06  -5.50e-08  0.96  DIIS mom: 36.0/36 37.0/37
  11   -1865.049640200  1.44e-07  2.82e-07  -1.01e-08  0.96  DIIS mom: 36.0/36 37.0/37
  12   -1865.049640201  3.24e-08  6.50e-08  -7.95e-10  0.96  DIIS mom: 36.0/36 37.0/37
                                                                      diis is converged!

SCF converged : True
final |[F,P]| : 3.24e-08
final |dE|    : 6.50e-08
final Escf    : -2305.22864780856
final Etot    : -1865.04964020114
final S2      : 0.957964350992341

  diis prep             :::        0.133 (  0.03%)
  diis extrap           :::        0.105 (  0.02%)
  roothaan              :::        0.881 (  0.20%)
  fock build            :::      436.136 ( 99.74%)
  Total                 :::      437.254 (100.00%)

Alpha occupied
  -105.126 -105.126 -105.126 -105.126 -10.847 -10.847 -10.847 -10.847 
   -8.319  -8.319  -8.319  -8.319  -8.310  -8.310  -8.310  -8.310 
   -8.310  -8.310  -8.310  -8.310  -1.534  -1.366  -1.366  -1.366 
   -1.085  -0.913  -0.913  -0.913  -0.753  -0.753  -0.715  -0.715 
   -0.715  -0.683  -0.683  -0.683 

Alpha virtual
  -10.233  -0.146  -0.106  -0.106  -0.106  -0.034  -0.019  -0.019 
   -0.019   0.104   0.104   0.106   0.106   0.106   0.130   0.130 
    0.130   0.154   0.170   0.170   0.170   0.176   0.176   0.176 
    0.197   0.197   0.280   0.280   0.280   0.334   0.334   0.334 
    0.384   0.384   0.399   0.409   0.409   0.409   0.473   0.473 
    0.473   0.511   0.513   0.513   0.513   0.580   0.580   0.580 
    0.622   0.746   0.746   0.746   0.831   0.849   0.849   0.871 
    0.871   0.874   0.874   0.874   0.878   0.878   0.878   1.005 
    1.005   1.005   1.049   1.049   1.049   1.085   1.085   1.085 
    1.104   1.104   1.121   1.126   1.126   1.126   1.175   1.175 
    1.175   1.195   1.195   1.195   1.241   1.241   1.241   1.260 
    1.260   1.260   1.272   1.278   1.278   1.319   1.344   1.344 
    1.344   1.403   1.403   1.403   1.443   1.472   1.472   1.505 
    1.505   1.505   1.515   1.515   1.515   1.686   1.709   1.709 
    1.709   1.724   1.724   1.837   1.837   1.837   1.902   1.902 
    1.902   1.973   1.988   1.988   1.988   2.127   2.127   2.127 
    2.162   2.162   2.244   2.244   2.244   2.395   2.395   2.395 
    2.427   2.427   2.454   2.454   2.454   2.514   2.514   2.514 
    2.547   2.547   2.547   2.558   2.558   2.558   2.576   2.606 
    2.606   2.672   2.674   2.674   2.674   2.707   2.707   2.707 
    2.722   2.834   2.834   2.834   2.839   2.879   2.879   2.884 
    2.884   2.884   2.915   2.940   2.970   2.970   2.970   2.997 
    2.997   3.010   3.010   3.010   3.049   3.049   3.049   3.184 
    3.184   3.184   3.320   3.320   3.320   3.342   3.342   3.342 
    3.366   3.366   3.382   3.452   3.452   3.452   3.544   3.544 
    3.544   3.841   3.841   3.856   3.863   3.863   3.863   3.871 
    3.871   3.871   3.935   3.935   3.935   3.979   3.979   3.990 
    3.990   3.990   4.021   4.021   4.021   4.169   4.192   4.192 
    4.192   4.217   4.217   4.217   4.293   4.293   4.293   4.305 
    4.305   4.426   4.657   4.657   4.657   4.669   4.669   4.669 
    4.917   4.917   4.917   4.987   4.987   5.006   5.006   5.006 
    5.199   5.199   5.212   5.212   5.212   5.232   5.838   5.838 
    5.838   5.905   5.905   5.905   5.946   5.961   5.964   5.964 
    5.964   5.966   5.966   5.966   5.972   5.972   5.987   5.987 
    5.987   5.991   5.991   5.991   6.022   6.022   6.029   6.029 
    6.029   6.035   6.035   6.088   6.088   6.088   6.116   6.116 
    6.116   6.122   6.130   6.130   6.130   6.155   6.155   6.155 
    6.156   6.164   6.164   6.164   6.166   6.166   6.254   6.254 
    6.254   6.265   6.320   6.401   6.401   6.401   6.427   6.427 
    6.427   6.469   6.469   6.565   6.565   6.565   6.757   6.757 
    6.757   6.777   6.777   6.796   6.796   6.796   6.810   6.810 
    6.810   6.907   6.907   6.907   6.935   6.946   6.946   6.946 
    6.958   6.965   6.965   7.006   7.006   7.006   7.188   7.188 
    7.188   7.245   7.245   7.301   7.301   7.301   7.303   7.313 
    7.313   7.313   7.563   7.563   7.563   7.664   7.664   7.680 
    7.680   7.680   7.723   7.723   7.723   7.733   7.787   7.787 
    7.787   7.889   8.508   8.508   8.508   8.624   8.624   8.624 
    9.057   9.057   9.057   9.374   9.374   9.736   9.736   9.736 
   10.135  10.338  10.338  10.393  10.393  10.393  10.457  10.457 
   10.457  10.555  10.555  10.555  10.598  10.598  10.598  10.625 
   10.625  10.625  10.765  10.765  10.876  10.876  10.876  10.953 
   10.988  10.988  11.358  11.568  11.568  11.568  11.636  11.636 
   11.636  12.246  12.246  12.246  12.402  12.402  12.914  12.968 
   12.968  12.968  18.517  18.517  18.517  23.616  36.895  36.895 
   37.261  37.261  37.261  37.915  37.915  37.915  37.955  37.955 
   37.955  38.330  38.330  38.548  38.748  38.748  38.748  39.140 
   39.140  39.140  39.181  39.181  39.181  40.062  40.159  40.159 
   40.159  51.083  81.326  82.318  82.318  82.318  85.497  85.497 
   85.504  85.504  85.504  85.516  85.521  85.521  85.521  87.994 
   87.994  87.994 105.492 105.492 105.830 105.830 105.830 110.917 
  128.029 128.029 128.029 128.055 128.055 128.055 128.243 207.586 
  207.586 207.586 245.386 249.513 249.513 249.513 249.514 249.514 
  249.514 249.514 249.514 249.514 249.514 249.514 273.669 273.669 
  273.931 273.931 273.931 308.503 308.503 308.505 308.505 308.505 
  308.507 308.510 308.510 308.510 393.391 393.391 393.391 393.406 
  393.406 393.406 393.510 534.839 534.839 534.839 595.689 703.555 
  703.555 703.759 703.759 703.759 1734.781 1734.781 1734.781 2323.675 

Beta occupied
  -105.124 -105.124 -105.124 -105.124 -13.927 -10.846 -10.846 -10.846 
  -10.845  -8.310  -8.310  -8.310  -8.310  -8.310  -8.310  -8.310 
   -8.310  -8.308  -8.308  -8.308  -8.308  -1.602  -1.358  -1.358 
   -1.358  -1.140  -0.961  -0.961  -0.961  -0.753  -0.753  -0.715 
   -0.715  -0.715  -0.683  -0.683  -0.683 

Beta virtual
   -0.167  -0.142  -0.142  -0.142  -0.032  -0.018  -0.018  -0.018 
    0.104   0.104   0.104   0.106   0.106   0.128   0.128   0.128 
    0.153   0.172   0.172   0.172   0.177   0.177   0.177   0.203 
    0.203   0.281   0.281   0.281   0.335   0.335   0.335   0.387 
    0.387   0.401   0.407   0.407   0.407   0.474   0.474   0.474 
    0.510   0.525   0.525   0.525   0.570   0.570   0.570   0.616 
    0.745   0.745   0.745   0.834   0.850   0.850   0.870   0.870 
    0.876   0.876   0.876   0.878   0.878   0.878   1.005   1.005 
    1.005   1.052   1.052   1.052   1.087   1.087   1.087   1.106 
    1.106   1.120   1.124   1.124   1.124   1.179   1.179   1.179 
    1.196   1.196   1.196   1.245   1.245   1.245   1.256   1.256 
    1.256   1.260   1.280   1.280   1.315   1.351   1.351   1.351 
    1.404   1.404   1.404   1.448   1.473   1.473   1.495   1.495 
    1.495   1.515   1.515   1.515   1.670   1.699   1.699   1.699 
    1.708   1.708   1.830   1.830   1.830   1.904   1.904   1.904 
    1.976   1.990   1.990   1.990   2.127   2.127   2.127   2.162 
    2.162   2.224   2.224   2.224   2.398   2.398   2.398   2.431 
    2.431   2.448   2.448   2.448   2.516   2.516   2.516   2.549 
    2.549   2.549   2.563   2.563   2.563   2.577   2.608   2.608 
    2.674   2.674   2.674   2.674   2.694   2.706   2.706   2.706 
    2.831   2.837   2.837   2.837   2.885   2.885   2.888   2.888 
    2.888   2.909   2.940   2.968   2.968   2.968   3.000   3.000 
    3.014   3.014   3.014   3.049   3.049   3.049   3.187   3.187 
    3.187   3.321   3.321   3.321   3.344   3.344   3.344   3.352 
    3.352   3.374   3.451   3.451   3.451   3.539   3.539   3.539 
    3.830   3.830   3.830   3.839   3.839   3.853   3.864   3.864 
    3.864   3.936   3.936   3.936   3.977   3.977   3.981   3.981 
    3.981   4.022   4.022   4.022   4.157   4.186   4.186   4.186 
    4.207   4.207   4.207   4.291   4.291   4.291   4.299   4.299 
    4.400   4.657   4.657   4.657   4.668   4.668   4.668   4.886 
    4.886   4.886   4.986   4.986   5.002   5.002   5.002   5.176 
    5.176   5.180   5.213   5.213   5.213   5.841   5.841   5.841 
    5.910   5.910   5.910   5.949   5.963   5.967   5.967   5.967 
    5.968   5.968   5.968   5.972   5.972   5.986   5.986   5.986 
    5.990   5.990   5.990   6.024   6.024   6.029   6.029   6.029 
    6.038   6.038   6.094   6.094   6.094   6.116   6.116   6.116 
    6.123   6.131   6.131   6.131   6.155   6.158   6.158   6.158 
    6.167   6.167   6.167   6.171   6.171   6.256   6.256   6.256 
    6.266   6.322   6.402   6.402   6.402   6.429   6.429   6.429 
    6.473   6.473   6.556   6.556   6.556   6.757   6.757   6.757 
    6.777   6.777   6.794   6.794   6.794   6.809   6.809   6.809 
    6.910   6.910   6.910   6.936   6.945   6.945   6.945   6.960 
    6.967   6.967   7.008   7.008   7.008   7.186   7.186   7.186 
    7.246   7.246   7.305   7.305   7.305   7.305   7.311   7.311 
    7.311   7.562   7.562   7.562   7.667   7.667   7.681   7.681 
    7.681   7.725   7.725   7.725   7.733   7.787   7.787   7.787 
    7.861   8.432   8.432   8.432   8.618   8.618   8.618   9.045 
    9.045   9.045   9.367   9.367   9.698   9.698   9.698  10.056 
   10.333  10.333  10.385  10.385  10.385  10.447  10.447  10.447 
   10.550  10.550  10.550  10.593  10.593  10.593  10.605  10.605 
   10.605  10.754  10.754  10.854  10.854  10.854  10.866  10.968 
   10.968  11.339  11.558  11.558  11.558  11.625  11.625  11.625 
   12.237  12.237  12.237  12.357  12.357  12.873  12.914  12.914 
   12.914  18.330  18.330  18.330  23.348  36.749  36.749  37.122 
   37.122  37.122  37.915  37.915  37.915  37.955  37.955  37.955 
   38.330  38.330  38.528  38.679  38.679  38.679  38.975  38.975 
   38.975  39.112  39.112  39.112  40.020  40.072  40.072  40.072 
   50.770  81.326  82.318  82.318  82.318  85.435  85.435  85.442 
   85.442  85.442  85.453  85.459  85.459  85.459  87.701  87.701 
   87.701 105.289 105.289 105.628 105.628 105.628 110.605 127.898 
  127.898 127.898 127.924 127.924 127.924 128.112 207.303 207.303 
  207.303 245.107 249.443 249.443 249.443 249.443 249.443 249.443 
  249.443 249.443 249.443 249.443 249.443 273.467 273.467 273.730 
  273.730 273.730 308.392 308.392 308.395 308.395 308.395 308.397 
  308.399 308.399 308.399 393.234 393.234 393.234 393.249 393.249 
  393.249 393.353 534.615 534.615 534.615 595.465 703.390 703.390 
  703.594 703.594 703.594 1734.649 1734.649 1734.649 2323.553 


  >>> Running UHF-MP2 <<<

MP2 correlation energy (UHF) : -1.7741980346
MP2 total energy       (UHF) : -1866.8238382358

