	*********************************************** 
	***** Beginning CEBE Calculation with MOM ***** 
	*****       Calculation Details:          ***** 
	      Geometry:	 /home/am3939/core/calculations/mols/exp/c/c2-h6.xyz
	      Core Basis:	 pcX-4
	      Full Basis:	 pc-4
	      DIIS (start, space):	 0 50
	      Level shift:	 0
	      Do localization?:	 True
	      Atoms that were localized?:	 ['C']
	      Do SFX2C1E?:	 True
	      Freeze orbitals?:	 True
	      Use Cheng orbitals?:	 False
	      Do Special Basis?:	 True
	      Do Special Basis?:	 pcX-4
	*********************************************** 
	*********************************************** 

  >>> Running RHF <<<

init D/C      : minao
init ov       : zeros
no            : 9
nv            : 631
ov_size       : 5679
max_cycle     : 1000
conv          : 6
econv         : 9
method        : gdm
scale_stop    : 0
scale_factor  : 1.000000
init E        : -79.2485685183478
init |[F,P]|  : 2.95e-03
init |dE|     : 6.03e-03
check file    : None

iter      total energy   |[F,P]|      |dE|         ∆E   comment
   1     -79.265228962  7.76e-04  1.54e-03  -1.67e-02  BFGS
   2     -79.266462693  1.90e-04  4.07e-04  -1.23e-03  BFGS
   3     -79.266515138  4.41e-05  9.56e-05  -5.24e-05  BFGS
   4     -79.266518598  6.46e-06  1.31e-05  -3.46e-06  BFGS
   5     -79.266518760  1.69e-06  3.13e-06  -1.62e-07  BFGS
   6     -79.266518768  3.03e-07  5.84e-07  -8.12e-09  BFGS
   7     -79.266518768  4.15e-08  8.23e-08  -1.55e-10  BFGS
                                                                      gdm is converged!

SCF converged : True
final |[F,P]| : 4.15e-08
final |dE|    : 8.23e-08
final Escf    : -121.444537718255
final Etot    : -79.2665187683178

  pxp & ewc             :::        0.273 (  0.15%)
  apply B               :::        0.001 (  0.00%)
  linsrch               :::      179.104 ( 99.84%)
  grad                  :::        0.011 (  0.01%)
  Total                 :::      179.390 (100.00%)

Alpha occupied
  -11.211 -11.210  -1.015  -0.841  -0.596  -0.596  -0.506  -0.488 
   -0.488 

Alpha virtual
    0.054   0.063   0.079   0.079   0.107   0.107   0.114   0.114 
    0.116   0.147   0.154   0.154   0.214   0.223   0.269   0.269 
    0.280   0.280   0.308   0.308   0.316   0.328   0.328   0.342 
    0.349   0.371   0.376   0.376   0.431   0.431   0.457   0.489 
    0.489   0.489   0.504   0.504   0.515   0.548   0.553   0.578 
    0.578   0.594   0.594   0.603   0.625   0.625   0.647   0.647 
    0.675   0.681   0.681   0.682   0.682   0.696   0.718   0.778 
    0.824   0.824   0.858   0.858   0.890   0.946   0.957   0.967 
    0.967   1.022   1.022   1.077   1.077   1.089   1.114   1.127 
    1.178   1.178   1.188   1.191   1.199   1.199   1.204   1.269 
    1.269   1.286   1.286   1.296   1.296   1.311   1.345   1.345 
    1.379   1.417   1.418   1.430   1.430   1.495   1.495   1.522 
    1.522   1.542   1.542   1.567   1.572   1.576   1.576   1.625 
    1.625   1.643   1.672   1.686   1.686   1.778   1.778   1.786 
    1.799   1.801   1.816   1.912   1.912   1.941   1.962   1.962 
    2.001   2.062   2.062   2.101   2.101   2.215   2.215   2.253 
    2.253   2.271   2.277   2.279   2.319   2.320   2.392   2.462 
    2.469   2.469   2.567   2.568   2.621   2.627   2.627   2.645 
    2.670   2.670   2.703   2.703   2.712   2.712   2.751   2.797 
    2.820   2.842   2.902   2.902   2.937   2.937   3.030   3.096 
    3.206   3.206   3.238   3.252   3.252   3.319   3.319   3.370 
    3.370   3.429   3.462   3.515   3.515   3.531   3.531   3.559 
    3.598   3.598   3.656   3.664   3.664   3.675   3.765   3.788 
    3.788   3.805   3.805   3.812   3.829   3.921   3.987   4.008 
    4.008   4.045   4.045   4.110   4.184   4.187   4.187   4.225 
    4.225   4.244   4.244   4.303   4.327   4.327   4.397   4.417 
    4.417   4.427   4.427   4.445   4.450   4.468   4.498   4.498 
    4.573   4.574   4.621   4.714   4.766   4.766   4.798   4.823 
    4.824   4.848   4.848   4.894   4.900   4.968   4.968   4.972 
    5.003   5.003   5.138   5.149   5.149   5.192   5.196   5.196 
    5.208   5.208   5.293   5.294   5.297   5.351   5.356   5.449 
    5.449   5.473   5.473   5.577   5.622   5.658   5.701   5.782 
    5.782   5.807   5.807   5.823   5.823   5.849   5.849   5.850 
    5.851   6.043   6.043   6.128   6.142   6.262   6.262   6.364 
    6.364   6.430   6.515   6.515   6.520   6.536   6.556   6.556 
    6.638   6.650   6.876   6.876   6.964   6.964   7.032   7.061 
    7.061   7.184   7.184   7.250   7.263   7.263   7.322   7.322 
    7.375   7.375   7.458   7.504   7.504   7.637   7.707   7.783 
    7.835   7.884   7.884   7.982   7.982   8.145   8.349   8.719 
    8.842   9.066   9.066   9.180   9.180   9.249   9.249   9.302 
    9.356   9.356   9.414   9.414   9.433   9.456   9.498   9.498 
    9.504   9.525   9.525   9.629   9.630   9.698   9.698   9.704 
    9.727   9.727   9.829   9.876   9.994   9.994  10.113  10.113 
   10.140  10.147  10.170  10.203  10.203  10.346  10.346  10.454 
   10.603  11.040  11.136  11.136  11.183  11.183  11.275  11.275 
   11.337  11.337  11.550  11.614  11.633  11.633  11.708  11.708 
   11.732  11.778  11.824  11.824  11.824  11.936  11.936  11.962 
   12.054  12.161  12.162  12.167  12.412  12.412  12.435  12.435 
   12.455  12.483  12.531  12.614  12.614  12.706  12.713  12.713 
   12.715  12.715  12.724  12.769  12.769  12.806  12.926  12.994 
   12.994  13.002  13.044  13.115  13.115  13.162  13.162  13.246 
   13.246  13.249  13.249  13.276  13.279  13.320  13.320  13.326 
   13.326  13.355  13.362  13.430  13.430  13.583  13.583  13.596 
   13.610  13.765  13.765  13.801  13.819  13.819  13.990  13.990 
   14.004  14.004  14.017  14.144  14.220  14.220  14.239  14.239 
   14.385  14.553  14.605  14.688  14.737  14.737  14.783  14.783 
   15.077  15.140  15.141  15.181  15.197  15.381  15.382  15.425 
   15.425  15.648  15.697  15.697  15.698  15.698  15.980  15.980 
   16.042  16.195  16.259  16.397  16.397  16.405  16.423  16.423 
   16.954  17.244  17.258  17.267  17.267  17.268  17.268  17.288 
   17.310  17.310  17.316  17.331  17.331  17.368  17.466  17.522 
   17.746  17.746  17.752  17.752  17.950  17.951  17.956  17.956 
   18.042  18.146  18.157  18.782  18.782  18.782  18.783  18.872 
   18.981  19.159  19.159  19.236  19.236  19.336  19.337  19.410 
   19.410  19.547  19.711  20.404  20.465  20.466  20.498  20.636 
   20.636  20.878  20.878  20.938  20.938  21.196  21.270  21.356 
   21.484  21.484  21.606  21.628  21.628  23.841  23.930  24.226 
   24.226  24.229  24.229  24.474  24.727  24.727  24.729  24.758 
   24.758  26.143  26.167  26.167  26.212  26.279  26.279  30.222 
   30.949  33.520  33.520  33.653  33.653  34.170  34.296  34.578 
   34.578  34.791  34.791  36.809  37.276  37.466  37.466  37.480 
   37.480  41.762  41.762  42.066  42.066  42.206  42.309  62.913 
   63.498  91.684  91.733  91.919  91.919  91.956  91.956  92.074 
   92.264  92.264  92.288  92.321  92.322  93.215  93.215  93.302 
   93.302  93.318  93.351  95.053  95.346  95.347  95.347  95.427 
   95.427 137.071 137.634 289.176 289.400 289.409 289.409 289.475 
  289.475 311.383 311.923 739.772 740.298 1138.155 1138.303 1138.317 
  1138.317 1138.363 1138.363 1851.597 1852.098 4947.032 4947.506 14408.368 
  14408.812 47393.753 47394.162 188468.506 188468.872 1077044.536 1077044.843 


  >>> Running RHF-MP2 <<<


RMP2-TIMING
  rmp2                  :::      171.648 (100.00%)
  Total                 :::      171.648 (100.00%)

MP2 correlation energy (RHF) : -0.5014420587
MP2 total energy       (RHF) : -79.7679608270


  >>> Running UHF <<<

init D/C      : input mo_coeff
init ov       : zeros
no            : 8 9
nv            : 632 631
ov_size       : 10735
max_cycle     : 1000
conv          : 6
econv         : 9
method        : diis
mom_start     : 0
guess mix     : 0.000000
orb_swap      : [[[0, 8]], []]
init E        : -68.090445864562
init S2       : 0.750000000000016
init |[F,P]|  : 1.92e-02
init |dE|     : 4.36e-02
check file    : None

iter      total energy   |[F,P]|      |dE|         ∆E   S^2   comment
   1     -68.415213084  8.48e-03  2.02e-02  -3.25e-01  0.75  DIIS mom: 7.7/8 8.7/9
   2     -68.590024085  1.55e-03  3.51e-03  -1.75e-01  0.76  DIIS mom: 7.9/8 9.0/9
   3     -68.596507282  2.83e-04  6.25e-04  -6.48e-03  0.76  DIIS mom: 8.0/8 9.0/9
   4     -68.597179369  1.78e-04  3.75e-04  -6.72e-04  0.77  DIIS mom: 8.0/8 9.0/9
   5     -68.597609984  7.64e-05  1.62e-04  -4.31e-04  0.78  DIIS mom: 8.0/8 9.0/9
   6     -68.597691201  2.27e-05  4.84e-05  -8.12e-05  0.78  DIIS mom: 8.0/8 9.0/9
   7     -68.597697567  4.86e-06  1.02e-05  -6.37e-06  0.79  DIIS mom: 8.0/8 9.0/9
   8     -68.597697765  2.14e-06  4.36e-06  -1.98e-07  0.79  DIIS mom: 8.0/8 9.0/9
   9     -68.597697812  9.57e-07  1.95e-06  -4.74e-08  0.79  DIIS mom: 8.0/8 9.0/9
  10     -68.597697824  2.34e-07  4.91e-07  -1.17e-08  0.79  DIIS mom: 8.0/8 9.0/9
  11     -68.597697825  5.20e-08  1.13e-07  -6.75e-10  0.79  DIIS mom: 8.0/8 9.0/9
                                                                      diis is converged!

SCF converged : True
final |[F,P]| : 5.20e-08
final |dE|    : 1.13e-07
final Escf    : -110.77571677476
final Etot    : -68.5976978248235
final S2      : 0.785458909036913

  diis prep             :::        0.146 (  0.05%)
  diis extrap           :::        0.102 (  0.03%)
  roothaan              :::        0.905 (  0.28%)
  fock build            :::      323.336 ( 99.64%)
  Total                 :::      324.490 (100.00%)

Alpha occupied
  -11.488  -1.367  -1.150  -0.950  -0.950  -0.850  -0.771  -0.771 

Alpha virtual
  -10.099  -0.117  -0.078  -0.077  -0.077  -0.043  -0.043  -0.035 
   -0.024  -0.024   0.014   0.016   0.016   0.034   0.059   0.060 
    0.060   0.098   0.098   0.120   0.124   0.124   0.146   0.154 
    0.155   0.155   0.174   0.174   0.196   0.253   0.253   0.254 
    0.278   0.281   0.281   0.314   0.314   0.322   0.330   0.360 
    0.375   0.375   0.393   0.393   0.409   0.427   0.427   0.458 
    0.458   0.467   0.486   0.489   0.489   0.501   0.501   0.504 
    0.595   0.615   0.615   0.652   0.652   0.682   0.709   0.729 
    0.729   0.730   0.784   0.784   0.847   0.847   0.863   0.864 
    0.894   0.944   0.944   0.947   0.961   0.968   0.968   1.003 
    1.036   1.036   1.055   1.055   1.081   1.081   1.085   1.126 
    1.126   1.139   1.187   1.199   1.207   1.207   1.257   1.257 
    1.305   1.305   1.321   1.321   1.346   1.354   1.354   1.354 
    1.405   1.405   1.418   1.455   1.455   1.457   1.535   1.542 
    1.542   1.553   1.568   1.599   1.664   1.664   1.673   1.721 
    1.721   1.757   1.803   1.803   1.852   1.852   1.950   1.950 
    1.999   2.003   2.003   2.020   2.025   2.072   2.072   2.128 
    2.207   2.213   2.213   2.308   2.308   2.341   2.341   2.350 
    2.402   2.402   2.408   2.447   2.447   2.471   2.471   2.475 
    2.539   2.543   2.588   2.632   2.632   2.662   2.662   2.748 
    2.784   2.930   2.930   2.970   3.001   3.001   3.058   3.058 
    3.108   3.108   3.139   3.226   3.237   3.237   3.274   3.274 
    3.292   3.327   3.327   3.388   3.390   3.390   3.400   3.490 
    3.490   3.514   3.540   3.559   3.559   3.566   3.663   3.698 
    3.742   3.742   3.768   3.768   3.846   3.902   3.902   3.915 
    3.969   3.969   3.980   3.980   4.013   4.060   4.060   4.112 
    4.112   4.119   4.170   4.191   4.191   4.199   4.203   4.223 
    4.223   4.305   4.305   4.346   4.436   4.489   4.489   4.526 
    4.541   4.542   4.581   4.581   4.609   4.628   4.681   4.681 
    4.708   4.745   4.745   4.842   4.874   4.874   4.889   4.889 
    4.905   4.928   4.928   5.000   5.004   5.004   5.061   5.075 
    5.168   5.168   5.205   5.205   5.262   5.346   5.377   5.426 
    5.457   5.457   5.516   5.516   5.533   5.533   5.546   5.574 
    5.574   5.584   5.755   5.755   5.826   5.850   5.980   5.980 
    6.082   6.082   6.129   6.220   6.220   6.239   6.256   6.273 
    6.273   6.341   6.380   6.589   6.589   6.686   6.686   6.742 
    6.761   6.761   6.893   6.893   6.963   6.963   6.963   7.043 
    7.043   7.093   7.093   7.188   7.216   7.216   7.269   7.388 
    7.485   7.510   7.510   7.555   7.699   7.699   7.819   8.026 
    8.411   8.570   8.764   8.764   8.882   8.882   8.963   8.963 
    8.997   9.051   9.051   9.113   9.113   9.132   9.155   9.212 
    9.212   9.227   9.242   9.242   9.346   9.346   9.368   9.368 
    9.421   9.470   9.470   9.534   9.582   9.694   9.694   9.800 
    9.801   9.814   9.833   9.895   9.918   9.918  10.060  10.060 
   10.164  10.308  10.696  10.796  10.796  10.863  10.863  10.912 
   10.912  11.063  11.063  11.248  11.269  11.275  11.275  11.398 
   11.412  11.412  11.492  11.505  11.505  11.511  11.629  11.634 
   11.634  11.730  11.819  11.819  11.843  11.938  11.938  12.139 
   12.151  12.156  12.156  12.189  12.282  12.282  12.339  12.339 
   12.351  12.400  12.435  12.435  12.461  12.461  12.506  12.610 
   12.647  12.676  12.676  12.721  12.778  12.778  12.851  12.851 
   12.891  12.891  12.913  12.963  12.963  12.969  12.971  12.971 
   13.029  13.029  13.030  13.049  13.116  13.116  13.279  13.292 
   13.292  13.300  13.427  13.427  13.476  13.505  13.505  13.669 
   13.669  13.693  13.705  13.705  13.830  13.888  13.888  13.924 
   13.924  14.074  14.212  14.293  14.334  14.433  14.433  14.468 
   14.468  14.683  14.816  14.816  14.837  14.951  15.047  15.047 
   15.092  15.092  15.218  15.218  15.310  15.433  15.433  15.665 
   15.665  15.699  15.813  15.955  16.046  16.046  16.091  16.160 
   16.161  16.614  16.899  16.916  16.916  16.963  16.963  16.964 
   17.003  17.013  17.032  17.032  17.080  17.080  17.091  17.173 
   17.190  17.399  17.399  17.507  17.507  17.604  17.604  17.641 
   17.713  17.713  17.802  17.893  18.309  18.309  18.531  18.531 
   18.555  18.703  18.811  18.811  18.966  18.966  19.007  19.008 
   19.140  19.140  19.235  19.431  20.079  20.142  20.143  20.230 
   20.352  20.352  20.538  20.538  20.673  20.673  20.857  20.930 
   21.076  21.153  21.153  21.290  21.347  21.347  23.496  23.657 
   23.854  23.854  23.983  23.983  24.149  24.368  24.368  24.435 
   24.500  24.500  25.782  25.810  25.811  25.942  25.997  25.998 
   29.557  30.482  32.433  32.433  33.083  33.301  33.301  33.547 
   33.547  33.953  34.425  34.425  35.823  36.313  36.313  36.815 
   37.201  37.202  41.428  41.428  41.765  41.765  41.852  42.030 
   61.763  63.003  91.305  91.466  91.536  91.536  91.689  91.689 
   91.727  91.892  91.892  91.987  92.050  92.050  92.826  92.826 
   92.934  93.022  93.022  93.083  93.245  93.462  93.462  94.931 
   95.114  95.114 135.288 137.120 286.402 286.560 286.560 289.013 
  289.167 289.167 308.914 311.406 736.709 739.781 1134.547 1134.660 
  1134.660 1137.953 1138.064 1138.064 1848.097 1851.589 4943.259 4947.007 
  14404.445 14408.326 47389.752 47393.692 188464.463 188468.421 1077040.458 1077044.419 

Beta occupied
  -13.763 -11.485  -1.441  -1.163  -0.987  -0.987  -0.887  -0.773 
   -0.773 

Beta virtual
   -0.123  -0.081  -0.081  -0.078  -0.043  -0.043  -0.036  -0.025 
   -0.025   0.014   0.017   0.017   0.025   0.053   0.053   0.059 
    0.100   0.100   0.113   0.125   0.125   0.144   0.153   0.155 
    0.155   0.177   0.177   0.195   0.250   0.250   0.255   0.266 
    0.275   0.275   0.315   0.315   0.319   0.324   0.360   0.376 
    0.376   0.394   0.394   0.407   0.428   0.428   0.458   0.458 
    0.463   0.487   0.488   0.488   0.501   0.501   0.503   0.594 
    0.614   0.614   0.649   0.649   0.680   0.703   0.723   0.723 
    0.725   0.781   0.781   0.846   0.846   0.857   0.865   0.893 
    0.945   0.945   0.952   0.962   0.970   0.970   1.003   1.037 
    1.037   1.056   1.056   1.081   1.081   1.085   1.128   1.128 
    1.129   1.189   1.200   1.207   1.207   1.252   1.252   1.307 
    1.307   1.319   1.319   1.343   1.353   1.354   1.354   1.405 
    1.405   1.418   1.455   1.455   1.455   1.538   1.543   1.543 
    1.549   1.566   1.599   1.664   1.664   1.666   1.720   1.720 
    1.756   1.801   1.801   1.850   1.850   1.947   1.947   1.979 
    2.005   2.005   2.022   2.026   2.071   2.071   2.124   2.203 
    2.207   2.207   2.303   2.303   2.330   2.330   2.339   2.402 
    2.402   2.405   2.447   2.447   2.468   2.471   2.471   2.538 
    2.540   2.583   2.624   2.624   2.661   2.661   2.732   2.778 
    2.930   2.930   2.972   3.002   3.002   3.060   3.060   3.110 
    3.110   3.142   3.226   3.238   3.238   3.274   3.274   3.292 
    3.327   3.327   3.385   3.386   3.386   3.403   3.484   3.484 
    3.515   3.540   3.560   3.560   3.564   3.660   3.692   3.742 
    3.742   3.766   3.766   3.847   3.899   3.899   3.915   3.969 
    3.969   3.981   3.981   3.996   4.060   4.060   4.111   4.111 
    4.121   4.169   4.191   4.191   4.200   4.200   4.223   4.223 
    4.304   4.304   4.342   4.432   4.486   4.486   4.523   4.540 
    4.540   4.582   4.582   4.608   4.626   4.681   4.681   4.707 
    4.744   4.744   4.825   4.870   4.870   4.881   4.881   4.895 
    4.925   4.925   4.987   5.001   5.001   5.049   5.076   5.165 
    5.165   5.206   5.206   5.248   5.335   5.375   5.427   5.435 
    5.435   5.506   5.506   5.531   5.531   5.534   5.573   5.573 
    5.584   5.750   5.750   5.820   5.840   5.979   5.979   6.081 
    6.082   6.121   6.216   6.216   6.237   6.256   6.270   6.271 
    6.340   6.379   6.587   6.587   6.684   6.684   6.735   6.752 
    6.752   6.892   6.892   6.958   6.958   6.961   7.042   7.042 
    7.089   7.089   7.187   7.214   7.214   7.230   7.352   7.475 
    7.475   7.480   7.553   7.697   7.697   7.807   8.005   8.415 
    8.571   8.766   8.766   8.883   8.883   8.964   8.964   8.998 
    9.052   9.052   9.115   9.115   9.134   9.158   9.213   9.213 
    9.228   9.242   9.242   9.346   9.346   9.370   9.370   9.422 
    9.470   9.470   9.535   9.583   9.695   9.695   9.800   9.800 
    9.814   9.832   9.894   9.917   9.917  10.061  10.061  10.164 
   10.307  10.681  10.790  10.790  10.854  10.854  10.903  10.903 
   11.062  11.063  11.246  11.255  11.265  11.265  11.380  11.412 
   11.412  11.491  11.503  11.503  11.507  11.611  11.631  11.631 
   11.726  11.804  11.804  11.835  11.916  11.916  12.131  12.150 
   12.156  12.156  12.182  12.277  12.277  12.333  12.334  12.334 
   12.397  12.424  12.424  12.462  12.462  12.505  12.612  12.624 
   12.672  12.672  12.719  12.764  12.764  12.848  12.848  12.882 
   12.885  12.885  12.958  12.958  12.960  12.969  12.969  13.027 
   13.029  13.029  13.042  13.115  13.115  13.265  13.291  13.291 
   13.298  13.422  13.422  13.461  13.502  13.502  13.666  13.666 
   13.683  13.705  13.705  13.828  13.883  13.883  13.921  13.921 
   14.068  14.209  14.246  14.334  14.430  14.430  14.465  14.465 
   14.652  14.800  14.800  14.838  14.951  14.996  14.996  15.085 
   15.085  15.189  15.190  15.294  15.433  15.434  15.661  15.661 
   15.672  15.788  15.951  16.043  16.043  16.085  16.161  16.161 
   16.596  16.901  16.919  16.919  16.965  16.965  16.965  17.005 
   17.013  17.032  17.032  17.080  17.080  17.086  17.158  17.190 
   17.401  17.401  17.507  17.507  17.606  17.606  17.614  17.713 
   17.713  17.798  17.891  18.271  18.271  18.531  18.531  18.556 
   18.702  18.807  18.807  18.966  18.966  19.007  19.007  19.139 
   19.140  19.236  19.431  20.079  20.139  20.139  20.230  20.351 
   20.351  20.536  20.536  20.673  20.673  20.843  20.923  21.074 
   21.151  21.151  21.281  21.347  21.347  23.500  23.658  23.857 
   23.857  23.983  23.983  24.151  24.371  24.371  24.436  24.500 
   24.500  25.777  25.809  25.810  25.942  25.997  25.997  29.353 
   30.443  32.302  32.302  32.937  33.272  33.272  33.418  33.418 
   33.953  34.424  34.424  35.578  36.071  36.071  36.804  37.202 
   37.202  41.430  41.430  41.765  41.766  41.855  42.030  61.470 
   62.989  91.307  91.466  91.537  91.537  91.689  91.689  91.728 
   91.893  91.893  91.985  92.050  92.050  92.790  92.790  92.877 
   92.939  93.016  93.016  93.095  93.151  93.151  94.929  95.114 
   95.114 134.984 137.114 286.084 286.241 286.241 289.013 289.167 
  289.167 308.655 311.403 736.523 739.780 1134.364 1134.477 1134.477 
  1137.953 1138.064 1138.064 1847.984 1851.588 4943.200 4947.007 14404.419 
  14408.326 47389.742 47393.692 188464.460 188468.421 1077040.458 1077044.419 

  SA 0  : 1 (1.00)    SB 0  : 0 (1.00)
  SA 1  : 2 (0.28) 4 (0.21) 6 (0.22) 7 (0.20)    SB 1  : 1 (1.00)
  SA 2  : 3 (0.27) 4 (0.12) 5 (0.23) 7 (0.11) 8 (0.21)    SB 2  : 2 (0.26) 4 (0.23) 6 (0.21) 7 (0.22)
  SA 3  : 2 (0.23) 3 (0.23) 7 (0.41)    SB 3  : 3 (0.26) 5 (0.23) 8 (0.22)
  SA 4  : 2 (0.24) 4 (0.54) 7 (0.15)    SB 4  : 2 (0.23) 3 (0.23) 7 (0.41)
  SA 5  : 5 (0.11) 6 (0.65) 8 (0.11)    SB 5  : 2 (0.21) 4 (0.54) 7 (0.16)
  SA 6  : 2 (0.19) 3 (0.44) 5 (0.11) 8 (0.11)    SB 6  : 5 (0.13) 6 (0.59) 8 (0.12)
  SA 7  : 5 (0.44) 8 (0.45)    SB 7  : 2 (0.21) 3 (0.43) 5 (0.11) 8 (0.12)
  SB 8  : 5 (0.45) 8 (0.47)

The transition for spin alpha is from 7 (0.00) to 1 (1.00).



  >>> Running UHF-MP2 <<<

MP2 correlation energy (UHF) : -0.4878763735
MP2 total energy       (UHF) : -69.0855741983

