	*********************************************** 
	***** Beginning CEBE Calculation with MOM ***** 
	*****       Calculation Details:          ***** 
	      Geometry:	 /home/am3939/core/calculations/mols/exp/n/pyrrole.xyz
	      Core Basis:	 pcX-4
	      Full Basis:	 pc-4
	      DIIS (start, space):	 0 50
	      Level shift:	 0
	      Do localization?:	 False
	      Do SFX2C1E?:	 True
	      Freeze orbitals?:	 True
	      Use Cheng orbitals?:	 False
	      Do Special Basis?:	 True
	      Do Special Basis?:	 pcX-4
	*********************************************** 
	*********************************************** 

  >>> Running RHF <<<

init D/C      : minao
init ov       : zeros
no            : 18
nv            : 864
ov_size       : 15552
max_cycle     : 1000
conv          : 6
econv         : 9
method        : gdm
scale_stop    : 0
scale_factor  : 1.000000
init E        : -208.84018975703
init |[F,P]|  : 3.69e-03
init |dE|     : 6.75e-03
check file    : None

iter      total energy   |[F,P]|      |dE|         ∆E   comment
   1    -208.892126321  1.56e-03  3.03e-03  -5.19e-02  BFGS
   2    -208.900831298  5.10e-04  9.90e-04  -8.70e-03  BFGS
   3    -208.901721286  5.59e-05  1.13e-04  -8.90e-04  BFGS
   4    -208.901745512  2.20e-05  4.01e-05  -2.42e-05  BFGS
   5    -208.901752320  1.13e-05  2.35e-05  -6.81e-06  BFGS
   6    -208.901752928  3.80e-06  7.15e-06  -6.08e-07  BFGS
   7    -208.901753026  9.13e-07  1.73e-06  -9.83e-08  BFGS
   8    -208.901753033  3.03e-07  5.75e-07  -6.75e-09  BFGS
   9    -208.901753033  1.10e-07  2.14e-07  -6.29e-10  BFGS
                                                                      gdm is converged!

SCF converged : True
final |[F,P]| : 1.10e-07
final |dE|    : 2.14e-07
final Escf    : -370.045623187707
final Etot    : -208.901753033202

  pxp & ewc             :::        1.182 (  0.06%)
  apply B               :::        0.003 (  0.00%)
  linsrch               :::     1903.879 ( 99.94%)
  grad                  :::        0.038 (  0.00%)
  Total                 :::     1905.102 (100.00%)

Alpha occupied
  -15.604 -11.251 -11.251 -11.209 -11.207  -1.292  -1.043  -0.975 
   -0.796  -0.767  -0.737  -0.594  -0.584  -0.568  -0.546  -0.530 
   -0.348  -0.296 

Alpha virtual
    0.039   0.062   0.066   0.082   0.086   0.092   0.120   0.122 
    0.123   0.123   0.132   0.141   0.143   0.147   0.170   0.171 
    0.178   0.214   0.214   0.215   0.227   0.237   0.241   0.248 
    0.256   0.260   0.275   0.292   0.295   0.315   0.324   0.325 
    0.332   0.337   0.370   0.377   0.377   0.385   0.405   0.414 
    0.415   0.419   0.430   0.469   0.473   0.477   0.491   0.492 
    0.495   0.500   0.503   0.513   0.515   0.517   0.534   0.541 
    0.547   0.552   0.560   0.564   0.568   0.603   0.603   0.608 
    0.615   0.617   0.633   0.646   0.648   0.658   0.681   0.695 
    0.707   0.717   0.725   0.729   0.742   0.742   0.753   0.770 
    0.770   0.777   0.778   0.802   0.828   0.830   0.832   0.869 
    0.874   0.887   0.891   0.907   0.916   0.948   0.954   0.957 
    1.002   1.006   1.026   1.044   1.045   1.058   1.077   1.078 
    1.114   1.121   1.139   1.145   1.153   1.173   1.173   1.190 
    1.192   1.200   1.204   1.233   1.243   1.248   1.280   1.290 
    1.305   1.322   1.339   1.339   1.354   1.382   1.395   1.399 
    1.406   1.411   1.432   1.436   1.445   1.459   1.460   1.477 
    1.484   1.498   1.498   1.508   1.516   1.531   1.534   1.552 
    1.567   1.578   1.585   1.592   1.592   1.609   1.622   1.636 
    1.644   1.648   1.655   1.694   1.747   1.752   1.754   1.778 
    1.793   1.806   1.825   1.835   1.865   1.884   1.903   1.933 
    1.962   1.964   1.994   2.008   2.039   2.044   2.052   2.085 
    2.106   2.113   2.132   2.149   2.176   2.199   2.201   2.219 
    2.219   2.234   2.262   2.285   2.306   2.325   2.343   2.348 
    2.352   2.380   2.383   2.399   2.433   2.459   2.462   2.466 
    2.480   2.486   2.521   2.528   2.557   2.557   2.600   2.605 
    2.616   2.620   2.627   2.634   2.661   2.671   2.676   2.689 
    2.700   2.711   2.712   2.765   2.807   2.849   2.865   2.866 
    2.930   2.932   2.935   2.965   2.977   2.997   3.001   3.005 
    3.027   3.049   3.063   3.078   3.182   3.192   3.198   3.200 
    3.251   3.270   3.303   3.310   3.321   3.341   3.386   3.406 
    3.441   3.460   3.487   3.532   3.545   3.555   3.566   3.572 
    3.591   3.593   3.622   3.639   3.642   3.671   3.695   3.696 
    3.743   3.750   3.751   3.771   3.819   3.832   3.861   3.867 
    3.877   3.878   3.925   3.931   3.948   3.950   3.984   4.044 
    4.045   4.080   4.095   4.098   4.107   4.167   4.174   4.196 
    4.197   4.240   4.253   4.284   4.296   4.303   4.304   4.340 
    4.366   4.370   4.381   4.419   4.445   4.465   4.467   4.480 
    4.502   4.508   4.530   4.537   4.546   4.579   4.584   4.594 
    4.597   4.639   4.652   4.696   4.696   4.699   4.712   4.720 
    4.755   4.772   4.837   4.852   4.859   4.865   4.874   4.899 
    4.949   4.950   4.955   4.965   4.976   4.999   5.008   5.022 
    5.044   5.045   5.053   5.073   5.117   5.143   5.143   5.147 
    5.180   5.189   5.195   5.236   5.242   5.257   5.264   5.287 
    5.299   5.306   5.353   5.355   5.375   5.375   5.423   5.427 
    5.479   5.493   5.505   5.508   5.538   5.587   5.593   5.597 
    5.638   5.682   5.715   5.726   5.797   5.798   5.816   5.840 
    5.864   5.874   5.889   5.904   5.926   5.944   5.969   5.972 
    5.989   6.006   6.011   6.091   6.095   6.116   6.190   6.237 
    6.290   6.308   6.312   6.356   6.368   6.397   6.453   6.494 
    6.497   6.503   6.577   6.661   6.700   6.712   6.717   6.722 
    6.740   6.816   6.819   6.860   6.893   6.893   6.929   6.931 
    6.956   7.009   7.044   7.060   7.071   7.142   7.155   7.156 
    7.165   7.189   7.239   7.247   7.255   7.274   7.342   7.380 
    7.461   7.549   7.566   7.569   7.607   7.653   7.672   7.767 
    7.782   7.793   7.800   7.866   8.008   8.020   8.041   8.153 
    8.180   8.209   8.298   8.332   8.353   8.456   8.508   8.517 
    8.574   8.612   8.643   8.730   8.750   8.773   8.795   8.962 
    9.014   9.079   9.134   9.176   9.196   9.236   9.289   9.377 
    9.382   9.384   9.401   9.432   9.449   9.467   9.504   9.530 
    9.548   9.569   9.578   9.649   9.653   9.664   9.727   9.785 
    9.826   9.828   9.830   9.872   9.914   9.948  10.058  10.121 
   10.122  10.211  10.333  10.334  10.560  10.567  10.600  10.620 
   10.657  10.661  10.699  10.745  10.867  10.879  10.910  10.919 
   10.937  10.957  11.028  11.142  11.164  11.234  11.280  11.296 
   11.331  11.343  11.374  11.394  11.400  11.427  11.473  11.498 
   11.539  11.571  11.578  11.592  11.592  11.604  11.623  11.651 
   11.671  11.674  11.678  11.725  11.731  11.746  11.753  11.812 
   11.832  11.911  11.983  11.989  12.007  12.029  12.117  12.152 
   12.161  12.177  12.183  12.209  12.215  12.233  12.246  12.268 
   12.286  12.301  12.329  12.351  12.352  12.374  12.375  12.396 
   12.403  12.417  12.429  12.448  12.488  12.558  12.559  12.568 
   12.617  12.624  12.647  12.691  12.740  12.787  12.795  12.811 
   12.814  12.827  12.829  12.869  12.873  12.879  12.896  12.939 
   12.940  12.982  12.985  13.014  13.064  13.088  13.103  13.116 
   13.127  13.138  13.165  13.172  13.217  13.252  13.254  13.315 
   13.317  13.331  13.385  13.391  13.410  13.420  13.425  13.454 
   13.480  13.522  13.523  13.526  13.543  13.608  13.627  13.666 
   13.681  13.692  13.758  13.774  13.775  13.818  13.822  13.860 
   13.899  13.909  13.924  13.944  13.968  14.005  14.083  14.089 
   14.170  14.208  14.234  14.260  14.265  14.296  14.368  14.383 
   14.429  14.433  14.459  14.612  14.617  14.662  14.734  14.741 
   14.764  14.793  14.843  14.913  14.943  14.998  15.137  15.148 
   15.200  15.251  15.439  15.440  15.463  15.501  15.590  15.590 
   15.687  15.708  15.746  15.832  15.845  15.899  15.983  15.999 
   16.045  16.064  16.137  16.160  16.250  16.280  16.303  16.381 
   16.447  16.501  16.568  16.593  16.599  16.600  16.637  16.845 
   16.848  17.000  17.046  17.123  17.204  17.205  17.209  17.229 
   17.233  17.246  17.246  17.249  17.251  17.273  17.298  17.300 
   17.479  17.572  17.623  17.670  17.726  17.726  17.778  17.791 
   17.821  17.850  17.933  18.030  18.053  18.071  18.217  18.308 
   18.311  18.401  18.710  18.809  18.939  19.059  19.117  19.143 
   19.159  19.243  19.249  19.325  19.372  19.412  19.477  19.518 
   19.578  19.604  19.682  19.981  19.997  20.169  20.426  20.658 
   20.739  20.832  20.942  20.950  20.963  20.966  21.068  21.080 
   21.292  21.304  21.506  21.526  21.618  21.825  21.916  21.925 
   22.372  22.667  22.719  22.813  23.213  23.227  23.479  23.953 
   23.979  24.105  24.121  24.225  24.251  24.378  24.506  24.623 
   24.678  24.745  24.888  26.188  26.357  26.461  26.597  27.728 
   32.983  33.079  33.168  33.345  33.357  33.490  33.497  33.559 
   33.603  33.734  33.806  34.799  34.987  35.014  35.045  35.125 
   35.192  35.417  35.710  35.894  41.827  42.060  42.101  42.308 
   42.368  45.444  49.234  49.477  49.871  50.483  50.784  52.550 
   54.017  54.207  77.057  78.316  79.280  80.095  91.743  91.802 
   91.844  91.909  92.034  92.101  92.111  92.184  92.275  92.383 
   93.218  93.354  93.410  93.520  93.931 101.008 140.328 141.420 
  141.614 228.642 429.693 430.580 430.733 530.037 1271.712 1691.167 
  1691.804 1691.913 3195.600 8540.428 24825.665 81391.686 322260.186 1830824.030 


  >>> Running RHF-MP2 <<<


RMP2-TIMING
  rmp2                  :::     1328.380 (100.00%)
  Total                 :::     1328.380 (100.00%)

MP2 correlation energy (RHF) : -1.1483032511
MP2 total energy       (RHF) : -210.0500562843


  >>> Running UHF <<<

init D/C      : input mo_coeff
init ov       : zeros
no            : 17 18
nv            : 865 864
ov_size       : 30257
max_cycle     : 1000
conv          : 6
econv         : 9
method        : diis
mom_start     : 0
guess mix     : 0.000000
orb_swap      : [[[0, 17]], []]
init E        : -193.297281789807
init S2       : 0.750000000000099
init |[F,P]|  : 1.27e-02
init |dE|     : 2.99e-02
check file    : None

iter      total energy   |[F,P]|      |dE|         ∆E   S^2   comment
   1    -193.665951026  8.06e-03  1.77e-02  -3.69e-01  0.75  DIIS mom: 16.6/17 17.6/18
   2    -193.995794675  7.98e-04  1.67e-03  -3.30e-01  0.76  DIIS mom: 16.9/17 17.9/18
   3    -194.000601615  3.46e-04  6.81e-04  -4.81e-03  0.76  DIIS mom: 17.0/17 18.0/18
   4    -194.001638105  1.40e-04  2.79e-04  -1.04e-03  0.76  DIIS mom: 17.0/17 18.0/18
   5    -194.002077977  5.50e-05  1.09e-04  -4.40e-04  0.77  DIIS mom: 17.0/17 18.0/18
   6    -194.002159138  2.03e-05  3.79e-05  -8.12e-05  0.78  DIIS mom: 17.0/17 18.0/18
   7    -194.002171166  1.17e-05  2.02e-05  -1.20e-05  0.78  DIIS mom: 17.0/17 18.0/18
   8    -194.002175655  8.34e-06  1.39e-05  -4.49e-06  0.78  DIIS mom: 17.0/17 18.0/18
   9    -194.002179250  6.37e-06  1.06e-05  -3.60e-06  0.78  DIIS mom: 17.0/17 18.0/18
  10    -194.002182853  4.09e-06  6.82e-06  -3.60e-06  0.78  DIIS mom: 17.0/17 18.0/18
  11    -194.002184955  1.10e-06  1.91e-06  -2.10e-06  0.78  DIIS mom: 17.0/17 18.0/18
  12    -194.002185044  2.83e-07  5.43e-07  -8.90e-08  0.78  DIIS mom: 17.0/17 18.0/18
  13    -194.002185046  9.76e-08  1.82e-07  -2.18e-09  0.78  DIIS mom: 17.0/17 18.0/18
  14    -194.002185046  2.41e-08  4.35e-08  -2.38e-10  0.78  DIIS mom: 17.0/17 18.0/18
                                                                      diis is converged!

SCF converged : True
final |[F,P]| : 2.41e-08
final |dE|    : 4.35e-08
final Escf    : -355.146055200578
final Etot    : -194.002185046073
final S2      : 0.778754970332677

  diis prep             :::        0.608 (  0.02%)
  diis extrap           :::        0.464 (  0.01%)
  roothaan              :::        6.267 (  0.20%)
  fock build            :::     3122.939 ( 99.77%)
  Total                 :::     3130.279 (100.00%)

Alpha occupied
  -11.516 -11.516 -11.452 -11.451  -1.641  -1.322  -1.255  -1.116 
   -1.046  -0.985  -0.935  -0.860  -0.857  -0.781  -0.766  -0.629 
   -0.539 

Alpha virtual
  -14.179  -0.113  -0.093  -0.065  -0.063  -0.045  -0.041  -0.040 
   -0.028  -0.014  -0.005  -0.003   0.004   0.008   0.011   0.030 
    0.030   0.051   0.064   0.067   0.073   0.089   0.091   0.094 
    0.102   0.103   0.120   0.125   0.136   0.139   0.139   0.146 
    0.157   0.170   0.177   0.206   0.210   0.211   0.224   0.239 
    0.241   0.242   0.252   0.256   0.284   0.294   0.306   0.307 
    0.311   0.325   0.326   0.326   0.343   0.344   0.355   0.356 
    0.369   0.379   0.380   0.384   0.390   0.401   0.428   0.436 
    0.440   0.442   0.453   0.458   0.459   0.473   0.485   0.501 
    0.515   0.528   0.532   0.539   0.552   0.565   0.579   0.580 
    0.584   0.586   0.601   0.615   0.633   0.633   0.649   0.652 
    0.675   0.684   0.705   0.710   0.720   0.722   0.749   0.749 
    0.750   0.798   0.814   0.824   0.837   0.847   0.866   0.870 
    0.873   0.917   0.920   0.938   0.939   0.967   0.968   0.973 
    0.988   0.993   1.004   1.008   1.031   1.036   1.044   1.067 
    1.085   1.111   1.114   1.124   1.147   1.154   1.182   1.186 
    1.204   1.206   1.222   1.234   1.236   1.245   1.261   1.265 
    1.276   1.292   1.303   1.308   1.316   1.316   1.323   1.326 
    1.366   1.368   1.380   1.381   1.387   1.392   1.408   1.436 
    1.452   1.461   1.462   1.466   1.496   1.519   1.539   1.539 
    1.550   1.583   1.598   1.618   1.633   1.660   1.664   1.673 
    1.716   1.748   1.755   1.770   1.779   1.815   1.816   1.822 
    1.856   1.889   1.901   1.914   1.920   1.949   1.974   1.993 
    1.999   2.001   2.005   2.042   2.062   2.087   2.111   2.125 
    2.127   2.131   2.163   2.170   2.171   2.223   2.235   2.239 
    2.244   2.264   2.271   2.293   2.309   2.329   2.348   2.383 
    2.385   2.386   2.401   2.413   2.423   2.434   2.449   2.458 
    2.468   2.476   2.477   2.478   2.541   2.572   2.622   2.635 
    2.639   2.688   2.693   2.707   2.739   2.752   2.768   2.773 
    2.780   2.791   2.818   2.828   2.854   2.925   2.952   2.966 
    2.973   3.004   3.024   3.070   3.092   3.095   3.109   3.136 
    3.158   3.202   3.238   3.241   3.294   3.324   3.335   3.343 
    3.347   3.360   3.367   3.391   3.401   3.402   3.426   3.461 
    3.486   3.509   3.512   3.530   3.532   3.564   3.608   3.614 
    3.628   3.646   3.659   3.691   3.697   3.719   3.727   3.769 
    3.805   3.824   3.829   3.846   3.865   3.884   3.894   3.947 
    3.956   3.974   4.011   4.022   4.056   4.064   4.072   4.073 
    4.116   4.122   4.124   4.153   4.182   4.195   4.222   4.234 
    4.246   4.265   4.279   4.292   4.296   4.317   4.333   4.339 
    4.355   4.369   4.396   4.414   4.444   4.456   4.461   4.478 
    4.483   4.516   4.538   4.605   4.610   4.622   4.630   4.634 
    4.659   4.710   4.723   4.729   4.732   4.753   4.763   4.786 
    4.789   4.807   4.822   4.822   4.835   4.887   4.897   4.901 
    4.913   4.944   4.953   4.955   4.999   5.006   5.021   5.033 
    5.052   5.055   5.058   5.108   5.119   5.142   5.144   5.177 
    5.182   5.234   5.246   5.254   5.268   5.297   5.336   5.344 
    5.363   5.397   5.443   5.470   5.484   5.553   5.555   5.586 
    5.594   5.618   5.628   5.641   5.671   5.671   5.706   5.730 
    5.736   5.747   5.771   5.775   5.846   5.855   5.887   5.945 
    5.994   6.037   6.054   6.069   6.104   6.126   6.157   6.198 
    6.245   6.251   6.267   6.340   6.392   6.464   6.474   6.478 
    6.483   6.502   6.524   6.580   6.616   6.650   6.650   6.690 
    6.692   6.704   6.754   6.759   6.811   6.832   6.897   6.899 
    6.899   6.912   6.929   6.976   7.002   7.002   7.025   7.107 
    7.111   7.222   7.301   7.316   7.319   7.358   7.363   7.415 
    7.507   7.531   7.536   7.562   7.599   7.722   7.757   7.809 
    7.902   7.903   7.954   8.026   8.056   8.072   8.218   8.223 
    8.256   8.320   8.329   8.393   8.479   8.507   8.519   8.549 
    8.684   8.746   8.854   8.856   8.897   8.911   8.951   8.998 
    9.086   9.089   9.126   9.154   9.154   9.170   9.225   9.260 
    9.262   9.279   9.334   9.341   9.398   9.424   9.424   9.490 
    9.494   9.554   9.590   9.595   9.650   9.652   9.691   9.789 
    9.882   9.893   9.954  10.035  10.045  10.299  10.308  10.347 
   10.385  10.407  10.414  10.442  10.473  10.561  10.625  10.654 
   10.659  10.679  10.683  10.763  10.887  10.898  10.987  11.035 
   11.053  11.077  11.079  11.112  11.130  11.147  11.172  11.234 
   11.261  11.269  11.319  11.325  11.334  11.355  11.355  11.380 
   11.396  11.427  11.429  11.443  11.476  11.493  11.499  11.511 
   11.566  11.580  11.640  11.719  11.734  11.756  11.772  11.846 
   11.891  11.915  11.917  11.920  11.924  11.946  11.959  11.985 
   12.000  12.035  12.038  12.050  12.052  12.072  12.118  12.128 
   12.138  12.153  12.168  12.187  12.188  12.248  12.281  12.305 
   12.313  12.353  12.354  12.387  12.419  12.481  12.543  12.544 
   12.555  12.568  12.581  12.596  12.599  12.622  12.640  12.647 
   12.683  12.694  12.730  12.745  12.755  12.810  12.840  12.853 
   12.877  12.879  12.888  12.909  12.949  12.967  12.996  13.012 
   13.049  13.069  13.091  13.128  13.148  13.156  13.166  13.174 
   13.204  13.209  13.254  13.256  13.277  13.288  13.356  13.388 
   13.388  13.408  13.429  13.509  13.529  13.530  13.553  13.575 
   13.609  13.643  13.663  13.674  13.699  13.721  13.760  13.840 
   13.844  13.919  13.961  13.986  14.001  14.014  14.041  14.109 
   14.125  14.169  14.188  14.203  14.348  14.370  14.418  14.472 
   14.479  14.519  14.533  14.591  14.658  14.690  14.754  14.878 
   14.903  14.905  15.010  15.199  15.199  15.206  15.240  15.315 
   15.335  15.415  15.434  15.472  15.554  15.564  15.604  15.681 
   15.746  15.801  15.810  15.861  15.901  16.015  16.018  16.038 
   16.100  16.104  16.157  16.241  16.242  16.308  16.309  16.311 
   16.553  16.604  16.749  16.796  16.799  16.883  16.894  16.929 
   17.004  17.004  17.010  17.022  17.024  17.034  17.045  17.053 
   17.075  17.190  17.271  17.397  17.443  17.482  17.487  17.540 
   17.560  17.596  17.609  17.666  17.698  17.761  17.772  17.783 
   17.806  17.942  18.115  18.416  18.546  18.682  18.762  18.839 
   18.889  18.897  18.903  19.023  19.066  19.089  19.148  19.148 
   19.187  19.262  19.264  19.398  19.667  19.745  19.819  20.108 
   20.429  20.503  20.587  20.605  20.694  20.714  20.746  20.770 
   20.819  20.847  21.051  21.262  21.280  21.381  21.387  21.564 
   21.675  22.043  22.340  22.387  22.401  22.797  22.970  23.075 
   23.437  23.723  23.796  23.816  23.878  23.981  24.155  24.280 
   24.281  24.392  24.515  24.659  25.962  26.127  26.232  26.373 
   27.334  32.734  32.826  32.920  33.085  33.093  33.244  33.247 
   33.308  33.351  33.488  33.554  34.548  34.734  34.748  34.776 
   34.868  34.942  35.170  35.454  35.640  41.597  41.831  41.859 
   42.013  42.085  44.409  47.924  48.168  48.569  49.168  49.483 
   51.226  52.688  52.881  76.809  78.061  79.023  79.845  91.392 
   91.553  91.611  91.677  91.738  91.807  91.885  91.940  92.042 
   92.158  92.987  93.121  93.180  93.294  93.559  99.324 138.084 
  139.169 139.363 226.164 426.359 427.242 427.395 526.769 1267.792 
  1686.908 1687.544 1687.653 3191.225 8535.783 24820.881 81386.839 322255.316 
  1830819.153 

Beta occupied
  -18.461 -11.515 -11.515 -11.452 -11.450  -1.729  -1.341  -1.274 
   -1.147  -1.063  -1.009  -0.990  -0.869  -0.867  -0.780  -0.765 
   -0.636  -0.540 

Beta virtual
   -0.118  -0.102  -0.065  -0.064  -0.045  -0.043  -0.040  -0.028 
   -0.011  -0.003  -0.002   0.003   0.006   0.008   0.030   0.030 
    0.049   0.068   0.068   0.073   0.087   0.091   0.091   0.099 
    0.102   0.120   0.123   0.128   0.139   0.140   0.143   0.157 
    0.169   0.177   0.205   0.210   0.211   0.225   0.239   0.241 
    0.242   0.251   0.256   0.277   0.289   0.305   0.309   0.309 
    0.322   0.324   0.326   0.343   0.343   0.354   0.356   0.365 
    0.379   0.380   0.385   0.391   0.400   0.425   0.435   0.440 
    0.443   0.453   0.458   0.460   0.473   0.485   0.501   0.516 
    0.526   0.530   0.536   0.552   0.568   0.579   0.580   0.583 
    0.585   0.601   0.616   0.629   0.634   0.648   0.652   0.668 
    0.682   0.706   0.710   0.716   0.720   0.745   0.748   0.752 
    0.799   0.814   0.824   0.838   0.849   0.866   0.870   0.873 
    0.917   0.921   0.937   0.939   0.965   0.968   0.973   0.989 
    0.994   1.004   1.009   1.032   1.036   1.045   1.066   1.085 
    1.111   1.114   1.125   1.147   1.155   1.179   1.187   1.202 
    1.206   1.222   1.234   1.234   1.246   1.261   1.264   1.272 
    1.292   1.302   1.307   1.311   1.317   1.323   1.326   1.362 
    1.366   1.380   1.381   1.388   1.391   1.404   1.436   1.453 
    1.461   1.461   1.466   1.496   1.513   1.522   1.540   1.550 
    1.583   1.599   1.615   1.633   1.657   1.663   1.672   1.715 
    1.750   1.755   1.771   1.781   1.810   1.817   1.819   1.858 
    1.890   1.901   1.915   1.922   1.949   1.976   1.994   1.999 
    2.002   2.006   2.040   2.063   2.088   2.112   2.120   2.128 
    2.132   2.163   2.170   2.170   2.223   2.232   2.240   2.244 
    2.263   2.271   2.294   2.309   2.323   2.349   2.384   2.385 
    2.386   2.398   2.413   2.423   2.423   2.450   2.459   2.468 
    2.477   2.477   2.478   2.538   2.565   2.620   2.635   2.635 
    2.683   2.694   2.708   2.740   2.752   2.769   2.774   2.781 
    2.787   2.817   2.828   2.853   2.919   2.949   2.964   2.973 
    3.005   3.021   3.069   3.092   3.095   3.108   3.129   3.158 
    3.202   3.238   3.239   3.292   3.324   3.334   3.344   3.345 
    3.358   3.365   3.392   3.392   3.400   3.426   3.458   3.487 
    3.501   3.504   3.530   3.531   3.559   3.604   3.609   3.627 
    3.647   3.659   3.687   3.689   3.719   3.727   3.769   3.798 
    3.806   3.825   3.840   3.866   3.882   3.891   3.948   3.956 
    3.974   4.011   4.016   4.055   4.064   4.071   4.074   4.111 
    4.121   4.125   4.149   4.182   4.187   4.221   4.235   4.242 
    4.257   4.275   4.283   4.296   4.316   4.330   4.331   4.355 
    4.369   4.396   4.413   4.445   4.452   4.461   4.478   4.481 
    4.516   4.539   4.602   4.607   4.623   4.630   4.634   4.659 
    4.711   4.722   4.729   4.733   4.753   4.763   4.786   4.789 
    4.808   4.822   4.822   4.835   4.885   4.892   4.899   4.913 
    4.943   4.951   4.953   4.999   5.007   5.021   5.033   5.049 
    5.054   5.058   5.102   5.119   5.142   5.144   5.175   5.182 
    5.234   5.245   5.254   5.269   5.297   5.334   5.343   5.360 
    5.396   5.441   5.469   5.484   5.552   5.553   5.586   5.594 
    5.619   5.621   5.641   5.670   5.672   5.707   5.729   5.734 
    5.747   5.770   5.774   5.846   5.854   5.886   5.944   5.994 
    6.029   6.055   6.069   6.103   6.126   6.157   6.197   6.240 
    6.251   6.267   6.340   6.386   6.464   6.474   6.478   6.484 
    6.501   6.516   6.580   6.614   6.649   6.650   6.690   6.690 
    6.703   6.744   6.758   6.810   6.832   6.896   6.897   6.899 
    6.907   6.929   6.973   7.001   7.001   7.024   7.103   7.106 
    7.223   7.300   7.313   7.316   7.352   7.363   7.414   7.499 
    7.524   7.536   7.562   7.593   7.705   7.756   7.806   7.897 
    7.902   7.947   8.013   8.055   8.068   8.213   8.217   8.246 
    8.313   8.316   8.389   8.471   8.507   8.519   8.549   8.661 
    8.744   8.831   8.855   8.856   8.889   8.946   8.953   9.063 
    9.080   9.128   9.154   9.154   9.168   9.225   9.253   9.258 
    9.262   9.333   9.341   9.398   9.422   9.425   9.469   9.494 
    9.538   9.590   9.593   9.645   9.652   9.686   9.778   9.881 
    9.894   9.954  10.024  10.044  10.286  10.308  10.344  10.382 
   10.408  10.415  10.443  10.465  10.545  10.622  10.654  10.659 
   10.679  10.684  10.763  10.880  10.898  10.987  11.035  11.053 
   11.074  11.080  11.103  11.131  11.148  11.170  11.235  11.262 
   11.264  11.319  11.325  11.334  11.355  11.355  11.381  11.395 
   11.427  11.429  11.443  11.477  11.494  11.500  11.511  11.566 
   11.581  11.639  11.719  11.733  11.756  11.772  11.841  11.889 
   11.913  11.913  11.916  11.922  11.946  11.957  11.982  12.000 
   12.027  12.037  12.047  12.052  12.069  12.118  12.129  12.136 
   12.153  12.168  12.187  12.187  12.248  12.279  12.304  12.313 
   12.347  12.353  12.387  12.418  12.482  12.544  12.544  12.555 
   12.566  12.581  12.593  12.599  12.622  12.640  12.646  12.680 
   12.694  12.729  12.742  12.755  12.808  12.840  12.852  12.877 
   12.880  12.887  12.910  12.949  12.967  12.993  13.012  13.045 
   13.067  13.091  13.127  13.149  13.153  13.166  13.175  13.204 
   13.208  13.250  13.254  13.276  13.288  13.357  13.384  13.388 
   13.406  13.427  13.509  13.529  13.531  13.552  13.575  13.608 
   13.644  13.663  13.673  13.699  13.721  13.761  13.839  13.844 
   13.919  13.962  13.986  13.999  14.014  14.038  14.107  14.123 
   14.166  14.188  14.202  14.346  14.370  14.418  14.472  14.478 
   14.519  14.532  14.590  14.656  14.690  14.754  14.877  14.898 
   14.905  15.010  15.199  15.200  15.204  15.239  15.311  15.334 
   15.409  15.432  15.469  15.550  15.560  15.601  15.674  15.747 
   15.801  15.806  15.849  15.901  16.013  16.019  16.032  16.090 
   16.094  16.143  16.228  16.229  16.299  16.306  16.308  16.550 
   16.604  16.747  16.792  16.794  16.882  16.896  16.926  17.002 
   17.004  17.010  17.016  17.022  17.034  17.042  17.053  17.075 
   17.185  17.260  17.396  17.442  17.482  17.485  17.539  17.560 
   17.595  17.609  17.635  17.698  17.759  17.769  17.771  17.779 
   17.899  18.110  18.409  18.532  18.681  18.714  18.839  18.888 
   18.894  18.896  19.023  19.036  19.079  19.147  19.148  19.150 
   19.262  19.263  19.397  19.668  19.743  19.768  20.098  20.427 
   20.501  20.534  20.555  20.611  20.714  20.739  20.746  20.817 
   20.847  21.049  21.261  21.275  21.322  21.387  21.555  21.674 
   22.035  22.246  22.333  22.400  22.735  22.967  23.028  23.369 
   23.724  23.740  23.817  23.878  23.981  24.155  24.271  24.279 
   24.392  24.515  24.658  25.962  26.127  26.232  26.373  27.321 
   32.734  32.826  32.920  33.085  33.093  33.244  33.247  33.309 
   33.351  33.488  33.554  34.548  34.734  34.748  34.774  34.869 
   34.942  35.171  35.454  35.640  41.597  41.831  41.859  42.013 
   42.085  44.075  47.753  47.998  48.397  48.990  49.313  50.882 
   52.365  52.556  76.809  78.061  79.023  79.845  91.394  91.553 
   91.611  91.677  91.739  91.807  91.885  91.940  92.042  92.158 
   92.988  93.121  93.180  93.294  93.560  98.942 137.667 138.755 
  138.950 225.806 425.999 426.883 427.036 526.485 1267.598 1686.706 
  1687.342 1687.451 3191.112 8535.726 24820.856 81386.830 322255.313 1830819.153 


  >>> Running UHF-MP2 <<<

MP2 correlation energy (UHF) : -1.1094871495
MP2 total energy       (UHF) : -195.1116721955

