	*********************************************** 
	***** Beginning CEBE Calculation with MOM ***** 
	*****       Calculation Details:          ***** 
	      Geometry:	 /work/morgunov/core/calculations/mols/exp/c/c-h3cn.xyz
	      Core Basis:	 cc-pCV5Z
	      Full Basis:	 cc-pV5Z
	      Do SFX2C1E?:	 True
	      Freeze orbitals?:	 True
	      Use Cheng orbitals?:	 False
	      Do Special Basis?:	 False
	*********************************************** 
	*********************************************** 

  >>> Running RHF <<<

init D/C      : minao
init ov       : zeros
no            : 11
nv            : 535
ov_size       : 5885
max_cycle     : 1000
conv          : 6
econv         : 9
method        : gdm
scale_stop    : 0
scale_factor  : 1.000000
init E        : -131.725208385463
init |[F,P]|  : 5.99e-03
init |dE|     : 1.43e-02
check file    : None

iter      total energy   |[F,P]|      |dE|         ∆E   comment
   1    -131.769407045  4.70e-03  1.29e-02  -4.42e-02  BFGS
   2    -131.820443221  7.80e-04  1.76e-03  -5.10e-02  BFGS
   3    -131.821846186  1.93e-04  4.61e-04  -1.40e-03  BFGS
   4    -131.822000715  5.15e-05  1.40e-04  -1.55e-04  BFGS
   5    -131.822012325  1.47e-05  3.72e-05  -1.16e-05  BFGS
   6    -131.822013472  5.28e-06  1.37e-05  -1.15e-06  BFGS
   7    -131.822013692  2.69e-06  7.08e-06  -2.20e-07  BFGS
   8    -131.822013747  1.41e-06  3.48e-06  -5.51e-08  BFGS
   9    -131.822013759  4.68e-07  1.23e-06  -1.26e-08  BFGS
  10    -131.822013761  1.73e-07  4.77e-07  -1.42e-09  BFGS
  11    -131.822013761  7.21e-08  1.81e-07  -1.94e-10  BFGS
                                                                      gdm is converged!

SCF converged : True
final |[F,P]| : 7.21e-08
final |dE|    : 1.81e-07
final Escf    : -190.585328419401
final Etot    : -131.822013760819

  pxp & ewc             :::        0.461 (  0.04%)
  apply B               :::        0.004 (  0.00%)
  linsrch               :::     1131.451 ( 99.96%)
  grad                  :::        0.030 (  0.00%)
  Total                 :::     1131.946 (100.00%)

Alpha occupied
  -15.569 -11.292 -11.283  -1.222  -1.119  -0.775  -0.663  -0.562 
   -0.519  -0.466  -0.409 

Alpha virtual
    0.055   0.107   0.123   0.136   0.171   0.171   0.194   0.202 
    0.225   0.239   0.243   0.297   0.336   0.345   0.377   0.405 
    0.433   0.440   0.449   0.494   0.510   0.512   0.562   0.575 
    0.587   0.607   0.612   0.648   0.713   0.754   0.775   0.776 
    0.787   0.802   0.828   0.831   0.848   0.858   0.910   0.917 
    0.973   0.989   1.025   1.075   1.078   1.097   1.109   1.154 
    1.155   1.207   1.208   1.276   1.288   1.313   1.321   1.380 
    1.394   1.408   1.432   1.467   1.508   1.533   1.551   1.591 
    1.615   1.634   1.647   1.688   1.702   1.760   1.776   1.777 
    1.812   1.867   1.872   1.873   1.944   1.956   1.967   1.981 
    1.982   2.029   2.100   2.126   2.140   2.175   2.179   2.193 
    2.212   2.226   2.253   2.273   2.339   2.392   2.396   2.416 
    2.445   2.471   2.500   2.528   2.560   2.632   2.639   2.662 
    2.701   2.779   2.804   2.809   2.845   2.854   2.866   2.939 
    2.997   3.004   3.080   3.086   3.232   3.253   3.284   3.361 
    3.369   3.386   3.389   3.501   3.509   3.539   3.548   3.587 
    3.594   3.685   3.740   3.795   3.797   3.817   3.891   3.908 
    3.911   3.952   3.958   4.026   4.031   4.058   4.094   4.150 
    4.174   4.207   4.236   4.275   4.325   4.342   4.376   4.410 
    4.427   4.444   4.478   4.516   4.539   4.564   4.585   4.613 
    4.677   4.691   4.751   4.778   4.790   4.802   4.820   4.840 
    4.886   4.892   4.942   4.974   5.008   5.027   5.050   5.108 
    5.137   5.142   5.160   5.282   5.285   5.336   5.361   5.406 
    5.473   5.507   5.529   5.544   5.584   5.626   5.646   5.665 
    5.680   5.720   5.764   5.766   5.849   5.853   5.908   5.924 
    5.953   5.966   6.032   6.059   6.077   6.113   6.255   6.564 
    6.572   6.583   6.588   6.625   6.679   6.691   6.697   6.780 
    6.822   6.865   6.937   7.016   7.097   7.109   7.213   7.216 
    7.310   7.398   7.428   7.467   7.515   7.565   7.596   7.690 
    7.702   7.723   7.766   7.784   7.805   7.861   7.877   7.941 
    8.017   8.078   8.126   8.288   8.382   8.425   8.589   8.648 
    8.715   8.768   8.838   8.839   8.938   9.065   9.169   9.217 
    9.283   9.321   9.368   9.395   9.590   9.679   9.695   9.771 
    9.839   9.866   9.888   9.949   9.955   9.997  10.039  10.095 
   10.155  10.209  10.215  10.266  10.271  10.368  10.415  10.503 
   10.508  10.563  10.691  10.711  10.730  10.901  10.907  10.907 
   10.931  10.961  11.103  11.185  11.204  11.205  11.246  11.253 
   11.444  11.491  11.559  11.600  11.648  11.666  11.716  11.764 
   11.803  11.821  11.840  11.880  11.939  12.073  12.108  12.404 
   12.472  12.515  12.591  12.691  12.757  12.839  12.864  12.953 
   12.985  13.011  13.061  13.065  13.137  13.177  13.181  13.227 
   13.229  13.350  13.355  13.532  13.571  13.659  13.710  13.730 
   13.737  13.775  13.843  13.845  13.923  14.029  14.069  14.087 
   14.100  14.144  14.144  14.190  14.191  14.248  14.281  14.310 
   14.311  14.340  14.362  14.406  14.449  14.454  14.484  14.503 
   14.513  14.540  14.593  14.622  14.650  14.773  14.857  14.873 
   14.940  14.985  15.098  15.175  15.195  15.215  15.275  15.288 
   15.393  15.407  15.539  15.545  15.629  16.011  16.020  16.098 
   16.125  16.158  16.223  16.271  16.396  16.402  16.633  16.679 
   16.851  16.893  17.330  17.528  17.653  17.714  17.829  17.837 
   17.903  17.937  17.977  18.008  18.075  18.122  18.136  18.388 
   18.445  18.457  18.676  18.778  18.861  18.960  19.411  19.422 
   19.443  19.485  20.414  20.583  20.733  20.992  21.020  21.092 
   21.772  21.935  21.959  22.336  23.124  24.269  24.276  25.230 
   35.358  35.362  36.300  36.556  36.735  36.769  37.257  37.573 
   37.618  38.388  46.791  46.804  47.001  47.021  47.236  47.369 
   47.535  47.542  47.762  47.792  47.901  47.921  48.405  48.524 
   50.559  51.419  52.339  59.565  59.568  60.502  61.183  61.693 
   62.186 107.511 107.513 108.106 108.299 108.423 108.439 108.791 
  108.974 109.012 109.683 130.216 131.099 165.437 165.437 166.186 
  166.780 167.082 167.489 167.514 167.514 167.514 167.519 167.519 
  167.519 167.522 167.524 167.525 167.529 167.529 167.530 167.534 
  167.540 167.544 167.547 167.551 167.695 188.205 188.210 188.293 
  188.301 188.383 188.440 188.504 188.506 188.607 188.627 188.672 
  188.675 188.849 189.005 329.374 329.376 329.772 329.894 330.011 
  330.022 330.240 330.384 330.409 330.873 337.755 338.621 465.340 
  465.341 465.975 466.499 466.742 467.224 1175.063 1178.149 


  >>> Running RHF-MP2 <<<


RMP2-TIMING
  rmp2                  :::      610.054 (100.00%)
  Total                 :::      610.054 (100.00%)

MP2 correlation energy (RHF) : -0.7208887424
MP2 total energy       (RHF) : -132.5429025032


  >>> Running UHF <<<

init D/C      : input mo_coeff
init ov       : zeros
no            : 10 11
nv            : 536 535
ov_size       : 11245
max_cycle     : 1000
conv          : 6
econv         : 9
method        : diis
mom_start     : 0
guess mix     : 0.000000
orb_swap      : [[[1, 10]], []]
init E        : -120.529771405486
init S2       : 0.750000000000057
init |[F,P]|  : 1.47e-02
init |dE|     : 3.90e-02
check file    : None

iter      total energy   |[F,P]|      |dE|         ∆E   S^2   comment
   1    -120.866614044  8.81e-03  2.00e-02  -3.37e-01  0.75  DIIS mom: 9.7/10 10.7/11
   2    -121.055752130  1.14e-03  3.24e-03  -1.89e-01  0.76  DIIS mom: 9.9/10 10.9/11
   3    -121.059659504  7.28e-04  2.06e-03  -3.91e-03  0.76  DIIS mom: 10.0/10 11.0/11
   4    -121.062202088  1.94e-04  4.30e-04  -2.54e-03  0.76  DIIS mom: 10.0/10 11.0/11
   5    -121.062546076  1.02e-04  2.15e-04  -3.44e-04  0.77  DIIS mom: 10.0/10 11.0/11
   6    -121.062695312  4.36e-05  9.38e-05  -1.49e-04  0.77  DIIS mom: 10.0/10 11.0/11
   7    -121.062732404  2.58e-05  6.21e-05  -3.71e-05  0.78  DIIS mom: 10.0/10 11.0/11
   8    -121.062749518  2.33e-05  5.75e-05  -1.71e-05  0.78  DIIS mom: 10.0/10 11.0/11
   9    -121.062769810  2.24e-05  5.56e-05  -2.03e-05  0.78  DIIS mom: 10.0/10 11.0/11
  10    -121.062812809  2.10e-05  5.21e-05  -4.30e-05  0.78  DIIS mom: 10.0/10 11.0/11
  11    -121.062933599  1.67e-05  4.13e-05  -1.21e-04  0.79  DIIS mom: 10.0/10 11.0/11
  12    -121.063031848  1.03e-05  2.56e-05  -9.82e-05  0.81  DIIS mom: 10.0/10 11.0/11
  13    -121.063048886  6.98e-06  1.76e-05  -1.70e-05  0.82  DIIS mom: 10.0/10 11.0/11
  14    -121.063055549  5.19e-06  1.31e-05  -6.66e-06  0.82  DIIS mom: 10.0/10 11.0/11
  15    -121.063057010  3.16e-06  7.77e-06  -1.46e-06  0.82  DIIS mom: 10.0/10 11.0/11
  16    -121.063058259  1.27e-06  3.23e-06  -1.25e-06  0.83  DIIS mom: 10.0/10 11.0/11
  17    -121.063058315  4.88e-07  1.29e-06  -5.60e-08  0.83  DIIS mom: 10.0/10 11.0/11
  18    -121.063058347  1.64e-07  4.42e-07  -3.15e-08  0.83  DIIS mom: 10.0/10 11.0/11
  19    -121.063058349  7.04e-08  2.03e-07  -1.68e-09  0.83  DIIS mom: 10.0/10 11.0/11
  20    -121.063058349  3.15e-08  9.09e-08  -3.47e-10  0.83  DIIS mom: 10.0/10 11.0/11
                                                                      diis is converged!

SCF converged : True
final |[F,P]| : 3.15e-08
final |dE|    : 9.09e-08
final Escf    : -179.826373007465
final Etot    : -121.063058348884
final S2      : 0.82822565920007

  diis prep             :::        0.409 (  0.02%)
  diis extrap           :::        0.403 (  0.02%)
  roothaan              :::        1.472 (  0.07%)
  fock build            :::     2207.972 ( 99.90%)
  Total                 :::     2210.256 (100.00%)

Alpha occupied
  -15.830 -11.563  -1.539  -1.445  -1.139  -1.053  -0.885  -0.790 
   -0.715  -0.701 

Alpha virtual
  -10.201  -0.176  -0.116  -0.110  -0.060  -0.050  -0.036  -0.025 
    0.008   0.017   0.056   0.059   0.075   0.096   0.112   0.112 
    0.172   0.212   0.244   0.256   0.268   0.285   0.287   0.328 
    0.347   0.348   0.380   0.390   0.411   0.492   0.519   0.535 
    0.543   0.565   0.574   0.596   0.615   0.622   0.634   0.679 
    0.684   0.715   0.736   0.747   0.816   0.855   0.858   0.863 
    0.938   0.943   0.950   0.963   1.038   1.050   1.061   1.086 
    1.116   1.126   1.138   1.163   1.214   1.244   1.282   1.286 
    1.332   1.348   1.391   1.406   1.427   1.471   1.510   1.530 
    1.531   1.549   1.599   1.602   1.627   1.674   1.694   1.700 
    1.712   1.723   1.758   1.827   1.861   1.895   1.895   1.908 
    1.927   1.958   1.977   1.987   2.004   2.058   2.120   2.133 
    2.145   2.166   2.208   2.220   2.288   2.303   2.352   2.368 
    2.396   2.420   2.495   2.495   2.543   2.548   2.578   2.615 
    2.659   2.680   2.758   2.830   2.838   2.926   2.959   2.976 
    3.062   3.105   3.132   3.146   3.197   3.214   3.254   3.281 
    3.317   3.319   3.396   3.443   3.494   3.503   3.521   3.609 
    3.639   3.641   3.676   3.678   3.733   3.735   3.773   3.786 
    3.848   3.898   3.935   3.943   3.982   4.045   4.047   4.066 
    4.124   4.126   4.161   4.195   4.211   4.246   4.263   4.280 
    4.310   4.361   4.402   4.446   4.479   4.509   4.510   4.539 
    4.556   4.599   4.615   4.632   4.649   4.701   4.721   4.756 
    4.814   4.834   4.837   4.845   4.964   4.994   5.039   5.050 
    5.119   5.145   5.178   5.217   5.225   5.297   5.361   5.389 
    5.408   5.423   5.431   5.467   5.467   5.537   5.557   5.604 
    5.631   5.678   5.693   5.757   5.771   5.794   5.831   5.945 
    6.254   6.271   6.288   6.294   6.317   6.372   6.376   6.401 
    6.469   6.522   6.531   6.621   6.676   6.774   6.799   6.884 
    6.890   6.991   7.085   7.142   7.166   7.197   7.277   7.301 
    7.391   7.411   7.442   7.463   7.490   7.520   7.565   7.597 
    7.628   7.674   7.744   7.783   7.968   8.082   8.097   8.220 
    8.339   8.396   8.399   8.493   8.519   8.572   8.714   8.880 
    8.921   8.974   9.008   9.050   9.093   9.223   9.357   9.361 
    9.493   9.538   9.540   9.585   9.656   9.674   9.717   9.737 
    9.786   9.820   9.899   9.919   9.966   9.969  10.054  10.078 
   10.173  10.178  10.219  10.332  10.393  10.408  10.558  10.577 
   10.658  10.665  10.665  10.776  10.811  10.864  10.945  10.958 
   10.959  11.073  11.126  11.179  11.235  11.282  11.283  11.383 
   11.452  11.459  11.468  11.534  11.570  11.572  11.720  11.750 
   11.991  12.115  12.164  12.217  12.226  12.372  12.476  12.485 
   12.510  12.658  12.681  12.716  12.721  12.790  12.843  12.843 
   12.912  12.919  13.001  13.091  13.182  13.224  13.299  13.363 
   13.394  13.452  13.456  13.505  13.525  13.577  13.693  13.703 
   13.727  13.789  13.839  13.844  13.895  13.895  13.902  13.930 
   13.957  13.964  14.016  14.036  14.069  14.113  14.164  14.184 
   14.212  14.239  14.244  14.261  14.301  14.314  14.435  14.486 
   14.493  14.590  14.639  14.736  14.836  14.922  14.934  14.939 
   14.958  15.038  15.051  15.179  15.229  15.278  15.709  15.742 
   15.764  15.767  15.780  15.896  15.960  16.038  16.085  16.270 
   16.318  16.516  16.550  16.964  17.159  17.264  17.311  17.484 
   17.543  17.575  17.579  17.591  17.696  17.700  17.788  17.796 
   18.017  18.046  18.147  18.278  18.412  18.441  18.582  19.053 
   19.075  19.149  19.159  19.874  20.288  20.424  20.573  20.618 
   20.642  21.272  21.652  21.667  21.940  22.312  23.470  23.954 
   24.371  35.060  35.086  35.156  35.392  36.081  36.359  36.429 
   36.492  36.496  38.103  45.977  46.133  46.399  46.418  46.519 
   46.538  46.580  46.622  46.748  46.777  47.186  47.463  47.464 
   48.187  49.924  50.390  52.068  58.834  59.238  59.350  59.621 
   60.562  61.423 106.114 106.312 106.803 106.981 107.021 107.239 
  107.244 108.146 108.158 109.401 128.845 130.034 163.757 164.347 
  165.159 165.190 165.258 165.514 165.520 165.523 165.526 165.528 
  165.530 165.533 165.537 165.544 166.808 167.242 167.242 167.245 
  167.245 167.253 167.253 167.267 167.267 167.273 186.056 186.122 
  186.231 186.242 186.316 186.339 186.528 187.931 187.937 188.023 
  188.027 188.313 188.313 188.718 326.889 327.013 327.364 327.500 
  327.526 329.097 329.100 329.731 329.740 330.587 335.614 337.548 
  462.774 463.301 464.033 465.076 465.083 466.464 1173.839 1175.472 

Beta occupied
  -15.840 -13.864 -11.552  -1.596  -1.465  -1.162  -1.086  -0.947 
   -0.807  -0.724  -0.719 

Beta virtual
   -0.190  -0.125  -0.105  -0.063  -0.056  -0.039  -0.028   0.010 
    0.021   0.060   0.063   0.066   0.087   0.095   0.109   0.173 
    0.208   0.239   0.250   0.265   0.290   0.292   0.333   0.346 
    0.352   0.383   0.390   0.413   0.485   0.518   0.533   0.545 
    0.565   0.572   0.599   0.616   0.621   0.634   0.675   0.678 
    0.704   0.727   0.739   0.804   0.852   0.858   0.862   0.934 
    0.942   0.951   0.959   1.035   1.047   1.065   1.083   1.115 
    1.132   1.132   1.166   1.215   1.248   1.285   1.294   1.334 
    1.347   1.393   1.412   1.431   1.470   1.512   1.521   1.525 
    1.552   1.598   1.604   1.627   1.673   1.690   1.703   1.710 
    1.723   1.756   1.823   1.858   1.886   1.890   1.905   1.918 
    1.955   1.974   1.988   2.004   2.045   2.110   2.129   2.146 
    2.158   2.208   2.217   2.280   2.296   2.351   2.364   2.391 
    2.422   2.483   2.484   2.544   2.545   2.571   2.614   2.654 
    2.665   2.753   2.822   2.833   2.921   2.960   2.968   3.064 
    3.111   3.137   3.145   3.188   3.212   3.257   3.279   3.319 
    3.319   3.394   3.444   3.491   3.500   3.518   3.609   3.642 
    3.644   3.662   3.681   3.731   3.738   3.768   3.786   3.845 
    3.902   3.938   3.945   3.987   4.043   4.047   4.060   4.123 
    4.133   4.159   4.191   4.212   4.241   4.260   4.277   4.304 
    4.352   4.401   4.444   4.476   4.507   4.511   4.537   4.554 
    4.593   4.611   4.626   4.639   4.693   4.722   4.756   4.815 
    4.826   4.836   4.847   4.963   4.992   5.029   5.046   5.118 
    5.135   5.165   5.211   5.223   5.292   5.357   5.384   5.404 
    5.415   5.421   5.458   5.458   5.506   5.554   5.599   5.629 
    5.675   5.690   5.753   5.770   5.790   5.830   5.946   6.249 
    6.270   6.275   6.290   6.316   6.368   6.373   6.392   6.462 
    6.502   6.532   6.620   6.670   6.759   6.791   6.879   6.884 
    6.985   7.081   7.137   7.165   7.185   7.270   7.293   7.391 
    7.411   7.438   7.439   7.495   7.519   7.566   7.598   7.631 
    7.644   7.731   7.775   7.963   8.080   8.081   8.208   8.334 
    8.367   8.394   8.478   8.514   8.562   8.683   8.874   8.914 
    8.973   8.995   9.043   9.091   9.200   9.344   9.355   9.495 
    9.535   9.539   9.585   9.657   9.680   9.725   9.741   9.787 
    9.810   9.901   9.918   9.967   9.968  10.053  10.072  10.171 
   10.172  10.213  10.320  10.394  10.408  10.553  10.574  10.656 
   10.657  10.657  10.772  10.798  10.856  10.945  10.952  10.954 
   11.063  11.122  11.168  11.226  11.274  11.277  11.379  11.448 
   11.452  11.469  11.536  11.572  11.578  11.720  11.748  11.967 
   12.094  12.160  12.206  12.214  12.353  12.457  12.477  12.503 
   12.653  12.678  12.717  12.721  12.791  12.842  12.843  12.906 
   12.914  13.002  13.086  13.183  13.226  13.299  13.364  13.394 
   13.451  13.457  13.506  13.524  13.577  13.682  13.699  13.728 
   13.787  13.836  13.838  13.884  13.885  13.892  13.925  13.958 
   13.964  14.016  14.035  14.070  14.105  14.162  14.175  14.204 
   14.234  14.238  14.254  14.297  14.308  14.435  14.476  14.485 
   14.590  14.639  14.736  14.834  14.920  14.930  14.935  14.955 
   15.038  15.048  15.180  15.222  15.276  15.705  15.735  15.757 
   15.764  15.776  15.894  15.955  16.032  16.082  16.271  16.319 
   16.516  16.539  16.964  17.159  17.243  17.288  17.445  17.536 
   17.564  17.568  17.587  17.688  17.697  17.784  17.788  18.016 
   18.022  18.137  18.266  18.411  18.419  18.580  19.029  19.074 
   19.145  19.154  19.746  20.280  20.418  20.554  20.576  20.642 
   21.218  21.652  21.656  21.931  22.144  23.319  23.935  24.203 
   34.976  35.089  35.117  35.266  35.956  36.251  36.314  36.479 
   36.489  38.105  45.902  46.058  46.326  46.345  46.500  46.535 
   46.539  46.548  46.750  46.774  47.112  47.464  47.465  48.179 
   49.597  50.360  52.063  58.506  59.109  59.337  59.414  60.232 
   61.424 105.896 106.095 106.586 106.764 106.805 107.241 107.245 
  108.147 108.160 109.403 128.492 130.026 163.428 164.024 164.901 
  165.186 165.197 165.417 165.423 165.427 165.430 165.431 165.433 
  165.436 165.440 165.440 166.809 167.244 167.244 167.246 167.246 
  167.254 167.254 167.268 167.268 167.274 185.892 185.958 186.068 
  186.079 186.153 186.176 186.365 187.932 187.938 188.024 188.028 
  188.314 188.314 188.719 326.662 326.785 327.137 327.273 327.299 
  329.098 329.101 329.732 329.741 330.587 335.324 337.546 462.521 
  463.048 463.780 465.076 465.083 466.465 1173.708 1175.421 


  >>> Running UHF-MP2 <<<

MP2 correlation energy (UHF) : -0.7011662939
MP2 total energy       (UHF) : -121.7642246428

