	*********************************************** 
	***** Beginning CEBE Calculation with MOM ***** 
	*****       Calculation Details:          ***** 
	      Geometry:	 /home/am3939/core/calculations/mols/exp/c/c-h3nc.xyz
	      Core Basis:	 ccX-5Z
	      Full Basis:	 cc-pV5Z
	      DIIS (start, space):	 0 50
	      Level shift:	 0
	      Do localization?:	 False
	      Do SFX2C1E?:	 True
	      Freeze orbitals?:	 True
	      Use Cheng orbitals?:	 False
	      Do Special Basis?:	 True
	      Do Special Basis?:	 ccX-5Z
	*********************************************** 
	*********************************************** 

  >>> Running RHF <<<

init D/C      : minao
init ov       : zeros
no            : 11
nv            : 629
ov_size       : 6919
max_cycle     : 1000
conv          : 6
econv         : 9
method        : gdm
scale_stop    : 0
scale_factor  : 1.000000
init E        : -131.917330861559
init |[F,P]|  : 3.21e-03
init |dE|     : 7.68e-03
check file    : None

iter      total energy   |[F,P]|      |dE|         ∆E   comment
   1    -131.947331362  1.44e-03  3.46e-03  -3.00e-02  BFGS
   2    -131.952234258  5.09e-04  1.34e-03  -4.90e-03  BFGS
   3    -131.952838768  1.57e-04  3.82e-04  -6.05e-04  BFGS
   4    -131.952887030  2.78e-05  7.59e-05  -4.83e-05  BFGS
   5    -131.952889927  7.85e-06  1.99e-05  -2.90e-06  BFGS
   6    -131.952890219  1.63e-06  4.09e-06  -2.92e-07  BFGS
   7    -131.952890229  2.92e-07  7.52e-07  -9.81e-09  BFGS
   8    -131.952890229  4.32e-08  1.05e-07  -4.25e-10  BFGS
                                                                      gdm is converged!

SCF converged : True
final |[F,P]| : 4.32e-08
final |dE|    : 1.05e-07
final Escf    : -192.182297970014
final Etot    : -131.952890229037

  pxp & ewc             :::        0.281 (  0.15%)
  apply B               :::        0.001 (  0.00%)
  linsrch               :::      185.291 ( 99.84%)
  grad                  :::        0.009 (  0.00%)
  Total                 :::      185.581 (100.00%)

Alpha occupied
  -15.594 -11.300 -11.273  -1.271  -1.030  -0.741  -0.646  -0.646 
   -0.473  -0.473  -0.473 

Alpha virtual
    0.065   0.083   0.083   0.098   0.115   0.118   0.118   0.164 
    0.164   0.211   0.211   0.211   0.271   0.281   0.323   0.323 
    0.367   0.367   0.368   0.405   0.405   0.418   0.453   0.480 
    0.480   0.509   0.509   0.539   0.591   0.591   0.599   0.637 
    0.686   0.686   0.695   0.779   0.787   0.787   0.849   0.849 
    0.851   0.873   0.880   0.880   0.897   0.923   0.923   0.954 
    0.954   0.974   0.996   0.996   1.037   1.120   1.120   1.176 
    1.207   1.207   1.262   1.322   1.322   1.327   1.362   1.396 
    1.445   1.477   1.477   1.544   1.557   1.557   1.616   1.645 
    1.645   1.680   1.680   1.701   1.726   1.726   1.760   1.787 
    1.803   1.803   1.852   1.852   1.882   1.882   1.925   2.003 
    2.003   2.013   2.047   2.106   2.106   2.108   2.110   2.110 
    2.112   2.210   2.222   2.222   2.287   2.287   2.291   2.350 
    2.350   2.436   2.448   2.448   2.464   2.489   2.574   2.574 
    2.630   2.630   2.632   2.712   2.712   2.820   2.835   2.849 
    2.996   3.001   3.001   3.102   3.102   3.170   3.249   3.249 
    3.309   3.385   3.385   3.395   3.395   3.443   3.443   3.646 
    3.651   3.708   3.763   3.779   3.804   3.804   3.882   3.882 
    3.889   3.903   3.917   3.943   3.943   4.028   4.028   4.095 
    4.097   4.097   4.126   4.142   4.142   4.195   4.195   4.285 
    4.285   4.304   4.370   4.387   4.387   4.395   4.395   4.460 
    4.462   4.462   4.514   4.639   4.639   4.665   4.665   4.687 
    4.687   4.725   4.756   4.763   4.806   4.839   4.839   4.972 
    4.981   4.981   5.002   5.082   5.082   5.125   5.125   5.153 
    5.252   5.276   5.276   5.338   5.338   5.422   5.507   5.507 
    5.520   5.520   5.574   5.581   5.610   5.610   5.667   5.750 
    5.750   5.807   5.825   5.825   5.855   5.929   6.019   6.025 
    6.025   6.080   6.091   6.148   6.148   6.214   6.214   6.284 
    6.336   6.336   6.412   6.547   6.635   6.635   6.697   6.782 
    6.782   6.897   6.897   7.056   7.204   7.204   7.228   7.302 
    7.302   7.507   7.632   7.696   7.696   7.759   7.759   7.797 
    7.799   7.799   7.862   7.862   8.015   8.015   8.363   8.363 
    8.423   8.525   8.675   8.744   8.744   8.749   8.986   9.193 
    9.193   9.262   9.262   9.342   9.394   9.394   9.499   9.499 
    9.501   9.513   9.621   9.621   9.790   9.837   9.837   9.964 
    9.964   9.970   9.980  10.024  10.045  10.065  10.065  10.069 
   10.241  10.241  10.242  10.298  10.298  10.441  10.475  10.475 
   10.534  10.713  10.713  10.721  10.860  10.860  11.004  11.038 
   11.038  11.081  11.081  11.191  11.191  11.257  11.257  11.390 
   11.390  11.417  11.533  11.598  11.720  11.738  11.738  11.738 
   12.010  12.010  12.165  12.165  12.273  12.281  12.448  12.584 
   12.584  12.646  12.732  12.732  12.760  12.818  12.818  12.840 
   12.908  12.908  13.011  13.011  13.054  13.061  13.191  13.191 
   13.192  13.345  13.345  13.459  13.459  13.475  13.522  13.522 
   13.640  13.640  13.653  13.733  13.733  13.826  13.944  13.996 
   14.003  14.003  14.025  14.025  14.057  14.057  14.150  14.150 
   14.161  14.180  14.238  14.238  14.259  14.390  14.390  14.450 
   14.450  14.504  14.506  14.529  14.529  14.636  14.645  14.645 
   14.752  14.850  14.853  14.853  14.884  14.920  14.976  14.976 
   15.249  15.249  15.338  15.512  15.580  15.580  15.735  15.800 
   15.850  15.850  15.970  15.970  16.050  16.137  16.137  16.473 
   16.493  16.493  16.519  16.874  16.899  16.899  17.458  17.556 
   17.556  17.900  17.900  17.911  18.034  18.034  18.415  18.415 
   18.475  18.475  18.521  18.644  18.644  18.706  18.837  18.837 
   19.088  19.088  19.383  19.552  19.553  19.553  19.993  19.993 
   20.082  21.059  21.508  22.033  22.033  22.585  24.345  24.884 
   37.766  37.766  38.939  38.939  39.102  39.102  39.551  39.869 
   39.870  39.897  39.897  39.993  40.116  40.116  40.222  40.222 
   40.598  40.648  40.666  40.666  40.836  40.836  40.917  40.991 
   40.991  41.641  41.846  41.846  42.349  42.479  52.086  52.640 
   53.287  86.913  86.913  86.932  86.932  86.988  86.988  86.996 
   86.996  87.033  87.033  87.054  87.057  87.098  87.098  87.098 
   87.159  87.165  87.165  89.486  89.486  90.025  90.202  90.202 
   90.425 107.148 107.148 107.973 107.973 108.122 108.122 108.659 
  108.864 108.864 108.975 112.520 112.915 129.772 129.773 129.907 
  129.907 130.232 130.232 130.312 130.315 130.315 130.319 130.456 
  130.456 130.913 131.096 209.873 209.873 210.354 210.501 210.501 
  210.701 247.735 248.117 251.614 251.614 251.614 251.615 251.615 
  251.617 251.617 251.619 251.619 251.621 251.621 251.632 251.632 
  251.638 251.638 251.643 251.643 251.646 251.646 251.648 251.648 
  251.649 276.103 276.103 276.731 276.731 276.856 276.856 277.269 
  277.439 277.439 277.517 311.002 311.002 311.008 311.008 311.010 
  311.010 311.021 311.021 311.030 311.033 311.033 311.033 311.060 
  311.070 311.070 311.074 311.074 311.075 396.161 396.161 396.237 
  396.237 396.421 396.421 396.446 396.449 396.450 396.450 396.525 
  396.525 396.799 396.885 537.903 537.903 538.316 538.432 538.432 
  538.606 598.751 599.141 706.733 706.733 707.205 707.205 707.315 
  707.315 707.622 707.759 707.759 707.830 1738.470 1738.470 1738.842 
  1738.938 1738.938 1739.100 2327.060 2327.842 


  >>> Running RHF-MP2 <<<


RMP2-TIMING
  rmp2                  :::      193.618 (100.00%)
  Total                 :::      193.618 (100.00%)

MP2 correlation energy (RHF) : -0.6936850637
MP2 total energy       (RHF) : -132.6465752927


  >>> Running UHF <<<

init D/C      : input mo_coeff
init ov       : zeros
no            : 10 11
nv            : 630 629
ov_size       : 13219
max_cycle     : 1000
conv          : 6
econv         : 9
method        : diis
mom_start     : 0
guess mix     : 0.000000
orb_swap      : [[[1, 10]], []]
init E        : -120.653362867499
init S2       : 0.750000000000083
init |[F,P]|  : 1.43e-02
init |dE|     : 3.60e-02
check file    : None

iter      total energy   |[F,P]|      |dE|         ∆E   S^2   comment
   1    -121.010000905  7.67e-03  1.76e-02  -3.57e-01  0.75  DIIS mom: 9.7/10 10.7/11
   2    -121.178017831  9.10e-04  2.29e-03  -1.68e-01  0.76  DIIS mom: 9.9/10 11.0/11
   3    -121.181416659  3.80e-04  9.62e-04  -3.40e-03  0.76  DIIS mom: 10.0/10 11.0/11
   4    -121.182208276  1.88e-04  4.27e-04  -7.92e-04  0.76  DIIS mom: 10.0/10 11.0/11
   5    -121.182627936  1.07e-04  2.39e-04  -4.20e-04  0.77  DIIS mom: 10.0/10 11.0/11
   6    -121.182839205  3.47e-05  8.15e-05  -2.11e-04  0.78  DIIS mom: 10.0/10 11.0/11
   7    -121.182865850  1.57e-05  3.76e-05  -2.66e-05  0.78  DIIS mom: 10.0/10 11.0/11
   8    -121.182872394  1.17e-05  2.81e-05  -6.54e-06  0.78  DIIS mom: 10.0/10 11.0/11
   9    -121.182879971  5.77e-06  1.39e-05  -7.58e-06  0.78  DIIS mom: 10.0/10 11.0/11
  10    -121.182882058  1.22e-06  3.05e-06  -2.09e-06  0.78  DIIS mom: 10.0/10 11.0/11
  11    -121.182882109  4.44e-07  1.15e-06  -5.06e-08  0.78  DIIS mom: 10.0/10 11.0/11
  12    -121.182882113  1.54e-07  3.83e-07  -4.47e-09  0.78  DIIS mom: 10.0/10 11.0/11
  13    -121.182882114  3.55e-08  8.57e-08  -4.73e-10  0.78  DIIS mom: 10.0/10 11.0/11
                                                                      diis is converged!

SCF converged : True
final |[F,P]| : 3.55e-08
final |dE|    : 8.57e-08
final Escf    : -181.412289854796
final Etot    : -121.182882113819
final S2      : 0.783737198216549

  diis prep             :::        0.162 (  0.05%)
  diis extrap           :::        0.121 (  0.04%)
  roothaan              :::        1.010 (  0.30%)
  fock build            :::      334.068 ( 99.61%)
  Total                 :::      335.361 (100.00%)

Alpha occupied
  -15.863 -11.530  -1.564  -1.378  -1.095  -1.033  -1.033  -0.747 
   -0.747  -0.695 

Alpha virtual
  -10.211  -0.129  -0.093  -0.093  -0.076  -0.048  -0.048  -0.027 
   -0.027  -0.012   0.014   0.014   0.027   0.064   0.092   0.116 
    0.116   0.136   0.144   0.144   0.186   0.186   0.202   0.236 
    0.285   0.285   0.303   0.303   0.344   0.373   0.373   0.382 
    0.398   0.465   0.471   0.471   0.539   0.539   0.555   0.601 
    0.608   0.608   0.640   0.640   0.642   0.688   0.688   0.704 
    0.726   0.726   0.746   0.802   0.802   0.839   0.885   0.885 
    0.932   0.974   0.974   1.013   1.077   1.078   1.078   1.138 
    1.191   1.196   1.226   1.226   1.301   1.302   1.302   1.359 
    1.389   1.389   1.425   1.443   1.443   1.477   1.477   1.477 
    1.536   1.536   1.558   1.571   1.571   1.624   1.624   1.668 
    1.720   1.720   1.766   1.783   1.853   1.856   1.856   1.874 
    1.900   1.900   1.949   1.949   1.955   2.017   2.017   2.057 
    2.081   2.081   2.181   2.188   2.203   2.203   2.223   2.311 
    2.311   2.332   2.343   2.343   2.439   2.439   2.557   2.567 
    2.574   2.694   2.725   2.725   2.832   2.832   2.913   2.960 
    2.960   3.037   3.083   3.083   3.144   3.144   3.177   3.177 
    3.371   3.383   3.392   3.479   3.479   3.515   3.526   3.585 
    3.585   3.606   3.637   3.637   3.682   3.684   3.753   3.753 
    3.756   3.818   3.846   3.846   3.879   3.879   3.905   3.905 
    4.007   4.007   4.014   4.088   4.129   4.129   4.158   4.158 
    4.166   4.179   4.179   4.257   4.338   4.338   4.390   4.390 
    4.396   4.396   4.444   4.454   4.493   4.498   4.544   4.544 
    4.676   4.696   4.696   4.703   4.746   4.746   4.826   4.826 
    4.866   4.951   4.987   4.987   5.056   5.056   5.093   5.205 
    5.205   5.222   5.222   5.262   5.295   5.315   5.315   5.366 
    5.441   5.441   5.532   5.532   5.537   5.585   5.617   5.674 
    5.674   5.724   5.795   5.800   5.856   5.856   5.881   5.881 
    5.998   6.075   6.075   6.107   6.229   6.366   6.366   6.391 
    6.475   6.475   6.588   6.588   6.733   6.849   6.849   6.941 
    7.000   7.000   7.173   7.293   7.354   7.354   7.457   7.499 
    7.499   7.528   7.528   7.615   7.615   7.707   7.707   8.022 
    8.022   8.094   8.236   8.428   8.477   8.482   8.482   8.627 
    8.777   8.777   8.958   8.958   9.029   9.120   9.120   9.185 
    9.189   9.243   9.243   9.336   9.336   9.476   9.494   9.494 
    9.676   9.723   9.725   9.725   9.734   9.734   9.735   9.811 
    9.819   9.910   9.910   9.927   9.961   9.961  10.075  10.186 
   10.186  10.252  10.381  10.381  10.456  10.597  10.610  10.610 
   10.723  10.723  10.776  10.776  10.873  10.873  10.948  10.948 
   11.039  11.104  11.104  11.170  11.219  11.341  11.350  11.350 
   11.377  11.744  11.744  11.772  11.772  11.926  11.998  12.155 
   12.155  12.171  12.301  12.382  12.382  12.413  12.472  12.472 
   12.496  12.552  12.552  12.656  12.656  12.700  12.704  12.749 
   12.749  12.787  13.010  13.010  13.101  13.101  13.131  13.174 
   13.174  13.313  13.340  13.340  13.424  13.424  13.485  13.584 
   13.663  13.663  13.670  13.707  13.707  13.756  13.756  13.799 
   13.799  13.802  13.830  13.930  13.934  13.934  14.060  14.060 
   14.091  14.091  14.171  14.171  14.209  14.223  14.278  14.291 
   14.291  14.468  14.497  14.497  14.518  14.544  14.610  14.610 
   14.616  14.965  14.965  15.000  15.196  15.212  15.212  15.385 
   15.470  15.507  15.507  15.624  15.624  15.683  15.863  15.863 
   16.123  16.133  16.185  16.185  16.502  16.502  16.605  17.087 
   17.193  17.193  17.537  17.549  17.549  17.722  17.722  17.997 
   17.997  18.095  18.100  18.100  18.328  18.328  18.332  18.463 
   18.463  18.803  18.803  18.953  18.953  18.982  19.071  19.686 
   19.713  19.713  20.738  21.066  21.550  21.550  22.259  24.025 
   24.155  37.508  37.508  37.794  37.794  38.526  38.683  38.683 
   38.753  38.753  39.452  39.590  39.590  39.601  39.612  39.615 
   39.804  39.804  39.836  39.858  39.858  39.984  39.984  40.231 
   40.618  40.618  40.685  40.737  40.737  41.332  42.129  51.350 
   51.861  53.015  85.577  85.577  85.614  85.614  85.642  85.655 
   85.737  85.750  85.750  86.655  86.655  86.673  86.673  86.733 
   86.733  86.826  86.839  86.839  88.455  88.455  88.541  89.234 
   89.234  89.908 106.101 106.101 106.790 106.891 106.891 106.955 
  106.955 107.824 107.824 108.676 111.051 112.269 128.387 128.387 
  128.393 128.401 128.535 128.535 129.177 129.515 129.516 129.649 
  129.649 129.981 129.981 130.655 208.030 208.030 208.109 209.620 
  209.620 210.221 245.570 247.483 249.551 249.551 249.551 249.553 
  249.553 249.555 249.555 249.558 249.558 249.562 249.562 251.374 
  251.374 251.380 251.380 251.384 251.384 251.388 251.388 251.390 
  251.390 251.391 274.146 274.146 274.686 274.828 274.828 275.848 
  275.848 276.572 276.572 277.231 308.559 308.559 308.572 308.572 
  308.582 308.586 308.615 308.623 308.623 310.745 310.745 310.753 
  310.753 310.775 310.775 310.811 310.816 310.816 393.617 393.617 
  393.620 393.624 393.698 393.698 394.059 395.905 395.905 395.982 
  395.982 396.171 396.171 396.543 535.234 535.234 535.303 537.651 
  537.651 538.168 595.889 598.501 703.936 703.936 704.356 704.472 
  704.472 706.479 706.479 707.043 707.043 707.555 1735.147 1735.147 
  1735.210 1738.221 1738.221 1738.691 2324.025 2326.814 

Beta occupied
  -15.858 -13.874 -11.530  -1.597  -1.421  -1.118  -1.074  -1.074 
   -0.743  -0.743  -0.696 

Beta virtual
   -0.139  -0.098  -0.098  -0.074  -0.045  -0.045  -0.029  -0.029 
   -0.018   0.014   0.014   0.017   0.056   0.087   0.105   0.105 
    0.117   0.144   0.144   0.188   0.188   0.195   0.236   0.285 
    0.285   0.303   0.303   0.342   0.375   0.375   0.384   0.401 
    0.461   0.471   0.471   0.531   0.531   0.540   0.596   0.601 
    0.601   0.642   0.642   0.645   0.687   0.687   0.705   0.727 
    0.727   0.744   0.802   0.802   0.840   0.886   0.886   0.932 
    0.974   0.974   1.008   1.071   1.077   1.077   1.140   1.190 
    1.198   1.226   1.226   1.296   1.303   1.303   1.359   1.390 
    1.390   1.429   1.435   1.435   1.457   1.475   1.475   1.530 
    1.530   1.560   1.564   1.564   1.624   1.624   1.665   1.718 
    1.718   1.758   1.776   1.855   1.857   1.857   1.872   1.899 
    1.899   1.950   1.950   1.951   2.016   2.016   2.058   2.082 
    2.082   2.180   2.189   2.204   2.204   2.220   2.312   2.312 
    2.326   2.340   2.340   2.442   2.442   2.553   2.560   2.574 
    2.690   2.722   2.722   2.834   2.834   2.911   2.950   2.950 
    3.035   3.079   3.079   3.142   3.142   3.176   3.176   3.361 
    3.371   3.389   3.470   3.470   3.512   3.526   3.579   3.579 
    3.604   3.632   3.632   3.680   3.682   3.734   3.749   3.749 
    3.820   3.845   3.845   3.879   3.879   3.902   3.902   3.999 
    4.005   4.005   4.086   4.127   4.127   4.152   4.157   4.157 
    4.179   4.179   4.255   4.337   4.337   4.388   4.388   4.395 
    4.395   4.444   4.449   4.491   4.500   4.543   4.543   4.660 
    4.695   4.695   4.706   4.731   4.731   4.826   4.826   4.853 
    4.944   4.985   4.985   5.057   5.057   5.086   5.204   5.204 
    5.223   5.223   5.263   5.297   5.311   5.311   5.358   5.440 
    5.440   5.530   5.530   5.538   5.587   5.616   5.659   5.659 
    5.712   5.795   5.797   5.858   5.858   5.881   5.881   5.994 
    6.075   6.075   6.090   6.223   6.366   6.366   6.391   6.477 
    6.477   6.589   6.589   6.737   6.847   6.847   6.938   7.001 
    7.001   7.172   7.289   7.347   7.347   7.448   7.499   7.499 
    7.527   7.527   7.615   7.615   7.706   7.706   8.018   8.018 
    8.092   8.230   8.427   8.475   8.479   8.479   8.592   8.703 
    8.703   8.957   8.957   9.006   9.119   9.119   9.176   9.183 
    9.241   9.241   9.333   9.333   9.471   9.487   9.487   9.641 
    9.721   9.723   9.723   9.729   9.729   9.732   9.811   9.814 
    9.904   9.904   9.914   9.956   9.956  10.068  10.182  10.182 
   10.234  10.375  10.375  10.451  10.546  10.612  10.612  10.708 
   10.708  10.774  10.774  10.866  10.866  10.948  10.948  11.012 
   11.102  11.102  11.137  11.209  11.332  11.340  11.340  11.368 
   11.740  11.740  11.760  11.760  11.913  11.999  12.140  12.140 
   12.172  12.304  12.384  12.384  12.415  12.474  12.474  12.497 
   12.553  12.553  12.657  12.657  12.697  12.706  12.733  12.733 
   12.777  13.012  13.012  13.099  13.099  13.133  13.173  13.173 
   13.312  13.340  13.340  13.426  13.426  13.487  13.587  13.663 
   13.665  13.665  13.709  13.709  13.756  13.756  13.798  13.798 
   13.804  13.832  13.931  13.933  13.933  14.059  14.059  14.090 
   14.090  14.171  14.171  14.203  14.225  14.273  14.290  14.290 
   14.471  14.497  14.497  14.518  14.545  14.608  14.608  14.617 
   14.966  14.966  14.993  15.192  15.210  15.210  15.381  15.468 
   15.509  15.509  15.625  15.625  15.676  15.865  15.865  16.123 
   16.131  16.186  16.186  16.500  16.500  16.606  17.089  17.195 
   17.195  17.537  17.546  17.546  17.722  17.722  17.962  17.962 
   18.070  18.097  18.097  18.326  18.326  18.333  18.457  18.457 
   18.769  18.769  18.889  18.889  18.968  18.993  19.663  19.715 
   19.715  20.735  21.038  21.520  21.520  22.246  23.834  24.114 
   37.505  37.505  37.664  37.664  38.398  38.555  38.555  38.744 
   38.744  39.348  39.419  39.419  39.570  39.611  39.614  39.750 
   39.750  39.777  39.857  39.857  39.981  39.981  40.151  40.582 
   40.582  40.603  40.644  40.644  41.269  42.126  51.053  51.855 
   53.016  85.520  85.520  85.557  85.557  85.584  85.598  85.679 
   85.692  85.692  86.654  86.654  86.673  86.673  86.733  86.733 
   86.826  86.839  86.839  88.169  88.169  88.259  89.233  89.233 
   89.904 105.904 105.904 106.595 106.758 106.758 106.891 106.891 
  107.824 107.824 108.675 110.744 112.268 128.260 128.260 128.266 
  128.274 128.408 128.408 129.051 129.514 129.515 129.649 129.649 
  129.981 129.981 130.655 207.750 207.750 207.831 209.620 209.620 
  210.219 245.294 247.483 249.483 249.483 249.483 249.484 249.484 
  249.487 249.487 249.490 249.490 249.494 249.494 251.374 251.374 
  251.380 251.380 251.384 251.384 251.388 251.388 251.390 251.390 
  251.391 273.948 273.948 274.489 274.630 274.630 275.848 275.848 
  276.572 276.572 277.231 308.450 308.450 308.463 308.463 308.473 
  308.478 308.507 308.514 308.514 310.745 310.745 310.753 310.753 
  310.775 310.775 310.811 310.816 310.816 393.462 393.462 393.465 
  393.468 393.542 393.542 393.904 395.905 395.905 395.982 395.982 
  396.171 396.171 396.543 535.012 535.012 535.082 537.651 537.651 
  538.167 595.667 598.501 703.772 703.772 704.193 704.309 704.309 
  706.479 706.479 707.043 707.043 707.555 1735.016 1735.016 1735.079 
  1738.221 1738.221 1738.691 2323.904 2326.814 


  >>> Running UHF-MP2 <<<

MP2 correlation energy (UHF) : -0.6751953875
MP2 total energy       (UHF) : -121.8580775013

