	*********************************************** 
	***** Beginning CEBE Calculation with MOM ***** 
	*****       Calculation Details:          ***** 
	      Geometry:	 /work/morgunov/core/calculations/mols/exp/n/c2h5c-n.xyz
	      Core Basis:	 cc-pCV5Z
	      Full Basis:	 cc-pV5Z
	      DIIS (start, space):	 0 50
	      Level shift:	 0
	      Do localization?:	 False
	      Do SFX2C1E?:	 True
	      Freeze orbitals?:	 True
	      Use Cheng orbitals?:	 False
	      Do Special Basis?:	 False
	*********************************************** 
	*********************************************** 

  >>> Running RHF <<<

init D/C      : minao
init ov       : zeros
no            : 15
nv            : 678
ov_size       : 10170
max_cycle     : 1000
conv          : 6
econv         : 9
method        : gdm
scale_stop    : 0
scale_factor  : 1.000000
init E        : -170.9456057374
init |[F,P]|  : 4.35e-03
init |dE|     : 1.07e-02
check file    : None

iter      total energy   |[F,P]|      |dE|         ∆E   comment
   1    -170.984938599  3.73e-03  9.68e-03  -3.93e-02  BFGS
   2    -171.034604726  4.35e-04  1.06e-03  -4.97e-02  BFGS
   3    -171.035535134  1.41e-04  3.59e-04  -9.30e-04  BFGS
   4    -171.035645551  3.52e-05  9.44e-05  -1.10e-04  BFGS
   5    -171.035651880  1.02e-05  2.57e-05  -6.33e-06  BFGS
   6    -171.035652512  2.08e-06  5.63e-06  -6.31e-07  BFGS
   7    -171.035652533  5.82e-07  1.48e-06  -2.12e-08  BFGS
   8    -171.035652536  2.28e-07  5.74e-07  -2.78e-09  BFGS
   9    -171.035652537  1.27e-07  3.22e-07  -7.14e-10  BFGS
                                                                      gdm is converged!

SCF converged : True
final |[F,P]| : 1.27e-07
final |dE|    : 3.22e-07
final Escf    : -274.222441954753
final Etot    : -171.035652536624

  pxp & ewc             :::        0.576 (  0.07%)
  apply B               :::        0.003 (  0.00%)
  linsrch               :::      830.040 ( 99.93%)
  grad                  :::        0.025 (  0.00%)
  Total                 :::      830.644 (100.00%)

Alpha occupied
  -15.565 -11.284 -11.270 -11.246  -1.218  -1.085  -0.913  -0.703 
   -0.662  -0.592  -0.564  -0.545  -0.540  -0.458  -0.458 

Alpha virtual
    0.078   0.103   0.111   0.122   0.149   0.167   0.186   0.187 
    0.188   0.202   0.224   0.238   0.260   0.262   0.284   0.308 
    0.335   0.362   0.380   0.384   0.408   0.423   0.429   0.444 
    0.454   0.461   0.473   0.495   0.496   0.536   0.569   0.570 
    0.592   0.617   0.638   0.639   0.647   0.664   0.670   0.690 
    0.719   0.753   0.777   0.787   0.797   0.817   0.831   0.836 
    0.847   0.866   0.871   0.890   0.907   0.961   0.966   0.972 
    0.973   1.002   1.018   1.038   1.048   1.067   1.086   1.112 
    1.115   1.130   1.142   1.155   1.166   1.187   1.200   1.206 
    1.218   1.283   1.313   1.323   1.366   1.388   1.419   1.430 
    1.441   1.444   1.493   1.504   1.508   1.563   1.572   1.598 
    1.614   1.623   1.644   1.644   1.664   1.666   1.700   1.714 
    1.714   1.744   1.747   1.776   1.785   1.821   1.868   1.878 
    1.893   1.910   1.929   1.935   1.936   1.985   1.989   1.993 
    2.019   2.033   2.037   2.100   2.103   2.113   2.123   2.169 
    2.173   2.185   2.197   2.205   2.229   2.243   2.273   2.332 
    2.342   2.354   2.362   2.377   2.410   2.411   2.430   2.446 
    2.478   2.484   2.494   2.511   2.526   2.547   2.584   2.593 
    2.604   2.648   2.673   2.713   2.718   2.722   2.776   2.830 
    2.845   2.859   2.892   2.899   2.932   2.936   2.961   2.976 
    3.004   3.061   3.103   3.109   3.193   3.200   3.248   3.272 
    3.275   3.299   3.319   3.362   3.373   3.415   3.421   3.450 
    3.455   3.491   3.501   3.559   3.562   3.643   3.646   3.662 
    3.706   3.735   3.743   3.772   3.798   3.846   3.846   3.895 
    3.901   3.910   3.918   3.964   3.974   3.978   4.041   4.065 
    4.073   4.112   4.117   4.128   4.131   4.172   4.207   4.215 
    4.227   4.236   4.259   4.290   4.304   4.335   4.369   4.376 
    4.399   4.423   4.447   4.477   4.506   4.515   4.534   4.568 
    4.570   4.587   4.628   4.646   4.680   4.706   4.721   4.737 
    4.750   4.769   4.774   4.801   4.803   4.816   4.822   4.829 
    4.855   4.860   4.885   4.910   4.913   4.999   5.018   5.050 
    5.084   5.118   5.128   5.130   5.136   5.189   5.193   5.233 
    5.240   5.283   5.292   5.324   5.330   5.362   5.377   5.429 
    5.453   5.504   5.539   5.545   5.566   5.574   5.593   5.616 
    5.620   5.628   5.653   5.679   5.691   5.708   5.731   5.735 
    5.792   5.796   5.816   5.845   5.870   5.876   5.899   5.926 
    5.939   5.966   5.986   6.000   6.023   6.036   6.044   6.068 
    6.113   6.142   6.169   6.169   6.244   6.255   6.347   6.350 
    6.367   6.426   6.484   6.554   6.621   6.668   6.703   6.726 
    6.750   6.844   6.897   6.912   6.959   6.965   7.042   7.066 
    7.085   7.118   7.167   7.215   7.229   7.255   7.255   7.318 
    7.429   7.469   7.513   7.524   7.532   7.611   7.618   7.707 
    7.712   7.736   7.744   7.772   7.780   7.789   7.815   7.895 
    7.897   8.025   8.052   8.070   8.125   8.166   8.238   8.267 
    8.307   8.325   8.335   8.490   8.639   8.738   8.832   8.900 
    8.946   9.013   9.088   9.189   9.263   9.337   9.407   9.446 
    9.454   9.562   9.577   9.603   9.628   9.638   9.670   9.740 
    9.810   9.821   9.849   9.857   9.914   9.978  10.015  10.029 
   10.045  10.050  10.102  10.115  10.165  10.198  10.247  10.247 
   10.274  10.315  10.354  10.368  10.383  10.419  10.454  10.502 
   10.518  10.562  10.573  10.603  10.619  10.703  10.725  10.783 
   10.829  10.844  10.854  10.910  10.910  10.977  10.989  11.017 
   11.034  11.037  11.081  11.158  11.160  11.209  11.223  11.229 
   11.259  11.363  11.430  11.448  11.511  11.521  11.526  11.586 
   11.599  11.634  11.677  11.722  11.746  11.785  11.806  11.818 
   11.840  11.923  11.932  12.048  12.085  12.114  12.294  12.361 
   12.417  12.490  12.583  12.635  12.642  12.658  12.700  12.708 
   12.748  12.750  12.773  12.820  12.823  12.830  12.844  12.851 
   12.873  12.873  12.909  12.950  12.965  12.997  13.013  13.015 
   13.032  13.081  13.101  13.104  13.130  13.132  13.159  13.245 
   13.281  13.297  13.322  13.364  13.417  13.463  13.464  13.492 
   13.523  13.528  13.597  13.621  13.632  13.668  13.691  13.764 
   13.770  13.796  13.853  13.866  13.974  14.031  14.048  14.056 
   14.079  14.097  14.115  14.124  14.140  14.147  14.152  14.171 
   14.187  14.234  14.261  14.290  14.309  14.341  14.348  14.363 
   14.390  14.423  14.427  14.432  14.433  14.458  14.475  14.494 
   14.495  14.511  14.522  14.534  14.569  14.592  14.606  14.669 
   14.693  14.720  14.742  14.746  14.775  14.805  14.839  14.886 
   14.915  14.939  14.969  14.972  15.039  15.044  15.088  15.142 
   15.172  15.194  15.255  15.287  15.379  15.480  15.560  15.573 
   15.651  15.690  15.779  15.890  15.958  15.968  15.985  16.009 
   16.009  16.043  16.058  16.106  16.183  16.219  16.285  16.319 
   16.547  16.562  16.883  16.902  16.939  16.969  17.521  17.554 
   17.577  17.696  17.715  17.718  17.811  17.848  17.928  18.010 
   18.025  18.047  18.075  18.076  18.275  18.363  18.452  18.462 
   18.527  18.617  18.680  18.690  18.695  18.983  19.050  19.091 
   19.121  19.126  19.157  19.275  19.390  19.391  20.755  20.841 
   20.940  20.994  21.034  21.045  25.199  29.930  29.953  31.889 
   39.794  42.617  42.847  50.370  50.381  51.085  51.093  51.771 
   58.507  58.510  58.904  58.906  59.429  59.434  59.602  65.948 
   83.089  83.109  84.682 150.519 150.527 151.025 151.030 151.504 
  172.326 209.060 209.060 209.068 209.068 209.077 209.078 209.089 
  209.089 209.092 229.994 230.012 231.290 236.238 236.239 236.402 
  236.403 236.636 236.638 236.741 450.024 456.798 456.803 457.150 
  457.154 457.520 644.163 644.177 645.293 1575.831 


  >>> Running RHF-MP2 <<<


RMP2-TIMING
  rmp2                  :::      723.474 (100.00%)
  Total                 :::      723.474 (100.00%)

MP2 correlation energy (RHF) : -0.9072563946
MP2 total energy       (RHF) : -171.9429089312


  >>> Running UHF <<<

init D/C      : input mo_coeff
init ov       : zeros
no            : 14 15
nv            : 679 678
ov_size       : 19676
max_cycle     : 1000
conv          : 6
econv         : 9
method        : diis
mom_start     : 0
guess mix     : 0.000000
orb_swap      : [[[0, 14]], []]
init E        : -155.470848414178
init S2       : 0.750000000000018
init |[F,P]|  : 1.13e-02
init |dE|     : 3.64e-02
check file    : None

iter      total energy   |[F,P]|      |dE|         ∆E   S^2   comment
   1    -155.752088778  8.08e-03  2.42e-02  -2.81e-01  0.75  DIIS mom: 13.6/14 14.5/15
   2    -156.151584792  1.15e-03  3.17e-03  -3.99e-01  0.76  DIIS mom: 13.9/14 14.9/15
   3    -156.161731223  3.25e-04  8.89e-04  -1.01e-02  0.77  DIIS mom: 14.0/14 15.0/15
   4    -156.163352831  2.00e-04  5.18e-04  -1.62e-03  0.78  DIIS mom: 14.0/14 15.0/15
   5    -156.165194906  1.60e-04  4.00e-04  -1.84e-03  0.80  DIIS mom: 14.0/14 15.0/15
   6    -156.167342571  1.04e-04  2.62e-04  -2.15e-03  0.85  DIIS mom: 14.0/14 15.0/15
   7    -156.168317149  3.85e-05  1.07e-04  -9.75e-04  0.93  DIIS mom: 14.0/14 15.0/15
   8    -156.168353593  1.13e-05  2.90e-05  -3.64e-05  0.94  DIIS mom: 14.0/14 15.0/15
   9    -156.168357265  3.98e-06  9.50e-06  -3.67e-06  0.94  DIIS mom: 14.0/14 15.0/15
  10    -156.168357619  1.51e-06  3.48e-06  -3.54e-07  0.94  DIIS mom: 14.0/14 15.0/15
  11    -156.168357667  5.81e-07  1.40e-06  -4.79e-08  0.94  DIIS mom: 14.0/14 15.0/15
  12    -156.168357673  2.68e-07  5.84e-07  -6.14e-09  0.94  DIIS mom: 14.0/14 15.0/15
  13    -156.168357675  1.08e-07  2.42e-07  -1.53e-09  0.94  DIIS mom: 14.0/14 15.0/15
  14    -156.168357675  3.39e-08  8.10e-08  -2.88e-10  0.94  DIIS mom: 14.0/14 15.0/15
                                                                      diis is converged!

SCF converged : True
final |[F,P]| : 3.39e-08
final |dE|    : 8.10e-08
final Escf    : -259.355147093044
final Etot    : -156.168357674915
final S2      : 0.941319805144806

  diis prep             :::        0.418 (  0.03%)
  diis extrap           :::        0.340 (  0.02%)
  roothaan              :::        1.808 (  0.13%)
  fock build            :::     1375.915 ( 99.81%)
  Total                 :::     1378.482 (100.00%)

Alpha occupied
  -11.711 -11.528 -11.442  -1.643  -1.341  -1.142  -0.988  -0.938 
   -0.922  -0.885  -0.831  -0.772  -0.753  -0.735 

Alpha virtual
  -14.153  -0.137  -0.136  -0.091  -0.042  -0.041  -0.028   0.003 
    0.012   0.018   0.031   0.039   0.063   0.074   0.087   0.095 
    0.127   0.135   0.173   0.197   0.204   0.222   0.229   0.243 
    0.255   0.257   0.265   0.267   0.289   0.302   0.359   0.363 
    0.383   0.404   0.417   0.433   0.447   0.450   0.463   0.500 
    0.503   0.508   0.549   0.551   0.587   0.599   0.611   0.619 
    0.630   0.641   0.655   0.676   0.703   0.706   0.750   0.755 
    0.785   0.789   0.802   0.806   0.837   0.852   0.859   0.884 
    0.896   0.900   0.920   0.921   0.932   0.948   0.956   0.985 
    1.014   1.029   1.058   1.095   1.112   1.125   1.183   1.188 
    1.194   1.212   1.221   1.270   1.276   1.297   1.312   1.358 
    1.365   1.376   1.381   1.394   1.405   1.437   1.447   1.464 
    1.478   1.479   1.486   1.517   1.559   1.581   1.612   1.656 
    1.657   1.671   1.671   1.680   1.724   1.732   1.734   1.768 
    1.779   1.802   1.824   1.839   1.878   1.889   1.898   1.906 
    1.940   1.946   1.975   1.985   1.992   2.015   2.056   2.063 
    2.108   2.112   2.149   2.158   2.160   2.178   2.180   2.195 
    2.243   2.262   2.269   2.281   2.298   2.315   2.316   2.351 
    2.355   2.358   2.416   2.428   2.461   2.496   2.503   2.544 
    2.601   2.623   2.630   2.652   2.663   2.710   2.714   2.752 
    2.763   2.773   2.820   2.861   2.863   2.954   2.976   3.016 
    3.042   3.052   3.070   3.080   3.096   3.123   3.142   3.143 
    3.184   3.198   3.237   3.241   3.261   3.319   3.368   3.420 
    3.421   3.480   3.496   3.502   3.532   3.561   3.585   3.606 
    3.633   3.650   3.656   3.675   3.693   3.703   3.744   3.785 
    3.790   3.811   3.839   3.870   3.891   3.918   3.942   3.957 
    3.973   3.995   4.000   4.010   4.060   4.076   4.095   4.106 
    4.111   4.132   4.176   4.189   4.214   4.229   4.288   4.291 
    4.307   4.310   4.334   4.411   4.416   4.446   4.465   4.493 
    4.511   4.524   4.538   4.550   4.564   4.578   4.586   4.590 
    4.616   4.618   4.643   4.647   4.687   4.689   4.779   4.803 
    4.822   4.871   4.881   4.885   4.902   4.914   4.952   4.983 
    4.991   5.011   5.051   5.056   5.089   5.112   5.120   5.162 
    5.201   5.238   5.273   5.315   5.326   5.334   5.341   5.363 
    5.370   5.377   5.397   5.412   5.457   5.464   5.476   5.490 
    5.523   5.544   5.567   5.589   5.614   5.615   5.638   5.683 
    5.709   5.726   5.730   5.740   5.775   5.789   5.793   5.812 
    5.840   5.869   5.897   5.951   5.954   6.013   6.037   6.132 
    6.141   6.142   6.202   6.239   6.298   6.330   6.390   6.414 
    6.423   6.467   6.576   6.637   6.679   6.720   6.731   6.778 
    6.798   6.845   6.860   6.931   6.991   6.994   7.030   7.053 
    7.085   7.125   7.228   7.263   7.269   7.290   7.338   7.369 
    7.387   7.404   7.460   7.477   7.490   7.507   7.523   7.577 
    7.639   7.680   7.712   7.761   7.788   7.839   7.841   7.890 
    8.012   8.043   8.112   8.113   8.229   8.351   8.445   8.546 
    8.614   8.664   8.755   8.858   8.885   8.971   9.052   9.102 
    9.180   9.201   9.263   9.285   9.301   9.386   9.398   9.423 
    9.453   9.509   9.554   9.559   9.597   9.616   9.618   9.680 
    9.693   9.709   9.769   9.815   9.821   9.872   9.887   9.937 
    9.945  10.007  10.031  10.081  10.108  10.147  10.159  10.225 
   10.232  10.251  10.294  10.317  10.365  10.372  10.480  10.482 
   10.516  10.536  10.578  10.613  10.632  10.633  10.638  10.638 
   10.713  10.762  10.772  10.773  10.799  10.830  10.917  10.931 
   10.935  11.010  11.027  11.163  11.198  11.272  11.296  11.316 
   11.316  11.377  11.386  11.399  11.463  11.478  11.507  11.532 
   11.581  11.615  11.619  11.646  11.687  11.776  11.812  12.055 
   12.105  12.119  12.193  12.374  12.438  12.444  12.461  12.484 
   12.487  12.510  12.526  12.572  12.578  12.610  12.613  12.628 
   12.630  12.650  12.658  12.667  12.686  12.737  12.768  12.773 
   12.800  12.819  12.858  12.885  12.901  12.905  12.913  12.940 
   12.993  13.039  13.047  13.108  13.144  13.194  13.244  13.264 
   13.272  13.305  13.310  13.379  13.388  13.431  13.453  13.471 
   13.500  13.539  13.558  13.561  13.640  13.760  13.805  13.811 
   13.829  13.830  13.835  13.855  13.875  13.893  13.893  13.923 
   13.931  13.952  13.978  14.001  14.038  14.044  14.057  14.100 
   14.100  14.108  14.121  14.132  14.168  14.186  14.187  14.235 
   14.243  14.268  14.288  14.297  14.317  14.332  14.366  14.371 
   14.438  14.478  14.507  14.513  14.535  14.573  14.580  14.624 
   14.651  14.664  14.708  14.714  14.770  14.798  14.829  14.832 
   14.880  14.907  14.944  14.961  15.013  15.145  15.248  15.299 
   15.326  15.435  15.482  15.531  15.540  15.569  15.702  15.756 
   15.774  15.780  15.799  15.813  15.881  15.922  15.930  16.022 
   16.037  16.311  16.342  16.398  16.658  16.750  16.773  16.940 
   16.954  17.334  17.469  17.518  17.521  17.563  17.580  17.643 
   17.652  17.733  17.791  17.864  17.878  18.058  18.133  18.218 
   18.270  18.329  18.397  18.461  18.491  18.499  18.665  18.755 
   18.782  18.783  18.903  18.933  18.950  18.963  19.060  20.157 
   20.615  20.722  20.805  20.822  20.843  24.402  28.879  28.903 
   30.850  39.367  42.377  42.647  49.086  49.098  49.793  49.801 
   50.476  57.286  57.289  57.673  57.675  58.193  58.198  58.363 
   64.435  81.296  81.316  82.884 148.298 148.306 148.798 148.804 
  149.276 169.930 206.946 206.946 206.949 206.949 206.955 206.955 
  206.965 206.965 206.967 227.276 227.293 228.569 233.722 233.723 
  233.882 233.883 234.114 234.115 234.216 446.702 453.519 453.524 
  453.868 453.872 454.238 640.523 640.537 641.650 1571.681 

Beta occupied
  -18.459 -11.695 -11.529 -11.442  -1.741  -1.341  -1.141  -1.077 
   -0.993  -0.991  -0.942  -0.871  -0.786  -0.752  -0.737 

Beta virtual
   -0.146  -0.144  -0.092  -0.042  -0.039  -0.028   0.003   0.014 
    0.019   0.032   0.047   0.062   0.075   0.087   0.096   0.125 
    0.133   0.175   0.198   0.203   0.223   0.224   0.244   0.257 
    0.259   0.266   0.267   0.294   0.302   0.358   0.368   0.387 
    0.400   0.420   0.437   0.447   0.450   0.463   0.501   0.501 
    0.509   0.548   0.554   0.587   0.599   0.610   0.621   0.628 
    0.647   0.654   0.675   0.704   0.707   0.750   0.752   0.785 
    0.788   0.792   0.808   0.834   0.851   0.860   0.879   0.894 
    0.895   0.918   0.921   0.930   0.950   0.957   0.983   1.015 
    1.029   1.055   1.086   1.113   1.126   1.179   1.194   1.198 
    1.218   1.220   1.265   1.279   1.302   1.313   1.357   1.366 
    1.368   1.381   1.396   1.401   1.432   1.446   1.455   1.476 
    1.476   1.486   1.516   1.560   1.583   1.614   1.656   1.659 
    1.674   1.674   1.680   1.724   1.731   1.734   1.767   1.780 
    1.803   1.824   1.840   1.878   1.889   1.898   1.902   1.939 
    1.941   1.975   1.981   1.991   2.015   2.053   2.063   2.109 
    2.110   2.147   2.157   2.159   2.178   2.182   2.187   2.240 
    2.260   2.268   2.280   2.293   2.314   2.318   2.344   2.351 
    2.355   2.406   2.428   2.452   2.498   2.501   2.547   2.597 
    2.617   2.630   2.650   2.662   2.709   2.715   2.751   2.762 
    2.770   2.816   2.857   2.857   2.957   2.975   3.010   3.030 
    3.050   3.059   3.083   3.095   3.124   3.148   3.149   3.178 
    3.197   3.231   3.232   3.251   3.315   3.355   3.418   3.423 
    3.478   3.498   3.503   3.536   3.563   3.586   3.606   3.633 
    3.657   3.662   3.679   3.693   3.700   3.743   3.787   3.790 
    3.810   3.833   3.862   3.890   3.918   3.941   3.956   3.961 
    3.994   4.000   4.013   4.060   4.065   4.097   4.105   4.111 
    4.121   4.166   4.188   4.214   4.231   4.286   4.294   4.306 
    4.311   4.331   4.411   4.417   4.445   4.464   4.491   4.514 
    4.522   4.535   4.549   4.562   4.577   4.587   4.590   4.616 
    4.618   4.643   4.648   4.687   4.688   4.779   4.803   4.821 
    4.868   4.873   4.880   4.903   4.914   4.948   4.983   4.985 
    5.011   5.050   5.056   5.084   5.112   5.119   5.162   5.200 
    5.237   5.271   5.311   5.322   5.332   5.339   5.361   5.367 
    5.370   5.393   5.407   5.455   5.458   5.476   5.487   5.522 
    5.540   5.565   5.587   5.606   5.612   5.635   5.681   5.707 
    5.724   5.725   5.739   5.775   5.788   5.792   5.811   5.840 
    5.868   5.894   5.950   5.953   6.010   6.035   6.132   6.141 
    6.142   6.199   6.226   6.292   6.320   6.359   6.395   6.413 
    6.459   6.566   6.623   6.679   6.714   6.729   6.757   6.794 
    6.836   6.860   6.930   6.975   6.989   7.025   7.052   7.083 
    7.104   7.228   7.258   7.268   7.284   7.331   7.376   7.387 
    7.412   7.459   7.474   7.488   7.507   7.526   7.577   7.635 
    7.680   7.711   7.757   7.776   7.827   7.839   7.882   8.011 
    8.041   8.112   8.113   8.228   8.353   8.448   8.543   8.615 
    8.664   8.755   8.856   8.856   8.960   9.044   9.092   9.163 
    9.200   9.255   9.283   9.297   9.390   9.398   9.422   9.455 
    9.516   9.556   9.559   9.596   9.626   9.631   9.690   9.697 
    9.720   9.766   9.817   9.823   9.864   9.897   9.938   9.949 
   10.009  10.028  10.081  10.108  10.145  10.162  10.221  10.232 
   10.252  10.293  10.313  10.351  10.371  10.436  10.444  10.488 
   10.501  10.540  10.588  10.604  10.620  10.621  10.624  10.703 
   10.762  10.769  10.771  10.797  10.821  10.916  10.924  10.929 
   11.010  11.017  11.157  11.197  11.272  11.297  11.316  11.316 
   11.358  11.387  11.399  11.459  11.479  11.501  11.533  11.581 
   11.622  11.625  11.646  11.693  11.781  11.811  12.049  12.101 
   12.118  12.190  12.374  12.438  12.444  12.461  12.482  12.487 
   12.492  12.526  12.565  12.572  12.608  12.613  12.628  12.629 
   12.648  12.659  12.666  12.686  12.737  12.768  12.773  12.801 
   12.819  12.858  12.885  12.901  12.904  12.913  12.940  12.988 
   13.039  13.046  13.108  13.142  13.194  13.244  13.264  13.271 
   13.304  13.309  13.377  13.386  13.431  13.451  13.468  13.497 
   13.533  13.556  13.560  13.640  13.759  13.798  13.800  13.802 
   13.815  13.833  13.854  13.872  13.890  13.892  13.923  13.930 
   13.951  13.974  13.987  14.006  14.030  14.040  14.095  14.098 
   14.104  14.106  14.128  14.148  14.181  14.185  14.233  14.242 
   14.266  14.287  14.296  14.317  14.329  14.366  14.371  14.438 
   14.477  14.507  14.513  14.534  14.573  14.579  14.624  14.646 
   14.658  14.703  14.709  14.769  14.791  14.820  14.832  14.877 
   14.891  14.941  14.961  15.009  15.142  15.247  15.297  15.325 
   15.430  15.477  15.503  15.530  15.550  15.702  15.755  15.774 
   15.780  15.796  15.812  15.874  15.908  15.923  16.019  16.036 
   16.307  16.341  16.369  16.654  16.750  16.773  16.862  16.881 
   17.333  17.468  17.515  17.519  17.557  17.567  17.628  17.644 
   17.733  17.790  17.863  17.878  18.057  18.132  18.218  18.269 
   18.329  18.396  18.461  18.491  18.498  18.618  18.720  18.744 
   18.781  18.901  18.929  18.947  18.956  19.059  20.085  20.615 
   20.723  20.805  20.822  20.844  24.098  28.557  28.581  30.563 
   39.371  42.376  42.647  48.919  48.931  49.632  49.641  50.317 
   57.192  57.195  57.583  57.585  58.106  58.111  58.273  63.984 
   80.882  80.903  82.484 148.039 148.047 148.541 148.547 149.021 
  169.497 206.834 206.834 206.838 206.838 206.844 206.844 206.854 
  206.854 206.856 226.890 226.907 228.188 233.530 233.531 233.691 
  233.692 233.924 233.925 234.025 446.355 453.254 453.260 453.604 
  453.608 453.974 640.228 640.243 641.357 1571.464 


  >>> Running UHF-MP2 <<<

MP2 correlation energy (UHF) : -0.8610466178
MP2 total energy       (UHF) : -157.0294042928

