	*********************************************** 
	***** Beginning CEBE Calculation with MOM ***** 
	*****       Calculation Details:          ***** 
	      Geometry:	 /work/morgunov/rev2calcs/mols/exp/o/ch3co-o-ch3.xyz
	      Core Basis:	 pcX-4
	      Full Basis:	 pc-4
	      DIIS (start, space):	 0 50
	      Level shift:	 0
	      Do localization?:	 False
	      Do SFX2C1E?:	 True
	      Freeze orbitals?:	 True
	      Use Cheng orbitals?:	 False
	      Do Special Basis?:	 True
	      Do Special Basis?:	 pcX-4
	*********************************************** 
	*********************************************** 

  >>> Running RHF <<<

init D/C      : minao
init ov       : zeros
no            : 20
nv            : 947
ov_size       : 18940
max_cycle     : 1000
conv          : 6
econv         : 9
method        : gdm
scale_stop    : 0
scale_factor  : 1.000000
init E        : -266.810346973494
init |[F,P]|  : 5.31e-03
init |dE|     : 1.21e-02
check file    : None

iter      total energy   |[F,P]|      |dE|         ∆E   comment
   1    -266.892194164  3.97e-03  9.23e-03  -8.18e-02  BFGS
   2    -266.959838926  5.21e-04  1.11e-03  -6.76e-02  BFGS
   3    -266.961219194  2.68e-04  6.26e-04  -1.38e-03  BFGS
   4    -266.961608314  6.87e-05  1.58e-04  -3.89e-04  BFGS
   5    -266.961648642  3.01e-05  6.45e-05  -4.03e-05  BFGS
   6    -266.961658455  8.42e-06  1.90e-05  -9.81e-06  BFGS
   7    -266.961659005  2.08e-06  4.15e-06  -5.50e-07  BFGS
   8    -266.961659044  6.54e-07  1.33e-06  -3.97e-08  BFGS
   9    -266.961659047  1.75e-07  3.75e-07  -2.55e-09  BFGS
  10    -266.961659047  3.31e-08  7.17e-08  -1.91e-10  BFGS
                                                                      gdm is converged!

SCF converged : True
final |[F,P]| : 3.31e-08
final |dE|    : 7.17e-08
final Escf    : -449.255317643933
final Etot    : -266.961659047138

  pxp & ewc             :::        1.015 (  0.02%)
  apply B               :::        0.003 (  0.00%)
  linsrch               :::     5617.624 ( 99.98%)
  grad                  :::        0.052 (  0.00%)
  Total                 :::     5618.693 (100.00%)

Alpha occupied
  -20.601 -20.541 -11.378 -11.281 -11.238  -1.461  -1.358  -1.037 
   -0.948  -0.779  -0.696  -0.679  -0.678  -0.596  -0.592  -0.560 
   -0.531  -0.523  -0.465  -0.451 

Alpha virtual
    0.047   0.057   0.072   0.078   0.084   0.089   0.097   0.112 
    0.116   0.124   0.129   0.132   0.141   0.151   0.175   0.191 
    0.207   0.213   0.219   0.228   0.244   0.251   0.260   0.260 
    0.275   0.281   0.282   0.287   0.292   0.294   0.317   0.319 
    0.328   0.330   0.335   0.357   0.371   0.398   0.413   0.423 
    0.425   0.442   0.449   0.458   0.460   0.474   0.487   0.493 
    0.498   0.503   0.505   0.517   0.521   0.546   0.547   0.550 
    0.553   0.567   0.579   0.584   0.586   0.614   0.633   0.634 
    0.636   0.643   0.653   0.659   0.661   0.666   0.668   0.684 
    0.687   0.703   0.704   0.718   0.745   0.760   0.780   0.793 
    0.794   0.796   0.824   0.833   0.839   0.848   0.857   0.863 
    0.887   0.901   0.920   0.927   0.935   0.956   0.960   0.979 
    0.991   1.000   1.002   1.051   1.054   1.054   1.072   1.091 
    1.097   1.126   1.150   1.152   1.158   1.161   1.174   1.175 
    1.189   1.218   1.230   1.234   1.239   1.262   1.265   1.278 
    1.291   1.305   1.313   1.325   1.327   1.338   1.339   1.355 
    1.356   1.388   1.394   1.410   1.421   1.423   1.451   1.465 
    1.468   1.473   1.485   1.500   1.504   1.506   1.508   1.527 
    1.534   1.545   1.571   1.573   1.596   1.608   1.631   1.657 
    1.667   1.672   1.685   1.690   1.723   1.744   1.759   1.764 
    1.779   1.782   1.817   1.818   1.820   1.852   1.856   1.899 
    1.911   1.920   1.925   1.961   1.963   1.972   1.990   2.000 
    2.031   2.034   2.061   2.066   2.089   2.118   2.126   2.155 
    2.160   2.166   2.183   2.201   2.204   2.215   2.226   2.250 
    2.263   2.300   2.304   2.317   2.336   2.343   2.345   2.362 
    2.383   2.401   2.422   2.433   2.486   2.507   2.509   2.515 
    2.548   2.562   2.566   2.571   2.580   2.586   2.599   2.601 
    2.626   2.632   2.652   2.661   2.681   2.699   2.713   2.737 
    2.738   2.752   2.770   2.784   2.791   2.832   2.844   2.862 
    2.894   2.913   2.939   2.957   2.996   3.015   3.057   3.100 
    3.125   3.142   3.163   3.190   3.209   3.232   3.238   3.259 
    3.281   3.314   3.326   3.338   3.374   3.406   3.411   3.435 
    3.441   3.455   3.460   3.463   3.550   3.562   3.571   3.588 
    3.604   3.621   3.631   3.636   3.665   3.668   3.684   3.717 
    3.743   3.751   3.754   3.786   3.799   3.808   3.827   3.843 
    3.863   3.903   3.905   3.912   3.962   3.968   3.981   3.998 
    4.030   4.073   4.103   4.132   4.133   4.156   4.162   4.196 
    4.198   4.233   4.251   4.261   4.315   4.321   4.329   4.362 
    4.369   4.371   4.378   4.399   4.403   4.408   4.439   4.462 
    4.474   4.485   4.501   4.508   4.548   4.552   4.570   4.585 
    4.596   4.638   4.645   4.670   4.706   4.710   4.730   4.761 
    4.764   4.781   4.803   4.815   4.835   4.840   4.845   4.868 
    4.878   4.895   4.903   4.931   4.940   4.955   4.975   4.984 
    4.999   5.007   5.029   5.031   5.084   5.086   5.105   5.113 
    5.131   5.162   5.179   5.200   5.209   5.212   5.246   5.246 
    5.281   5.290   5.348   5.371   5.419   5.432   5.436   5.441 
    5.472   5.483   5.518   5.545   5.547   5.568   5.621   5.648 
    5.673   5.692   5.693   5.718   5.734   5.750   5.752   5.779 
    5.792   5.805   5.823   5.836   5.849   5.851   5.907   5.910 
    5.940   5.985   6.008   6.037   6.046   6.075   6.091   6.126 
    6.157   6.160   6.165   6.201   6.238   6.250   6.289   6.293 
    6.310   6.359   6.363   6.372   6.447   6.480   6.503   6.519 
    6.524   6.532   6.554   6.601   6.622   6.647   6.698   6.719 
    6.724   6.726   6.774   6.851   6.855   6.873   6.898   6.931 
    6.996   7.024   7.060   7.101   7.114   7.147   7.168   7.170 
    7.183   7.210   7.212   7.235   7.239   7.279   7.293   7.305 
    7.334   7.389   7.421   7.428   7.446   7.483   7.554   7.630 
    7.741   7.820   7.858   7.898   7.947   7.963   8.096   8.121 
    8.149   8.152   8.186   8.304   8.320   8.403   8.438   8.497 
    8.529   8.638   8.656   8.686   8.756   8.774   8.781   8.889 
    8.897   9.070   9.161   9.164   9.205   9.289   9.315   9.349 
    9.367   9.382   9.389   9.402   9.423   9.446   9.462   9.471 
    9.486   9.487   9.500   9.522   9.525   9.585   9.599   9.651 
    9.665   9.706   9.710   9.722   9.768   9.784   9.857   9.955 
   10.001  10.041  10.067  10.078  10.098  10.104  10.143  10.144 
   10.227  10.248  10.256  10.296  10.298  10.300  10.381  10.417 
   10.519  10.534  10.586  10.810  10.841  10.875  10.980  10.981 
   11.068  11.118  11.152  11.185  11.203  11.243  11.261  11.282 
   11.297  11.298  11.340  11.358  11.366  11.405  11.415  11.487 
   11.506  11.537  11.555  11.594  11.597  11.650  11.656  11.665 
   11.692  11.707  11.715  11.736  11.787  11.815  11.856  11.884 
   11.912  11.920  11.967  11.980  12.048  12.051  12.100  12.125 
   12.136  12.184  12.211  12.259  12.326  12.338  12.365  12.387 
   12.418  12.437  12.453  12.471  12.488  12.586  12.588  12.605 
   12.617  12.636  12.644  12.669  12.677  12.687  12.704  12.716 
   12.723  12.742  12.747  12.761  12.770  12.807  12.812  12.863 
   12.880  12.909  12.926  12.955  12.962  12.968  12.976  12.985 
   13.010  13.026  13.035  13.087  13.100  13.145  13.147  13.158 
   13.200  13.204  13.248  13.259  13.284  13.295  13.301  13.327 
   13.343  13.345  13.365  13.368  13.389  13.406  13.433  13.459 
   13.482  13.490  13.507  13.511  13.528  13.563  13.595  13.629 
   13.638  13.657  13.694  13.717  13.745  13.757  13.762  13.820 
   13.826  13.834  13.870  13.897  13.916  13.928  13.952  13.986 
   14.008  14.023  14.029  14.029  14.055  14.085  14.099  14.142 
   14.176  14.200  14.215  14.282  14.358  14.395  14.418  14.493 
   14.538  14.568  14.584  14.621  14.624  14.730  14.779  14.826 
   14.864  14.934  14.998  15.062  15.105  15.131  15.150  15.197 
   15.311  15.347  15.352  15.388  15.411  15.488  15.642  15.808 
   15.917  15.938  16.030  16.049  16.065  16.084  16.170  16.320 
   16.415  16.476  16.484  16.495  16.575  16.579  16.621  16.723 
   16.828  16.867  16.909  16.922  17.065  17.216  17.221  17.233 
   17.245  17.247  17.254  17.281  17.285  17.289  17.297  17.300 
   17.318  17.379  17.381  17.390  17.705  17.761  17.802  17.812 
   17.822  17.858  17.860  17.891  17.893  17.911  17.913  17.933 
   17.964  18.037  18.105  18.317  18.348  18.461  18.583  18.806 
   18.838  18.936  18.963  19.007  19.063  19.066  19.069  19.124 
   19.126  19.133  19.255  19.261  19.335  19.368  19.395  19.404 
   19.431  19.459  19.500  19.591  19.709  19.716  19.834  19.891 
   19.994  20.187  20.293  20.316  20.370  20.523  20.560  20.562 
   20.579  20.627  20.745  20.779  20.781  20.815  20.845  21.316 
   21.347  21.366  21.376  21.676  21.919  21.954  22.062  22.145 
   22.309  22.386  22.405  22.451  23.091  23.840  23.846  23.968 
   24.111  24.111  24.165  24.228  24.276  24.326  24.535  24.556 
   24.608  24.642  24.675  24.713  24.757  24.767  24.910  25.328 
   25.811  25.934  26.154  26.268  26.297  26.327  26.345  26.424 
   26.442  26.719  26.760  26.848  27.160  27.591  28.552  29.279 
   29.721  33.166  33.571  33.589  33.673  33.754  33.789  34.118 
   34.572  34.771  34.949  34.986  35.018  35.052  35.524  35.786 
   41.854  41.883  41.903  41.936  42.331  42.347  61.244  61.622 
   65.320  65.377  65.614  66.059  66.377  66.587  68.168  68.280 
   68.339  68.492  68.662  68.723  69.112  69.381  70.042  70.682 
   78.342  80.482  80.664  91.667  91.684  91.851  91.882  91.954 
   91.995  92.171  92.194  92.234  92.262  92.296  92.300  93.262 
   93.270  93.276  93.290  93.331  93.340 139.867 140.213 175.291 
  175.322 175.546 175.975 176.374 176.561 320.448 320.771 536.698 
  536.718 536.902 537.234 537.569 537.714 747.211 747.516 1796.324 
  1796.612 2112.508 2112.537 2112.669 2112.889 2113.150 2113.234 4514.545 
  4514.815 12060.519 12060.770 35044.713 35044.943 114859.438 114859.645 454595.006 
  454595.186 2579392.682 2579392.822 


  >>> Running RHF-MP2 <<<


RMP2-TIMING
  rmp2                  :::     3735.491 (100.00%)
  Total                 :::     3735.491 (100.00%)

MP2 correlation energy (RHF) : -1.3092943979
MP2 total energy       (RHF) : -268.2709534450


  >>> Running UHF <<<

init D/C      : input mo_coeff
init ov       : zeros
no            : 19 20
nv            : 948 947
ov_size       : 36952
max_cycle     : 1000
conv          : 6
econv         : 9
method        : diis
mom_start     : 0
guess mix     : 0.000000
orb_swap      : [[[0, 19]], []]
init E        : -246.360872744602
init S2       : 0.75000000000006
init |[F,P]|  : 1.21e-02
init |dE|     : 3.22e-02
check file    : None

iter      total energy   |[F,P]|      |dE|         ∆E   S^2   comment
   1    -246.836303983  6.78e-03  1.81e-02  -4.75e-01  0.75  DIIS mom: 18.7/19 19.6/20
   2    -247.170166122  9.26e-04  2.30e-03  -3.34e-01  0.76  DIIS mom: 18.9/19 19.9/20
   3    -247.176463235  4.34e-04  1.06e-03  -6.30e-03  0.76  DIIS mom: 19.0/19 20.0/20
   4    -247.178253877  1.03e-04  2.49e-04  -1.79e-03  0.76  DIIS mom: 19.0/19 20.0/20
   5    -247.178536655  4.94e-05  1.16e-04  -2.83e-04  0.77  DIIS mom: 19.0/19 20.0/20
   6    -247.178618436  1.94e-05  4.36e-05  -8.18e-05  0.77  DIIS mom: 19.0/19 20.0/20
   7    -247.178634355  9.10e-06  1.92e-05  -1.59e-05  0.77  DIIS mom: 19.0/19 20.0/20
   8    -247.178638980  7.61e-06  1.58e-05  -4.63e-06  0.77  DIIS mom: 19.0/19 20.0/20
   9    -247.178644273  6.73e-06  1.39e-05  -5.29e-06  0.77  DIIS mom: 19.0/19 20.0/20
  10    -247.178652685  5.38e-06  1.12e-05  -8.41e-06  0.77  DIIS mom: 19.0/19 20.0/20
  11    -247.178663680  2.78e-06  5.85e-06  -1.10e-05  0.77  DIIS mom: 19.0/19 20.0/20
  12    -247.178666107  9.81e-07  2.03e-06  -2.43e-06  0.77  DIIS mom: 19.0/19 20.0/20
  13    -247.178666254  3.41e-07  6.97e-07  -1.47e-07  0.77  DIIS mom: 19.0/19 20.0/20
  14    -247.178666261  1.17e-07  2.29e-07  -7.57e-09  0.77  DIIS mom: 19.0/19 20.0/20
  15    -247.178666262  4.59e-08  8.36e-08  -3.73e-10  0.77  DIIS mom: 19.0/19 20.0/20
                                                                      diis is converged!

SCF converged : True
final |[F,P]| : 4.59e-08
final |dE|    : 8.36e-08
final Escf    : -429.472324858642
final Etot    : -247.178666261848
final S2      : 0.774393251650903

  diis prep             :::        0.881 (  0.01%)
  diis extrap           :::        0.681 (  0.01%)
  roothaan              :::        3.057 (  0.03%)
  fock build            :::     8944.029 ( 99.95%)
  Total                 :::     8948.648 (100.00%)

Alpha occupied
  -20.815 -11.661 -11.558 -11.441  -1.860  -1.644  -1.331  -1.202 
   -1.146  -1.083  -1.030  -0.943  -0.852  -0.824  -0.822  -0.804 
   -0.779  -0.739  -0.714 

Alpha virtual
  -18.954  -0.097  -0.079  -0.073  -0.064  -0.057  -0.046  -0.029 
   -0.026  -0.021  -0.014  -0.006   0.004   0.009   0.016   0.022 
    0.038   0.053   0.071   0.076   0.089   0.089   0.094   0.104 
    0.110   0.118   0.120   0.121   0.122   0.136   0.144   0.162 
    0.164   0.170   0.173   0.176   0.186   0.195   0.208   0.236 
    0.245   0.258   0.271   0.280   0.286   0.293   0.296   0.302 
    0.315   0.326   0.327   0.334   0.346   0.355   0.364   0.370 
    0.374   0.381   0.394   0.399   0.413   0.419   0.436   0.451 
    0.459   0.460   0.470   0.487   0.492   0.502   0.504   0.511 
    0.513   0.516   0.526   0.530   0.540   0.546   0.567   0.585 
    0.598   0.602   0.604   0.625   0.636   0.657   0.669   0.677 
    0.688   0.707   0.711   0.725   0.748   0.751   0.752   0.767 
    0.787   0.791   0.795   0.800   0.846   0.852   0.854   0.872 
    0.896   0.901   0.924   0.954   0.956   0.970   0.972   0.980 
    0.988   0.995   1.026   1.032   1.036   1.058   1.061   1.078 
    1.079   1.085   1.110   1.115   1.127   1.138   1.143   1.152 
    1.167   1.173   1.193   1.196   1.227   1.233   1.238   1.257 
    1.271   1.289   1.289   1.302   1.302   1.314   1.321   1.329 
    1.339   1.342   1.362   1.375   1.379   1.409   1.410   1.441 
    1.463   1.465   1.470   1.485   1.490   1.496   1.536   1.546 
    1.554   1.566   1.585   1.591   1.598   1.623   1.644   1.645 
    1.657   1.678   1.695   1.708   1.742   1.751   1.751   1.768 
    1.786   1.796   1.805   1.838   1.840   1.870   1.880   1.908 
    1.926   1.934   1.949   1.967   1.987   1.989   1.998   2.001 
    2.034   2.036   2.061   2.074   2.097   2.109   2.116   2.127 
    2.147   2.156   2.189   2.206   2.206   2.266   2.278   2.285 
    2.301   2.314   2.328   2.344   2.359   2.361   2.373   2.386 
    2.392   2.398   2.415   2.450   2.451   2.452   2.477   2.503 
    2.508   2.523   2.529   2.554   2.561   2.574   2.605   2.616 
    2.631   2.665   2.670   2.712   2.724   2.764   2.795   2.823 
    2.862   2.885   2.920   2.929   2.946   2.982   2.998   3.003 
    3.021   3.067   3.095   3.112   3.121   3.157   3.179   3.199 
    3.206   3.229   3.232   3.240   3.240   3.317   3.325   3.343 
    3.368   3.376   3.395   3.402   3.418   3.440   3.456   3.457 
    3.504   3.506   3.533   3.537   3.567   3.569   3.585   3.599 
    3.616   3.636   3.679   3.683   3.708   3.735   3.743   3.756 
    3.774   3.808   3.842   3.871   3.908   3.911   3.921   3.927 
    3.967   3.989   4.011   4.021   4.023   4.080   4.081   4.108 
    4.134   4.150   4.160   4.165   4.172   4.185   4.204   4.209 
    4.233   4.239   4.257   4.262   4.265   4.301   4.305   4.325 
    4.343   4.363   4.389   4.423   4.445   4.459   4.469   4.499 
    4.520   4.526   4.536   4.567   4.583   4.585   4.589   4.607 
    4.610   4.648   4.651   4.657   4.691   4.704   4.711   4.722 
    4.747   4.759   4.769   4.789   4.796   4.848   4.850   4.858 
    4.866   4.906   4.919   4.932   4.957   4.968   4.979   4.996 
    5.011   5.033   5.041   5.102   5.133   5.185   5.186   5.193 
    5.206   5.224   5.244   5.286   5.298   5.303   5.325   5.359 
    5.395   5.431   5.435   5.446   5.464   5.484   5.505   5.524 
    5.550   5.552   5.557   5.594   5.608   5.615   5.620   5.657 
    5.667   5.706   5.736   5.765   5.800   5.801   5.815   5.832 
    5.873   5.902   5.922   5.935   5.951   5.987   6.002   6.034 
    6.070   6.075   6.096   6.116   6.128   6.209   6.236   6.255 
    6.258   6.289   6.291   6.296   6.356   6.365   6.397   6.434 
    6.470   6.488   6.489   6.550   6.599   6.619   6.637   6.656 
    6.671   6.757   6.791   6.821   6.847   6.882   6.903   6.919 
    6.926   6.934   6.961   6.991   7.001   7.006   7.041   7.052 
    7.090   7.105   7.147   7.176   7.177   7.220   7.233   7.307 
    7.373   7.477   7.578   7.587   7.625   7.675   7.730   7.860 
    7.883   7.901   7.935   7.959   8.047   8.052   8.112   8.190 
    8.232   8.268   8.360   8.376   8.415   8.478   8.537   8.559 
    8.616   8.643   8.847   8.905   8.934   8.939   9.059   9.079 
    9.110   9.142   9.147   9.160   9.186   9.194   9.198   9.221 
    9.231   9.272   9.276   9.287   9.296   9.303   9.371   9.373 
    9.417   9.418   9.457   9.459   9.518   9.533   9.574   9.609 
    9.670   9.742   9.803   9.810   9.846   9.856   9.878   9.891 
    9.905   9.938   9.997  10.023  10.041  10.056  10.059  10.090 
   10.130  10.167  10.278  10.331  10.497  10.570  10.583  10.724 
   10.730  10.791  10.796  10.832  10.875  10.907  10.932  10.949 
   10.998  10.999  11.045  11.059  11.085  11.137  11.143  11.147 
   11.165  11.243  11.258  11.300  11.331  11.340  11.381  11.388 
   11.432  11.435  11.466  11.491  11.497  11.548  11.561  11.603 
   11.622  11.673  11.699  11.732  11.755  11.768  11.784  11.829 
   11.853  11.869  11.923  11.972  12.003  12.007  12.099  12.102 
   12.148  12.163  12.177  12.186  12.227  12.235  12.306  12.324 
   12.331  12.337  12.354  12.389  12.402  12.424  12.426  12.449 
   12.455  12.470  12.482  12.490  12.517  12.538  12.557  12.573 
   12.599  12.633  12.665  12.680  12.694  12.707  12.715  12.728 
   12.752  12.765  12.776  12.784  12.835  12.853  12.890  12.903 
   12.933  12.960  12.976  13.000  13.010  13.023  13.040  13.056 
   13.068  13.079  13.103  13.115  13.123  13.133  13.156  13.191 
   13.193  13.246  13.250  13.260  13.276  13.293  13.294  13.304 
   13.329  13.361  13.385  13.421  13.439  13.468  13.474  13.489 
   13.552  13.568  13.600  13.604  13.614  13.654  13.679  13.681 
   13.717  13.755  13.760  13.784  13.794  13.821  13.828  13.830 
   13.880  13.927  13.959  13.965  14.046  14.083  14.155  14.171 
   14.246  14.294  14.316  14.346  14.357  14.370  14.443  14.500 
   14.557  14.601  14.683  14.750  14.810  14.848  14.862  14.920 
   14.952  15.059  15.082  15.124  15.140  15.169  15.253  15.376 
   15.601  15.663  15.691  15.767  15.769  15.794  15.808  15.955 
   16.046  16.083  16.186  16.268  16.288  16.301  16.315  16.422 
   16.439  16.606  16.635  16.657  16.662  16.790  16.975  16.996 
   17.007  17.025  17.031  17.037  17.041  17.050  17.060  17.065 
   17.094  17.104  17.130  17.136  17.198  17.461  17.512  17.571 
   17.589  17.591  17.601  17.622  17.640  17.661  17.677  17.698 
   17.704  17.762  17.805  17.815  18.026  18.051  18.122  18.327 
   18.526  18.537  18.709  18.730  18.734  18.801  18.809  18.815 
   18.875  18.893  18.926  18.947  18.965  19.033  19.067  19.079 
   19.188  19.192  19.220  19.230  19.296  19.465  19.513  19.573 
   19.632  19.688  19.847  19.948  20.072  20.180  20.305  20.330 
   20.336  20.354  20.403  20.494  20.529  20.551  20.568  20.621 
   21.101  21.121  21.132  21.153  21.361  21.687  21.713  21.803 
   21.855  22.054  22.145  22.183  22.251  22.786  23.493  23.592 
   23.647  23.709  23.822  23.853  23.861  23.862  23.973  24.051 
   24.117  24.358  24.401  24.427  24.504  24.512  24.568  24.636 
   24.977  25.228  25.508  25.617  25.893  26.006  26.024  26.085 
   26.108  26.144  26.202  26.245  26.453  26.888  27.309  27.788 
   28.534  29.442  32.886  33.301  33.367  33.396  33.522  33.551 
   33.848  34.354  34.479  34.680  34.744  34.783  34.850  35.221 
   35.506  41.600  41.652  41.686  41.741  42.093  42.136  60.369 
   60.981  63.889  64.568  65.052  65.101  65.359  66.101  66.778 
   66.934  67.123  67.821  67.900  68.006  68.449  68.507  68.847 
   70.412  78.062  80.272  80.381  91.427  91.469  91.601  91.679 
   91.725  91.774  91.932  91.976  91.983  92.041  92.060  92.101 
   93.018  93.031  93.065  93.075  93.085  93.136 138.203 139.604 
  172.794 173.445 174.036 175.024 175.287 176.105 317.844 320.185 
  532.921 533.443 533.925 536.439 536.642 537.301 743.687 746.947 
  1792.048 1796.062 2107.632 2108.006 2108.352 2112.267 2112.407 2112.884 
  4509.743 4514.283 12055.398 12060.257 35039.418 35044.451 114854.052 114859.176 
  454589.568 454594.744 2579387.197 2579392.419 

Beta occupied
  -23.854 -20.811 -11.661 -11.557 -11.441  -1.970  -1.643  -1.364 
   -1.210  -1.206  -1.161  -1.068  -0.943  -0.854  -0.824  -0.824 
   -0.813  -0.783  -0.728  -0.713 

Beta virtual
   -0.097  -0.080  -0.077  -0.064  -0.057  -0.047  -0.029  -0.027 
   -0.020  -0.014  -0.007   0.003   0.009   0.015   0.020   0.031 
    0.050   0.070   0.076   0.088   0.089   0.093   0.105   0.109 
    0.115   0.118   0.121   0.121   0.137   0.144   0.156   0.161 
    0.165   0.173   0.175   0.185   0.194   0.205   0.234   0.240 
    0.257   0.272   0.278   0.286   0.293   0.294   0.302   0.316 
    0.326   0.327   0.332   0.346   0.355   0.363   0.371   0.374 
    0.380   0.394   0.400   0.413   0.418   0.435   0.450   0.457 
    0.458   0.470   0.487   0.493   0.502   0.504   0.511   0.513 
    0.516   0.526   0.529   0.540   0.546   0.562   0.585   0.599 
    0.603   0.605   0.626   0.635   0.657   0.670   0.678   0.689 
    0.707   0.711   0.725   0.748   0.751   0.753   0.766   0.787 
    0.789   0.795   0.799   0.846   0.850   0.853   0.872   0.896 
    0.901   0.924   0.955   0.956   0.969   0.972   0.980   0.989 
    0.995   1.026   1.030   1.036   1.058   1.060   1.078   1.079 
    1.085   1.110   1.116   1.126   1.138   1.143   1.153   1.167 
    1.174   1.192   1.196   1.228   1.232   1.238   1.257   1.269 
    1.289   1.289   1.302   1.302   1.313   1.321   1.327   1.339 
    1.341   1.362   1.376   1.379   1.408   1.409   1.439   1.459 
    1.465   1.469   1.484   1.490   1.498   1.535   1.544   1.555 
    1.560   1.584   1.588   1.596   1.622   1.640   1.643   1.650 
    1.675   1.693   1.706   1.743   1.750   1.751   1.769   1.784 
    1.797   1.802   1.838   1.840   1.863   1.880   1.908   1.925 
    1.933   1.951   1.967   1.988   1.990   1.998   2.001   2.033 
    2.037   2.061   2.074   2.095   2.110   2.117   2.128   2.148 
    2.157   2.189   2.206   2.207   2.266   2.278   2.285   2.301 
    2.315   2.329   2.342   2.359   2.361   2.373   2.385   2.392 
    2.398   2.415   2.446   2.451   2.452   2.477   2.502   2.508 
    2.523   2.529   2.554   2.561   2.573   2.606   2.614   2.632 
    2.660   2.670   2.709   2.722   2.764   2.793   2.823   2.861 
    2.884   2.919   2.929   2.945   2.981   2.998   3.002   3.022 
    3.067   3.095   3.112   3.121   3.157   3.179   3.192   3.207 
    3.229   3.231   3.240   3.240   3.312   3.324   3.341   3.368 
    3.369   3.393   3.402   3.416   3.438   3.456   3.457   3.500 
    3.506   3.531   3.537   3.566   3.568   3.585   3.600   3.611 
    3.635   3.679   3.681   3.708   3.732   3.742   3.756   3.772 
    3.808   3.841   3.868   3.907   3.909   3.920   3.924   3.967 
    3.987   4.010   4.017   4.022   4.073   4.079   4.104   4.134 
    4.149   4.153   4.162   4.171   4.185   4.202   4.208   4.233 
    4.234   4.248   4.257   4.263   4.298   4.302   4.321   4.343 
    4.361   4.382   4.422   4.445   4.458   4.468   4.497   4.516 
    4.526   4.537   4.566   4.579   4.580   4.588   4.598   4.608 
    4.646   4.650   4.659   4.689   4.704   4.711   4.717   4.746 
    4.753   4.769   4.789   4.796   4.846   4.849   4.857   4.865 
    4.905   4.918   4.931   4.957   4.967   4.978   4.995   5.011 
    5.031   5.040   5.102   5.129   5.183   5.186   5.193   5.204 
    5.221   5.244   5.286   5.293   5.304   5.322   5.349   5.390 
    5.430   5.433   5.446   5.465   5.483   5.500   5.524   5.550 
    5.551   5.555   5.594   5.608   5.616   5.619   5.658   5.666 
    5.704   5.737   5.765   5.792   5.801   5.812   5.833   5.871 
    5.900   5.920   5.936   5.951   5.985   6.002   6.034   6.069 
    6.075   6.092   6.117   6.128   6.208   6.233   6.255   6.257 
    6.290   6.292   6.297   6.355   6.364   6.397   6.434   6.470 
    6.488   6.489   6.549   6.599   6.619   6.637   6.655   6.671 
    6.757   6.791   6.821   6.847   6.882   6.903   6.919   6.926 
    6.934   6.961   6.991   7.001   7.006   7.041   7.053   7.089 
    7.105   7.147   7.176   7.177   7.218   7.232   7.305   7.374 
    7.477   7.578   7.583   7.626   7.669   7.727   7.860   7.882 
    7.901   7.935   7.958   8.043   8.048   8.113   8.188   8.231 
    8.268   8.359   8.375   8.410   8.468   8.537   8.559   8.613 
    8.644   8.847   8.900   8.927   8.939   9.058   9.078   9.110 
    9.141   9.147   9.159   9.186   9.194   9.198   9.220   9.229 
    9.271   9.275   9.286   9.295   9.303   9.370   9.372   9.415 
    9.417   9.455   9.457   9.516   9.532   9.574   9.608   9.659 
    9.733   9.798   9.806   9.844   9.853   9.874   9.890   9.892 
    9.938   9.993  10.021  10.037  10.053  10.055  10.087  10.121 
   10.153  10.278  10.333  10.477  10.563  10.567  10.696  10.701 
   10.757  10.779  10.807  10.849  10.899  10.906  10.935  10.993 
   10.998  11.044  11.052  11.085  11.136  11.143  11.147  11.149 
   11.244  11.256  11.302  11.331  11.336  11.375  11.387  11.432 
   11.434  11.464  11.489  11.498  11.546  11.560  11.597  11.621 
   11.673  11.699  11.728  11.749  11.768  11.775  11.819  11.852 
   11.863  11.923  11.944  11.993  12.003  12.093  12.101  12.148 
   12.154  12.175  12.186  12.227  12.230  12.284  12.324  12.326 
   12.337  12.351  12.373  12.402  12.423  12.425  12.449  12.454 
   12.471  12.481  12.490  12.516  12.539  12.557  12.572  12.597 
   12.632  12.666  12.679  12.694  12.707  12.714  12.728  12.751 
   12.765  12.776  12.783  12.832  12.853  12.889  12.903  12.933 
   12.960  12.975  12.998  13.009  13.023  13.038  13.055  13.067 
   13.078  13.103  13.114  13.120  13.132  13.155  13.190  13.192 
   13.247  13.250  13.256  13.276  13.290  13.293  13.303  13.327 
   13.359  13.384  13.418  13.439  13.463  13.473  13.488  13.549 
   13.567  13.598  13.603  13.613  13.654  13.674  13.681  13.716 
   13.754  13.760  13.785  13.794  13.821  13.828  13.829  13.880 
   13.928  13.958  13.965  14.045  14.077  14.155  14.171  14.246 
   14.294  14.315  14.345  14.357  14.370  14.439  14.498  14.555 
   14.599  14.683  14.750  14.809  14.845  14.860  14.919  14.951 
   15.059  15.081  15.123  15.140  15.167  15.252  15.373  15.601 
   15.663  15.690  15.766  15.767  15.792  15.807  15.954  16.044 
   16.077  16.176  16.268  16.288  16.300  16.314  16.421  16.437 
   16.607  16.635  16.653  16.661  16.788  16.975  16.996  17.007 
   17.025  17.030  17.037  17.041  17.049  17.059  17.064  17.094 
   17.104  17.130  17.136  17.198  17.461  17.512  17.571  17.590 
   17.591  17.603  17.622  17.641  17.661  17.677  17.698  17.704 
   17.762  17.805  17.813  18.023  18.050  18.117  18.326  18.523 
   18.534  18.709  18.729  18.733  18.801  18.808  18.814  18.874 
   18.893  18.924  18.942  18.962  19.028  19.063  19.073  19.187 
   19.192  19.220  19.230  19.293  19.466  19.513  19.573  19.631 
   19.684  19.840  19.940  20.072  20.180  20.305  20.330  20.335 
   20.353  20.401  20.486  20.529  20.551  20.568  20.620  21.101 
   21.121  21.132  21.153  21.351  21.686  21.712  21.793  21.854 
   22.054  22.145  22.183  22.251  22.781  23.427  23.592  23.645 
   23.704  23.760  23.800  23.853  23.861  23.972  24.049  24.115 
   24.355  24.398  24.426  24.503  24.512  24.568  24.638  24.941 
   25.155  25.407  25.608  25.652  25.820  26.014  26.085  26.108 
   26.110  26.194  26.239  26.456  26.885  27.302  27.587  28.372 
   29.441  32.886  33.302  33.367  33.396  33.522  33.551  33.847 
   34.354  34.478  34.680  34.744  34.783  34.850  35.219  35.506 
   41.600  41.652  41.686  41.741  42.093  42.136  59.966  60.981 
   63.502  64.196  64.733  65.054  65.358  66.099  66.571  66.727 
   66.913  67.614  67.902  68.006  68.296  68.451  68.846  70.413 
   78.060  80.272  80.380  91.427  91.469  91.601  91.679  91.725 
   91.774  91.932  91.976  91.983  92.042  92.060  92.101  93.018 
   93.031  93.065  93.075  93.085  93.136 137.763 139.605 172.318 
  172.972 173.564 175.025 175.287 176.105 317.440 320.185 532.505 
  533.027 533.510 536.439 536.642 537.301 743.371 746.947 1791.837 
  1796.062 2107.395 2107.769 2108.115 2112.267 2112.407 2112.884 4509.621 
  4514.283 12055.336 12060.257 35039.391 35044.451 114854.042 114859.176 454589.565 
  454594.744 2579387.196 2579392.419 


  >>> Running UHF-MP2 <<<

MP2 correlation energy (UHF) : -1.2625719986
MP2 total energy       (UHF) : -248.4412382604

