	*********************************************** 
	***** Beginning CEBE Calculation with MOM ***** 
	*****       Calculation Details:          ***** 
	      Geometry:	 /home/am3939/core/calculations/mols/exp/c/c-h3cch.xyz
	      Core Basis:	 ccX-5Z
	      Full Basis:	 cc-pV5Z
	      DIIS (start, space):	 0 50
	      Level shift:	 0
	      Do localization?:	 False
	      Do SFX2C1E?:	 True
	      Freeze orbitals?:	 True
	      Use Cheng orbitals?:	 False
	      Do Special Basis?:	 True
	      Do Special Basis?:	 ccX-5Z
	*********************************************** 
	*********************************************** 

  >>> Running RHF <<<

init D/C      : minao
init ov       : zeros
no            : 11
nv            : 785
ov_size       : 8635
max_cycle     : 1000
conv          : 6
econv         : 9
method        : gdm
scale_stop    : 0
scale_factor  : 1.000000
init E        : -115.87912889271
init |[F,P]|  : 2.89e-03
init |dE|     : 6.95e-03
check file    : None

iter      total energy   |[F,P]|      |dE|         ∆E   comment
   1    -115.911690400  1.14e-03  2.59e-03  -3.26e-02  BFGS
   2    -115.915547538  4.32e-04  1.01e-03  -3.86e-03  BFGS
   3    -115.916045852  1.21e-04  2.89e-04  -4.98e-04  BFGS
   4    -115.916081778  3.02e-05  7.32e-05  -3.59e-05  BFGS
   5    -115.916084609  3.98e-06  9.33e-06  -2.83e-06  BFGS
   6    -115.916084714  1.31e-06  3.10e-06  -1.04e-07  BFGS
   7    -115.916084723  2.78e-07  7.00e-07  -9.74e-09  BFGS
   8    -115.916084724  6.64e-08  1.55e-07  -3.33e-10  BFGS
                                                                      gdm is converged!

SCF converged : True
final |[F,P]| : 6.64e-08
final |dE|    : 1.55e-07
final Escf    : -174.583853230304
final Etot    : -115.916084723631

  pxp & ewc             :::        0.656 (  0.19%)
  apply B               :::        0.001 (  0.00%)
  linsrch               :::      345.707 ( 99.80%)
  grad                  :::        0.019 (  0.01%)
  Total                 :::      346.382 (100.00%)

Alpha occupied
  -11.255 -11.234 -11.217  -1.057  -0.955  -0.718  -0.616  -0.594 
   -0.594  -0.383  -0.383 

Alpha virtual
    0.067   0.079   0.087   0.087   0.106   0.118   0.118   0.155 
    0.158   0.158   0.174   0.174   0.225   0.233   0.233   0.268 
    0.283   0.299   0.335   0.335   0.336   0.398   0.398   0.416 
    0.427   0.427   0.462   0.500   0.500   0.512   0.512   0.513 
    0.555   0.555   0.559   0.607   0.642   0.664   0.677   0.677 
    0.737   0.737   0.746   0.777   0.801   0.801   0.821   0.850 
    0.850   0.910   0.920   0.920   0.946   0.946   0.958   0.958 
    0.989   1.031   1.036   1.036   1.059   1.067   1.067   1.151 
    1.162   1.162   1.233   1.236   1.236   1.292   1.313   1.358 
    1.381   1.447   1.447   1.454   1.463   1.463   1.466   1.540 
    1.540   1.559   1.559   1.559   1.579   1.621   1.634   1.634 
    1.679   1.696   1.696   1.731   1.731   1.768   1.825   1.825 
    1.836   1.893   1.914   1.914   1.931   1.964   1.964   1.982 
    2.040   2.040   2.055   2.055   2.108   2.108   2.133   2.144 
    2.145   2.179   2.216   2.216   2.220   2.291   2.291   2.314 
    2.314   2.321   2.431   2.441   2.441   2.456   2.504   2.504 
    2.577   2.619   2.704   2.704   2.763   2.774   2.774   2.791 
    2.859   2.859   2.897   2.977   3.039   3.039   3.113   3.113 
    3.147   3.252   3.252   3.286   3.286   3.287   3.298   3.334 
    3.334   3.405   3.451   3.451   3.478   3.522   3.538   3.618 
    3.664   3.664   3.732   3.750   3.753   3.761   3.761   3.808 
    3.808   3.862   3.903   3.903   3.930   3.938   3.938   4.016 
    4.016   4.018   4.055   4.063   4.063   4.110   4.114   4.114 
    4.197   4.199   4.233   4.242   4.242   4.272   4.272   4.304 
    4.344   4.344   4.490   4.490   4.520   4.551   4.551   4.575 
    4.575   4.619   4.637   4.661   4.661   4.745   4.765   4.765 
    4.788   4.788   4.806   4.860   4.867   4.867   4.917   4.917 
    4.959   4.980   4.997   4.997   5.017   5.101   5.155   5.155 
    5.215   5.215   5.310   5.310   5.323   5.373   5.373   5.401 
    5.441   5.441   5.494   5.494   5.536   5.596   5.635   5.635 
    5.635   5.763   5.763   5.786   5.793   5.813   5.813   5.815 
    5.881   5.979   5.979   6.073   6.108   6.108   6.139   6.139 
    6.179   6.294   6.294   6.450   6.522   6.647   6.683   6.683 
    6.871   6.871   6.899   6.913   6.913   7.011   7.055   7.055 
    7.231   7.231   7.266   7.445   7.445   7.472   7.544   7.544 
    7.594   7.594   7.623   7.644   7.644   7.713   7.713   7.732 
    7.809   7.812   7.812   7.961   7.961   7.961   8.291   8.317 
    8.348   8.348   8.429   8.429   8.430   8.570   8.697   8.697 
    8.729   8.729   8.873   8.873   8.972   9.030   9.030   9.185 
    9.185   9.194   9.223   9.223   9.247   9.317   9.504   9.504 
    9.585   9.585   9.701   9.762   9.805   9.805   9.874   9.931 
    9.931   9.960   9.960   9.965   9.979  10.019  10.049  10.117 
   10.117  10.136  10.209  10.209  10.276  10.276  10.378  10.379 
   10.430  10.537  10.568  10.568  10.697  10.790  10.790  10.871 
   10.932  10.932  11.015  11.088  11.166  11.166  11.234  11.234 
   11.243  11.331  11.343  11.343  11.482  11.482  11.606  11.694 
   11.694  11.706  11.755  11.755  11.775  11.818  11.818  11.969 
   12.137  12.178  12.178  12.373  12.438  12.438  12.485  12.617 
   12.617  12.667  12.671  12.671  12.760  12.763  12.763  12.789 
   12.792  12.806  12.806  12.813  12.813  12.915  12.936  12.936 
   13.019  13.072  13.072  13.073  13.185  13.261  13.261  13.367 
   13.367  13.423  13.423  13.495  13.527  13.527  13.588  13.588 
   13.658  13.658  13.718  13.851  13.876  13.922  13.977  14.052 
   14.052  14.086  14.086  14.144  14.144  14.152  14.163  14.261 
   14.261  14.261  14.321  14.321  14.330  14.330  14.422  14.450 
   14.450  14.539  14.609  14.609  14.687  14.687  14.803  14.874 
   14.930  14.931  15.001  15.078  15.079  15.277  15.277  15.358 
   15.518  15.554  15.554  15.575  15.723  15.723  15.983  16.092 
   16.092  16.295  16.378  16.457  16.494  16.494  16.575  16.575 
   16.755  16.755  16.845  16.845  17.146  17.423  17.642  17.642 
   17.671  17.907  17.960  17.960  18.217  18.217  18.379  18.379 
   18.389  18.448  18.476  18.476  18.985  18.985  19.053  19.053 
   19.175  19.175  19.265  19.440  19.440  19.450  20.230  20.230 
   20.525  20.801  21.167  21.588  21.847  21.848  22.059  24.066 
   25.111  26.321  26.878  37.882  37.882  37.980  37.980  38.943 
   38.943  39.078  39.078  39.856  39.856  39.913  39.917  39.965 
   39.994  40.005  40.005  40.011  40.151  40.232  40.232  40.304 
   40.304  40.345  40.345  40.472  40.472  40.694  40.739  40.761 
   40.761  40.878  40.977  40.977  41.298  41.298  41.526  41.526 
   41.591  41.856  41.856  42.194  42.368  42.782  43.861  44.162 
   52.905  53.936  54.118  86.966  86.966  86.980  86.983  86.984 
   86.984  87.009  87.011  87.013  87.013  87.036  87.036  87.060 
   87.060  87.074  87.074  87.080  87.100  87.100  87.143  87.144 
   87.184  87.184  87.193  87.306  87.306  87.440  89.544  89.544 
   89.632  89.632  90.299  90.300  90.482  90.720  91.393 107.249 
  107.249 107.322 107.322 107.989 107.989 108.167 108.167 108.736 
  108.736 108.872 108.909 108.909 109.034 111.089 113.171 114.265 
  114.472 129.820 129.828 129.865 129.873 129.995 129.995 130.129 
  130.129 130.325 130.337 130.337 130.380 130.444 130.444 130.508 
  130.508 130.672 130.672 131.055 131.200 131.680 209.927 209.927 
  210.004 210.004 210.595 210.595 210.755 210.989 211.572 248.361 
  249.208 249.385 251.661 251.661 251.661 251.661 251.661 251.662 
  251.662 251.662 251.662 251.663 251.663 251.680 251.680 251.682 
  251.682 251.684 251.684 251.686 251.686 251.687 251.687 251.688 
  251.698 251.698 251.700 251.700 251.701 251.701 251.703 251.703 
  251.704 251.704 251.705 276.188 276.188 276.244 276.244 276.750 
  276.750 276.908 276.908 277.337 277.337 277.483 277.483 277.490 
  277.698 279.377 311.045 311.045 311.052 311.052 311.052 311.054 
  311.062 311.062 311.063 311.063 311.066 311.067 311.067 311.070 
  311.070 311.086 311.086 311.091 311.100 311.100 311.105 311.106 
  311.106 311.115 311.178 311.178 311.240 396.200 396.205 396.228 
  396.232 396.301 396.301 396.380 396.380 396.473 396.481 396.481 
  396.504 396.540 396.540 396.596 396.596 396.693 396.693 396.878 
  396.954 397.283 537.950 537.950 538.016 538.016 538.521 538.521 
  538.654 538.869 539.367 599.392 600.276 600.471 706.800 706.800 
  706.844 706.844 707.226 707.226 707.362 707.362 707.696 707.696 
  707.797 707.803 707.803 707.960 709.292 1738.509 1738.509 1738.570 
  1738.570 1739.022 1739.023 1739.142 1739.346 1739.796 2328.280 2329.925 
  2330.306 


  >>> Running RHF-MP2 <<<


RMP2-TIMING
  rmp2                  :::      419.971 (100.00%)
  Total                 :::      419.971 (100.00%)

MP2 correlation energy (RHF) : -0.6874614580
MP2 total energy       (RHF) : -116.6035461816


  >>> Running UHF <<<

init D/C      : input mo_coeff
init ov       : zeros
no            : 10 11
nv            : 786 785
ov_size       : 16495
max_cycle     : 1000
conv          : 6
econv         : 9
method        : diis
mom_start     : 0
guess mix     : 0.000000
orb_swap      : [[[0, 10]], []]
init E        : -104.661138140334
init S2       : 0.750000000000062
init |[F,P]|  : 1.19e-02
init |dE|     : 3.23e-02
check file    : None

iter      total energy   |[F,P]|      |dE|         ∆E   S^2   comment
   1    -105.015589112  6.69e-03  1.61e-02  -3.54e-01  0.75  DIIS mom: 9.7/10 10.7/11
   2    -105.195453035  8.65e-04  2.13e-03  -1.80e-01  0.76  DIIS mom: 9.9/10 11.0/11
   3    -105.199014439  4.38e-04  1.03e-03  -3.56e-03  0.76  DIIS mom: 10.0/10 11.0/11
   4    -105.200187361  1.60e-04  3.68e-04  -1.17e-03  0.77  DIIS mom: 10.0/10 11.0/11
   5    -105.200673408  9.11e-05  2.07e-04  -4.86e-04  0.77  DIIS mom: 10.0/10 11.0/11
   6    -105.200902075  3.91e-05  8.73e-05  -2.29e-04  0.78  DIIS mom: 10.0/10 11.0/11
   7    -105.200953658  2.78e-05  5.94e-05  -5.16e-05  0.78  DIIS mom: 10.0/10 11.0/11
   8    -105.200979522  2.65e-05  5.62e-05  -2.59e-05  0.79  DIIS mom: 10.0/10 11.0/11
   9    -105.201056561  2.32e-05  4.91e-05  -7.70e-05  0.79  DIIS mom: 10.0/10 11.0/11
  10    -105.201241566  9.13e-06  2.08e-05  -1.85e-04  0.81  DIIS mom: 10.0/10 11.0/11
  11    -105.201256904  2.57e-06  6.12e-06  -1.53e-05  0.82  DIIS mom: 10.0/10 11.0/11
  12    -105.201257222  9.97e-07  2.39e-06  -3.18e-07  0.82  DIIS mom: 10.0/10 11.0/11
  13    -105.201257257  2.95e-07  7.20e-07  -3.51e-08  0.82  DIIS mom: 10.0/10 11.0/11
  14    -105.201257258  4.56e-08  1.15e-07  -1.60e-09  0.82  DIIS mom: 10.0/10 11.0/11
  15    -105.201257258  1.18e-08  2.85e-08  -6.19e-11  0.82  DIIS mom: 10.0/10 11.0/11
                                                                      diis is converged!

SCF converged : True
final |[F,P]| : 1.18e-08
final |dE|    : 2.85e-08
final Escf    : -163.869025765043
final Etot    : -105.201257258369
final S2      : 0.824902658991157

  diis prep             :::        0.339 (  0.05%)
  diis extrap           :::        0.304 (  0.04%)
  roothaan              :::        2.442 (  0.33%)
  fock build            :::      730.833 ( 99.58%)
  Total                 :::      733.917 (100.00%)

Alpha occupied
  -11.490 -11.459  -1.399  -1.222  -0.998  -0.974  -0.974  -0.902 
   -0.623  -0.623 

Alpha virtual
  -10.145  -0.113  -0.078  -0.078  -0.061  -0.041  -0.041  -0.038 
   -0.017  -0.017   0.002   0.002   0.014   0.061   0.061   0.077 
    0.079   0.110   0.131   0.132   0.132   0.153   0.173   0.173 
    0.198   0.227   0.227   0.240   0.298   0.298   0.319   0.325 
    0.325   0.352   0.352   0.387   0.409   0.425   0.465   0.469 
    0.469   0.534   0.546   0.546   0.569   0.569   0.574   0.600 
    0.600   0.621   0.684   0.688   0.688   0.716   0.716   0.744 
    0.744   0.766   0.798   0.828   0.828   0.840   0.865   0.865 
    0.944   0.944   0.956   1.031   1.031   1.044   1.073   1.088 
    1.152   1.185   1.203   1.207   1.207   1.231   1.231   1.234 
    1.335   1.335   1.340   1.340   1.340   1.341   1.386   1.386 
    1.408   1.436   1.467   1.467   1.479   1.479   1.526   1.537 
    1.537   1.561   1.639   1.668   1.668   1.710   1.710   1.726 
    1.754   1.782   1.782   1.817   1.817   1.863   1.886   1.886 
    1.911   1.911   1.951   1.965   1.965   2.019   2.040   2.040 
    2.082   2.082   2.094   2.161   2.194   2.201   2.201   2.271 
    2.271   2.320   2.361   2.423   2.423   2.488   2.515   2.533 
    2.533   2.613   2.613   2.639   2.745   2.807   2.807   2.859 
    2.859   2.869   2.969   2.969   3.008   3.031   3.031   3.055 
    3.055   3.057   3.152   3.222   3.222   3.259   3.309   3.320 
    3.340   3.425   3.425   3.499   3.499   3.513   3.516   3.527 
    3.527   3.536   3.607   3.607   3.617   3.663   3.684   3.684 
    3.742   3.759   3.759   3.785   3.785   3.790   3.827   3.827 
    3.853   3.919   3.975   3.975   3.981   3.998   3.998   4.011 
    4.033   4.071   4.071   4.242   4.261   4.261   4.309   4.309 
    4.319   4.319   4.344   4.366   4.374   4.375   4.450   4.521 
    4.521   4.538   4.538   4.540   4.564   4.597   4.597   4.647 
    4.647   4.679   4.730   4.764   4.768   4.768   4.824   4.824 
    4.833   4.973   4.973   5.000   5.034   5.034   5.116   5.116 
    5.117   5.151   5.151   5.234   5.234   5.241   5.318   5.348 
    5.348   5.368   5.447   5.447   5.474   5.492   5.517   5.520 
    5.520   5.634   5.661   5.661   5.806   5.806   5.816   5.873 
    5.873   5.903   6.004   6.004   6.140   6.262   6.394   6.394 
    6.397   6.641   6.641   6.657   6.657   6.658   6.696   6.756 
    6.756   6.928   6.928   6.973   7.197   7.197   7.204   7.251 
    7.251   7.297   7.343   7.343   7.393   7.393   7.413   7.434 
    7.434   7.501   7.501   7.535   7.692   7.728   7.728   8.033 
    8.033   8.042   8.045   8.138   8.170   8.170   8.333   8.435 
    8.435   8.453   8.453   8.619   8.619   8.626   8.751   8.751 
    8.902   8.902   8.907   8.920   8.981   8.981   9.046   9.181 
    9.182   9.290   9.290   9.446   9.466   9.534   9.534   9.631 
    9.645   9.645   9.705   9.705   9.717   9.724   9.768   9.800 
    9.854   9.854   9.885   9.906   9.906   9.960   9.960  10.036 
   10.126  10.153  10.208  10.285  10.285  10.406  10.484  10.484 
   10.576  10.576  10.611  10.767  10.770  10.850  10.850  10.922 
   10.946  10.946  10.972  11.047  11.047  11.182  11.182  11.245 
   11.386  11.389  11.389  11.397  11.433  11.433  11.568  11.568 
   11.603  11.873  11.919  11.919  12.027  12.033  12.033  12.203 
   12.293  12.293  12.332  12.351  12.351  12.424  12.472  12.472 
   12.491  12.491  12.565  12.565  12.574  12.587  12.595  12.595 
   12.601  12.680  12.737  12.743  12.743  12.854  12.868  12.868 
   13.016  13.016  13.124  13.124  13.158  13.187  13.187  13.284 
   13.284  13.373  13.373  13.419  13.560  13.607  13.648  13.698 
   13.732  13.732  13.793  13.793  13.813  13.837  13.837  13.837 
   13.960  13.960  13.983  13.983  13.990  14.014  14.014  14.145 
   14.163  14.163  14.204  14.268  14.268  14.365  14.365  14.462 
   14.517  14.601  14.601  14.699  14.779  14.780  15.002  15.002 
   15.022  15.182  15.186  15.186  15.244  15.378  15.379  15.674 
   15.769  15.769  15.959  16.016  16.183  16.266  16.266  16.359 
   16.359  16.397  16.397  16.582  16.582  16.926  17.068  17.288 
   17.288  17.344  17.543  17.579  17.579  17.962  17.962  18.004 
   18.022  18.022  18.090  18.104  18.104  18.647  18.648  18.767 
   18.767  18.807  18.807  18.909  18.955  18.955  19.012  20.019 
   20.019  20.108  20.545  20.828  21.181  21.361  21.362  21.817 
   23.845  24.327  26.074  26.638  37.629  37.629  37.734  37.734 
   37.793  37.793  38.720  38.720  38.779  38.779  38.888  39.503 
   39.603  39.603  39.667  39.684  39.711  39.711  39.748  39.768 
   39.818  39.961  39.961  39.995  40.026  40.026  40.058  40.058 
   40.116  40.116  40.224  40.224  40.334  40.735  40.735  40.744 
   41.071  41.071  41.214  41.214  41.293  41.862  42.503  43.536 
   43.895  51.667  53.683  53.872  85.643  85.643  85.675  85.675 
   85.683  85.748  85.791  85.791  85.796  86.723  86.723  86.732 
   86.736  86.738  86.738  86.763  86.765  86.765  86.765  86.813 
   86.813  86.853  86.853  86.895  87.050  87.050  87.188  88.570 
   88.570  88.814  89.301  89.301  89.388  89.388  90.421  91.139 
  106.127 106.127 106.977 106.977 107.030 107.030 107.075 107.075 
  107.152 107.903 107.903 108.485 108.485 108.667 110.783 111.351 
  114.009 114.219 128.425 128.468 128.468 128.481 128.584 128.584 
  129.160 129.574 129.582 129.619 129.627 129.752 129.752 129.881 
  129.881 130.245 130.245 130.362 130.362 130.949 131.427 208.142 
  208.142 208.349 209.683 209.683 209.756 209.756 210.699 211.316 
  245.845 248.949 249.138 249.619 249.619 249.619 249.619 249.619 
  249.620 249.620 249.621 249.621 249.622 249.622 251.433 251.433 
  251.433 251.433 251.433 251.433 251.433 251.433 251.434 251.434 
  251.434 251.450 251.450 251.453 251.453 251.455 251.455 251.457 
  251.457 251.459 251.459 251.460 274.182 274.182 274.880 274.880 
  275.003 275.941 275.941 275.996 275.996 276.647 276.647 277.083 
  277.083 277.397 279.072 308.625 308.625 308.636 308.636 308.638 
  308.662 308.678 308.678 308.679 310.796 310.796 310.801 310.803 
  310.815 310.815 310.815 310.815 310.823 310.823 310.834 310.834 
  310.853 310.853 310.861 310.928 310.928 310.990 393.667 393.692 
  393.692 393.698 393.757 393.757 394.074 395.950 395.956 395.980 
  395.983 396.053 396.053 396.131 396.131 396.335 396.335 396.411 
  396.411 396.701 397.032 535.341 535.341 535.514 537.704 537.704 
  537.764 537.764 538.587 539.110 596.171 600.014 600.223 703.978 
  703.978 704.527 704.527 704.620 706.550 706.550 706.595 706.595 
  707.104 707.104 707.441 707.441 707.668 708.991 1735.251 1735.251 
  1735.405 1738.263 1738.263 1738.315 1738.315 1739.068 1739.537 2324.503 
  2329.657 2330.058 

Beta occupied
  -13.811 -11.479 -11.466  -1.473  -1.233  -1.029  -1.012  -1.012 
   -0.910  -0.620  -0.620 

Beta virtual
   -0.123  -0.081  -0.081  -0.061  -0.038  -0.038  -0.038  -0.017 
   -0.017  -0.001  -0.001   0.014   0.063   0.063   0.068   0.070 
    0.114   0.122   0.122   0.127   0.152   0.173   0.173   0.188 
    0.227   0.227   0.234   0.298   0.298   0.317   0.326   0.326 
    0.354   0.354   0.381   0.413   0.425   0.464   0.468   0.468 
    0.531   0.547   0.547   0.559   0.559   0.570   0.600   0.600 
    0.623   0.683   0.683   0.686   0.718   0.718   0.745   0.745 
    0.759   0.786   0.823   0.823   0.837   0.871   0.871   0.944 
    0.944   0.954   1.031   1.031   1.042   1.074   1.088   1.150 
    1.185   1.206   1.212   1.212   1.226   1.229   1.229   1.328 
    1.328   1.335   1.337   1.337   1.343   1.389   1.389   1.407 
    1.438   1.465   1.465   1.478   1.478   1.522   1.522   1.523 
    1.552   1.642   1.673   1.673   1.710   1.710   1.729   1.750 
    1.777   1.777   1.817   1.817   1.849   1.885   1.885   1.907 
    1.907   1.951   1.969   1.969   2.019   2.044   2.044   2.082 
    2.082   2.091   2.163   2.190   2.203   2.203   2.273   2.273 
    2.311   2.348   2.418   2.418   2.479   2.520   2.534   2.534 
    2.611   2.611   2.642   2.744   2.803   2.803   2.861   2.861 
    2.865   2.963   2.963   2.986   3.025   3.025   3.054   3.054 
    3.058   3.156   3.220   3.220   3.257   3.308   3.317   3.342 
    3.424   3.424   3.484   3.484   3.511   3.514   3.525   3.525 
    3.534   3.599   3.599   3.617   3.660   3.686   3.686   3.744 
    3.758   3.758   3.777   3.782   3.782   3.823   3.823   3.846 
    3.923   3.974   3.974   3.978   3.997   3.997   4.007   4.032 
    4.073   4.073   4.238   4.255   4.255   4.314   4.314   4.321 
    4.321   4.331   4.368   4.377   4.377   4.450   4.520   4.520 
    4.537   4.537   4.542   4.542   4.596   4.596   4.648   4.648 
    4.682   4.725   4.758   4.766   4.766   4.809   4.809   4.828 
    4.958   4.973   4.973   5.034   5.034   5.110   5.118   5.118 
    5.152   5.152   5.232   5.232   5.242   5.319   5.343   5.343 
    5.367   5.443   5.443   5.460   5.494   5.513   5.516   5.516 
    5.632   5.646   5.646   5.805   5.805   5.814   5.872   5.872 
    5.905   6.006   6.006   6.135   6.260   6.393   6.395   6.395 
    6.642   6.642   6.655   6.656   6.656   6.701   6.755   6.755 
    6.928   6.928   6.966   7.197   7.197   7.205   7.248   7.248 
    7.292   7.338   7.338   7.393   7.393   7.409   7.432   7.432 
    7.500   7.500   7.532   7.683   7.728   7.728   8.028   8.028 
    8.041   8.045   8.136   8.161   8.161   8.333   8.422   8.422 
    8.454   8.454   8.587   8.615   8.615   8.739   8.739   8.889 
    8.889   8.897   8.906   8.982   8.982   9.045   9.156   9.156 
    9.288   9.288   9.445   9.459   9.531   9.531   9.626   9.639 
    9.639   9.704   9.704   9.704   9.723   9.768   9.792   9.849 
    9.849   9.876   9.903   9.903   9.957   9.957   9.985  10.129 
   10.151  10.202  10.280  10.280  10.404  10.479  10.479  10.564 
   10.564  10.608  10.743  10.771  10.840  10.840  10.905  10.942 
   10.942  10.963  11.042  11.042  11.181  11.181  11.210  11.375 
   11.378  11.378  11.388  11.433  11.433  11.567  11.567  11.569 
   11.866  11.919  11.919  12.013  12.013  12.020  12.201  12.285 
   12.285  12.335  12.353  12.353  12.426  12.473  12.473  12.492 
   12.492  12.565  12.565  12.575  12.588  12.596  12.596  12.602 
   12.683  12.739  12.742  12.742  12.842  12.854  12.854  13.012 
   13.012  13.125  13.125  13.160  13.188  13.188  13.282  13.282 
   13.372  13.372  13.421  13.557  13.609  13.648  13.699  13.735 
   13.735  13.794  13.794  13.815  13.838  13.838  13.840  13.955 
   13.955  13.985  13.985  13.987  14.015  14.015  14.141  14.160 
   14.161  14.204  14.266  14.266  14.364  14.364  14.462  14.517 
   14.601  14.601  14.692  14.780  14.780  15.000  15.001  15.014 
   15.178  15.181  15.181  15.243  15.380  15.380  15.666  15.770 
   15.770  15.960  16.016  16.179  16.266  16.266  16.359  16.359 
   16.395  16.395  16.582  16.582  16.922  17.070  17.289  17.289 
   17.321  17.541  17.572  17.572  17.957  17.957  17.993  18.022 
   18.022  18.092  18.102  18.102  18.625  18.625  18.677  18.677 
   18.796  18.796  18.861  18.952  18.952  18.997  20.019  20.019 
   20.064  20.541  20.814  21.153  21.323  21.323  21.816  23.845 
   24.088  26.077  26.634  37.606  37.606  37.683  37.683  37.736 
   37.736  38.594  38.594  38.762  38.762  38.764  39.417  39.480 
   39.480  39.665  39.682  39.693  39.693  39.740  39.769  39.770 
   39.908  39.908  39.934  40.010  40.010  40.054  40.054  40.116 
   40.116  40.225  40.225  40.293  40.603  40.603  40.652  41.067 
   41.067  41.213  41.213  41.228  41.853  42.500  43.527  43.895 
   51.365  53.685  53.870  85.585  85.585  85.617  85.617  85.625 
   85.690  85.733  85.733  85.738  86.725  86.725  86.733  86.736 
   86.736  86.737  86.763  86.764  86.765  86.765  86.814  86.814 
   86.853  86.853  86.895  87.050  87.050  87.188  88.283  88.283 
   88.529  89.300  89.300  89.389  89.389  90.419  91.140 105.930 
  105.930 106.803 106.803 106.961 107.008 107.008 107.075 107.075 
  107.903 107.903 108.485 108.485 108.667 110.760 111.065 114.009 
  114.218 128.298 128.341 128.341 128.354 128.457 128.457 129.033 
  129.574 129.581 129.619 129.627 129.752 129.752 129.881 129.881 
  130.246 130.246 130.361 130.361 130.949 131.427 207.863 207.863 
  208.070 209.682 209.682 209.757 209.757 210.699 211.316 245.569 
  248.949 249.138 249.551 249.551 249.551 249.551 249.551 249.552 
  249.552 249.553 249.553 249.554 249.554 251.434 251.434 251.434 
  251.434 251.434 251.434 251.434 251.434 251.434 251.434 251.434 
  251.450 251.450 251.453 251.453 251.455 251.455 251.457 251.457 
  251.458 251.458 251.460 273.984 273.984 274.682 274.682 274.807 
  275.941 275.941 275.996 275.996 276.647 276.647 277.083 277.083 
  277.397 279.071 308.516 308.516 308.527 308.527 308.529 308.554 
  308.570 308.570 308.570 310.796 310.796 310.802 310.803 310.815 
  310.815 310.816 310.816 310.823 310.823 310.835 310.835 310.852 
  310.852 310.862 310.928 310.928 310.990 393.511 393.537 393.537 
  393.542 393.602 393.602 393.919 395.950 395.956 395.980 395.983 
  396.053 396.053 396.131 396.131 396.335 396.335 396.411 396.411 
  396.702 397.032 535.120 535.120 535.293 537.704 537.704 537.764 
  537.764 538.587 539.110 595.949 600.015 600.223 703.814 703.814 
  704.364 704.364 704.458 706.550 706.550 706.595 706.595 707.104 
  707.104 707.441 707.441 707.668 708.991 1735.120 1735.120 1735.274 
  1738.263 1738.263 1738.315 1738.315 1739.068 1739.538 2324.382 2329.657 
  2330.058 


  >>> Running UHF-MP2 <<<

MP2 correlation energy (UHF) : -0.6714964043
MP2 total energy       (UHF) : -105.8727536627

