	*********************************************** 
	***** Beginning CEBE Calculation with MOM ***** 
	*****       Calculation Details:          ***** 
	      Geometry:	 /home/am3939/core/calculations/mols/exp/f/ch3cof.xyz
	      Core Basis:	 ccX-5Z
	      Full Basis:	 cc-pV5Z
	      DIIS (start, space):	 0 50
	      Level shift:	 0
	      Do localization?:	 False
	      Do SFX2C1E?:	 True
	      Freeze orbitals?:	 True
	      Use Cheng orbitals?:	 False
	      Do Special Basis?:	 True
	      Do Special Basis?:	 ccX-5Z
	*********************************************** 
	*********************************************** 

  >>> Running RHF <<<

init D/C      : minao
init ov       : zeros
no            : 16
nv            : 614
ov_size       : 9824
max_cycle     : 1000
conv          : 6
econv         : 9
method        : gdm
scale_stop    : 0
scale_factor  : 1.000000
init E        : -251.769275229588
init |[F,P]|  : 6.66e-03
init |dE|     : 1.72e-02
check file    : None

iter      total energy   |[F,P]|      |dE|         ∆E   comment
   1    -251.838973215  5.28e-03  1.41e-02  -6.97e-02  BFGS
   2    -251.918444791  5.70e-04  1.44e-03  -7.95e-02  BFGS
   3    -251.919955373  2.88e-04  7.41e-04  -1.51e-03  BFGS
   4    -251.920314680  1.07e-04  2.86e-04  -3.59e-04  BFGS
   5    -251.920363538  3.53e-05  8.83e-05  -4.89e-05  BFGS
   6    -251.920372464  9.25e-06  2.39e-05  -8.93e-06  BFGS
   7    -251.920372842  2.70e-06  6.57e-06  -3.78e-07  BFGS
   8    -251.920372876  6.12e-07  1.42e-06  -3.37e-08  BFGS
   9    -251.920372878  1.51e-07  3.71e-07  -1.99e-09  BFGS
  10    -251.920372878  3.88e-08  9.37e-08  -1.22e-10  BFGS
                                                                      gdm is converged!

SCF converged : True
final |[F,P]| : 3.88e-08
final |dE|    : 9.37e-08
final Escf    : -370.857169371122
final Etot    : -251.920372877641

  pxp & ewc             :::        0.743 (  0.22%)
  apply B               :::        0.003 (  0.00%)
  linsrch               :::      332.458 ( 99.77%)
  grad                  :::        0.028 (  0.01%)
  Total                 :::      333.232 (100.00%)

Alpha occupied
  -26.328 -20.580 -11.425 -11.263  -1.658  -1.433  -1.048  -0.852 
   -0.740  -0.727  -0.722  -0.623  -0.609  -0.589  -0.534  -0.492 

Alpha virtual
    0.082   0.122   0.128   0.143   0.152   0.176   0.203   0.206 
    0.222   0.224   0.273   0.279   0.286   0.338   0.380   0.393 
    0.398   0.414   0.426   0.486   0.489   0.501   0.509   0.522 
    0.568   0.575   0.601   0.645   0.647   0.670   0.685   0.705 
    0.724   0.726   0.742   0.750   0.778   0.815   0.851   0.863 
    0.869   0.879   0.892   0.941   0.941   0.974   0.998   1.021 
    1.031   1.056   1.081   1.089   1.145   1.202   1.216   1.266 
    1.295   1.312   1.351   1.358   1.368   1.429   1.458   1.488 
    1.493   1.530   1.531   1.550   1.575   1.587   1.595   1.619 
    1.654   1.727   1.745   1.766   1.789   1.811   1.824   1.849 
    1.866   1.870   1.883   1.895   1.914   1.918   1.942   1.944 
    1.961   1.968   1.999   2.052   2.077   2.102   2.111   2.135 
    2.178   2.206   2.220   2.233   2.271   2.276   2.367   2.397 
    2.419   2.426   2.469   2.499   2.509   2.549   2.570   2.615 
    2.664   2.691   2.724   2.738   2.748   2.781   2.786   2.882 
    2.934   2.990   3.001   3.115   3.131   3.195   3.200   3.210 
    3.230   3.238   3.243   3.282   3.310   3.369   3.385   3.409 
    3.434   3.500   3.502   3.565   3.610   3.654   3.663   3.668 
    3.696   3.732   3.761   3.769   3.797   3.873   3.889   3.931 
    3.946   3.982   4.018   4.038   4.069   4.080   4.100   4.129 
    4.138   4.169   4.188   4.194   4.209   4.221   4.248   4.255 
    4.298   4.312   4.315   4.323   4.324   4.374   4.412   4.426 
    4.482   4.505   4.520   4.620   4.646   4.657   4.669   4.696 
    4.713   4.727   4.746   4.751   4.794   4.853   4.914   4.917 
    4.936   4.944   5.003   5.010   5.051   5.088   5.138   5.160 
    5.203   5.262   5.313   5.321   5.383   5.392   5.430   5.449 
    5.482   5.538   5.558   5.560   5.610   5.663   5.680   5.710 
    5.717   5.771   5.780   5.806   5.894   5.925   5.985   6.002 
    6.003   6.107   6.170   6.176   6.227   6.243   6.352   6.361 
    6.403   6.470   6.556   6.558   6.625   6.754   6.786   6.823 
    6.926   7.038   7.048   7.059   7.159   7.163   7.203   7.223 
    7.300   7.339   7.376   7.386   7.486   7.513   7.539   7.567 
    7.576   7.595   7.637   7.644   7.695   7.741   7.747   7.806 
    7.829   7.833   8.003   8.008   8.092   8.133   8.141   8.199 
    8.305   8.341   8.393   8.495   8.596   8.616   8.691   8.697 
    8.835   8.872   8.942   9.059   9.079   9.118   9.169   9.183 
    9.307   9.367   9.369   9.407   9.446   9.492   9.550   9.578 
    9.599   9.605   9.670   9.696   9.802   9.817   9.849   9.885 
    9.903   9.953   9.966  10.042  10.122  10.148  10.219  10.247 
   10.266  10.315  10.333  10.372  10.387  10.439  10.462  10.476 
   10.501  10.516  10.525  10.576  10.629  10.680  10.704  10.718 
   10.820  10.825  10.894  10.942  10.946  10.981  11.013  11.061 
   11.113  11.154  11.169  11.340  11.351  11.441  11.502  11.553 
   11.556  11.592  11.637  11.716  11.769  11.802  11.864  11.938 
   12.079  12.377  12.388  12.608  12.629  12.647  12.725  12.745 
   12.759  12.811  12.815  12.835  12.872  12.926  12.947  12.947 
   12.997  13.035  13.087  13.134  13.152  13.200  13.250  13.262 
   13.303  13.393  13.463  13.499  13.510  13.538  13.601  13.644 
   13.704  13.737  13.797  13.815  13.826  13.986  14.074  14.079 
   14.108  14.172  14.195  14.240  14.265  14.267  14.325  14.360 
   14.406  14.414  14.437  14.440  14.489  14.553  14.569  14.578 
   14.653  14.678  14.685  14.762  14.829  14.878  14.880  14.909 
   14.986  15.109  15.171  15.244  15.266  15.356  15.396  15.576 
   15.587  15.813  15.872  16.020  16.058  16.114  16.191  16.219 
   16.260  16.327  16.428  16.812  16.862  16.907  16.913  16.951 
   17.094  17.523  17.658  17.677  17.868  17.960  18.020  18.286 
   18.325  18.329  18.335  18.336  18.356  18.422  18.445  18.476 
   18.481  18.548  18.563  18.585  18.654  18.752  18.811  18.817 
   18.861  18.872  18.968  19.005  19.020  19.051  19.106  19.112 
   19.143  19.160  19.187  19.305  19.428  19.488  19.536  19.617 
   19.789  19.852  19.932  20.158  20.899  20.956  20.994  21.234 
   21.642  22.335  22.411  22.482  23.437  23.694  23.753  23.754 
   23.928  23.944  24.182  24.372  24.399  24.592  24.733  24.788 
   24.910  25.270  25.291  25.549  25.688  25.913  26.186  26.793 
   28.332  28.436  29.201  29.603  30.498  39.646  39.740  40.006 
   40.988  42.811  54.447  64.163  83.935  83.994  84.415  84.663 
   85.261  85.335  85.401  85.701  93.645  93.651  93.740  93.787 
   93.871  93.988  94.261 118.891 145.095 145.096 145.100 145.103 
  145.143 145.151 145.191 145.195 145.217 190.232 190.304 190.635 
  231.224 231.269 231.587 231.779 232.317 258.102 297.518 297.521 
  297.571 297.597 297.644 297.709 297.853 414.650 414.650 414.653 
  414.654 414.655 414.659 414.659 414.665 414.665 414.673 414.673 
  448.018 448.081 448.378 547.341 547.341 547.342 547.342 547.353 
  547.356 547.368 547.369 547.377 570.376 592.463 592.498 592.750 
  592.900 593.325 896.437 896.439 896.470 896.485 896.513 896.551 
  896.636 1152.535 1152.588 1152.849 1383.848 1517.634 1517.661 1517.860 
  1517.976 1518.309 3735.173 3735.220 3735.460 5407.492 


  >>> Running RHF-MP2 <<<


RMP2-TIMING
  rmp2                  :::      313.878 (100.00%)
  Total                 :::      313.878 (100.00%)

MP2 correlation energy (RHF) : -1.0663046978
MP2 total energy       (RHF) : -252.9866775755


  >>> Running UHF <<<

init D/C      : input mo_coeff
init ov       : zeros
no            : 15 16
nv            : 615 614
ov_size       : 19049
max_cycle     : 1000
conv          : 6
econv         : 9
method        : diis
mom_start     : 0
guess mix     : 0.000000
orb_swap      : [[[0, 15]], []]
init E        : -225.59202811819
init S2       : 0.750000000000254
init |[F,P]|  : 2.01e-02
init |dE|     : 5.20e-02
check file    : None

iter      total energy   |[F,P]|      |dE|         ∆E   S^2   comment
   1    -226.231853021  9.18e-03  2.47e-02  -6.40e-01  0.75  DIIS mom: 14.7/15 15.7/16
   2    -226.475669631  1.04e-03  2.97e-03  -2.44e-01  0.75  DIIS mom: 15.0/15 16.0/16
   3    -226.479786489  5.73e-04  1.68e-03  -4.12e-03  0.76  DIIS mom: 15.0/15 16.0/16
   4    -226.481947473  1.08e-04  2.82e-04  -2.16e-03  0.76  DIIS mom: 15.0/15 16.0/16
   5    -226.482097366  4.15e-05  1.05e-04  -1.50e-04  0.76  DIIS mom: 15.0/15 16.0/16
   6    -226.482127912  1.85e-05  4.58e-05  -3.05e-05  0.76  DIIS mom: 15.0/15 16.0/16
   7    -226.482137882  1.37e-05  3.27e-05  -9.97e-06  0.76  DIIS mom: 15.0/15 16.0/16
   8    -226.482146602  1.21e-05  2.87e-05  -8.72e-06  0.76  DIIS mom: 15.0/15 16.0/16
   9    -226.482158792  1.09e-05  2.59e-05  -1.22e-05  0.76  DIIS mom: 15.0/15 16.0/16
  10    -226.482175408  9.44e-06  2.24e-05  -1.66e-05  0.76  DIIS mom: 15.0/15 16.0/16
  11    -226.482204990  5.93e-06  1.43e-05  -2.96e-05  0.77  DIIS mom: 15.0/15 16.0/16
  12    -226.482217028  2.29e-06  5.55e-06  -1.20e-05  0.77  DIIS mom: 15.0/15 16.0/16
  13    -226.482217831  8.12e-07  1.93e-06  -8.04e-07  0.77  DIIS mom: 15.0/15 16.0/16
  14    -226.482217889  2.99e-07  7.60e-07  -5.79e-08  0.77  DIIS mom: 15.0/15 16.0/16
  15    -226.482217891  6.70e-08  1.61e-07  -2.16e-09  0.77  DIIS mom: 15.0/15 16.0/16
  16    -226.482217891  1.85e-08  4.23e-08  -9.83e-11  0.77  DIIS mom: 15.0/15 16.0/16
                                                                      diis is converged!

SCF converged : True
final |[F,P]| : 1.85e-08
final |dE|    : 4.23e-08
final Escf    : -345.419014384875
final Etot    : -226.482217891394
final S2      : 0.772945324583699

  diis prep             :::        0.364 (  0.06%)
  diis extrap           :::        0.345 (  0.06%)
  roothaan              :::        5.584 (  0.95%)
  fock build            :::      581.886 ( 98.93%)
  Total                 :::      588.179 (100.00%)

Alpha occupied
  -20.890 -11.726 -11.494  -2.209  -1.733  -1.418  -1.332  -1.319 
   -1.246  -1.006  -0.920  -0.881  -0.839  -0.794  -0.783 

Alpha virtual
  -24.553  -0.131  -0.098  -0.041  -0.039  -0.024  -0.008   0.008 
    0.025   0.029   0.040   0.053   0.086   0.107   0.116   0.167 
    0.210   0.213   0.227   0.229   0.265   0.282   0.300   0.304 
    0.307   0.351   0.376   0.378   0.416   0.435   0.450   0.466 
    0.476   0.477   0.495   0.513   0.517   0.547   0.613   0.627 
    0.635   0.666   0.674   0.692   0.727   0.753   0.755   0.791 
    0.807   0.809   0.848   0.854   0.874   0.923   1.003   1.016 
    1.031   1.052   1.079   1.088   1.119   1.133   1.197   1.217 
    1.255   1.260   1.292   1.293   1.304   1.337   1.352   1.357 
    1.393   1.406   1.463   1.470   1.479   1.504   1.543   1.558 
    1.566   1.585   1.613   1.635   1.645   1.665   1.684   1.687 
    1.707   1.726   1.729   1.781   1.822   1.847   1.867   1.869 
    1.896   1.954   1.994   2.004   2.010   2.017   2.039   2.133 
    2.164   2.178   2.200   2.252   2.269   2.283   2.311   2.323 
    2.365   2.417   2.472   2.481   2.491   2.519   2.524   2.530 
    2.631   2.699   2.711   2.767   2.862   2.871   2.925   2.931 
    2.950   2.990   2.997   3.000   3.028   3.054   3.084   3.115 
    3.145   3.158   3.215   3.231   3.301   3.342   3.347   3.376 
    3.411   3.433   3.490   3.495   3.511   3.549   3.588   3.593 
    3.675   3.677   3.701   3.719   3.736   3.756   3.757   3.781 
    3.819   3.857   3.879   3.886   3.893   3.914   3.943   3.947 
    3.970   4.001   4.020   4.047   4.055   4.083   4.101   4.140 
    4.154   4.214   4.224   4.233   4.340   4.345   4.395   4.404 
    4.445   4.450   4.487   4.524   4.530   4.589   4.602   4.654 
    4.676   4.680   4.703   4.748   4.779   4.782   4.868   4.894 
    4.915   4.934   5.027   5.045   5.104   5.132   5.140   5.194 
    5.213   5.239   5.255   5.321   5.322   5.343   5.415   5.435 
    5.452   5.495   5.537   5.568   5.568   5.627   5.697   5.756 
    5.761   5.767   5.848   5.905   5.906   5.991   5.996   6.088 
    6.101   6.154   6.226   6.312   6.319   6.359   6.489   6.493 
    6.539   6.657   6.779   6.792   6.820   6.896   6.921   6.957 
    6.973   7.021   7.082   7.102   7.130   7.208   7.223   7.253 
    7.253   7.277   7.282   7.337   7.367   7.402   7.435   7.443 
    7.524   7.554   7.572   7.664   7.696   7.784   7.831   7.877 
    7.932   8.032   8.070   8.135   8.199   8.273   8.325   8.358 
    8.402   8.462   8.500   8.558   8.571   8.669   8.737   8.837 
    8.866   8.995   9.009   9.049   9.063   9.095   9.111   9.242 
    9.290   9.312   9.322   9.411   9.430   9.508   9.536   9.546 
    9.580   9.642   9.658   9.662   9.677   9.802   9.827   9.857 
    9.901   9.940  10.003  10.005  10.096  10.122  10.149  10.155 
   10.175  10.202  10.206  10.246  10.291  10.321  10.358  10.397 
   10.413  10.482  10.503  10.546  10.589  10.619  10.653  10.743 
   10.769  10.810  10.823  10.893  11.055  11.070  11.160  11.254 
   11.266  11.310  11.353  11.387  11.446  11.450  11.579  11.579 
   11.632  11.808  12.075  12.095  12.389  12.414  12.424  12.502 
   12.511  12.545  12.589  12.594  12.605  12.647  12.653  12.692 
   12.693  12.764  12.787  12.812  12.876  12.899  12.932  12.946 
   13.013  13.039  13.164  13.212  13.265  13.284  13.298  13.353 
   13.415  13.484  13.504  13.510  13.543  13.590  13.773  13.861 
   13.866  13.893  13.955  13.956  13.975  13.977  13.998  14.110 
   14.132  14.162  14.166  14.191  14.205  14.271  14.296  14.320 
   14.359  14.412  14.453  14.459  14.529  14.609  14.611  14.665 
   14.688  14.766  14.818  14.895  14.969  15.005  15.095  15.138 
   15.357  15.364  15.597  15.655  15.795  15.799  15.891  15.926 
   15.993  16.003  16.043  16.205  16.513  16.570  16.615  16.694 
   16.721  16.806  17.309  17.442  17.460  17.648  17.743  17.800 
   17.893  17.895  17.897  17.898  17.992  18.027  18.070  18.103 
   18.116  18.157  18.230  18.246  18.265  18.286  18.355  18.371 
   18.388  18.431  18.530  18.558  18.641  18.711  18.712  18.785 
   18.835  18.843  18.847  18.892  18.941  19.088  19.139  19.201 
   19.248  19.479  19.515  19.629  19.844  20.680  20.734  20.775 
   20.938  21.342  22.032  22.107  22.186  23.127  23.246  23.256 
   23.391  23.442  23.451  23.736  23.873  23.879  24.004  24.219 
   24.281  24.393  24.638  24.661  24.929  25.069  25.304  25.574 
   26.177  27.427  27.535  28.324  28.728  29.635  38.605  38.696 
   39.046  40.609  42.580  53.286  63.858  82.243  82.303  82.733 
   82.981  83.682  83.696  83.781  84.129  92.117  92.124  92.218 
   92.265  92.354  92.468  92.744 117.078 143.458 143.458 143.466 
  143.469 143.512 143.521 143.562 143.567 143.587 187.785 187.855 
  188.194 228.538 228.583 228.906 229.098 229.638 255.390 294.748 
  294.751 294.804 294.830 294.879 294.943 295.089 412.118 412.118 
  412.120 412.121 412.121 412.124 412.124 412.129 412.129 412.135 
  412.135 444.451 444.512 444.814 544.074 544.074 544.075 544.076 
  544.089 544.091 544.104 544.106 544.112 566.601 588.681 588.716 
  588.971 589.120 589.547 892.262 892.264 892.296 892.311 892.340 
  892.377 892.463 1147.806 1147.857 1148.121 1378.964 1512.763 1512.791 
  1512.991 1513.107 1513.440 3729.477 3729.523 3729.764 5401.720 

Beta occupied
  -30.067 -20.884 -11.729 -11.493  -2.344  -1.726  -1.496  -1.417 
   -1.414  -1.261  -1.004  -0.916  -0.877  -0.843  -0.781  -0.779 

Beta virtual
   -0.133  -0.102  -0.042  -0.040  -0.030  -0.011   0.006   0.016 
    0.024   0.038   0.051   0.087   0.107   0.112   0.166   0.210 
    0.212   0.226   0.228   0.264   0.284   0.300   0.305   0.306 
    0.346   0.374   0.376   0.413   0.429   0.447   0.466   0.474 
    0.475   0.494   0.514   0.518   0.549   0.612   0.627   0.631 
    0.665   0.675   0.692   0.727   0.752   0.756   0.790   0.807 
    0.809   0.848   0.854   0.875   0.923   1.002   1.016   1.035 
    1.052   1.079   1.089   1.120   1.129   1.195   1.215   1.254 
    1.261   1.292   1.294   1.305   1.334   1.352   1.356   1.394 
    1.400   1.445   1.461   1.470   1.494   1.543   1.554   1.567 
    1.584   1.614   1.638   1.644   1.663   1.685   1.686   1.709 
    1.725   1.728   1.781   1.821   1.847   1.867   1.868   1.896 
    1.953   1.994   2.005   2.010   2.017   2.037   2.131   2.162 
    2.177   2.200   2.252   2.268   2.282   2.312   2.321   2.366 
    2.417   2.472   2.480   2.491   2.519   2.526   2.530   2.632 
    2.698   2.712   2.767   2.864   2.872   2.928   2.933   2.956 
    2.991   2.997   3.000   3.029   3.055   3.082   3.114   3.146 
    3.160   3.213   3.230   3.301   3.341   3.346   3.376   3.411 
    3.431   3.490   3.494   3.511   3.548   3.582   3.588   3.666 
    3.668   3.692   3.697   3.726   3.733   3.749   3.770   3.814 
    3.856   3.859   3.881   3.892   3.913   3.940   3.944   3.962 
    4.001   4.012   4.045   4.054   4.083   4.095   4.130   4.153 
    4.214   4.223   4.226   4.338   4.345   4.394   4.403   4.447 
    4.451   4.488   4.524   4.530   4.589   4.602   4.654   4.673 
    4.681   4.702   4.745   4.779   4.781   4.867   4.894   4.915 
    4.934   5.026   5.044   5.104   5.130   5.140   5.193   5.213 
    5.238   5.254   5.322   5.322   5.343   5.414   5.435   5.450 
    5.495   5.537   5.568   5.568   5.627   5.697   5.756   5.761 
    5.767   5.850   5.906   5.908   5.992   5.997   6.088   6.101 
    6.155   6.227   6.312   6.319   6.360   6.483   6.493   6.537 
    6.657   6.779   6.793   6.820   6.895   6.922   6.961   6.974 
    7.024   7.083   7.104   7.132   7.211   7.226   7.253   7.255 
    7.280   7.283   7.339   7.367   7.402   7.436   7.446   7.525 
    7.554   7.572   7.660   7.697   7.785   7.833   7.876   7.930 
    8.032   8.070   8.134   8.180   8.263   8.326   8.334   8.378 
    8.406   8.458   8.536   8.568   8.665   8.707   8.831   8.864 
    8.994   8.994   9.045   9.061   9.089   9.109   9.240   9.288 
    9.311   9.322   9.411   9.429   9.507   9.538   9.542   9.567 
    9.641   9.645   9.658   9.675   9.783   9.824   9.846   9.893 
    9.930   9.996   9.999  10.092  10.121  10.140  10.152  10.168 
   10.198  10.205  10.245  10.290  10.316  10.355  10.392  10.412 
   10.444  10.501  10.535  10.585  10.610  10.651  10.740  10.769 
   10.809  10.820  10.892  11.053  11.069  11.154  11.252  11.265 
   11.310  11.352  11.385  11.444  11.446  11.578  11.579  11.629 
   11.807  12.071  12.091  12.389  12.414  12.424  12.501  12.509 
   12.545  12.586  12.594  12.605  12.646  12.651  12.687  12.693 
   12.763  12.783  12.811  12.876  12.898  12.925  12.945  13.013 
   13.038  13.163  13.210  13.265  13.284  13.298  13.353  13.414 
   13.483  13.500  13.510  13.542  13.590  13.773  13.861  13.866 
   13.893  13.955  13.956  13.978  13.980  13.998  14.110  14.133 
   14.162  14.167  14.191  14.205  14.271  14.293  14.320  14.359 
   14.412  14.453  14.459  14.529  14.606  14.611  14.665  14.688 
   14.766  14.812  14.896  14.968  15.006  15.096  15.138  15.357 
   15.364  15.597  15.655  15.796  15.799  15.891  15.929  15.995 
   16.003  16.044  16.205  16.515  16.575  16.615  16.694  16.721 
   16.807  17.309  17.442  17.460  17.647  17.743  17.800  17.894 
   17.895  17.898  17.898  17.940  17.991  18.014  18.030  18.094 
   18.113  18.211  18.246  18.267  18.279  18.349  18.355  18.371 
   18.429  18.489  18.559  18.640  18.693  18.714  18.786  18.836 
   18.843  18.852  18.890  18.942  19.043  19.142  19.203  19.251 
   19.479  19.515  19.634  19.847  20.680  20.734  20.775  20.942 
   21.343  22.038  22.114  22.188  23.131  23.239  23.250  23.388 
   23.435  23.443  23.497  23.864  23.880  23.978  24.206  24.268 
   24.380  24.618  24.641  24.909  25.048  25.284  25.554  26.151 
   27.355  27.463  28.254  28.660  29.567  38.342  38.434  38.798 
   40.594  42.580  52.897  63.861  82.049  82.109  82.538  82.785 
   83.318  83.400  83.522  83.768  92.028  92.034  92.128  92.175 
   92.264  92.379  92.653 116.622 143.394 143.394 143.402 143.405 
  143.448 143.457 143.498 143.503 143.522 187.355 187.425 187.765 
  228.249 228.294 228.618 228.809 229.351 254.933 294.557 294.561 
  294.613 294.639 294.689 294.752 294.898 412.033 412.033 412.034 
  412.036 412.036 412.039 412.039 412.044 412.044 412.050 412.050 
  444.028 444.089 444.392 543.919 543.919 543.920 543.921 543.934 
  543.936 543.949 543.951 543.958 566.192 588.384 588.419 588.674 
  588.823 589.251 892.031 892.033 892.065 892.080 892.110 892.147 
  892.232 1147.468 1147.520 1147.783 1378.637 1512.515 1512.542 1512.742 
  1512.858 1513.191 3729.275 3729.322 3729.562 5401.543 


  >>> Running UHF-MP2 <<<

MP2 correlation energy (UHF) : -1.0146213790
MP2 total energy       (UHF) : -227.4968392704

