	*********************************************** 
	***** Beginning CEBE Calculation with MOM ***** 
	*****       Calculation Details:          ***** 
	      Geometry:	 /work/morgunov/rev2calcs/mols/exp/o/ch2chcho.xyz
	      Core Basis:	 ccX-5Z
	      Full Basis:	 cc-pV5Z
	      DIIS (start, space):	 0 50
	      Level shift:	 0
	      Do localization?:	 False
	      Do SFX2C1E?:	 True
	      Freeze orbitals?:	 True
	      Use Cheng orbitals?:	 False
	      Do Special Basis?:	 True
	      Do Special Basis?:	 ccX-5Z
	*********************************************** 
	*********************************************** 

  >>> Running RHF <<<

init D/C      : minao
init ov       : zeros
no            : 15
nv            : 670
ov_size       : 10050
max_cycle     : 1000
conv          : 6
econv         : 9
method        : gdm
scale_stop    : 0
scale_factor  : 1.000000
init E        : -190.710071360208
init |[F,P]|  : 6.16e-03
init |dE|     : 1.48e-02
check file    : None

iter      total energy   |[F,P]|      |dE|         ∆E   comment
   1    -190.758151144  5.96e-03  1.40e-02  -4.81e-02  BFGS
   2    -190.846991773  5.25e-04  1.23e-03  -8.88e-02  BFGS
   3    -190.848460322  1.61e-04  3.67e-04  -1.47e-03  BFGS
   4    -190.848699612  8.59e-05  2.15e-04  -2.39e-04  BFGS
   5    -190.848739981  3.60e-05  8.58e-05  -4.04e-05  BFGS
   6    -190.848748658  1.04e-05  2.56e-05  -8.68e-06  BFGS
   7    -190.848749132  3.04e-06  7.18e-06  -4.73e-07  BFGS
   8    -190.848749178  8.05e-07  1.87e-06  -4.66e-08  BFGS
   9    -190.848749183  2.37e-07  5.64e-07  -4.84e-09  BFGS
  10    -190.848749183  9.16e-08  2.20e-07  -3.47e-10  BFGS
                                                                      gdm is converged!

SCF converged : True
final |[F,P]| : 9.16e-08
final |dE|    : 2.20e-07
final Escf    : -293.793657114416
final Etot    : -190.848749183455

  pxp & ewc             :::        0.672 (  0.05%)
  apply B               :::        0.004 (  0.00%)
  linsrch               :::     1273.658 ( 99.94%)
  grad                  :::        0.029 (  0.00%)
  Total                 :::     1274.362 (100.00%)

Alpha occupied
  -20.556 -11.337 -11.273 -11.258  -1.387  -1.089  -0.888  -0.789 
   -0.672  -0.668  -0.604  -0.563  -0.542  -0.434  -0.400 

Alpha virtual
    0.070   0.089   0.099   0.118   0.143   0.152   0.160   0.168 
    0.200   0.210   0.214   0.229   0.271   0.303   0.308   0.331 
    0.338   0.348   0.360   0.387   0.395   0.403   0.431   0.461 
    0.467   0.468   0.514   0.552   0.553   0.558   0.565   0.588 
    0.601   0.616   0.629   0.649   0.651   0.684   0.693   0.721 
    0.727   0.744   0.763   0.769   0.817   0.825   0.843   0.856 
    0.891   0.912   0.932   0.953   0.959   0.973   0.982   0.995 
    1.004   1.016   1.023   1.028   1.063   1.088   1.096   1.114 
    1.122   1.199   1.272   1.297   1.303   1.355   1.356   1.387 
    1.414   1.421   1.437   1.450   1.468   1.478   1.483   1.512 
    1.515   1.521   1.534   1.537   1.550   1.570   1.580   1.599 
    1.623   1.635   1.638   1.672   1.674   1.727   1.742   1.746 
    1.787   1.793   1.834   1.860   1.877   1.879   1.890   1.950 
    1.960   1.985   2.002   2.019   2.049   2.060   2.075   2.102 
    2.107   2.122   2.144   2.153   2.155   2.181   2.205   2.237 
    2.257   2.267   2.327   2.332   2.363   2.372   2.385   2.412 
    2.455   2.495   2.496   2.516   2.595   2.617   2.683   2.696 
    2.731   2.766   2.767   2.788   2.850   2.867   2.954   2.972 
    3.003   3.019   3.048   3.057   3.082   3.132   3.135   3.154 
    3.193   3.224   3.233   3.257   3.269   3.283   3.306   3.352 
    3.362   3.371   3.389   3.419   3.450   3.459   3.480   3.486 
    3.508   3.578   3.585   3.597   3.625   3.625   3.655   3.690 
    3.722   3.731   3.746   3.759   3.797   3.815   3.824   3.853 
    3.867   3.916   3.921   3.954   3.959   4.005   4.006   4.029 
    4.048   4.050   4.091   4.108   4.152   4.154   4.180   4.217 
    4.237   4.243   4.295   4.333   4.348   4.360   4.376   4.414 
    4.441   4.442   4.481   4.518   4.534   4.565   4.586   4.630 
    4.636   4.645   4.680   4.721   4.758   4.770   4.783   4.794 
    4.812   4.855   4.895   4.926   4.934   4.949   5.014   5.046 
    5.054   5.083   5.110   5.114   5.130   5.151   5.193   5.221 
    5.235   5.251   5.279   5.292   5.313   5.330   5.337   5.392 
    5.456   5.462   5.486   5.534   5.558   5.568   5.635   5.648 
    5.679   5.679   5.721   5.756   5.813   5.836   5.917   5.929 
    5.951   6.015   6.018   6.058   6.073   6.099   6.233   6.275 
    6.297   6.336   6.375   6.412   6.451   6.466   6.523   6.572 
    6.593   6.662   6.746   6.846   6.878   6.900   6.926   6.981 
    7.012   7.113   7.121   7.133   7.167   7.219   7.234   7.293 
    7.294   7.349   7.361   7.391   7.404   7.422   7.428   7.485 
    7.547   7.568   7.604   7.638   7.660   7.687   7.724   7.727 
    7.807   7.828   7.867   7.983   8.067   8.100   8.164   8.205 
    8.206   8.306   8.345   8.357   8.376   8.481   8.505   8.535 
    8.551   8.631   8.687   8.733   8.807   8.821   8.854   8.883 
    8.917   8.939   8.992   9.015   9.039   9.092   9.206   9.212 
    9.244   9.261   9.343   9.350   9.359   9.405   9.483   9.579 
    9.634   9.721   9.791   9.792   9.822   9.827   9.877   9.890 
   10.046  10.073  10.102  10.110  10.124  10.125  10.195  10.207 
   10.249  10.253  10.268  10.309  10.311  10.341  10.355  10.419 
   10.431  10.533  10.546  10.675  10.679  10.704  10.729  10.751 
   10.783  10.813  10.843  10.862  10.900  10.912  10.952  10.991 
   11.047  11.091  11.162  11.174  11.226  11.241  11.308  11.320 
   11.344  11.456  11.539  11.549  11.568  11.595  11.632  11.746 
   11.836  11.926  11.934  12.062  12.148  12.214  12.300  12.453 
   12.486  12.579  12.596  12.669  12.702  12.715  12.739  12.745 
   12.763  12.788  12.788  12.796  12.824  12.831  12.836  12.844 
   12.885  12.932  12.937  12.992  13.040  13.094  13.150  13.229 
   13.239  13.257  13.319  13.355  13.409  13.434  13.439  13.512 
   13.527  13.553  13.601  13.604  13.660  13.683  13.753  13.783 
   13.851  13.873  13.909  13.935  13.973  13.995  13.997  14.035 
   14.055  14.081  14.181  14.211  14.215  14.233  14.248  14.252 
   14.289  14.295  14.304  14.322  14.341  14.358  14.401  14.434 
   14.479  14.479  14.487  14.519  14.560  14.586  14.588  14.655 
   14.711  14.726  14.750  14.798  14.815  14.836  14.915  14.983 
   14.999  15.036  15.057  15.150  15.176  15.313  15.335  15.400 
   15.439  15.444  15.526  15.587  15.665  15.704  15.767  15.869 
   15.932  15.972  16.089  16.123  16.184  16.260  16.300  16.369 
   16.527  16.534  16.642  16.976  17.105  17.351  17.384  17.414 
   17.454  17.455  17.591  17.720  17.884  17.891  17.929  18.026 
   18.056  18.103  18.342  18.403  18.576  18.582  18.644  18.860 
   18.885  18.918  18.936  19.060  19.086  19.129  19.201  19.409 
   19.410  19.493  19.503  19.623  19.701  19.711  19.807  19.889 
   20.081  20.740  20.772  20.803  20.964  21.310  21.440  21.987 
   22.144  22.548  23.337  23.747  24.701  30.816  31.047  31.575 
   40.212  41.623  42.148  43.473  66.000  66.087  66.103  66.287 
   66.615  66.635  66.893  67.635  70.496  70.516  70.721  70.805 
   71.221  71.490  71.695  94.075 118.592 118.593 118.617 118.620 
  118.673 118.675 118.678 118.719 118.738 147.419 147.586 147.959 
  183.921 183.987 184.434 184.639 185.163 203.561 225.489 225.500 
  225.612 225.657 225.868 226.004 226.088 347.099 347.239 347.577 
  386.011 386.011 386.019 386.019 386.024 386.025 386.028 386.030 
  386.031 386.035 386.035 449.075 450.010 450.011 450.017 450.019 
  450.035 450.036 450.037 450.053 450.058 472.994 473.046 473.403 
  473.560 473.971 685.439 685.445 685.510 685.537 685.660 685.737 
  685.784 892.642 892.756 893.052 1087.521 1213.220 1213.261 1213.542 
  1213.662 1213.983 2892.039 2892.138 2892.410 4236.840 


  >>> Running RHF-MP2 <<<


RMP2-TIMING
  rmp2                  :::     1198.104 (100.00%)
  Total                 :::     1198.104 (100.00%)

MP2 correlation energy (RHF) : -0.9384295480
MP2 total energy       (RHF) : -191.7871787315


  >>> Running UHF <<<

init D/C      : input mo_coeff
init ov       : zeros
no            : 14 15
nv            : 671 670
ov_size       : 19444
max_cycle     : 1000
conv          : 6
econv         : 9
method        : diis
mom_start     : 0
guess mix     : 0.000000
orb_swap      : [[[0, 14]], []]
init E        : -170.293028772836
init S2       : 0.750000000000059
init |[F,P]|  : 1.66e-02
init |dE|     : 4.41e-02
check file    : None

iter      total energy   |[F,P]|      |dE|         ∆E   S^2   comment
   1    -170.791517152  9.46e-03  2.51e-02  -4.98e-01  0.75  DIIS mom: 13.6/14 14.5/15
   2    -171.127804155  8.51e-04  2.12e-03  -3.36e-01  0.76  DIIS mom: 13.9/14 14.9/15
   3    -171.132872848  2.49e-04  6.00e-04  -5.07e-03  0.76  DIIS mom: 14.0/14 15.0/15
   4    -171.133733039  1.26e-04  3.02e-04  -8.60e-04  0.77  DIIS mom: 14.0/14 15.0/15
   5    -171.134046631  4.73e-05  1.07e-04  -3.14e-04  0.77  DIIS mom: 14.0/14 15.0/15
   6    -171.134096949  3.07e-05  6.24e-05  -5.03e-05  0.77  DIIS mom: 14.0/14 15.0/15
   7    -171.134130079  2.62e-05  5.03e-05  -3.31e-05  0.77  DIIS mom: 14.0/14 15.0/15
   8    -171.134162981  2.49e-05  4.63e-05  -3.29e-05  0.78  DIIS mom: 14.0/14 15.0/15
   9    -171.134193621  2.46e-05  4.54e-05  -3.06e-05  0.78  DIIS mom: 14.0/14 15.0/15
  10    -171.134252063  2.39e-05  4.42e-05  -5.84e-05  0.78  DIIS mom: 14.0/14 15.0/15
  11    -171.134551252  2.14e-05  4.78e-05  -2.99e-04  0.82  DIIS mom: 14.0/14 15.0/15
  12    -171.134548695  1.54e-05  2.98e-05   2.56e-06  0.82  DIIS mom: 14.0/14 15.0/15
  13    -171.134547912  4.02e-05  9.33e-05   7.83e-07  0.91  DIIS mom: 14.0/14 15.0/15
  14    -171.134588158  1.62e-05  3.56e-05  -4.02e-05  0.83  DIIS mom: 14.0/14 15.0/15
  15    -171.134629161  1.13e-06  2.60e-06  -4.10e-05  0.86  DIIS mom: 14.0/14 15.0/15
  16    -171.134628471  2.92e-06  6.57e-06   6.90e-07  0.87  DIIS mom: 14.0/14 15.0/15
  17    -171.134629293  7.56e-08  1.67e-07  -8.22e-07  0.86  DIIS mom: 14.0/14 15.0/15
  18    -171.134629293  7.98e-08  1.85e-07  -1.82e-10  0.86  DIIS mom: 14.0/14 15.0/15
                                                                      diis is converged!

SCF converged : True
final |[F,P]| : 7.98e-08
final |dE|    : 1.85e-07
final Escf    : -274.07953722432
final Etot    : -171.134629293359
final S2      : 0.864655093321652

  diis prep             :::        0.703 (  0.03%)
  diis extrap           :::        0.489 (  0.02%)
  roothaan              :::        2.491 (  0.10%)
  fock build            :::     2537.773 ( 99.86%)
  Total                 :::     2541.456 (100.00%)

Alpha occupied
  -11.673 -11.525 -11.491  -1.797  -1.338  -1.173  -1.080  -1.034 
   -0.966  -0.965  -0.864  -0.833  -0.763  -0.655 

Alpha virtual
  -18.870  -0.202  -0.072  -0.056  -0.052  -0.044  -0.004  -0.003 
   -0.001   0.027   0.041   0.051   0.057   0.102   0.105   0.123 
    0.144   0.150   0.167   0.183   0.210   0.216   0.233   0.237 
    0.265   0.267   0.277   0.317   0.330   0.351   0.358   0.359 
    0.386   0.395   0.397   0.424   0.441   0.444   0.480   0.484 
    0.524   0.531   0.550   0.569   0.575   0.589   0.628   0.635 
    0.663   0.682   0.712   0.720   0.731   0.750   0.770   0.775 
    0.783   0.795   0.804   0.815   0.833   0.864   0.886   0.889 
    0.913   0.924   0.993   1.048   1.061   1.100   1.123   1.131 
    1.173   1.173   1.187   1.200   1.200   1.221   1.236   1.248 
    1.275   1.283   1.291   1.313   1.313   1.329   1.350   1.357 
    1.373   1.408   1.408   1.422   1.446   1.455   1.515   1.522 
    1.524   1.564   1.574   1.614   1.632   1.655   1.662   1.668 
    1.727   1.737   1.750   1.768   1.805   1.834   1.845   1.851 
    1.883   1.905   1.915   1.918   1.935   1.942   1.968   1.979 
    2.014   2.035   2.046   2.111   2.112   2.137   2.138   2.158 
    2.189   2.234   2.245   2.257   2.285   2.365   2.385   2.460 
    2.460   2.495   2.515   2.532   2.562   2.614   2.633   2.724 
    2.733   2.759   2.783   2.808   2.820   2.853   2.879   2.900 
    2.904   2.915   2.944   2.944   2.971   3.025   3.040   3.044 
    3.080   3.087   3.101   3.156   3.157   3.175   3.218   3.242 
    3.243   3.260   3.319   3.343   3.352   3.368   3.373   3.412 
    3.454   3.481   3.486   3.486   3.516   3.555   3.570   3.570 
    3.615   3.620   3.648   3.687   3.705   3.727   3.757   3.765 
    3.807   3.814   3.829   3.846   3.874   3.904   3.923   3.931 
    3.978   3.996   4.003   4.044   4.077   4.101   4.118   4.146 
    4.180   4.181   4.204   4.240   4.285   4.305   4.330   4.359 
    4.388   4.405   4.406   4.433   4.487   4.530   4.534   4.555 
    4.556   4.570   4.623   4.647   4.687   4.691   4.727   4.779 
    4.799   4.806   4.859   4.871   4.893   4.898   4.919   4.946 
    4.966   5.020   5.024   5.052   5.060   5.069   5.109   5.113 
    5.159   5.223   5.233   5.256   5.282   5.299   5.335   5.385 
    5.403   5.416   5.441   5.485   5.529   5.583   5.599   5.658 
    5.700   5.711   5.760   5.777   5.792   5.825   5.839   5.982 
    6.009   6.030   6.068   6.118   6.162   6.210   6.222   6.285 
    6.303   6.363   6.386   6.489   6.568   6.605   6.649   6.650 
    6.696   6.740   6.803   6.821   6.871   6.902   6.963   6.967 
    7.015   7.039   7.039   7.074   7.079   7.143   7.171   7.181 
    7.231   7.271   7.289   7.359   7.374   7.384   7.454   7.461 
    7.474   7.513   7.548   7.596   7.728   7.809   7.867   7.915 
    7.941   7.957   8.048   8.069   8.086   8.108   8.194   8.235 
    8.252   8.284   8.363   8.401   8.414   8.538   8.569   8.571 
    8.626   8.640   8.677   8.718   8.749   8.766   8.827   8.923 
    8.957   8.962   9.009   9.079   9.092   9.093   9.153   9.230 
    9.306   9.384   9.448   9.479   9.541   9.544   9.560   9.601 
    9.601   9.786   9.806   9.831   9.849   9.857   9.857   9.907 
    9.960   9.984  10.003  10.012  10.023  10.059  10.066  10.107 
   10.161  10.174  10.270  10.287  10.388  10.398  10.434  10.452 
   10.472  10.529  10.546  10.549  10.590  10.629  10.637  10.698 
   10.749  10.777  10.841  10.915  10.924  10.971  10.993  11.025 
   11.041  11.090  11.204  11.285  11.288  11.328  11.336  11.390 
   11.492  11.567  11.657  11.659  11.806  11.912  11.958  12.048 
   12.165  12.238  12.303  12.359  12.426  12.466  12.480  12.503 
   12.509  12.525  12.539  12.557  12.577  12.585  12.603  12.607 
   12.626  12.648  12.699  12.704  12.751  12.813  12.831  12.900 
   12.994  13.000  13.011  13.084  13.085  13.132  13.156  13.197 
   13.243  13.266  13.321  13.343  13.376  13.436  13.442  13.527 
   13.566  13.588  13.620  13.667  13.712  13.730  13.772  13.783 
   13.798  13.830  13.856  13.925  13.974  13.974  13.991  13.993 
   13.998  14.011  14.018  14.041  14.074  14.106  14.120  14.152 
   14.174  14.197  14.240  14.269  14.270  14.272  14.306  14.329 
   14.342  14.343  14.415  14.503  14.530  14.542  14.578  14.612 
   14.704  14.740  14.806  14.809  14.874  14.910  15.009  15.058 
   15.105  15.205  15.218  15.285  15.332  15.364  15.426  15.504 
   15.643  15.693  15.693  15.844  15.870  15.932  16.035  16.045 
   16.138  16.211  16.213  16.392  16.692  16.817  17.097  17.135 
   17.140  17.230  17.236  17.377  17.503  17.608  17.637  17.679 
   17.804  17.838  17.877  18.121  18.137  18.255  18.276  18.366 
   18.524  18.555  18.641  18.667  18.699  18.724  18.852  18.956 
   19.059  19.072  19.148  19.167  19.253  19.268  19.394  19.456 
   19.488  19.684  20.344  20.472  20.519  20.739  20.874  21.188 
   21.325  21.493  22.072  22.713  23.108  24.052  30.023  30.232 
   30.764  39.968  41.263  41.903  42.586  64.607  64.695  64.838 
   65.000  65.241  65.318  65.485  66.241  69.301  69.322  69.515 
   69.600  70.017  70.270  70.481  92.576 117.226 117.226 117.242 
  117.244 117.290 117.296 117.297 117.324 117.345 145.387 145.538 
  145.905 181.637 181.704 182.148 182.343 182.870 201.267 223.189 
  223.200 223.304 223.350 223.561 223.688 223.775 344.074 344.205 
  344.539 383.669 383.669 383.675 383.675 383.678 383.680 383.681 
  383.686 383.686 383.693 383.693 445.845 447.180 447.180 447.182 
  447.183 447.196 447.197 447.198 447.208 447.213 469.741 469.794 
  470.148 470.300 470.713 681.883 681.889 681.951 681.977 682.100 
  682.173 682.221 888.587 888.697 888.991 1083.316 1209.013 1209.053 
  1209.333 1209.450 1209.772 2887.127 2887.224 2887.496 4231.857 

Beta occupied
  -23.772 -11.673 -11.520 -11.493  -1.906  -1.341  -1.211  -1.116 
   -1.077  -1.072  -0.987  -0.864  -0.849  -0.770  -0.653 

Beta virtual
   -0.207  -0.072  -0.060  -0.052  -0.046  -0.005  -0.003  -0.002 
    0.025   0.040   0.050   0.066   0.099   0.101   0.121   0.147 
    0.150   0.167   0.184   0.207   0.215   0.231   0.236   0.258 
    0.272   0.276   0.314   0.326   0.348   0.353   0.357   0.383 
    0.389   0.398   0.422   0.442   0.446   0.476   0.488   0.526 
    0.529   0.551   0.571   0.574   0.583   0.631   0.636   0.663 
    0.685   0.712   0.720   0.730   0.750   0.767   0.780   0.781 
    0.795   0.804   0.815   0.834   0.865   0.884   0.889   0.913 
    0.923   0.993   1.052   1.061   1.101   1.118   1.129   1.166 
    1.170   1.175   1.187   1.199   1.210   1.229   1.250   1.276 
    1.277   1.292   1.312   1.315   1.329   1.351   1.363   1.375 
    1.407   1.408   1.423   1.446   1.458   1.512   1.522   1.523 
    1.562   1.575   1.615   1.632   1.656   1.661   1.667   1.726 
    1.739   1.748   1.767   1.806   1.835   1.845   1.852   1.882 
    1.905   1.915   1.919   1.935   1.943   1.968   1.981   2.016 
    2.036   2.046   2.111   2.114   2.136   2.140   2.158   2.188 
    2.236   2.248   2.255   2.286   2.365   2.384   2.459   2.461 
    2.494   2.514   2.535   2.565   2.613   2.633   2.725   2.732 
    2.760   2.779   2.809   2.821   2.853   2.868   2.895   2.898 
    2.905   2.919   2.922   2.968   3.024   3.035   3.040   3.056 
    3.084   3.096   3.155   3.156   3.168   3.212   3.242   3.242 
    3.254   3.310   3.342   3.352   3.366   3.372   3.414   3.453 
    3.475   3.487   3.487   3.516   3.555   3.569   3.570   3.617 
    3.618   3.645   3.689   3.702   3.726   3.758   3.764   3.807 
    3.815   3.830   3.844   3.875   3.901   3.923   3.930   3.978 
    3.995   4.004   4.044   4.078   4.100   4.120   4.146   4.180 
    4.182   4.200   4.240   4.286   4.305   4.331   4.361   4.389 
    4.404   4.405   4.434   4.486   4.530   4.534   4.555   4.557 
    4.569   4.623   4.647   4.685   4.691   4.726   4.779   4.797 
    4.807   4.859   4.872   4.893   4.898   4.919   4.945   4.967 
    5.020   5.024   5.051   5.060   5.068   5.108   5.113   5.160 
    5.223   5.234   5.258   5.275   5.300   5.335   5.384   5.403 
    5.417   5.441   5.485   5.529   5.583   5.598   5.659   5.699 
    5.710   5.758   5.779   5.791   5.825   5.837   5.979   6.002 
    6.030   6.064   6.116   6.163   6.211   6.221   6.285   6.292 
    6.360   6.378   6.482   6.550   6.596   6.600   6.642   6.692 
    6.737   6.767   6.816   6.871   6.899   6.953   6.964   7.011 
    7.014   7.037   7.053   7.070   7.144   7.171   7.179   7.228 
    7.265   7.288   7.354   7.371   7.381   7.453   7.458   7.473 
    7.503   7.546   7.592   7.727   7.808   7.867   7.914   7.930 
    7.959   8.047   8.063   8.079   8.106   8.173   8.217   8.245 
    8.279   8.356   8.388   8.397   8.538   8.564   8.574   8.621 
    8.644   8.676   8.710   8.751   8.766   8.826   8.910   8.958 
    8.959   9.009   9.077   9.090   9.093   9.152   9.229   9.301 
    9.384   9.442   9.464   9.541   9.543   9.559   9.593   9.602 
    9.785   9.804   9.831   9.849   9.858   9.858   9.906   9.961 
    9.980  10.004  10.014  10.022  10.060  10.064  10.108  10.159 
   10.174  10.270  10.286  10.384  10.399  10.435  10.452  10.475 
   10.529  10.545  10.548  10.590  10.628  10.638  10.697  10.750 
   10.777  10.841  10.914  10.928  10.971  10.994  11.023  11.041 
   11.091  11.204  11.286  11.288  11.330  11.335  11.389  11.492 
   11.566  11.657  11.658  11.806  11.914  11.958  12.047  12.164 
   12.236  12.299  12.363  12.426  12.465  12.480  12.503  12.509 
   12.525  12.539  12.556  12.577  12.585  12.603  12.605  12.626 
   12.645  12.698  12.704  12.749  12.812  12.828  12.900  12.993 
   13.000  13.012  13.075  13.086  13.132  13.152  13.197  13.241 
   13.267  13.320  13.343  13.375  13.436  13.439  13.527  13.566 
   13.581  13.619  13.667  13.712  13.727  13.771  13.782  13.796 
   13.830  13.853  13.919  13.961  13.972  13.986  13.988  13.997 
   14.006  14.016  14.027  14.069  14.097  14.100  14.121  14.151 
   14.173  14.236  14.251  14.263  14.271  14.300  14.305  14.333 
   14.339  14.400  14.503  14.519  14.529  14.570  14.602  14.698 
   14.738  14.805  14.809  14.855  14.900  14.985  15.055  15.098 
   15.204  15.218  15.284  15.323  15.360  15.425  15.503  15.643 
   15.691  15.692  15.843  15.868  15.929  16.035  16.044  16.135 
   16.197  16.206  16.391  16.690  16.812  17.094  17.135  17.140 
   17.229  17.236  17.377  17.503  17.607  17.635  17.679  17.804 
   17.838  17.878  18.121  18.133  18.244  18.266  18.357  18.508 
   18.542  18.632  18.649  18.697  18.709  18.845  18.937  18.957 
   19.046  19.134  19.162  19.218  19.247  19.382  19.446  19.466 
   19.665  20.317  20.468  20.519  20.738  20.852  21.187  21.258 
   21.429  22.028  22.656  23.055  23.993  29.787  30.001  30.538 
   39.968  41.224  41.901  42.282  64.429  64.512  64.516  64.677 
   65.004  65.066  65.312  66.063  69.222  69.242  69.437  69.522 
   69.938  70.192  70.400  92.169 117.165 117.165 117.181 117.183 
  117.229 117.235 117.236 117.265 117.285 145.002 145.154 145.523 
  181.376 181.444 181.888 182.084 182.612 200.860 223.020 223.031 
  223.136 223.182 223.393 223.521 223.608 343.696 343.827 344.161 
  383.584 383.584 383.590 383.591 383.594 383.596 383.597 383.601 
  383.601 383.608 383.608 445.480 447.040 447.040 447.042 447.043 
  447.057 447.057 447.058 447.068 447.073 469.476 469.528 469.883 
  470.036 470.448 681.676 681.682 681.744 681.770 681.894 681.966 
  682.014 888.283 888.393 888.687 1083.024 1208.792 1208.833 1209.113 
  1209.230 1209.552 2886.945 2887.042 2887.314 4231.698 


  >>> Running UHF-MP2 <<<

MP2 correlation energy (UHF) : -0.8694525558
MP2 total energy       (UHF) : -172.0040818491

