	*********************************************** 
	***** Beginning CEBE Calculation with MOM ***** 
	*****       Calculation Details:          ***** 
	      Geometry:	 /home/am3939/core/calculations/mols/exp/n/mnh2pyridi-n-e.xyz
	      Core Basis:	 pcX-4
	      Full Basis:	 pc-4
	      DIIS (start, space):	 0 50
	      Level shift:	 0
	      Do localization?:	 False
	      Do SFX2C1E?:	 True
	      Freeze orbitals?:	 True
	      Use Cheng orbitals?:	 False
	      Do Special Basis?:	 True
	      Do Special Basis?:	 pcX-4
	*********************************************** 
	*********************************************** 

  >>> Running RHF <<<

init D/C      : minao
init ov       : zeros
no            : 25
nv            : 1160
ov_size       : 29000
max_cycle     : 1000
conv          : 6
econv         : 9
method        : gdm
scale_stop    : 0
scale_factor  : 1.000000
init E        : -301.762293363245
init |[F,P]|  : 3.21e-03
init |dE|     : 6.09e-03
check file    : None

iter      total energy   |[F,P]|      |dE|         ∆E   comment
   1    -301.840329343  1.30e-03  2.54e-03  -7.80e-02  BFGS
   2    -301.851525030  5.21e-04  1.01e-03  -1.12e-02  BFGS
   3    -301.853073065  1.08e-04  2.14e-04  -1.55e-03  BFGS
   4    -301.853162872  4.73e-05  8.95e-05  -8.98e-05  BFGS
   5    -301.853184007  1.48e-05  2.90e-05  -2.11e-05  BFGS
   6    -301.853188132  5.88e-06  1.10e-05  -4.12e-06  BFGS
   7    -301.853188705  3.06e-06  5.79e-06  -5.73e-07  BFGS
   8    -301.853188893  1.27e-06  2.46e-06  -1.88e-07  BFGS
   9    -301.853188918  6.18e-07  1.20e-06  -2.56e-08  BFGS
  10    -301.853188922  2.04e-07  3.81e-07  -3.44e-09  BFGS
  11    -301.853188922  5.30e-08  1.05e-07  -3.93e-10  BFGS
                                                                      gdm is converged!

SCF converged : True
final |[F,P]| : 5.30e-08
final |dE|    : 1.05e-07
final Escf    : -576.921526936725
final Etot    : -301.85318892232

  pxp & ewc             :::        2.064 (  0.05%)
  apply B               :::        0.004 (  0.00%)
  linsrch               :::     4175.989 ( 99.95%)
  grad                  :::        0.079 (  0.00%)
  Total                 :::     4178.136 (100.00%)

Alpha occupied
  -15.572 -15.564 -11.282 -11.262 -11.256 -11.246 -11.239  -1.262 
   -1.218  -1.073  -1.009  -0.866  -0.843  -0.717  -0.708  -0.675 
   -0.625  -0.603  -0.572  -0.560  -0.528  -0.480  -0.416  -0.374 
   -0.308 

Alpha virtual
    0.042   0.056   0.061   0.078   0.081   0.088   0.092   0.107 
    0.108   0.113   0.117   0.119   0.130   0.134   0.142   0.152 
    0.158   0.158   0.169   0.173   0.180   0.189   0.202   0.210 
    0.216   0.231   0.234   0.235   0.241   0.250   0.253   0.259 
    0.265   0.269   0.277   0.296   0.306   0.307   0.318   0.329 
    0.331   0.340   0.347   0.367   0.377   0.383   0.386   0.402 
    0.411   0.416   0.423   0.431   0.437   0.442   0.453   0.460 
    0.462   0.467   0.473   0.476   0.486   0.492   0.502   0.508 
    0.515   0.520   0.526   0.537   0.540   0.544   0.549   0.556 
    0.561   0.572   0.583   0.586   0.590   0.595   0.605   0.607 
    0.611   0.614   0.617   0.644   0.646   0.652   0.663   0.676 
    0.678   0.683   0.686   0.690   0.710   0.719   0.734   0.738 
    0.750   0.754   0.760   0.763   0.769   0.780   0.787   0.788 
    0.794   0.804   0.819   0.825   0.831   0.839   0.854   0.859 
    0.866   0.870   0.876   0.889   0.896   0.906   0.921   0.924 
    0.934   0.940   0.953   0.958   0.960   0.971   0.982   0.989 
    1.001   1.017   1.021   1.024   1.034   1.043   1.076   1.087 
    1.091   1.102   1.126   1.132   1.136   1.144   1.154   1.166 
    1.170   1.188   1.196   1.217   1.231   1.242   1.256   1.263 
    1.266   1.278   1.292   1.302   1.317   1.318   1.330   1.339 
    1.348   1.354   1.364   1.368   1.379   1.388   1.397   1.405 
    1.411   1.413   1.418   1.429   1.442   1.449   1.465   1.472 
    1.477   1.495   1.502   1.505   1.512   1.518   1.529   1.544 
    1.550   1.558   1.562   1.570   1.575   1.588   1.591   1.613 
    1.617   1.624   1.634   1.639   1.644   1.654   1.682   1.688 
    1.694   1.706   1.725   1.740   1.764   1.776   1.783   1.796 
    1.800   1.815   1.822   1.828   1.843   1.859   1.866   1.887 
    1.898   1.902   1.926   1.939   1.943   1.969   1.979   1.990 
    1.999   2.013   2.019   2.035   2.038   2.059   2.076   2.109 
    2.117   2.127   2.142   2.163   2.172   2.179   2.195   2.207 
    2.213   2.228   2.261   2.272   2.280   2.296   2.304   2.315 
    2.327   2.341   2.347   2.356   2.366   2.381   2.396   2.406 
    2.414   2.436   2.440   2.457   2.462   2.464   2.480   2.490 
    2.526   2.536   2.553   2.559   2.575   2.593   2.606   2.611 
    2.614   2.627   2.636   2.637   2.656   2.664   2.672   2.681 
    2.686   2.709   2.711   2.730   2.737   2.762   2.770   2.772 
    2.788   2.799   2.814   2.841   2.852   2.861   2.875   2.903 
    2.917   2.929   2.935   2.954   2.981   2.988   2.996   3.016 
    3.037   3.071   3.078   3.119   3.130   3.146   3.171   3.173 
    3.199   3.219   3.221   3.235   3.258   3.269   3.274   3.299 
    3.304   3.329   3.346   3.365   3.387   3.419   3.422   3.448 
    3.455   3.496   3.500   3.520   3.527   3.540   3.558   3.567 
    3.588   3.594   3.610   3.616   3.629   3.637   3.657   3.674 
    3.676   3.692   3.709   3.710   3.726   3.738   3.760   3.764 
    3.782   3.799   3.808   3.817   3.825   3.841   3.878   3.886 
    3.898   3.913   3.923   3.930   3.955   3.963   3.988   4.000 
    4.009   4.015   4.035   4.058   4.075   4.099   4.115   4.124 
    4.141   4.165   4.178   4.187   4.200   4.242   4.254   4.269 
    4.279   4.289   4.293   4.312   4.325   4.343   4.361   4.392 
    4.411   4.422   4.430   4.454   4.460   4.466   4.476   4.509 
    4.519   4.528   4.533   4.546   4.561   4.573   4.581   4.599 
    4.606   4.614   4.624   4.628   4.640   4.675   4.682   4.699 
    4.707   4.720   4.731   4.755   4.768   4.775   4.785   4.793 
    4.819   4.845   4.857   4.862   4.870   4.879   4.899   4.916 
    4.919   4.929   4.943   4.957   4.973   4.985   5.009   5.018 
    5.022   5.029   5.055   5.061   5.067   5.092   5.099   5.105 
    5.137   5.143   5.146   5.149   5.155   5.192   5.200   5.205 
    5.212   5.229   5.237   5.241   5.253   5.270   5.296   5.320 
    5.326   5.334   5.339   5.349   5.358   5.382   5.401   5.410 
    5.414   5.453   5.477   5.483   5.505   5.531   5.545   5.553 
    5.569   5.602   5.611   5.642   5.652   5.657   5.676   5.697 
    5.716   5.731   5.751   5.759   5.767   5.795   5.818   5.839 
    5.845   5.882   5.897   5.911   5.919   5.934   5.958   5.966 
    5.988   6.001   6.033   6.064   6.081   6.097   6.115   6.143 
    6.160   6.187   6.207   6.219   6.246   6.281   6.308   6.359 
    6.371   6.406   6.421   6.432   6.458   6.499   6.515   6.528 
    6.554   6.576   6.588   6.618   6.635   6.644   6.673   6.700 
    6.715   6.720   6.733   6.754   6.780   6.784   6.799   6.809 
    6.841   6.846   6.878   6.891   6.939   6.968   6.988   7.010 
    7.024   7.039   7.047   7.063   7.094   7.124   7.134   7.156 
    7.184   7.212   7.217   7.239   7.263   7.296   7.316   7.337 
    7.347   7.362   7.401   7.459   7.482   7.491   7.512   7.532 
    7.581   7.596   7.628   7.642   7.659   7.667   7.740   7.751 
    7.755   7.860   7.918   7.930   7.975   8.015   8.023   8.104 
    8.121   8.148   8.171   8.226   8.248   8.288   8.317   8.376 
    8.400   8.434   8.467   8.488   8.503   8.555   8.584   8.627 
    8.645   8.681   8.694   8.735   8.835   8.858   8.878   8.920 
    8.959   9.008   9.018   9.075   9.099   9.132   9.163   9.240 
    9.273   9.295   9.311   9.347   9.366   9.392   9.434   9.451 
    9.481   9.484   9.527   9.539   9.560   9.567   9.583   9.593 
    9.604   9.614   9.666   9.672   9.722   9.736   9.813   9.854 
    9.885   9.911   9.935   9.973  10.011  10.065  10.088  10.121 
   10.129  10.263  10.279  10.287  10.366  10.429  10.441  10.456 
   10.496  10.518  10.571  10.597  10.646  10.660  10.721  10.750 
   10.807  10.842  10.860  10.899  10.918  10.946  10.956  10.996 
   11.011  11.027  11.065  11.082  11.147  11.181  11.183  11.236 
   11.250  11.278  11.358  11.371  11.395  11.410  11.452  11.454 
   11.470  11.481  11.503  11.516  11.522  11.534  11.536  11.554 
   11.568  11.586  11.600  11.632  11.642  11.662  11.668  11.681 
   11.729  11.733  11.753  11.789  11.814  11.851  11.909  11.940 
   11.952  11.994  12.022  12.025  12.049  12.075  12.084  12.098 
   12.100  12.121  12.133  12.148  12.183  12.194  12.213  12.216 
   12.229  12.233  12.243  12.261  12.266  12.276  12.291  12.298 
   12.311  12.314  12.320  12.328  12.335  12.343  12.358  12.369 
   12.398  12.405  12.430  12.439  12.452  12.460  12.478  12.487 
   12.517  12.546  12.555  12.575  12.582  12.607  12.617  12.654 
   12.663  12.688  12.726  12.741  12.745  12.787  12.813  12.833 
   12.859  12.861  12.867  12.905  12.926  12.932  12.936  12.968 
   12.969  12.985  12.986  13.002  13.043  13.053  13.079  13.097 
   13.108  13.113  13.147  13.153  13.180  13.182  13.195  13.206 
   13.247  13.269  13.283  13.298  13.319  13.335  13.340  13.364 
   13.383  13.406  13.420  13.428  13.456  13.482  13.493  13.498 
   13.522  13.552  13.561  13.579  13.606  13.612  13.648  13.673 
   13.690  13.694  13.712  13.720  13.729  13.765  13.787  13.805 
   13.812  13.830  13.855  13.864  13.894  13.908  13.941  13.951 
   13.970  14.002  14.037  14.055  14.068  14.114  14.135  14.174 
   14.203  14.238  14.265  14.293  14.308  14.320  14.327  14.344 
   14.358  14.384  14.399  14.477  14.512  14.542  14.600  14.606 
   14.669  14.700  14.742  14.783  14.829  14.894  14.900  14.911 
   14.925  14.959  15.044  15.074  15.113  15.215  15.264  15.297 
   15.336  15.355  15.409  15.436  15.499  15.509  15.532  15.559 
   15.595  15.652  15.694  15.711  15.724  15.776  15.819  15.866 
   15.901  15.928  15.954  15.965  16.003  16.021  16.033  16.038 
   16.105  16.108  16.180  16.184  16.219  16.251  16.293  16.334 
   16.375  16.379  16.421  16.494  16.507  16.598  16.622  16.629 
   16.692  16.728  16.811  16.818  16.829  16.879  16.944  16.984 
   17.061  17.146  17.176  17.201  17.216  17.221  17.224  17.239 
   17.242  17.246  17.254  17.260  17.267  17.276  17.321  17.380 
   17.393  17.481  17.488  17.563  17.597  17.602  17.668  17.682 
   17.701  17.718  17.756  17.803  17.814  17.851  17.890  17.973 
   17.979  18.056  18.163  18.232  18.268  18.299  18.378  18.403 
   18.421  18.439  18.614  18.655  18.866  18.886  19.019  19.050 
   19.113  19.116  19.132  19.161  19.195  19.263  19.269  19.298 
   19.367  19.408  19.517  19.547  19.562  19.611  19.729  19.852 
   19.942  20.091  20.094  20.185  20.319  20.544  20.566  20.733 
   20.782  20.801  20.861  20.889  20.924  20.988  21.050  21.138 
   21.265  21.322  21.365  21.421  21.537  21.610  21.707  21.790 
   21.885  22.072  22.242  22.490  22.628  22.724  22.834  22.877 
   22.998  23.103  23.267  23.438  23.711  23.897  23.998  24.026 
   24.072  24.129  24.146  24.237  24.271  24.324  24.362  24.489 
   24.690  24.744  24.763  24.913  26.123  26.319  26.369  26.607 
   27.381  27.898  32.967  33.088  33.153  33.208  33.345  33.380 
   33.441  33.467  33.528  33.626  33.641  33.682  33.823  33.877 
   34.789  34.823  34.884  34.981  35.082  35.323  35.364  35.461 
   35.543  35.640  35.688  41.708  42.057  42.083  42.093  42.116 
   42.213  44.710  45.586  49.121  49.319  49.339  49.524  49.604 
   49.719  50.184  50.249  50.313  50.698  52.547  52.933  53.508 
   54.085  54.126  54.185  77.034  77.973  78.649  79.584  80.404 
   91.736  91.779  91.828  91.868  91.895  91.902  91.959  92.103 
   92.116  92.275  92.278  92.385  93.195  93.349  93.378  93.546 
   93.848  93.858 100.319 101.110 140.326 140.632 141.059 141.404 
  141.444 141.475 227.996 228.736 429.706 429.941 430.292 430.562 
  430.604 430.632 529.426 530.126 1271.135 1271.798 1691.196 1691.353 
  1691.612 1691.799 1691.832 1691.857 3195.057 3195.683 8539.920 8540.508 
  24825.194 24825.742 81391.256 81391.759 322259.806 322260.255 1830823.721 1830824.094 


  >>> Running RHF-MP2 <<<


RMP2-TIMING
  rmp2                  :::     2620.340 (100.00%)
  Total                 :::     2620.340 (100.00%)

MP2 correlation energy (RHF) : -1.6259588289
MP2 total energy       (RHF) : -303.4791477512


  >>> Running UHF <<<

init D/C      : input mo_coeff
init ov       : zeros
no            : 24 25
nv            : 1161 1160
ov_size       : 56864
max_cycle     : 1000
conv          : 6
econv         : 9
method        : diis
mom_start     : 0
guess mix     : 0.000000
orb_swap      : [[[1, 24]], []]
init E        : -286.289656875515
init S2       : 0.750000000000163
init |[F,P]|  : 8.76e-03
init |dE|     : 2.17e-02
check file    : None

iter      total energy   |[F,P]|      |dE|         ∆E   S^2   comment
   1    -286.586865520  6.07e-03  1.42e-02  -2.97e-01  0.75  DIIS mom: 23.5/24 24.5/25
   2    -287.003113182  7.18e-04  1.49e-03  -4.16e-01  0.76  DIIS mom: 23.9/24 24.9/25
   3    -287.010670353  2.78e-04  5.33e-04  -7.56e-03  0.76  DIIS mom: 24.0/24 25.0/25
   4    -287.012224264  1.31e-04  2.65e-04  -1.55e-03  0.77  DIIS mom: 24.0/24 25.0/25
   5    -287.013180635  8.19e-05  1.56e-04  -9.56e-04  0.78  DIIS mom: 24.0/24 25.0/25
   6    -287.013680855  6.19e-05  1.08e-04  -5.00e-04  0.79  DIIS mom: 24.0/24 25.0/25
   7    -287.014034522  5.60e-05  9.51e-05  -3.54e-04  0.80  DIIS mom: 24.0/24 25.0/25
   8    -287.014460751  5.29e-05  8.85e-05  -4.26e-04  0.82  DIIS mom: 24.0/24 25.0/25
   9    -287.015047540  4.89e-05  8.12e-05  -5.87e-04  0.85  DIIS mom: 24.0/24 25.0/25
  10    -287.015818508  4.41e-05  7.36e-05  -7.71e-04  0.90  DIIS mom: 24.0/24 25.0/25
  11    -287.016344876  3.87e-05  6.43e-05  -5.26e-04  0.96  DIIS mom: 24.0/24 25.0/25
  12    -287.016658692  3.69e-05  6.11e-05  -3.14e-04  0.99  DIIS mom: 24.0/24 25.0/25
  13    -287.016888091  3.60e-05  5.93e-05  -2.29e-04  1.01  DIIS mom: 24.0/24 25.0/25
  14    -287.017097955  3.52e-05  5.79e-05  -2.10e-04  1.03  DIIS mom: 24.0/24 25.0/25
  15    -287.017697820  3.05e-05  5.19e-05  -6.00e-04  1.09  DIIS mom: 24.0/24 25.0/25
  16    -287.018053245  1.92e-05  3.72e-05  -3.55e-04  1.22  DIIS mom: 24.0/24 25.0/25
  17    -287.017907241  2.35e-05  4.26e-05   1.46e-04  1.14  DIIS mom: 24.0/24 25.0/25
  18    -287.018048417  9.39e-06  1.63e-05  -1.41e-04  1.18  DIIS mom: 24.0/24 25.0/25
  19    -287.018052161  9.20e-06  1.62e-05  -3.74e-06  1.23  DIIS mom: 24.0/24 25.0/25
  20    -287.018067110  2.92e-06  5.29e-06  -1.49e-05  1.20  DIIS mom: 24.0/24 25.0/25
  21    -287.018067842  2.76e-06  4.99e-06  -7.33e-07  1.20  DIIS mom: 24.0/24 25.0/25
  22    -287.018068929  8.30e-07  1.51e-06  -1.09e-06  1.21  DIIS mom: 24.0/24 25.0/25
  23    -287.018069033  1.96e-07  3.46e-07  -1.04e-07  1.21  DIIS mom: 24.0/24 25.0/25
  24    -287.018069038  1.09e-07  1.90e-07  -5.49e-09  1.21  DIIS mom: 24.0/24 25.0/25
  25    -287.018069040  3.40e-08  6.14e-08  -2.11e-09  1.21  DIIS mom: 24.0/24 25.0/25
  26    -287.018069040  1.50e-08  2.81e-08  -1.25e-10  1.21  DIIS mom: 24.0/24 25.0/25
                                                                      diis is converged!

SCF converged : True
final |[F,P]| : 1.50e-08
final |dE|    : 2.81e-08
final Escf    : -562.086407054682
final Etot    : -287.018069040278
final S2      : 1.20696506305054

  diis prep             :::        1.665 (  0.02%)
  diis extrap           :::        2.171 (  0.02%)
  roothaan              :::       10.463 (  0.10%)
  fock build            :::    10985.957 ( 99.87%)
  Total                 :::    11000.255 (100.00%)

Alpha occupied
  -15.760 -11.532 -11.528 -11.512 -11.476 -11.445  -1.563  -1.427 
   -1.306  -1.255  -1.101  -1.089  -0.955  -0.940  -0.883  -0.839 
   -0.837  -0.832  -0.823  -0.759  -0.713  -0.706  -0.615  -0.528 

Alpha virtual
  -14.082  -0.151  -0.080  -0.070  -0.062  -0.059  -0.040  -0.036 
   -0.034  -0.029  -0.012  -0.008  -0.001  -0.000   0.016   0.028 
    0.032   0.036   0.042   0.048   0.053   0.066   0.069   0.072 
    0.080   0.084   0.098   0.103   0.105   0.108   0.115   0.120 
    0.123   0.127   0.130   0.135   0.140   0.149   0.166   0.169 
    0.179   0.182   0.187   0.200   0.214   0.219   0.229   0.233 
    0.237   0.243   0.259   0.261   0.271   0.277   0.281   0.294 
    0.299   0.304   0.311   0.313   0.318   0.325   0.337   0.343 
    0.347   0.350   0.364   0.369   0.375   0.379   0.387   0.392 
    0.397   0.403   0.415   0.422   0.428   0.431   0.436   0.442 
    0.444   0.448   0.456   0.465   0.484   0.489   0.496   0.506 
    0.512   0.519   0.520   0.529   0.532   0.544   0.561   0.571 
    0.576   0.582   0.584   0.593   0.599   0.607   0.609   0.614 
    0.628   0.632   0.638   0.647   0.653   0.665   0.676   0.679 
    0.684   0.702   0.708   0.711   0.726   0.730   0.736   0.742 
    0.746   0.756   0.767   0.779   0.786   0.795   0.798   0.807 
    0.809   0.815   0.828   0.841   0.842   0.860   0.864   0.892 
    0.904   0.911   0.919   0.940   0.947   0.958   0.959   0.964 
    0.983   0.989   1.012   1.023   1.035   1.053   1.062   1.071 
    1.082   1.091   1.096   1.120   1.126   1.134   1.141   1.146 
    1.159   1.173   1.180   1.186   1.190   1.198   1.215   1.218 
    1.226   1.233   1.236   1.239   1.249   1.263   1.274   1.288 
    1.293   1.301   1.314   1.325   1.328   1.337   1.342   1.350 
    1.362   1.372   1.380   1.386   1.393   1.396   1.405   1.417 
    1.428   1.435   1.439   1.451   1.457   1.466   1.475   1.497 
    1.501   1.517   1.527   1.541   1.569   1.572   1.581   1.589 
    1.607   1.617   1.627   1.635   1.646   1.649   1.667   1.676 
    1.691   1.709   1.716   1.726   1.732   1.749   1.760   1.780 
    1.793   1.807   1.810   1.813   1.828   1.842   1.865   1.894 
    1.909   1.918   1.925   1.945   1.959   1.972   1.978   1.996 
    2.007   2.009   2.031   2.062   2.068   2.076   2.096   2.098 
    2.110   2.132   2.138   2.151   2.159   2.166   2.182   2.195 
    2.204   2.216   2.236   2.243   2.253   2.260   2.268   2.283 
    2.293   2.326   2.342   2.357   2.363   2.374   2.397   2.402 
    2.407   2.415   2.429   2.436   2.439   2.455   2.459   2.468 
    2.477   2.483   2.504   2.513   2.526   2.531   2.556   2.562 
    2.574   2.589   2.598   2.616   2.639   2.642   2.658   2.676 
    2.687   2.716   2.717   2.731   2.748   2.779   2.785   2.794 
    2.820   2.827   2.867   2.880   2.917   2.921   2.939   2.964 
    2.969   2.995   3.005   3.024   3.033   3.051   3.061   3.064 
    3.098   3.108   3.117   3.142   3.165   3.194   3.208   3.219 
    3.251   3.262   3.281   3.302   3.311   3.329   3.336   3.355 
    3.370   3.381   3.389   3.404   3.417   3.434   3.441   3.450 
    3.467   3.477   3.490   3.504   3.518   3.529   3.538   3.551 
    3.566   3.582   3.590   3.599   3.615   3.625   3.636   3.670 
    3.676   3.691   3.702   3.721   3.723   3.749   3.757   3.779 
    3.794   3.796   3.817   3.834   3.865   3.866   3.892   3.911 
    3.914   3.937   3.950   3.972   3.975   3.991   4.038   4.044 
    4.060   4.080   4.085   4.090   4.110   4.117   4.133   4.168 
    4.182   4.208   4.214   4.226   4.247   4.260   4.270   4.277 
    4.296   4.313   4.317   4.322   4.341   4.348   4.364   4.379 
    4.388   4.395   4.407   4.409   4.422   4.437   4.463   4.478 
    4.484   4.498   4.506   4.514   4.533   4.546   4.557   4.565 
    4.585   4.609   4.627   4.634   4.641   4.649   4.664   4.682 
    4.698   4.706   4.719   4.734   4.743   4.762   4.776   4.801 
    4.808   4.812   4.818   4.837   4.850   4.860   4.881   4.886 
    4.892   4.918   4.927   4.934   4.937   4.941   4.975   4.987 
    4.995   5.001   5.014   5.017   5.027   5.045   5.061   5.080 
    5.107   5.117   5.121   5.127   5.132   5.149   5.173   5.187 
    5.200   5.203   5.244   5.257   5.265   5.295   5.320   5.325 
    5.343   5.358   5.377   5.395   5.424   5.428   5.447   5.459 
    5.481   5.495   5.511   5.536   5.544   5.558   5.580   5.600 
    5.624   5.630   5.666   5.679   5.697   5.704   5.721   5.740 
    5.751   5.778   5.783   5.814   5.853   5.863   5.885   5.903 
    5.928   5.949   5.972   5.992   6.006   6.032   6.065   6.102 
    6.150   6.156   6.190   6.203   6.210   6.243   6.276   6.300 
    6.310   6.339   6.365   6.370   6.401   6.419   6.427   6.456 
    6.478   6.497   6.502   6.512   6.533   6.559   6.569   6.588 
    6.595   6.627   6.641   6.662   6.685   6.726   6.746   6.770 
    6.789   6.806   6.822   6.829   6.843   6.872   6.915   6.920 
    6.927   6.957   6.974   6.990   7.011   7.047   7.074   7.096 
    7.107   7.122   7.147   7.179   7.239   7.255   7.267   7.285 
    7.310   7.341   7.364   7.384   7.409   7.433   7.448   7.518 
    7.530   7.540   7.665   7.676   7.718   7.744   7.764   7.807 
    7.860   7.888   7.916   7.958   8.008   8.024   8.077   8.095 
    8.130   8.167   8.228   8.239   8.272   8.290   8.334   8.381 
    8.395   8.416   8.428   8.457   8.505   8.616   8.649   8.673 
    8.728   8.742   8.786   8.797   8.845   8.884   8.897   8.967 
    9.020   9.037   9.075   9.078   9.135   9.157   9.177   9.196 
    9.218   9.228   9.263   9.277   9.300   9.348   9.370   9.372 
    9.379   9.393   9.408   9.447   9.451   9.477   9.532   9.612 
    9.640   9.670   9.707   9.720   9.758   9.782   9.840   9.867 
    9.904   9.938  10.051  10.057  10.090  10.171  10.220  10.235 
   10.249  10.283  10.289  10.356  10.359  10.412  10.436  10.509 
   10.524  10.569  10.601  10.629  10.648  10.677  10.710  10.716 
   10.764  10.792  10.801  10.841  10.862  10.895  10.940  10.956 
   11.002  11.015  11.057  11.127  11.143  11.170  11.184  11.219 
   11.224  11.244  11.245  11.268  11.286  11.290  11.300  11.304 
   11.328  11.343  11.360  11.370  11.401  11.406  11.423  11.438 
   11.453  11.497  11.516  11.528  11.561  11.589  11.625  11.691 
   11.709  11.733  11.765  11.782  11.794  11.814  11.840  11.844 
   11.860  11.880  11.900  11.906  11.915  11.960  11.975  11.981 
   11.984  11.999  12.010  12.021  12.026  12.039  12.051  12.052 
   12.070  12.079  12.087  12.097  12.105  12.110  12.122  12.134 
   12.157  12.173  12.184  12.205  12.213  12.221  12.226  12.249 
   12.261  12.269  12.289  12.317  12.333  12.356  12.371  12.404 
   12.427  12.433  12.456  12.503  12.504  12.542  12.559  12.578 
   12.605  12.641  12.648  12.659  12.674  12.695  12.707  12.721 
   12.736  12.753  12.766  12.777  12.783  12.820  12.851  12.861 
   12.880  12.887  12.903  12.928  12.942  12.955  12.963  12.977 
   12.995  13.017  13.055  13.070  13.081  13.092  13.105  13.120 
   13.130  13.157  13.166  13.189  13.195  13.231  13.256  13.263 
   13.273  13.299  13.315  13.351  13.365  13.375  13.399  13.425 
   13.447  13.462  13.465  13.481  13.484  13.507  13.539  13.556 
   13.571  13.583  13.611  13.629  13.642  13.669  13.691  13.725 
   13.732  13.750  13.786  13.809  13.829  13.843  13.896  13.906 
   13.947  13.974  14.017  14.039  14.064  14.075  14.088  14.094 
   14.109  14.127  14.131  14.175  14.248  14.269  14.346  14.380 
   14.386  14.452  14.474  14.517  14.550  14.608  14.660  14.669 
   14.691  14.727  14.734  14.818  14.870  14.911  14.988  15.039 
   15.073  15.118  15.127  15.182  15.208  15.266  15.275  15.308 
   15.326  15.373  15.423  15.477  15.486  15.506  15.549  15.601 
   15.643  15.682  15.709  15.735  15.744  15.764  15.787  15.810 
   15.832  15.871  15.895  15.914  15.924  15.996  16.023  16.071 
   16.095  16.116  16.130  16.196  16.279  16.300  16.383  16.397 
   16.407  16.430  16.464  16.483  16.566  16.634  16.640  16.676 
   16.758  16.803  16.888  16.961  16.999  17.023  17.026  17.028 
   17.034  17.037  17.043  17.046  17.065  17.072  17.079  17.091 
   17.134  17.160  17.211  17.263  17.351  17.379  17.399  17.442 
   17.447  17.484  17.492  17.529  17.565  17.614  17.623  17.626 
   17.641  17.734  17.794  17.919  17.931  18.049  18.087  18.119 
   18.181  18.205  18.219  18.404  18.444  18.473  18.664  18.817 
   18.829  18.889  18.909  18.917  18.936  18.970  19.010  19.042 
   19.079  19.125  19.162  19.238  19.257  19.366  19.387  19.471 
   19.492  19.630  19.668  19.906  19.935  20.110  20.330  20.376 
   20.516  20.566  20.584  20.644  20.674  20.719  20.769  20.831 
   20.902  21.000  21.085  21.141  21.148  21.205  21.317  21.430 
   21.558  21.656  21.887  22.023  22.266  22.333  22.449  22.542 
   22.610  22.631  22.845  22.976  23.089  23.506  23.594  23.790 
   23.827  23.853  23.861  23.913  23.950  24.065  24.104  24.179 
   24.277  24.507  24.524  24.539  24.704  25.917  26.096  26.150 
   26.400  27.201  27.717  32.736  32.849  32.928  32.968  33.086 
   33.124  33.213  33.229  33.277  33.394  33.406  33.444  33.597 
   33.640  34.550  34.563  34.637  34.762  34.853  35.068  35.110 
   35.227  35.288  35.400  35.455  41.495  41.839  41.864  41.912 
   41.935  42.010  43.727  45.398  47.868  48.062  48.086  48.913 
   48.997  49.334  49.418  49.531  50.110  50.511  51.281  52.228 
   52.744  52.898  53.898  53.943  76.805  77.734  78.398  79.337 
   80.171  91.554  91.567  91.605  91.646  91.713  91.719  91.752 
   91.892  91.934  92.045  92.061  92.178  92.986  93.121  93.159 
   93.337  93.667  93.677  98.684 100.921 138.136 138.860 139.263 
  140.443 141.216 141.261 225.567 228.547 426.422 427.005 427.336 
  429.752 430.373 430.419 526.206 529.937 1267.262 1271.609 1686.985 
  1687.401 1687.641 1691.164 1691.610 1691.645 3190.729 3195.494 8535.321 
  8540.320 24820.455 24825.554 81386.455 81391.571 322254.982 322260.067 1830818.889 
  1830823.905 

Beta occupied
  -18.373 -15.761 -11.535 -11.514 -11.514 -11.467 -11.453  -1.651 
   -1.432  -1.308  -1.263  -1.116  -1.100  -0.979  -0.946  -0.933 
   -0.886  -0.865  -0.844  -0.825  -0.762  -0.731  -0.724  -0.617 
   -0.542 

Beta virtual
   -0.147  -0.080  -0.064  -0.060  -0.058  -0.044  -0.036  -0.035 
   -0.029  -0.010  -0.004  -0.001   0.002   0.016   0.028   0.031 
    0.036   0.041   0.047   0.055   0.065   0.069   0.071   0.080 
    0.085   0.098   0.102   0.105   0.107   0.110   0.121   0.123 
    0.125   0.129   0.135   0.138   0.149   0.165   0.168   0.176 
    0.183   0.187   0.200   0.212   0.215   0.224   0.231   0.238 
    0.249   0.258   0.262   0.269   0.277   0.282   0.297   0.300 
    0.304   0.311   0.314   0.318   0.324   0.338   0.338   0.347 
    0.351   0.362   0.367   0.374   0.379   0.388   0.390   0.397 
    0.404   0.413   0.421   0.429   0.430   0.436   0.442   0.444 
    0.450   0.456   0.463   0.482   0.488   0.496   0.506   0.513 
    0.518   0.520   0.528   0.531   0.541   0.559   0.570   0.574 
    0.581   0.582   0.592   0.599   0.608   0.610   0.616   0.628 
    0.634   0.639   0.646   0.648   0.665   0.675   0.679   0.682 
    0.703   0.705   0.710   0.724   0.727   0.734   0.742   0.744 
    0.756   0.765   0.780   0.787   0.794   0.797   0.807   0.809 
    0.815   0.829   0.840   0.845   0.861   0.864   0.892   0.906 
    0.914   0.919   0.945   0.950   0.959   0.960   0.965   0.985 
    0.987   1.011   1.021   1.034   1.054   1.060   1.067   1.085 
    1.091   1.097   1.120   1.126   1.135   1.142   1.148   1.157 
    1.172   1.181   1.186   1.187   1.198   1.213   1.218   1.226 
    1.233   1.234   1.238   1.248   1.263   1.274   1.289   1.293 
    1.301   1.311   1.325   1.328   1.337   1.342   1.350   1.361 
    1.373   1.382   1.386   1.392   1.396   1.404   1.416   1.425 
    1.433   1.436   1.451   1.455   1.466   1.474   1.490   1.501 
    1.517   1.524   1.539   1.562   1.568   1.579   1.587   1.607 
    1.617   1.627   1.636   1.645   1.650   1.666   1.672   1.689 
    1.706   1.715   1.724   1.728   1.747   1.758   1.780   1.794 
    1.802   1.812   1.814   1.829   1.843   1.864   1.894   1.911 
    1.919   1.927   1.945   1.960   1.974   1.977   1.996   2.007 
    2.009   2.032   2.063   2.069   2.078   2.096   2.098   2.110 
    2.131   2.135   2.151   2.158   2.165   2.186   2.196   2.206 
    2.217   2.238   2.245   2.255   2.262   2.270   2.283   2.292 
    2.325   2.343   2.355   2.362   2.376   2.395   2.401   2.408 
    2.411   2.427   2.436   2.439   2.455   2.462   2.467   2.477 
    2.483   2.501   2.514   2.525   2.533   2.556   2.560   2.574 
    2.589   2.597   2.617   2.637   2.642   2.657   2.675   2.682 
    2.713   2.717   2.732   2.748   2.779   2.784   2.795   2.818 
    2.825   2.867   2.880   2.916   2.921   2.939   2.965   2.969 
    2.994   3.009   3.024   3.031   3.047   3.060   3.067   3.096 
    3.108   3.115   3.141   3.163   3.190   3.204   3.215   3.246 
    3.260   3.276   3.301   3.308   3.327   3.334   3.355   3.369 
    3.380   3.386   3.402   3.412   3.433   3.440   3.448   3.462 
    3.477   3.485   3.503   3.517   3.526   3.536   3.548   3.559 
    3.581   3.588   3.597   3.615   3.625   3.631   3.666   3.673 
    3.682   3.700   3.717   3.721   3.746   3.756   3.774   3.791 
    3.794   3.817   3.832   3.850   3.866   3.888   3.902   3.913 
    3.933   3.944   3.965   3.974   3.990   4.037   4.042   4.058 
    4.077   4.083   4.089   4.107   4.114   4.132   4.166   4.180 
    4.207   4.211   4.223   4.246   4.261   4.269   4.277   4.291 
    4.314   4.316   4.321   4.339   4.347   4.364   4.378   4.389 
    4.395   4.406   4.410   4.419   4.437   4.461   4.478   4.481 
    4.499   4.505   4.515   4.536   4.543   4.554   4.563   4.584 
    4.607   4.624   4.633   4.639   4.648   4.666   4.680   4.699 
    4.706   4.719   4.733   4.743   4.761   4.774   4.801   4.810 
    4.813   4.820   4.840   4.851   4.859   4.880   4.888   4.893 
    4.915   4.926   4.935   4.937   4.941   4.974   4.988   4.996 
    5.002   5.013   5.017   5.027   5.044   5.060   5.079   5.108 
    5.116   5.121   5.128   5.131   5.147   5.172   5.185   5.199 
    5.203   5.244   5.254   5.266   5.295   5.320   5.326   5.342 
    5.357   5.371   5.395   5.423   5.426   5.448   5.460   5.482 
    5.496   5.513   5.536   5.544   5.558   5.580   5.602   5.623 
    5.630   5.666   5.678   5.695   5.704   5.720   5.740   5.750 
    5.777   5.783   5.813   5.852   5.861   5.884   5.901   5.928 
    5.948   5.972   5.991   6.007   6.032   6.063   6.101   6.150 
    6.156   6.190   6.202   6.212   6.244   6.277   6.300   6.309 
    6.339   6.364   6.371   6.402   6.419   6.426   6.454   6.478 
    6.497   6.503   6.513   6.533   6.558   6.569   6.587   6.595 
    6.627   6.643   6.662   6.684   6.724   6.746   6.771   6.787 
    6.807   6.821   6.828   6.840   6.871   6.913   6.916   6.925 
    6.953   6.967   6.988   7.009   7.047   7.070   7.095   7.103 
    7.120   7.146   7.176   7.236   7.248   7.267   7.282   7.303 
    7.331   7.358   7.381   7.408   7.433   7.446   7.514   7.528 
    7.538   7.656   7.667   7.715   7.737   7.761   7.805   7.852 
    7.882   7.916   7.956   8.004   8.019   8.070   8.088   8.118 
    8.162   8.226   8.238   8.270   8.289   8.333   8.377   8.387 
    8.409   8.419   8.452   8.494   8.615   8.646   8.651   8.704 
    8.730   8.781   8.788   8.835   8.880   8.890   8.960   8.977 
    9.028   9.059   9.065   9.128   9.150   9.162   9.190   9.197 
    9.221   9.252   9.274   9.300   9.340   9.370   9.372   9.377 
    9.390   9.407   9.442   9.449   9.472   9.527   9.608   9.634 
    9.668   9.707   9.714   9.753   9.773   9.833   9.865   9.901 
    9.938  10.045  10.057  10.089  10.170  10.219  10.235  10.249 
   10.283  10.289  10.345  10.356  10.408  10.436  10.508  10.523 
   10.567  10.597  10.627  10.649  10.674  10.709  10.713  10.764 
   10.793  10.801  10.841  10.862  10.894  10.935  10.958  11.003 
   11.015  11.057  11.129  11.142  11.169  11.182  11.212  11.224 
   11.243  11.245  11.267  11.285  11.291  11.300  11.305  11.330 
   11.345  11.361  11.371  11.397  11.408  11.423  11.438  11.453 
   11.499  11.516  11.528  11.561  11.588  11.624  11.690  11.709 
   11.732  11.753  11.781  11.794  11.809  11.830  11.842  11.860 
   11.879  11.898  11.905  11.913  11.958  11.977  11.982  11.986 
   12.000  12.011  12.019  12.029  12.038  12.051  12.054  12.071 
   12.079  12.086  12.095  12.104  12.110  12.122  12.136  12.155 
   12.169  12.183  12.205  12.212  12.218  12.223  12.248  12.251 
   12.268  12.287  12.316  12.334  12.357  12.371  12.404  12.426 
   12.433  12.454  12.502  12.504  12.541  12.560  12.578  12.604 
   12.640  12.648  12.659  12.673  12.694  12.706  12.721  12.735 
   12.753  12.767  12.777  12.783  12.818  12.850  12.862  12.880 
   12.887  12.904  12.927  12.941  12.956  12.962  12.977  12.995 
   13.016  13.055  13.069  13.082  13.090  13.105  13.119  13.130 
   13.158  13.164  13.188  13.194  13.232  13.259  13.262  13.274 
   13.300  13.314  13.351  13.365  13.374  13.399  13.426  13.448 
   13.464  13.465  13.481  13.484  13.509  13.539  13.558  13.572 
   13.583  13.613  13.629  13.641  13.669  13.691  13.725  13.732 
   13.750  13.785  13.809  13.829  13.843  13.896  13.906  13.947 
   13.974  14.016  14.038  14.063  14.073  14.087  14.096  14.109 
   14.125  14.130  14.175  14.249  14.266  14.346  14.379  14.386 
   14.452  14.474  14.516  14.550  14.607  14.657  14.668  14.691 
   14.727  14.734  14.818  14.870  14.910  14.988  15.037  15.072 
   15.116  15.126  15.182  15.208  15.261  15.273  15.307  15.322 
   15.372  15.420  15.477  15.486  15.500  15.547  15.600  15.641 
   15.681  15.708  15.732  15.741  15.758  15.785  15.805  15.830 
   15.869  15.895  15.906  15.912  15.994  16.020  16.068  16.085 
   16.110  16.129  16.194  16.277  16.298  16.377  16.382  16.404 
   16.429  16.457  16.465  16.545  16.630  16.634  16.671  16.755 
   16.794  16.882  16.959  16.997  17.022  17.025  17.026  17.034 
   17.037  17.040  17.046  17.065  17.072  17.078  17.088  17.127 
   17.157  17.203  17.259  17.350  17.375  17.398  17.435  17.440 
   17.483  17.490  17.528  17.539  17.602  17.614  17.624  17.640 
   17.732  17.793  17.880  17.928  18.049  18.086  18.119  18.177 
   18.204  18.218  18.371  18.427  18.466  18.664  18.817  18.827 
   18.888  18.895  18.914  18.922  18.939  18.986  19.038  19.077 
   19.092  19.149  19.227  19.257  19.343  19.379  19.431  19.490 
   19.586  19.666  19.899  19.929  20.107  20.326  20.376  20.513 
   20.566  20.582  20.644  20.675  20.719  20.766  20.772  20.830 
   20.898  21.084  21.140  21.146  21.204  21.317  21.430  21.558 
   21.645  21.885  22.006  22.154  22.301  22.449  22.529  22.590 
   22.622  22.841  22.890  23.086  23.495  23.577  23.788  23.790 
   23.851  23.856  23.913  23.950  24.065  24.103  24.179  24.277 
   24.507  24.523  24.538  24.703  25.917  26.096  26.149  26.400 
   27.201  27.717  32.736  32.849  32.929  32.969  33.087  33.127 
   33.213  33.231  33.276  33.394  33.407  33.444  33.596  33.642 
   34.549  34.566  34.637  34.761  34.853  35.067  35.110  35.227 
   35.288  35.400  35.455  41.495  41.839  41.864  41.912  41.935 
   42.010  43.385  45.398  47.692  47.887  47.907  48.729  48.826 
   49.333  49.417  49.530  50.110  50.510  50.933  51.895  52.577 
   52.743  53.897  53.943  76.806  77.734  78.399  79.337  80.171 
   91.554  91.567  91.605  91.646  91.713  91.719  91.752  91.892 
   91.934  92.046  92.060  92.178  92.986  93.121  93.159  93.337 
   93.667  93.677  98.297 100.921 137.716 138.445 138.849 140.443 
  141.216 141.261 225.207 228.547 426.062 426.645 426.977 429.752 
  430.373 430.419 525.921 529.937 1267.068 1271.609 1686.782 1687.199 
  1687.440 1691.164 1691.610 1691.645 3190.616 3195.494 8535.264 8540.320 
  24820.430 24825.554 81386.446 81391.571 322254.979 322260.067 1830818.889 1830823.905 


  >>> Running UHF-MP2 <<<

MP2 correlation energy (UHF) : -1.5638854924
MP2 total energy       (UHF) : -288.5819545327

