	*********************************************** 
	***** Beginning CEBE Calculation with MOM ***** 
	*****       Calculation Details:          ***** 
	      Geometry:	 /work/morgunov/core/calculations/mols/exp/c/c2-h4.xyz
	      Core Basis:	 cc-pCV5Z
	      Full Basis:	 cc-pV5Z
	      Do SFX2C1E?:	 True
	      Freeze orbitals?:	 True
	      Use Cheng orbitals?:	 False
	      Do Special Basis?:	 False
	*********************************************** 
	*********************************************** 

  >>> Running RHF <<<

init D/C      : minao
init ov       : zeros
no            : 8
nv            : 502
ov_size       : 4016
max_cycle     : 1000
conv          : 6
econv         : 9
method        : gdm
scale_stop    : 0
scale_factor  : 1.000000
init E        : -78.0488684785467
init |[F,P]|  : 2.91e-03
init |dE|     : 7.45e-03
check file    : None

iter      total energy   |[F,P]|      |dE|         ∆E   comment
   1     -78.068309560  7.51e-04  1.92e-03  -1.94e-02  BFGS
   2     -78.069860636  1.40e-04  3.83e-04  -1.55e-03  BFGS
   3     -78.069895196  3.89e-05  1.03e-04  -3.46e-05  BFGS
   4     -78.069898694  6.16e-06  1.78e-05  -3.50e-06  BFGS
   5     -78.069898930  1.78e-06  4.69e-06  -2.36e-07  BFGS
   6     -78.069898942  3.95e-07  1.03e-06  -1.16e-08  BFGS
   7     -78.069898942  5.56e-08  1.48e-07  -4.50e-10  BFGS
                                                                      gdm is converged!

SCF converged : True
final |[F,P]| : 5.56e-08
final |dE|    : 1.48e-07
final Escf    : -111.334989423172
final Etot    : -78.0698989419827

  pxp & ewc             :::        0.242 (  0.05%)
  apply B               :::        0.002 (  0.00%)
  linsrch               :::      532.639 ( 99.95%)
  grad                  :::        0.009 (  0.00%)
  Total                 :::      532.892 (100.00%)

Alpha occupied
  -11.232 -11.231  -1.032  -0.792  -0.643  -0.586  -0.509  -0.376 

Alpha virtual
    0.106   0.114   0.123   0.127   0.157   0.208   0.218   0.245 
    0.268   0.301   0.324   0.387   0.393   0.406   0.416   0.433 
    0.437   0.528   0.556   0.558   0.575   0.606   0.618   0.671 
    0.690   0.719   0.739   0.747   0.752   0.760   0.780   0.794 
    0.908   0.912   0.919   0.930   0.977   0.982   1.000   1.029 
    1.041   1.058   1.063   1.082   1.115   1.186   1.259   1.302 
    1.420   1.446   1.464   1.494   1.498   1.507   1.511   1.520 
    1.543   1.559   1.582   1.657   1.669   1.689   1.701   1.710 
    1.749   1.809   1.841   1.853   1.891   1.906   1.913   1.931 
    1.958   2.019   2.056   2.069   2.106   2.124   2.148   2.148 
    2.182   2.189   2.227   2.247   2.248   2.311   2.331   2.336 
    2.377   2.378   2.442   2.600   2.633   2.637   2.725   2.790 
    2.825   2.836   2.861   2.987   3.012   3.033   3.063   3.084 
    3.197   3.205   3.221   3.262   3.290   3.355   3.479   3.500 
    3.509   3.552   3.564   3.604   3.634   3.662   3.713   3.718 
    3.740   3.804   3.818   3.855   3.881   3.957   3.966   3.987 
    3.993   4.013   4.041   4.092   4.103   4.189   4.207   4.252 
    4.273   4.291   4.320   4.368   4.386   4.425   4.432   4.465 
    4.467   4.532   4.564   4.596   4.603   4.651   4.659   4.746 
    4.753   4.798   4.838   4.866   4.870   4.877   4.889   4.924 
    5.006   5.104   5.111   5.150   5.223   5.246   5.263   5.267 
    5.268   5.271   5.298   5.311   5.389   5.401   5.453   5.461 
    5.490   5.553   5.554   5.615   5.666   5.700   5.702   5.814 
    5.916   5.918   5.954   5.999   6.089   6.155   6.274   6.335 
    6.427   6.444   6.470   6.541   6.606   6.766   6.819   6.969 
    7.012   7.056   7.068   7.093   7.153   7.199   7.253   7.343 
    7.348   7.426   7.462   7.572   7.586   7.712   7.720   7.854 
    7.949   8.055   8.179   8.187   8.281   8.325   8.343   8.382 
    8.386   8.470   8.556   8.665   8.861   8.978   8.992   9.037 
    9.107   9.108   9.108   9.216   9.284   9.286   9.358   9.382 
    9.653   9.828   9.900   9.941   9.993  10.003  10.004  10.035 
   10.040  10.153  10.195  10.223  10.244  10.272  10.287  10.362 
   10.406  10.483  10.612  10.742  10.746  10.850  10.897  10.964 
   10.990  11.098  11.125  11.148  11.171  11.211  11.369  11.390 
   11.398  11.533  11.620  11.781  11.822  11.937  12.040  12.364 
   12.474  12.507  12.537  12.565  12.685  12.734  12.739  12.770 
   12.799  12.806  12.807  12.825  12.826  12.830  12.863  12.867 
   12.871  12.874  12.909  12.949  13.039  13.109  13.114  13.197 
   13.230  13.255  13.389  13.484  13.513  13.537  13.597  13.617 
   13.724  13.754  13.793  13.874  13.942  13.949  13.952  13.990 
   13.991  14.005  14.024  14.032  14.092  14.099  14.151  14.189 
   14.213  14.249  14.250  14.275  14.339  14.345  14.398  14.429 
   14.526  14.527  14.559  14.580  14.619  14.685  14.807  14.870 
   14.918  14.954  15.008  15.059  15.071  15.189  15.312  15.327 
   15.405  15.447  15.592  15.639  15.806  16.025  16.051  16.060 
   16.120  16.181  16.271  16.424  16.455  17.099  17.280  17.310 
   17.367  17.521  17.599  17.605  17.637  17.765  17.784  17.908 
   18.026  18.046  18.080  18.100  18.291  18.393  18.498  18.582 
   18.892  19.204  19.286  19.347  20.252  20.465  20.500  21.090 
   21.272  21.391  21.641  21.778  23.972  24.337  24.468  24.506 
   35.850  36.169  36.271  36.273  36.457  36.968  37.055  37.285 
   38.064  38.353  47.198  47.219  47.252  47.266  47.395  47.470 
   47.543  47.631  47.684  47.720  47.724  48.037  48.264  48.329 
   50.842  51.443  59.235  59.421  61.382  61.403  61.424  61.505 
  107.857 108.042 108.101 108.144 108.238 108.594 108.671 108.809 
  109.302 109.507 130.352 131.078 165.172 165.330 166.973 166.973 
  166.979 166.994 167.568 167.569 167.573 167.574 167.574 167.575 
  167.575 167.576 167.577 167.579 167.581 167.581 167.585 167.589 
  167.603 167.620 167.620 167.635 188.398 188.406 188.421 188.426 
  188.481 188.510 188.556 188.574 188.620 188.627 188.643 188.758 
  188.863 188.904 329.628 329.753 329.791 329.805 329.881 330.115 
  330.147 330.291 330.620 330.736 337.906 338.640 465.128 465.258 
  466.678 466.687 466.695 466.706 1175.160 1177.705 


  >>> Running RHF-MP2 <<<


RMP2-TIMING
  rmp2                  :::      436.706 (100.00%)
  Total                 :::      436.706 (100.00%)

MP2 correlation energy (RHF) : -0.4721032532
MP2 total energy       (RHF) : -78.5420021952


  >>> Running UHF <<<

init D/C      : input mo_coeff
init ov       : zeros
no            : 7 8
nv            : 503 502
ov_size       : 7537
max_cycle     : 1000
conv          : 6
econv         : 9
method        : diis
mom_start     : 0
guess mix     : 0.000000
orb_swap      : [[[0, 7]], []]
init E        : -66.7921768354257
init S2       : 0.752606043651324
init |[F,P]|  : 1.78e-02
init |dE|     : 4.90e-02
check file    : None

iter      total energy   |[F,P]|      |dE|         ∆E   S^2   comment
   1     -67.159577433  9.54e-03  2.77e-02  -3.67e-01  0.75  DIIS mom: 6.7/7 7.6/8
   2     -67.388755645  1.68e-03  4.75e-03  -2.29e-01  0.76  DIIS mom: 6.9/7 7.9/8
   3     -67.398397737  4.20e-04  1.15e-03  -9.64e-03  0.77  DIIS mom: 7.0/7 8.0/8
   4     -67.399733151  2.82e-04  7.10e-04  -1.34e-03  0.77  DIIS mom: 7.0/7 8.0/8
   5     -67.401063953  2.17e-04  5.32e-04  -1.33e-03  0.79  DIIS mom: 7.0/7 8.0/8
   6     -67.402534261  1.66e-04  4.08e-04  -1.47e-03  0.83  DIIS mom: 7.0/7 8.0/8
   7     -67.404024076  8.45e-05  2.09e-04  -1.49e-03  0.90  DIIS mom: 7.0/7 8.0/8
   8     -67.404415336  2.77e-05  7.48e-05  -3.91e-04  0.97  DIIS mom: 7.0/7 8.0/8
   9     -67.404412966  1.89e-05  5.11e-05   2.37e-06  0.96  DIIS mom: 7.0/7 8.0/8
  10     -67.404420918  3.41e-06  9.17e-06  -7.95e-06  0.97  DIIS mom: 7.0/7 8.0/8
  11     -67.404421011  1.55e-06  4.23e-06  -9.37e-08  0.97  DIIS mom: 7.0/7 8.0/8
  12     -67.404421041  3.77e-07  1.01e-06  -3.00e-08  0.97  DIIS mom: 7.0/7 8.0/8
  13     -67.404421043  8.17e-08  2.19e-07  -1.77e-09  0.97  DIIS mom: 7.0/7 8.0/8
  14     -67.404421043  2.37e-08  6.37e-08  -6.97e-11  0.97  DIIS mom: 7.0/7 8.0/8
                                                                      diis is converged!

SCF converged : True
final |[F,P]| : 2.37e-08
final |dE|    : 6.37e-08
final Escf    : -100.66951152426
final Etot    : -67.4044210430712
final S2      : 0.973386812489775

  diis prep             :::        0.240 (  0.02%)
  diis extrap           :::        0.192 (  0.02%)
  roothaan              :::        0.903 (  0.08%)
  fock build            :::     1146.386 ( 99.88%)
  Total                 :::     1147.721 (100.00%)

Alpha occupied
  -11.593  -1.400  -1.126  -0.991  -0.945  -0.832  -0.729 

Alpha virtual
  -10.082  -0.162  -0.091  -0.065  -0.062  -0.008   0.005   0.010 
    0.048   0.064   0.081   0.091   0.153   0.160   0.185   0.195 
    0.210   0.218   0.292   0.310   0.321   0.349   0.360   0.383 
    0.436   0.469   0.490   0.498   0.502   0.520   0.529   0.557 
    0.565   0.616   0.655   0.683   0.694   0.716   0.719   0.721 
    0.762   0.812   0.816   0.830   0.852   0.873   0.933   1.003 
    1.074   1.130   1.170   1.184   1.236   1.237   1.241   1.247 
    1.255   1.293   1.297   1.313   1.401   1.409   1.434   1.442 
    1.455   1.466   1.543   1.554   1.584   1.639   1.644   1.651 
    1.662   1.682   1.752   1.804   1.806   1.823   1.850   1.882 
    1.890   1.919   1.923   1.931   1.995   1.999   2.040   2.068 
    2.068   2.108   2.115   2.120   2.315   2.367   2.371   2.456 
    2.505   2.508   2.555   2.588   2.687   2.690   2.762   2.768 
    2.770   2.909   2.924   2.935   2.985   3.000   3.069   3.177 
    3.197   3.221   3.253   3.263   3.301   3.339   3.346   3.414 
    3.424   3.458   3.517   3.519   3.549   3.588   3.672   3.675 
    3.690   3.708   3.732   3.748   3.803   3.808   3.907   3.922 
    3.967   3.975   3.986   4.009   4.067   4.111   4.132   4.133 
    4.164   4.186   4.239   4.275   4.316   4.322   4.335   4.356 
    4.441   4.460   4.525   4.558   4.568   4.574   4.590   4.615 
    4.628   4.723   4.811   4.830   4.860   4.946   4.955   4.974 
    4.976   4.976   4.978   4.987   5.024   5.094   5.107   5.156 
    5.170   5.180   5.254   5.262   5.272   5.373   5.399   5.422 
    5.514   5.616   5.616   5.633   5.687   5.759   5.826   5.979 
    6.000   6.102   6.152   6.170   6.246   6.312   6.463   6.494 
    6.676   6.698   6.750   6.754   6.770   6.789   6.901   6.950 
    7.011   7.019   7.120   7.148   7.193   7.275   7.410   7.412 
    7.526   7.573   7.740   7.852   7.861   7.953   7.998   8.004 
    8.048   8.061   8.158   8.220   8.348   8.546   8.595   8.668 
    8.713   8.774   8.777   8.795   8.904   8.909   8.934   9.039 
    9.044   9.295   9.510   9.566   9.600   9.670   9.671   9.678 
    9.714   9.724   9.837   9.873   9.893   9.896   9.945   9.958 
   10.044  10.081  10.156  10.284  10.409  10.422  10.466  10.573 
   10.621  10.623  10.686  10.780  10.806  10.811  10.851  11.021 
   11.024  11.026  11.192  11.255  11.415  11.483  11.556  11.670 
   11.939  12.036  12.130  12.199  12.202  12.339  12.342  12.424 
   12.434  12.485  12.498  12.504  12.514  12.518  12.521  12.549 
   12.554  12.556  12.574  12.606  12.641  12.733  12.771  12.810 
   12.836  12.867  12.928  13.081  13.178  13.184  13.221  13.290 
   13.312  13.423  13.448  13.480  13.509  13.621  13.633  13.634 
   13.682  13.685  13.704  13.709  13.732  13.788  13.791  13.840 
   13.873  13.907  13.931  13.935  13.954  14.023  14.040  14.081 
   14.115  14.177  14.210  14.214  14.270  14.297  14.360  14.407 
   14.538  14.603  14.628  14.694  14.743  14.744  14.874  14.993 
   15.004  15.072  15.139  15.267  15.303  15.498  15.691  15.716 
   15.745  15.790  15.850  15.959  16.110  16.128  16.774  16.950 
   16.974  17.048  17.195  17.280  17.291  17.324  17.453  17.457 
   17.543  17.666  17.686  17.741  17.760  17.958  18.060  18.135 
   18.251  18.542  18.849  18.940  18.990  19.799  20.084  20.101 
   20.624  20.643  20.910  21.188  21.357  23.257  23.701  23.856 
   24.154  34.913  35.090  35.397  35.869  35.897  36.019  36.382 
   36.560  37.490  37.702  46.061  46.111  46.173  46.403  46.496 
   46.652  46.891  46.959  46.963  47.050  47.335  47.367  47.549 
   47.914  49.716  50.865  57.754  58.972  59.847  59.873  61.064 
   61.089 106.085 106.133 106.490 106.877 107.075 107.710 107.715 
  108.179 108.740 108.778 128.533 130.431 162.893 164.625 164.638 
  164.894 165.627 165.627 165.630 165.632 165.632 165.634 165.639 
  165.653 165.659 166.621 166.639 167.211 167.212 167.217 167.218 
  167.219 167.220 167.231 167.261 167.267 186.151 186.173 186.211 
  186.327 186.336 186.410 186.582 188.063 188.087 188.125 188.247 
  188.251 188.330 188.508 326.914 326.939 327.173 327.497 327.609 
  329.403 329.416 329.680 330.071 330.112 335.341 337.968 462.057 
  463.556 463.556 464.837 466.337 466.338 1172.420 1176.520 

Beta occupied
  -13.762 -11.581  -1.472  -1.155  -1.026  -0.969  -0.850  -0.837 

Beta virtual
   -0.150  -0.100  -0.070  -0.063  -0.009   0.005   0.010   0.055 
    0.065   0.087   0.092   0.143   0.143   0.192   0.195   0.213 
    0.217   0.281   0.308   0.324   0.351   0.366   0.382   0.441 
    0.471   0.490   0.490   0.505   0.516   0.524   0.556   0.568 
    0.604   0.632   0.677   0.692   0.706   0.721   0.726   0.744 
    0.814   0.818   0.831   0.853   0.870   0.932   1.003   1.075 
    1.133   1.176   1.188   1.237   1.239   1.243   1.245   1.257 
    1.291   1.300   1.313   1.403   1.410   1.433   1.444   1.456 
    1.457   1.544   1.545   1.586   1.641   1.642   1.652   1.663 
    1.680   1.742   1.804   1.805   1.806   1.837   1.881   1.883 
    1.889   1.923   1.933   1.996   2.000   2.038   2.067   2.068 
    2.098   2.115   2.120   2.300   2.368   2.371   2.456   2.489 
    2.509   2.548   2.589   2.674   2.676   2.762   2.764   2.769 
    2.903   2.925   2.930   2.986   2.997   3.068   3.168   3.190 
    3.223   3.256   3.265   3.301   3.340   3.346   3.415   3.424 
    3.457   3.512   3.517   3.543   3.581   3.671   3.672   3.676 
    3.705   3.732   3.748   3.797   3.811   3.908   3.923   3.963 
    3.975   3.985   4.000   4.056   4.112   4.130   4.131   4.153 
    4.185   4.234   4.276   4.314   4.323   4.327   4.351   4.437 
    4.459   4.525   4.556   4.567   4.570   4.585   4.616   4.622 
    4.720   4.809   4.829   4.855   4.946   4.947   4.969   4.971 
    4.972   4.978   4.989   5.024   5.092   5.103   5.152   5.163 
    5.174   5.251   5.253   5.261   5.373   5.396   5.422   5.501 
    5.612   5.615   5.620   5.686   5.749   5.814   5.978   5.981 
    6.089   6.151   6.170   6.247   6.313   6.457   6.488   6.677 
    6.695   6.724   6.740   6.756   6.758   6.899   6.948   6.992 
    7.007   7.118   7.145   7.169   7.272   7.405   7.408   7.511 
    7.555   7.737   7.845   7.850   7.923   7.997   8.002   8.034 
    8.061   8.155   8.210   8.347   8.543   8.546   8.665   8.712 
    8.759   8.776   8.793   8.888   8.901   8.920   9.026   9.038 
    9.278   9.507   9.560   9.591   9.665   9.666   9.673   9.708 
    9.721   9.832   9.870   9.887   9.889   9.938   9.952  10.038 
   10.077  10.152  10.281  10.404  10.419  10.446  10.570  10.613 
   10.621  10.659  10.771  10.808  10.809  10.835  11.013  11.014 
   11.023  11.188  11.246  11.407  11.476  11.546  11.658  11.923 
   11.995  12.127  12.190  12.206  12.307  12.334  12.424  12.435 
   12.486  12.500  12.504  12.512  12.519  12.522  12.549  12.555 
   12.557  12.574  12.606  12.641  12.734  12.766  12.811  12.829 
   12.861  12.926  13.082  13.177  13.182  13.221  13.292  13.313 
   13.424  13.449  13.478  13.485  13.621  13.632  13.637  13.683 
   13.686  13.703  13.709  13.731  13.789  13.791  13.840  13.875 
   13.905  13.928  13.935  13.951  14.020  14.041  14.079  14.115 
   14.169  14.205  14.215  14.270  14.296  14.357  14.369  14.536 
   14.603  14.624  14.693  14.740  14.745  14.874  14.991  15.003 
   15.068  15.140  15.266  15.298  15.497  15.685  15.711  15.745 
   15.788  15.849  15.958  16.110  16.125  16.772  16.941  16.964 
   17.049  17.188  17.280  17.291  17.324  17.453  17.453  17.522 
   17.609  17.683  17.739  17.754  17.952  18.058  18.121  18.244 
   18.535  18.828  18.933  18.972  19.709  20.070  20.070  20.395 
   20.583  20.897  21.188  21.325  23.077  23.533  23.841  24.157 
   34.790  34.954  35.285  35.873  35.889  35.912  36.272  36.552 
   37.475  37.669  45.979  46.031  46.092  46.321  46.415  46.574 
   46.892  46.895  46.962  47.052  47.338  47.350  47.549  47.910 
   49.377  50.846  57.395  58.975  59.507  59.534  61.066  61.090 
  105.866 105.912 106.276 106.673 106.861 107.709 107.717 108.176 
  108.737 108.762 128.179 130.421 162.557 164.297 164.309 164.896 
  165.528 165.529 165.530 165.532 165.533 165.535 165.540 165.554 
  165.559 166.622 166.640 167.213 167.213 167.218 167.220 167.220 
  167.221 167.232 167.261 167.268 185.986 186.007 186.046 186.162 
  186.171 186.246 186.418 188.064 188.088 188.126 188.248 188.252 
  188.331 188.509 326.686 326.710 326.945 327.273 327.382 329.404 
  329.417 329.679 330.066 330.112 335.053 337.963 461.801 463.301 
  463.302 464.838 466.338 466.338 1172.255 1176.502 


  >>> Running UHF-MP2 <<<

MP2 correlation energy (UHF) : -0.4371505815
MP2 total energy       (UHF) : -67.8415716245

