	*********************************************** 
	***** Beginning CEBE Calculation with MOM ***** 
	*****       Calculation Details:          ***** 
	      Geometry:	 /home/am3939/core/calculations/mols/exp/c/c2-h6.xyz
	      Core Basis:	 ccX-5Z
	      Full Basis:	 cc-pV5Z
	      DIIS (start, space):	 0 50
	      Level shift:	 0
	      Do localization?:	 True
	      Atoms that were localized?:	 ['C']
	      Do SFX2C1E?:	 True
	      Freeze orbitals?:	 True
	      Use Cheng orbitals?:	 False
	      Do Special Basis?:	 True
	      Do Special Basis?:	 ccX-5Z
	*********************************************** 
	*********************************************** 

  >>> Running RHF <<<

init D/C      : minao
init ov       : zeros
no            : 9
nv            : 705
ov_size       : 6345
max_cycle     : 1000
conv          : 6
econv         : 9
method        : gdm
scale_stop    : 0
scale_factor  : 1.000000
init E        : -79.2485115066037
init |[F,P]|  : 2.39e-03
init |dE|     : 5.70e-03
check file    : None

iter      total energy   |[F,P]|      |dE|         ∆E   comment
   1     -79.265169956  6.32e-04  1.46e-03  -1.67e-02  BFGS
   2     -79.266403443  1.57e-04  3.85e-04  -1.23e-03  BFGS
   3     -79.266455858  3.70e-05  9.05e-05  -5.24e-05  BFGS
   4     -79.266459320  5.22e-06  1.24e-05  -3.46e-06  BFGS
   5     -79.266459482  1.32e-06  2.96e-06  -1.62e-07  BFGS
   6     -79.266459490  2.36e-07  5.51e-07  -8.08e-09  BFGS
   7     -79.266459490  3.22e-08  7.74e-08  -1.53e-10  BFGS
                                                                      gdm is converged!

SCF converged : True
final |[F,P]| : 3.22e-08
final |dE|    : 7.74e-08
final Escf    : -121.44447843985
final Etot    : -79.2664594899133

  pxp & ewc             :::        0.491 (  0.21%)
  apply B               :::        0.001 (  0.00%)
  linsrch               :::      235.282 ( 99.78%)
  grad                  :::        0.018 (  0.01%)
  Total                 :::      235.792 (100.00%)

Alpha occupied
  -11.211 -11.210  -1.015  -0.841  -0.596  -0.596  -0.506  -0.488 
   -0.488 

Alpha virtual
    0.078   0.082   0.091   0.091   0.122   0.122   0.122   0.173 
    0.173   0.216   0.222   0.222   0.286   0.309   0.326   0.347 
    0.347   0.359   0.365   0.365   0.440   0.440   0.453   0.453 
    0.493   0.498   0.498   0.503   0.572   0.624   0.674   0.674 
    0.714   0.722   0.722   0.748   0.763   0.772   0.787   0.787 
    0.835   0.835   0.871   0.875   0.875   0.877   0.919   0.919 
    0.960   0.966   0.966   0.967   0.973   0.973   1.001   1.001 
    1.049   1.110   1.117   1.117   1.156   1.156   1.242   1.271 
    1.271   1.396   1.417   1.417   1.429   1.521   1.539   1.539 
    1.551   1.580   1.581   1.629   1.629   1.661   1.683   1.718 
    1.718   1.719   1.820   1.836   1.836   1.841   1.841   1.862 
    1.894   1.894   1.894   1.935   1.935   1.948   1.978   1.989 
    1.989   2.070   2.070   2.080   2.080   2.092   2.186   2.186 
    2.215   2.215   2.288   2.326   2.333   2.333   2.344   2.378 
    2.378   2.394   2.394   2.419   2.481   2.482   2.507   2.507 
    2.533   2.579   2.629   2.629   2.731   2.754   2.754   2.792 
    2.792   2.820   2.852   2.985   2.990   2.990   3.026   3.026 
    3.097   3.208   3.212   3.241   3.241   3.273   3.273   3.297 
    3.443   3.443   3.519   3.519   3.607   3.638   3.772   3.772 
    3.787   3.787   3.827   3.917   3.917   3.930   3.930   3.936 
    3.940   3.977   3.977   4.065   4.065   4.079   4.079   4.087 
    4.138   4.138   4.180   4.185   4.214   4.226   4.288   4.327 
    4.327   4.358   4.358   4.373   4.379   4.379   4.418   4.418 
    4.433   4.711   4.711   4.729   4.729   4.746   4.746   4.746 
    4.798   4.799   4.799   4.831   4.831   4.849   4.856   4.869 
    4.882   4.997   4.997   5.012   5.012   5.073   5.101   5.101 
    5.182   5.183   5.183   5.193   5.202   5.202   5.257   5.284 
    5.342   5.342   5.453   5.453   5.453   5.486   5.532   5.532 
    5.549   5.549   5.564   5.614   5.643   5.643   5.681   5.704 
    5.704   5.803   5.827   5.901   5.901   5.909   5.923   5.923 
    5.936   6.030   6.030   6.047   6.047   6.064   6.107   6.168 
    6.168   6.296   6.296   6.312   6.341   6.349   6.349   6.359 
    6.359   6.532   6.532   6.576   6.914   6.964   7.002   7.002 
    7.034   7.105   7.105   7.213   7.241   7.241   7.266   7.266 
    7.300   7.347   7.347   7.551   7.551   7.578   7.725   7.850 
    7.850   7.861   7.869   7.952   7.952   7.976   7.979   7.979 
    7.985   8.343   8.476   8.476   8.487   8.487   8.543   8.976 
    9.058   9.058   9.087   9.087   9.328   9.328   9.375   9.396 
    9.521   9.521   9.774   9.858   9.860   9.860   9.863   9.863 
   10.032  10.032  10.183  10.187  10.243  10.243  10.286  10.287 
   10.417  10.451  10.451  10.519  10.676  10.702  10.702  10.780 
   10.780  10.813  10.813  10.840  10.896  10.954  10.954  11.042 
   11.276  11.276  11.319  11.319  11.349  11.572  11.671  11.672 
   11.672  11.762  11.762  11.762  11.787  11.818  11.859  11.892 
   11.892  12.285  12.490  12.490  12.494  12.558  12.558  12.648 
   12.648  12.651  12.677  12.763  12.795  12.795  12.808  12.808 
   12.840  12.885  12.885  12.888  12.889  12.889  12.907  13.002 
   13.002  13.056  13.056  13.103  13.103  13.120  13.121  13.138 
   13.164  13.208  13.208  13.299  13.299  13.344  13.344  13.445 
   13.463  13.463  13.493  13.493  13.535  13.535  13.558  13.558 
   13.570  13.646  13.721  13.721  13.724  13.899  13.899  13.943 
   13.963  13.987  14.059  14.059  14.078  14.078  14.078  14.164 
   14.165  14.211  14.250  14.266  14.281  14.281  14.372  14.372 
   14.390  14.429  14.429  14.454  14.454  14.478  14.494  14.494 
   14.530  14.530  14.584  14.584  14.689  14.745  14.748  14.748 
   14.753  14.753  14.789  14.833  14.858  14.858  14.898  14.903 
   14.903  14.943  15.043  15.043  15.049  15.270  15.270  15.325 
   15.488  15.565  15.565  15.761  15.768  15.768  15.926  15.944 
   15.951  15.951  16.017  16.017  16.121  16.123  16.123  16.186 
   16.278  16.278  16.484  16.587  16.625  16.861  16.861  16.897 
   16.898  17.474  17.657  17.701  17.701  17.744  17.744  17.860 
   17.986  17.986  18.022  18.022  18.085  18.342  18.342  18.495 
   18.495  18.532  18.615  18.632  18.632  18.747  18.747  18.828 
   18.868  18.868  19.095  19.167  19.168  19.437  19.537  19.575 
   19.575  19.598  19.599  20.025  20.166  21.372  21.532  21.917 
   21.918  21.935  21.935  24.720  24.929  39.006  39.006  39.068 
   39.068  39.460  39.618  39.977  39.977  39.982  39.982  40.532 
   40.533  40.630  40.704  40.831  40.831  40.853  40.853  40.951 
   40.995  41.201  41.201  41.624  41.665  41.854  41.855  42.016 
   42.016  42.330  42.545  52.534  52.730  87.061  87.061  87.090 
   87.090  87.113  87.115  87.115  87.126  87.126  87.147  87.154 
   87.166  87.232  87.235  87.235  87.235  87.237  87.237  90.234 
   90.263  90.263  90.268  90.268  90.534 108.023 108.023 108.077 
  108.077 108.547 108.613 108.954 108.954 108.957 108.957 112.810 
  113.027 130.220 130.220 130.318 130.381 130.399 130.406 130.519 
  130.519 130.539 130.539 130.559 130.559 131.115 131.161 210.546 
  210.570 210.570 210.571 210.571 210.795 248.032 248.228 251.706 
  251.706 251.706 251.706 251.706 251.706 251.706 251.706 251.706 
  251.706 251.706 251.706 251.706 251.706 251.706 251.706 251.707 
  251.707 251.707 251.707 251.707 251.707 276.786 276.786 276.829 
  276.829 277.194 277.266 277.531 277.532 277.534 277.534 311.090 
  311.090 311.101 311.101 311.109 311.109 311.110 311.113 311.113 
  311.120 311.122 311.127 311.150 311.152 311.152 311.153 311.154 
  311.154 396.430 396.430 396.482 396.524 396.539 396.540 396.604 
  396.604 396.612 396.612 396.621 396.621 396.931 396.963 538.487 
  538.505 538.505 538.507 538.507 538.691 599.054 599.253 707.265 
  707.265 707.297 707.297 707.577 707.644 707.852 707.852 707.854 
  707.854 1738.998 1739.013 1739.013 1739.015 1739.015 1739.178 2327.601 
  2327.977 


  >>> Running RHF-MP2 <<<


RMP2-TIMING
  rmp2                  :::      294.419 (100.00%)
  Total                 :::      294.419 (100.00%)

MP2 correlation energy (RHF) : -0.5095900800
MP2 total energy       (RHF) : -79.7760495699


  >>> Running UHF <<<

init D/C      : input mo_coeff
init ov       : zeros
no            : 8 9
nv            : 706 705
ov_size       : 11993
max_cycle     : 1000
conv          : 6
econv         : 9
method        : diis
mom_start     : 0
guess mix     : 0.000000
orb_swap      : [[[0, 8]], []]
init E        : -68.0891538600129
init S2       : 0.750000000000021
init |[F,P]|  : 1.64e-02
init |dE|     : 4.12e-02
check file    : None

iter      total energy   |[F,P]|      |dE|         ∆E   S^2   comment
   1     -68.415184650  7.44e-03  1.91e-02  -3.26e-01  0.75  DIIS mom: 7.7/8 8.7/9
   2     -68.590562987  1.28e-03  3.15e-03  -1.75e-01  0.76  DIIS mom: 7.9/8 9.0/9
   3     -68.596456717  2.39e-04  5.91e-04  -5.89e-03  0.76  DIIS mom: 8.0/8 9.0/9
   4     -68.597119144  1.50e-04  3.56e-04  -6.62e-04  0.77  DIIS mom: 8.0/8 9.0/9
   5     -68.597555068  6.38e-05  1.53e-04  -4.36e-04  0.78  DIIS mom: 8.0/8 9.0/9
   6     -68.597634537  1.89e-05  4.59e-05  -7.95e-05  0.78  DIIS mom: 8.0/8 9.0/9
   7     -68.597640981  3.98e-06  9.64e-06  -6.44e-06  0.79  DIIS mom: 8.0/8 9.0/9
   8     -68.597641179  1.76e-06  4.14e-06  -1.98e-07  0.79  DIIS mom: 8.0/8 9.0/9
   9     -68.597641227  7.86e-07  1.85e-06  -4.78e-08  0.79  DIIS mom: 8.0/8 9.0/9
  10     -68.597641239  1.94e-07  4.63e-07  -1.18e-08  0.79  DIIS mom: 8.0/8 9.0/9
  11     -68.597641239  4.30e-08  1.05e-07  -6.81e-10  0.79  DIIS mom: 8.0/8 9.0/9
                                                                      diis is converged!

SCF converged : True
final |[F,P]| : 4.30e-08
final |dE|    : 1.05e-07
final Escf    : -110.77566018942
final Etot    : -68.5976412394829
final S2      : 0.785460483736253

  diis prep             :::        0.256 (  0.06%)
  diis extrap           :::        0.303 (  0.07%)
  roothaan              :::        1.572 (  0.37%)
  fock build            :::      421.704 ( 99.50%)
  Total                 :::      423.835 (100.00%)

Alpha occupied
  -11.488  -1.367  -1.150  -0.950  -0.950  -0.850  -0.771  -0.771 

Alpha virtual
  -10.099  -0.108  -0.073  -0.073  -0.072  -0.031  -0.025  -0.025 
   -0.015  -0.015   0.044   0.044   0.048   0.084   0.113   0.141 
    0.144   0.144   0.169   0.177   0.177   0.190   0.190   0.243 
    0.246   0.246   0.269   0.269   0.296   0.335   0.401   0.456 
    0.456   0.503   0.503   0.507   0.525   0.544   0.553   0.570 
    0.570   0.613   0.613   0.633   0.644   0.644   0.673   0.682 
    0.682   0.714   0.723   0.723   0.724   0.753   0.753   0.787 
    0.787   0.833   0.871   0.894   0.894   0.941   0.941   1.022 
    1.043   1.043   1.163   1.177   1.180   1.180   1.288   1.293 
    1.293   1.309   1.323   1.323   1.377   1.377   1.399   1.437 
    1.471   1.471   1.473   1.544   1.556   1.556   1.584   1.584 
    1.616   1.633   1.644   1.644   1.678   1.678   1.703   1.721 
    1.724   1.724   1.826   1.826   1.844   1.844   1.846   1.936 
    1.936   1.961   1.961   2.021   2.065   2.080   2.080   2.086 
    2.123   2.123   2.158   2.158   2.166   2.219   2.242   2.242 
    2.247   2.289   2.316   2.361   2.361   2.473   2.501   2.501 
    2.542   2.542   2.544   2.609   2.718   2.724   2.724   2.765 
    2.765   2.809   2.951   2.954   2.957   2.957   3.000   3.000 
    3.027   3.172   3.172   3.243   3.243   3.331   3.366   3.487 
    3.487   3.510   3.510   3.552   3.634   3.634   3.637   3.641 
    3.641   3.668   3.686   3.686   3.788   3.788   3.797   3.803 
    3.803   3.862   3.868   3.868   3.921   3.921   3.984   3.987 
    4.041   4.041   4.082   4.082   4.093   4.128   4.129   4.137 
    4.137   4.163   4.414   4.414   4.457   4.457   4.472   4.479 
    4.479   4.505   4.542   4.542   4.563   4.565   4.565   4.574 
    4.614   4.623   4.714   4.714   4.733   4.733   4.797   4.829 
    4.829   4.864   4.864   4.881   4.931   4.947   4.947   4.976 
    4.998   5.061   5.061   5.154   5.174   5.174   5.203   5.251 
    5.251   5.265   5.265   5.293   5.340   5.366   5.366   5.416 
    5.439   5.439   5.510   5.555   5.608   5.608   5.624   5.655 
    5.655   5.669   5.744   5.744   5.763   5.763   5.787   5.813 
    5.881   5.881   6.013   6.013   6.018   6.023   6.023   6.069 
    6.099   6.099   6.250   6.250   6.276   6.629   6.639   6.712 
    6.712   6.747   6.812   6.812   6.924   6.932   6.932   6.980 
    6.980   7.022   7.079   7.079   7.244   7.245   7.285   7.424 
    7.547   7.547   7.548   7.595   7.652   7.652   7.696   7.697 
    7.715   7.715   8.043   8.141   8.141   8.236   8.236   8.256 
    8.629   8.733   8.733   8.769   8.769   8.960   8.960   9.061 
    9.083   9.201   9.201   9.452   9.539   9.539   9.569   9.586 
    9.586   9.728   9.728   9.829   9.892   9.928   9.928   9.982 
    9.982  10.107  10.136  10.136  10.188  10.324  10.401  10.401 
   10.449  10.449  10.507  10.507  10.536  10.542  10.655  10.655 
   10.706  10.896  10.897  10.987  11.041  11.041  11.255  11.318 
   11.367  11.367  11.422  11.422  11.447  11.447  11.475  11.585 
   11.586  11.586  11.916  12.036  12.036  12.150  12.242  12.242 
   12.324  12.353  12.353  12.420  12.452  12.473  12.473  12.510 
   12.510  12.559  12.570  12.570  12.572  12.632  12.632  12.653 
   12.692  12.692  12.762  12.762  12.787  12.798  12.805  12.805 
   12.886  12.905  12.906  12.906  12.926  12.926  13.058  13.058 
   13.130  13.130  13.143  13.172  13.172  13.245  13.245  13.272 
   13.274  13.274  13.333  13.434  13.434  13.453  13.595  13.595 
   13.645  13.652  13.689  13.746  13.746  13.769  13.769  13.802 
   13.857  13.857  13.874  13.963  13.994  13.995  13.995  14.073 
   14.073  14.082  14.115  14.116  14.144  14.144  14.195  14.198 
   14.198  14.250  14.250  14.288  14.288  14.307  14.410  14.410 
   14.425  14.463  14.488  14.488  14.524  14.553  14.553  14.581 
   14.611  14.611  14.639  14.748  14.748  14.767  14.967  14.967 
   15.032  15.182  15.235  15.235  15.444  15.469  15.469  15.579 
   15.629  15.629  15.691  15.748  15.748  15.815  15.815  15.823 
   15.861  15.997  15.997  16.136  16.305  16.336  16.481  16.481 
   16.636  16.636  17.154  17.359  17.359  17.375  17.473  17.473 
   17.540  17.617  17.617  17.754  17.754  17.790  18.003  18.003 
   18.168  18.168  18.193  18.304  18.331  18.331  18.429  18.429 
   18.521  18.557  18.557  18.800  18.865  18.866  18.971  18.971 
   19.067  19.246  19.329  19.330  19.452  19.835  20.979  21.223 
   21.449  21.450  21.674  21.675  24.017  24.574  37.826  37.826 
   38.365  38.760  38.760  38.788  38.788  39.174  39.615  39.615 
   39.617  39.710  39.710  39.814  39.814  39.908  40.356  40.534 
   40.534  40.606  40.707  40.722  40.722  40.842  40.842  41.267 
   41.448  41.666  41.666  42.170  51.377  52.366  85.682  85.682 
   85.727  85.727  85.746  85.757  85.840  85.841  85.841  86.797 
   86.797  86.842  86.842  86.859  86.876  86.957  86.964  86.964 
   88.543  88.543  88.649  89.993  89.993  90.116 106.159 106.160 
  106.692 107.068 107.068 107.774 107.774 108.299 108.681 108.681 
  111.074 112.650 128.460 128.460 128.461 128.495 128.651 128.651 
  129.243 130.082 130.106 130.106 130.122 130.270 130.271 130.863 
  208.124 208.124 208.218 210.296 210.296 210.397 245.605 247.858 
  249.668 249.668 249.668 249.668 249.668 249.668 249.668 249.668 
  249.668 249.668 249.668 251.426 251.426 251.426 251.427 251.427 
  251.429 251.429 251.432 251.432 251.435 251.435 274.218 274.218 
  274.641 274.945 274.945 276.531 276.531 276.951 277.257 277.257 
  308.670 308.670 308.686 308.686 308.693 308.696 308.726 308.727 
  308.727 310.818 310.818 310.833 310.833 310.840 310.845 310.874 
  310.878 310.878 393.708 393.713 393.713 393.728 393.812 393.812 
  394.144 396.235 396.244 396.244 396.257 396.339 396.339 396.671 
  535.333 535.333 535.413 538.230 538.230 538.314 595.925 598.880 
  704.017 704.017 704.347 704.589 704.589 707.004 707.004 707.333 
  707.577 707.577 1735.248 1735.248 1735.320 1738.738 1738.738 1738.813 
  2323.993 2327.523 

Beta occupied
  -13.763 -11.485  -1.441  -1.163  -0.987  -0.987  -0.887  -0.773 
   -0.773 

Beta virtual
   -0.116  -0.077  -0.077  -0.071  -0.032  -0.023  -0.023  -0.017 
   -0.017   0.045   0.045   0.046   0.074   0.109   0.137   0.137 
    0.137   0.163   0.179   0.179   0.187   0.187   0.239   0.248 
    0.248   0.272   0.272   0.294   0.327   0.403   0.457   0.457 
    0.504   0.504   0.508   0.518   0.539   0.552   0.567   0.567 
    0.608   0.608   0.623   0.637   0.637   0.674   0.679   0.679 
    0.705   0.722   0.722   0.730   0.754   0.754   0.787   0.787 
    0.834   0.867   0.895   0.895   0.942   0.942   1.021   1.044 
    1.044   1.159   1.179   1.181   1.181   1.286   1.293   1.293 
    1.312   1.324   1.324   1.378   1.378   1.397   1.439   1.469 
    1.473   1.473   1.526   1.536   1.536   1.585   1.585   1.614 
    1.623   1.645   1.645   1.674   1.674   1.704   1.719   1.722 
    1.722   1.826   1.826   1.843   1.845   1.845   1.936   1.936 
    1.960   1.960   2.011   2.062   2.080   2.080   2.087   2.124 
    2.124   2.157   2.157   2.168   2.219   2.242   2.242   2.245 
    2.290   2.313   2.359   2.359   2.475   2.502   2.502   2.532 
    2.541   2.541   2.606   2.717   2.725   2.725   2.765   2.765 
    2.799   2.950   2.950   2.952   2.956   2.999   2.999   3.022 
    3.169   3.169   3.237   3.237   3.331   3.359   3.485   3.485 
    3.509   3.509   3.551   3.617   3.619   3.620   3.639   3.639 
    3.669   3.682   3.682   3.785   3.785   3.790   3.803   3.803 
    3.846   3.867   3.867   3.909   3.923   3.976   3.984   4.040 
    4.041   4.082   4.082   4.088   4.127   4.127   4.136   4.136 
    4.163   4.410   4.410   4.457   4.457   4.473   4.480   4.480 
    4.496   4.543   4.543   4.560   4.566   4.566   4.574   4.612 
    4.624   4.710   4.710   4.731   4.731   4.798   4.827   4.827 
    4.855   4.855   4.872   4.932   4.948   4.948   4.959   4.991 
    5.058   5.058   5.139   5.172   5.172   5.198   5.249   5.249 
    5.263   5.263   5.293   5.337   5.365   5.365   5.417   5.439 
    5.439   5.506   5.554   5.606   5.606   5.621   5.654   5.654 
    5.670   5.737   5.737   5.763   5.763   5.788   5.807   5.881 
    5.881   6.009   6.009   6.014   6.019   6.019   6.064   6.100 
    6.100   6.250   6.250   6.270   6.620   6.631   6.712   6.712 
    6.746   6.812   6.812   6.923   6.932   6.932   6.978   6.978 
    7.022   7.080   7.080   7.241   7.241   7.282   7.422   7.545 
    7.545   7.546   7.592   7.648   7.648   7.695   7.695   7.714 
    7.714   8.036   8.136   8.136   8.236   8.236   8.255   8.598 
    8.691   8.691   8.767   8.767   8.929   8.929   9.043   9.082 
    9.192   9.192   9.439   9.534   9.534   9.568   9.583   9.583 
    9.725   9.725   9.785   9.888   9.923   9.923   9.978   9.978 
   10.102  10.131  10.131  10.157  10.288  10.398  10.398  10.441 
   10.441  10.505  10.505  10.507  10.540  10.653  10.653  10.697 
   10.879  10.879  10.957  11.042  11.042  11.249  11.295  11.364 
   11.364  11.413  11.413  11.437  11.439  11.472  11.585  11.585 
   11.585  11.904  12.009  12.009  12.136  12.241  12.241  12.327 
   12.353  12.353  12.421  12.454  12.474  12.474  12.511  12.511 
   12.561  12.570  12.570  12.572  12.631  12.631  12.652  12.692 
   12.692  12.758  12.758  12.789  12.801  12.806  12.806  12.885 
   12.896  12.896  12.905  12.921  12.921  13.058  13.058  13.126 
   13.126  13.143  13.172  13.173  13.246  13.246  13.273  13.274 
   13.274  13.334  13.434  13.434  13.452  13.593  13.593  13.641 
   13.654  13.690  13.748  13.748  13.769  13.769  13.802  13.855 
   13.855  13.876  13.964  13.993  13.996  13.996  14.072  14.072 
   14.080  14.117  14.117  14.143  14.143  14.195  14.197  14.197 
   14.249  14.249  14.287  14.287  14.287  14.408  14.408  14.425 
   14.456  14.488  14.488  14.522  14.553  14.553  14.581  14.611 
   14.611  14.638  14.747  14.747  14.767  14.966  14.966  15.031 
   15.175  15.231  15.231  15.438  15.468  15.468  15.579  15.630 
   15.630  15.691  15.748  15.748  15.815  15.815  15.823  15.855 
   15.997  15.997  16.135  16.305  16.336  16.478  16.478  16.636 
   16.636  17.155  17.361  17.361  17.375  17.469  17.470  17.540 
   17.611  17.611  17.753  17.753  17.788  17.989  17.989  18.167 
   18.167  18.183  18.304  18.324  18.324  18.429  18.429  18.519 
   18.547  18.547  18.800  18.840  18.840  18.892  18.892  19.052 
   19.228  19.330  19.330  19.352  19.833  20.954  21.219  21.418 
   21.418  21.675  21.675  23.783  24.569  37.692  37.692  38.236 
   38.655  38.656  38.761  38.761  39.159  39.458  39.458  39.482 
   39.706  39.707  39.744  39.744  39.848  40.330  40.482  40.533 
   40.533  40.684  40.684  40.707  40.754  40.754  41.233  41.421 
   41.666  41.666  42.168  51.075  52.365  85.624  85.624  85.669 
   85.669  85.688  85.699  85.782  85.783  85.783  86.798  86.798 
   86.842  86.842  86.860  86.876  86.957  86.964  86.964  88.256 
   88.256  88.364  89.993  89.993  90.114 105.962 105.962 106.496 
  106.873 106.873 107.774 107.774 108.300 108.682 108.682 110.768 
  112.649 128.333 128.334 128.334 128.368 128.523 128.524 129.116 
  130.083 130.105 130.105 130.122 130.271 130.271 130.863 207.844 
  207.844 207.939 210.296 210.296 210.397 245.329 247.858 249.599 
  249.599 249.600 249.600 249.600 249.600 249.600 249.600 249.600 
  249.600 249.600 251.426 251.426 251.426 251.427 251.427 251.429 
  251.429 251.432 251.432 251.435 251.435 274.020 274.020 274.443 
  274.747 274.747 276.531 276.531 276.951 277.258 277.258 308.561 
  308.561 308.577 308.577 308.584 308.587 308.617 308.619 308.619 
  310.818 310.818 310.833 310.833 310.840 310.845 310.875 310.878 
  310.878 393.552 393.557 393.557 393.573 393.657 393.657 393.989 
  396.235 396.243 396.243 396.257 396.339 396.339 396.671 535.111 
  535.111 535.192 538.230 538.230 538.314 595.703 598.880 703.854 
  703.854 704.183 704.426 704.426 707.005 707.005 707.333 707.577 
  707.577 1735.117 1735.117 1735.189 1738.738 1738.738 1738.813 2323.872 
  2327.523 

  SA 0  : 1 (1.00)    SB 0  : 0 (1.00)
  SA 1  : 2 (0.32) 3 (0.19) 4 (0.19) 5 (0.19)    SB 1  : 1 (1.00)
  SA 2  : 3 (0.10) 4 (0.10) 5 (0.10) 6 (0.20) 7 (0.20) 8 (0.20)    SB 2  : 2 (0.29) 3 (0.21) 4 (0.21) 5 (0.21)
  SA 3  : 3 (0.44) 5 (0.44)    SB 3  : 2 (0.15) 6 (0.20) 7 (0.20) 8 (0.20)
  SA 4  : 3 (0.15) 4 (0.58) 5 (0.15)    SB 4  : 3 (0.44) 5 (0.44)
  SA 5  : 2 (0.58)    SB 5  : 3 (0.15) 4 (0.58) 5 (0.15)
  SA 6  : 6 (0.15) 7 (0.59) 8 (0.15)    SB 6  : 2 (0.51) 6 (0.11) 7 (0.11) 8 (0.11)
  SA 7  : 6 (0.44) 8 (0.44)    SB 7  : 6 (0.15) 7 (0.61) 8 (0.15)
  SB 8  : 6 (0.46) 8 (0.46)

The transition for spin alpha is from 7 (0.00) to 1 (1.00).



  >>> Running UHF-MP2 <<<

MP2 correlation energy (UHF) : -0.4924248469
MP2 total energy       (UHF) : -69.0900660864

