	*********************************************** 
	***** Beginning CEBE Calculation with MOM ***** 
	*****       Calculation Details:          ***** 
	      Geometry:	 /work/morgunov/core/calculations/mols/exp/n/me2-n-cho.xyz
	      Core Basis:	 cc-pCV5Z
	      Full Basis:	 cc-pV5Z
	      DIIS (start, space):	 0 50
	      Level shift:	 0
	      Do localization?:	 False
	      Do SFX2C1E?:	 True
	      Freeze orbitals?:	 True
	      Use Cheng orbitals?:	 False
	      Do Special Basis?:	 False
	*********************************************** 
	*********************************************** 

  >>> Running RHF <<<

init D/C      : minao
init ov       : zeros
no            : 20
nv            : 874
ov_size       : 17480
max_cycle     : 1000
conv          : 6
econv         : 9
method        : gdm
scale_stop    : 0
scale_factor  : 1.000000
init E        : -246.946537997826
init |[F,P]|  : 4.53e-03
init |dE|     : 1.22e-02
check file    : None

iter      total energy   |[F,P]|      |dE|         ∆E   comment
   1    -247.001582624  3.94e-03  1.13e-02  -5.50e-02  BFGS
   2    -247.102453524  4.17e-04  1.02e-03  -1.01e-01  BFGS
   3    -247.103982832  1.25e-04  3.11e-04  -1.53e-03  BFGS
   4    -247.104210296  6.20e-05  1.55e-04  -2.27e-04  BFGS
   5    -247.104247826  2.47e-05  6.41e-05  -3.75e-05  BFGS
   6    -247.104255986  8.82e-06  2.25e-05  -8.16e-06  BFGS
   7    -247.104256526  2.30e-06  5.58e-06  -5.41e-07  BFGS
   8    -247.104256566  6.07e-07  1.60e-06  -3.98e-08  BFGS
   9    -247.104256570  1.92e-07  5.13e-07  -4.08e-09  BFGS
  10    -247.104256571  5.23e-08  1.25e-07  -3.47e-10  BFGS
                                                                      gdm is converged!

SCF converged : True
final |[F,P]| : 5.23e-08
final |dE|    : 1.25e-07
final Escf    : -429.396679221928
final Etot    : -247.104256570551

  pxp & ewc             :::        1.128 (  0.05%)
  apply B               :::        0.005 (  0.00%)
  linsrch               :::     2130.380 ( 99.94%)
  grad                  :::        0.044 (  0.00%)
  Total                 :::     2131.557 (100.00%)

Alpha occupied
  -20.516 -15.591 -11.343 -11.274 -11.257  -1.377  -1.258  -0.990 
   -0.952  -0.783  -0.706  -0.663  -0.656  -0.585  -0.570  -0.570 
   -0.542  -0.531  -0.429  -0.378 

Alpha virtual
    0.079   0.105   0.113   0.118   0.145   0.155   0.164   0.165 
    0.174   0.205   0.209   0.210   0.245   0.248   0.279   0.285 
    0.305   0.336   0.361   0.374   0.378   0.385   0.397   0.406 
    0.428   0.438   0.444   0.454   0.470   0.479   0.497   0.503 
    0.529   0.532   0.535   0.551   0.562   0.575   0.576   0.607 
    0.622   0.632   0.642   0.655   0.679   0.681   0.702   0.737 
    0.755   0.761   0.766   0.785   0.790   0.803   0.830   0.839 
    0.854   0.866   0.872   0.885   0.887   0.902   0.909   0.932 
    0.938   0.939   0.954   0.972   0.986   1.027   1.030   1.056 
    1.057   1.066   1.071   1.075   1.097   1.108   1.109   1.134 
    1.148   1.161   1.190   1.209   1.216   1.255   1.269   1.274 
    1.291   1.321   1.334   1.339   1.359   1.381   1.395   1.420 
    1.434   1.472   1.484   1.503   1.526   1.527   1.556   1.560 
    1.573   1.591   1.596   1.627   1.640   1.659   1.664   1.677 
    1.686   1.705   1.709   1.714   1.742   1.752   1.763   1.793 
    1.818   1.833   1.862   1.867   1.868   1.893   1.898   1.910 
    1.919   1.921   1.940   1.943   1.992   1.999   2.012   2.013 
    2.039   2.043   2.080   2.084   2.088   2.092   2.123   2.133 
    2.139   2.164   2.169   2.179   2.181   2.207   2.232   2.237 
    2.253   2.260   2.265   2.284   2.304   2.309   2.347   2.355 
    2.380   2.382   2.405   2.419   2.428   2.451   2.455   2.486 
    2.491   2.497   2.531   2.533   2.552   2.589   2.618   2.634 
    2.643   2.674   2.676   2.723   2.734   2.762   2.769   2.774 
    2.822   2.843   2.851   2.870   2.887   2.910   2.924   2.951 
    2.974   2.976   2.982   3.001   3.051   3.069   3.076   3.116 
    3.146   3.148   3.181   3.202   3.223   3.229   3.264   3.273 
    3.281   3.304   3.305   3.327   3.327   3.354   3.375   3.382 
    3.400   3.423   3.447   3.459   3.522   3.526   3.561   3.596 
    3.613   3.639   3.642   3.677   3.701   3.741   3.764   3.770 
    3.792   3.817   3.828   3.830   3.847   3.866   3.877   3.904 
    3.922   3.931   3.954   3.972   3.999   4.004   4.035   4.080 
    4.093   4.107   4.134   4.135   4.155   4.168   4.186   4.200 
    4.203   4.227   4.238   4.245   4.262   4.286   4.290   4.312 
    4.324   4.335   4.366   4.368   4.415   4.419   4.450   4.479 
    4.486   4.512   4.531   4.543   4.554   4.569   4.593   4.600 
    4.610   4.633   4.679   4.686   4.733   4.738   4.742   4.755 
    4.763   4.781   4.797   4.801   4.813   4.823   4.834   4.842 
    4.851   4.894   4.903   4.917   4.950   4.954   4.955   4.993 
    5.008   5.049   5.050   5.075   5.080   5.091   5.117   5.125 
    5.132   5.144   5.156   5.183   5.188   5.230   5.256   5.262 
    5.289   5.296   5.314   5.314   5.327   5.371   5.380   5.390 
    5.435   5.436   5.449   5.468   5.477   5.488   5.533   5.555 
    5.563   5.598   5.606   5.631   5.658   5.666   5.684   5.706 
    5.728   5.746   5.779   5.798   5.799   5.811   5.824   5.869 
    5.872   5.897   5.908   5.916   5.945   5.949   5.981   5.986 
    6.010   6.017   6.037   6.047   6.076   6.083   6.102   6.119 
    6.153   6.174   6.189   6.208   6.213   6.234   6.255   6.305 
    6.324   6.332   6.365   6.373   6.406   6.428   6.493   6.528 
    6.530   6.578   6.580   6.632   6.682   6.704   6.751   6.787 
    6.788   6.822   6.872   6.923   6.986   6.992   7.037   7.076 
    7.127   7.171   7.175   7.204   7.228   7.239   7.258   7.292 
    7.303   7.318   7.342   7.356   7.364   7.386   7.408   7.421 
    7.463   7.492   7.494   7.495   7.511   7.531   7.564   7.600 
    7.646   7.648   7.693   7.730   7.761   7.770   7.811   7.820 
    7.861   7.917   7.938   7.967   7.974   8.022   8.040   8.074 
    8.112   8.128   8.134   8.216   8.288   8.351   8.353   8.385 
    8.406   8.450   8.611   8.645   8.714   8.767   8.833   8.852 
    8.863   8.941   8.970   9.013   9.093   9.135   9.191   9.222 
    9.257   9.299   9.419   9.479   9.509   9.519   9.555   9.568 
    9.603   9.620   9.680   9.702   9.713   9.734   9.784   9.807 
    9.813   9.877   9.896   9.920   9.982  10.017  10.020  10.024 
   10.041  10.069  10.101  10.140  10.178  10.188  10.222  10.284 
   10.326  10.351  10.360  10.413  10.423  10.445  10.449  10.484 
   10.493  10.509  10.534  10.547  10.578  10.606  10.649  10.667 
   10.681  10.713  10.726  10.769  10.813  10.815  10.843  10.874 
   10.895  10.916  10.981  11.007  11.116  11.158  11.220  11.250 
   11.312  11.367  11.409  11.428  11.436  11.509  11.527  11.542 
   11.543  11.564  11.598  11.640  11.650  11.670  11.687  11.738 
   11.782  11.812  11.850  11.876  11.927  11.950  12.107  12.144 
   12.255  12.286  12.426  12.476  12.485  12.495  12.560  12.587 
   12.601  12.644  12.661  12.680  12.690  12.725  12.742  12.750 
   12.757  12.767  12.785  12.789  12.793  12.803  12.807  12.820 
   12.840  12.847  12.847  12.856  12.884  12.900  12.902  12.945 
   12.952  12.979  12.981  13.006  13.011  13.026  13.030  13.068 
   13.090  13.097  13.116  13.118  13.161  13.177  13.180  13.232 
   13.236  13.257  13.281  13.301  13.347  13.378  13.390  13.405 
   13.458  13.464  13.490  13.503  13.517  13.583  13.590  13.592 
   13.611  13.645  13.669  13.685  13.695  13.713  13.741  13.764 
   13.795  13.797  13.838  13.856  13.895  13.901  13.959  13.976 
   14.001  14.015  14.063  14.081  14.116  14.137  14.157  14.157 
   14.172  14.178  14.212  14.212  14.228  14.241  14.260  14.290 
   14.297  14.327  14.329  14.340  14.351  14.357  14.377  14.398 
   14.428  14.434  14.447  14.448  14.471  14.477  14.489  14.514 
   14.538  14.551  14.566  14.592  14.610  14.634  14.656  14.667 
   14.689  14.697  14.721  14.722  14.764  14.792  14.795  14.816 
   14.839  14.906  14.922  14.951  14.953  14.974  14.998  15.001 
   15.061  15.066  15.093  15.121  15.161  15.189  15.192  15.213 
   15.265  15.334  15.408  15.469  15.546  15.593  15.619  15.622 
   15.639  15.679  15.755  15.802  15.803  15.822  15.833  15.864 
   15.920  15.944  15.950  15.984  16.025  16.027  16.059  16.098 
   16.107  16.131  16.213  16.236  16.302  16.346  16.432  16.460 
   16.482  16.494  16.725  16.741  16.852  16.883  16.945  16.973 
   16.975  16.993  17.035  17.104  17.170  17.297  17.320  17.388 
   17.434  17.518  17.573  17.582  17.629  17.708  17.723  17.786 
   17.845  17.935  17.944  17.994  18.029  18.054  18.060  18.075 
   18.100  18.358  18.376  18.411  18.420  18.467  18.471  18.554 
   18.557  18.560  18.620  18.654  18.709  18.727  18.744  18.763 
   18.769  18.885  18.891  18.959  18.984  19.097  19.135  19.150 
   19.173  19.188  19.199  19.230  19.306  19.398  19.487  19.565 
   19.649  19.689  19.814  19.869  19.913  20.045  20.148  20.408 
   20.869  20.922  20.945  20.964  20.990  20.998  21.018  21.088 
   21.668  22.249  22.365  22.558  23.493  23.842  24.221  25.450 
   30.168  32.024  32.045  41.678  43.055  43.213  51.053  51.160 
   51.604  51.915  52.079  59.003  59.106  59.128  59.129  59.161 
   59.506  59.560  64.181  66.313  83.261  84.851  84.868 150.995 
  151.072 151.383 151.594 151.706 172.677 209.054 209.056 209.056 
  209.057 209.057 209.057 209.059 209.059 209.061 230.127 231.454 
  231.467 236.428 236.463 236.481 236.506 236.519 236.638 236.657 
  450.348 457.113 457.167 457.414 457.534 457.612 644.260 645.410 
  645.419 1577.130 


  >>> Running RHF-MP2 <<<


RMP2-TIMING
  rmp2                  :::     1876.197 (100.00%)
  Total                 :::     1876.197 (100.00%)

MP2 correlation energy (RHF) : -1.2394166614
MP2 total energy       (RHF) : -248.3436732320


  >>> Running UHF <<<

init D/C      : input mo_coeff
init ov       : zeros
no            : 19 20
nv            : 875 874
ov_size       : 34105
max_cycle     : 1000
conv          : 6
econv         : 9
method        : diis
mom_start     : 0
guess mix     : 0.000000
orb_swap      : [[[1, 19]], []]
init E        : -231.51286239316
init S2       : 0.750000000000156
init |[F,P]|  : 1.02e-02
init |dE|     : 2.83e-02
check file    : None

iter      total energy   |[F,P]|      |dE|         ∆E   S^2   comment
   1    -231.862164405  6.62e-03  1.72e-02  -3.49e-01  0.75  DIIS mom: 18.6/19 19.6/20
   2    -232.209178743  7.50e-04  2.15e-03  -3.47e-01  0.76  DIIS mom: 18.9/19 19.9/20
   3    -232.214922875  3.91e-04  1.20e-03  -5.74e-03  0.76  DIIS mom: 19.0/19 20.0/20
   4    -232.217096151  1.12e-04  2.82e-04  -2.17e-03  0.76  DIIS mom: 19.0/19 20.0/20
   5    -232.217552969  5.17e-05  1.28e-04  -4.57e-04  0.77  DIIS mom: 19.0/19 20.0/20
   6    -232.217676456  2.18e-05  5.38e-05  -1.23e-04  0.78  DIIS mom: 19.0/19 20.0/20
   7    -232.217704917  1.40e-05  3.47e-05  -2.85e-05  0.78  DIIS mom: 19.0/19 20.0/20
   8    -232.217721571  1.25e-05  3.12e-05  -1.67e-05  0.78  DIIS mom: 19.0/19 20.0/20
   9    -232.217743488  1.16e-05  2.89e-05  -2.19e-05  0.78  DIIS mom: 19.0/19 20.0/20
  10    -232.217794862  9.65e-06  2.40e-05  -5.14e-05  0.78  DIIS mom: 19.0/19 20.0/20
  11    -232.217855424  6.72e-06  1.69e-05  -6.06e-05  0.79  DIIS mom: 19.0/19 20.0/20
  12    -232.217876588  2.91e-06  7.20e-06  -2.12e-05  0.80  DIIS mom: 19.0/19 20.0/20
  13    -232.217880212  6.53e-07  1.56e-06  -3.62e-06  0.80  DIIS mom: 19.0/19 20.0/20
  14    -232.217880258  2.15e-07  5.33e-07  -4.62e-08  0.80  DIIS mom: 19.0/19 20.0/20
  15    -232.217880260  7.42e-08  1.83e-07  -1.33e-09  0.80  DIIS mom: 19.0/19 20.0/20
  16    -232.217880260  2.98e-08  7.50e-08  -1.25e-10  0.80  DIIS mom: 19.0/19 20.0/20
                                                                      diis is converged!

SCF converged : True
final |[F,P]| : 2.98e-08
final |dE|    : 7.50e-08
final Escf    : -414.510302911258
final Etot    : -232.21788025988
final S2      : 0.800933415676301

  diis prep             :::        0.893 (  0.02%)
  diis extrap           :::        0.809 (  0.02%)
  roothaan              :::        3.796 (  0.10%)
  fock build            :::     3622.488 ( 99.85%)
  Total                 :::     3627.985 (100.00%)

Alpha occupied
  -20.789 -11.617 -11.528 -11.512  -1.664  -1.581  -1.263  -1.246 
   -1.044  -0.987  -0.976  -0.935  -0.855  -0.815  -0.803  -0.786 
   -0.782  -0.707  -0.694 

Alpha virtual
  -14.161  -0.080  -0.077  -0.045  -0.034  -0.023  -0.022   0.003 
    0.019   0.021   0.024   0.029   0.050   0.067   0.084   0.108 
    0.110   0.142   0.160   0.169   0.177   0.178   0.195   0.197 
    0.228   0.236   0.246   0.250   0.260   0.280   0.286   0.310 
    0.316   0.331   0.335   0.341   0.347   0.360   0.384   0.401 
    0.419   0.435   0.436   0.444   0.459   0.481   0.491   0.503 
    0.540   0.553   0.564   0.571   0.586   0.603   0.606   0.629 
    0.640   0.640   0.667   0.675   0.680   0.693   0.706   0.714 
    0.730   0.736   0.743   0.764   0.773   0.792   0.833   0.836 
    0.850   0.864   0.870   0.872   0.887   0.896   0.907   0.913 
    0.939   0.948   0.972   0.985   0.991   1.016   1.046   1.054 
    1.067   1.089   1.117   1.124   1.131   1.146   1.172   1.185 
    1.208   1.220   1.262   1.270   1.296   1.304   1.321   1.346 
    1.348   1.366   1.366   1.381   1.392   1.427   1.439   1.443 
    1.463   1.473   1.490   1.494   1.495   1.520   1.541   1.552 
    1.578   1.607   1.623   1.649   1.654   1.656   1.677   1.679 
    1.689   1.697   1.707   1.725   1.736   1.778   1.788   1.803 
    1.807   1.828   1.829   1.863   1.869   1.876   1.876   1.906 
    1.921   1.931   1.955   1.956   1.969   1.974   1.996   2.027 
    2.027   2.039   2.047   2.048   2.074   2.083   2.092   2.137 
    2.139   2.160   2.168   2.187   2.204   2.208   2.238   2.241 
    2.273   2.275   2.276   2.320   2.321   2.339   2.364   2.387 
    2.414   2.415   2.450   2.453   2.496   2.509   2.510   2.548 
    2.551   2.603   2.608   2.630   2.634   2.661   2.683   2.701 
    2.732   2.736   2.751   2.758   2.773   2.825   2.840   2.853 
    2.882   2.910   2.924   2.947   2.975   2.991   2.998   3.032 
    3.041   3.041   3.063   3.075   3.092   3.099   3.126   3.135 
    3.145   3.167   3.192   3.208   3.225   3.290   3.295   3.326 
    3.367   3.370   3.400   3.409   3.442   3.468   3.510   3.535 
    3.539   3.556   3.577   3.585   3.596   3.615   3.618   3.646 
    3.671   3.672   3.693   3.706   3.731   3.761   3.764   3.794 
    3.838   3.842   3.874   3.890   3.910   3.930   3.933   3.954 
    3.972   3.982   3.997   4.015   4.022   4.038   4.039   4.068 
    4.086   4.095   4.104   4.130   4.142   4.187   4.192   4.213 
    4.264   4.265   4.279   4.298   4.307   4.322   4.339   4.364 
    4.364   4.379   4.406   4.451   4.460   4.508   4.514   4.518 
    4.535   4.536   4.551   4.568   4.578   4.585   4.604   4.611 
    4.618   4.624   4.667   4.670   4.681   4.718   4.727   4.736 
    4.773   4.779   4.812   4.824   4.850   4.858   4.858   4.882 
    4.887   4.889   4.913   4.920   4.953   4.954   4.992   5.018 
    5.028   5.049   5.072   5.075   5.086   5.086   5.132   5.148 
    5.155   5.202   5.215   5.219   5.226   5.248   5.259   5.296 
    5.321   5.343   5.352   5.363   5.407   5.428   5.435   5.446 
    5.481   5.488   5.511   5.546   5.566   5.570   5.582   5.589 
    5.623   5.642   5.668   5.675   5.677   5.708   5.715   5.742 
    5.750   5.779   5.781   5.798   5.806   5.828   5.842   5.862 
    5.886   5.907   5.934   5.957   5.970   5.978   5.991   6.014 
    6.073   6.087   6.090   6.125   6.136   6.165   6.183   6.251 
    6.268   6.284   6.338   6.339   6.383   6.437   6.464   6.513 
    6.533   6.539   6.578   6.625   6.681   6.743   6.748   6.795 
    6.828   6.893   6.918   6.927   6.977   6.986   7.000   7.024 
    7.037   7.059   7.068   7.101   7.106   7.123   7.125   7.159 
    7.174   7.211   7.241   7.246   7.259   7.260   7.288   7.322 
    7.354   7.388   7.413   7.445   7.491   7.520   7.527   7.575 
    7.578   7.611   7.686   7.699   7.716   7.732   7.776   7.789 
    7.804   7.856   7.890   7.893   7.971   8.045   8.087   8.097 
    8.116   8.130   8.213   8.344   8.380   8.428   8.498   8.574 
    8.580   8.592   8.668   8.697   8.753   8.828   8.879   8.909 
    8.954   9.000   9.040   9.137   9.211   9.260   9.262   9.314 
    9.324   9.352   9.363   9.426   9.440   9.463   9.471   9.540 
    9.553   9.567   9.633   9.640   9.665   9.730   9.757   9.767 
    9.775   9.780   9.815   9.852   9.885   9.920   9.934   9.965 
   10.025  10.060  10.097  10.107  10.158  10.180  10.193  10.200 
   10.211  10.234  10.261  10.290  10.296  10.301  10.343  10.356 
   10.414  10.426  10.458  10.463  10.502  10.557  10.567  10.600 
   10.631  10.638  10.671  10.723  10.755  10.852  10.891  10.960 
   10.993  11.056  11.110  11.134  11.168  11.184  11.274  11.291 
   11.296  11.307  11.325  11.344  11.380  11.393  11.415  11.419 
   11.459  11.516  11.555  11.573  11.638  11.665  11.671  11.813 
   11.872  11.997  12.024  12.158  12.211  12.220  12.249  12.310 
   12.316  12.326  12.386  12.433  12.446  12.454  12.455  12.507 
   12.521  12.522  12.542  12.550  12.556  12.562  12.565  12.570 
   12.575  12.603  12.607  12.616  12.622  12.645  12.648  12.670 
   12.707  12.713  12.731  12.747  12.770  12.778  12.795  12.800 
   12.837  12.844  12.862  12.872  12.888  12.916  12.933  12.948 
   12.984  12.995  13.009  13.044  13.057  13.102  13.117  13.153 
   13.169  13.221  13.236  13.244  13.268  13.290  13.334  13.349 
   13.356  13.363  13.412  13.429  13.448  13.453  13.480  13.500 
   13.519  13.542  13.553  13.593  13.622  13.635  13.662  13.690 
   13.716  13.743  13.766  13.779  13.857  13.891  13.903  13.932 
   13.932  13.947  13.948  13.977  13.979  13.998  14.007  14.033 
   14.046  14.052  14.083  14.085  14.106  14.109  14.129  14.137 
   14.167  14.185  14.208  14.217  14.217  14.244  14.247  14.259 
   14.283  14.294  14.309  14.326  14.351  14.373  14.400  14.419 
   14.420  14.451  14.452  14.475  14.487  14.531  14.551  14.566 
   14.587  14.594  14.670  14.675  14.715  14.719  14.734  14.758 
   14.760  14.820  14.821  14.852  14.882  14.896  14.906  14.942 
   14.943  15.021  15.085  15.117  15.216  15.308  15.322  15.333 
   15.346  15.404  15.437  15.489  15.527  15.541  15.562  15.597 
   15.633  15.688  15.705  15.716  15.731  15.773  15.787  15.789 
   15.847  15.851  15.883  15.956  15.999  16.006  16.094  16.133 
   16.198  16.225  16.262  16.380  16.416  16.556  16.602  16.664 
   16.702  16.730  16.747  16.787  16.797  16.868  16.948  16.980 
   17.018  17.193  17.291  17.321  17.340  17.353  17.463  17.490 
   17.505  17.557  17.708  17.713  17.754  17.780  17.803  17.820 
   17.848  17.870  18.097  18.119  18.150  18.183  18.194  18.231 
   18.241  18.317  18.328  18.353  18.361  18.389  18.473  18.476 
   18.493  18.510  18.532  18.654  18.697  18.713  18.811  18.853 
   18.906  18.936  18.942  18.946  18.968  19.053  19.126  19.165 
   19.230  19.304  19.418  19.494  19.604  19.612  19.646  19.676 
   19.995  20.623  20.692  20.715  20.728  20.742  20.761  20.784 
   20.857  21.406  21.988  22.097  22.288  23.227  23.584  23.961 
   24.660  29.143  31.014  31.033  41.402  42.798  42.954  49.793 
   49.898  50.349  50.650  50.818  57.802  57.899  57.923  57.927 
   57.958  58.293  58.348  63.910  64.829  81.498  83.088  83.102 
  148.804 148.879 149.193 149.397 149.509 170.312 206.962 206.963 
  206.964 206.965 206.967 206.968 206.969 206.970 206.972 227.442 
  228.769 228.779 233.942 233.974 233.993 234.019 234.031 234.146 
  234.164 447.060 453.867 453.921 454.170 454.286 454.364 640.656 
  641.804 641.813 1573.015 

Beta occupied
  -20.781 -18.445 -11.619 -11.526 -11.510  -1.730  -1.592  -1.281 
   -1.268  -1.063  -1.036  -1.005  -0.954  -0.855  -0.816  -0.802 
   -0.787  -0.780  -0.704  -0.690 

Beta virtual
   -0.079  -0.077  -0.046  -0.036  -0.028  -0.025   0.002   0.019 
    0.020   0.021   0.027   0.048   0.069   0.081   0.106   0.107 
    0.138   0.153   0.159   0.174   0.176   0.194   0.197   0.228 
    0.233   0.238   0.248   0.257   0.281   0.286   0.310   0.315 
    0.321   0.335   0.341   0.348   0.361   0.384   0.401   0.419 
    0.433   0.436   0.444   0.456   0.480   0.491   0.501   0.534 
    0.553   0.561   0.570   0.585   0.604   0.605   0.620   0.635 
    0.637   0.667   0.671   0.680   0.692   0.707   0.713   0.729 
    0.734   0.742   0.764   0.773   0.793   0.834   0.838   0.849 
    0.864   0.871   0.871   0.889   0.897   0.908   0.912   0.940 
    0.947   0.973   0.978   0.991   1.017   1.046   1.050   1.067 
    1.089   1.117   1.125   1.132   1.147   1.170   1.186   1.207 
    1.222   1.262   1.270   1.295   1.300   1.322   1.347   1.348 
    1.361   1.366   1.373   1.391   1.426   1.433   1.438   1.463 
    1.472   1.489   1.494   1.495   1.517   1.542   1.553   1.580 
    1.607   1.623   1.649   1.655   1.658   1.678   1.680   1.687 
    1.691   1.706   1.725   1.736   1.778   1.788   1.803   1.807 
    1.829   1.829   1.861   1.867   1.875   1.877   1.905   1.921 
    1.930   1.954   1.957   1.970   1.974   1.996   2.027   2.028 
    2.038   2.047   2.048   2.073   2.081   2.091   2.137   2.139 
    2.158   2.168   2.184   2.204   2.207   2.236   2.241   2.270 
    2.273   2.275   2.320   2.322   2.337   2.363   2.377   2.414 
    2.415   2.448   2.451   2.493   2.499   2.509   2.547   2.550 
    2.602   2.606   2.630   2.632   2.661   2.684   2.701   2.731 
    2.735   2.750   2.759   2.774   2.824   2.840   2.853   2.879 
    2.908   2.924   2.942   2.973   2.990   2.996   3.031   3.032 
    3.046   3.059   3.072   3.092   3.102   3.125   3.135   3.142 
    3.165   3.192   3.209   3.223   3.288   3.293   3.324   3.355 
    3.368   3.398   3.410   3.439   3.464   3.509   3.533   3.538 
    3.554   3.571   3.579   3.596   3.610   3.615   3.642   3.668 
    3.670   3.693   3.700   3.727   3.758   3.760   3.788   3.830 
    3.838   3.872   3.885   3.909   3.931   3.931   3.951   3.970 
    3.982   3.997   4.015   4.022   4.032   4.039   4.068   4.086 
    4.094   4.104   4.129   4.142   4.187   4.192   4.210   4.264 
    4.265   4.276   4.298   4.307   4.321   4.339   4.365   4.365 
    4.379   4.406   4.452   4.459   4.512   4.513   4.518   4.535 
    4.535   4.553   4.568   4.575   4.587   4.604   4.611   4.618 
    4.623   4.668   4.669   4.680   4.717   4.727   4.737   4.774 
    4.778   4.811   4.823   4.850   4.857   4.858   4.881   4.886 
    4.887   4.913   4.918   4.951   4.952   4.991   5.017   5.028 
    5.048   5.072   5.072   5.084   5.086   5.129   5.147   5.152 
    5.198   5.214   5.217   5.221   5.246   5.257   5.292   5.320 
    5.342   5.351   5.359   5.407   5.426   5.433   5.441   5.481 
    5.482   5.509   5.546   5.565   5.570   5.577   5.589   5.617 
    5.642   5.668   5.676   5.676   5.710   5.715   5.735   5.747 
    5.778   5.779   5.795   5.804   5.827   5.840   5.860   5.886 
    5.907   5.935   5.957   5.969   5.977   5.990   6.015   6.072 
    6.085   6.090   6.124   6.136   6.163   6.182   6.250   6.266 
    6.283   6.335   6.339   6.381   6.437   6.464   6.512   6.530 
    6.538   6.578   6.624   6.682   6.742   6.745   6.794   6.827 
    6.893   6.912   6.923   6.977   6.983   6.997   7.022   7.031 
    7.056   7.069   7.100   7.103   7.116   7.125   7.157   7.178 
    7.208   7.239   7.244   7.258   7.260   7.285   7.322   7.353 
    7.385   7.413   7.438   7.492   7.524   7.525   7.577   7.578 
    7.612   7.686   7.695   7.714   7.730   7.776   7.787   7.799 
    7.848   7.888   7.889   7.970   8.043   8.078   8.087   8.111 
    8.128   8.212   8.341   8.373   8.419   8.490   8.565   8.577 
    8.593   8.661   8.695   8.749   8.817   8.879   8.881   8.950 
    9.000   9.040   9.121   9.207   9.258   9.263   9.315   9.323 
    9.346   9.363   9.429   9.437   9.463   9.470   9.538   9.551 
    9.564   9.634   9.638   9.662   9.729   9.749   9.767   9.773 
    9.780   9.816   9.850   9.884   9.920   9.934   9.965  10.019 
   10.057  10.094  10.100  10.136  10.153  10.184  10.197  10.204 
   10.233  10.261  10.281  10.289  10.301  10.340  10.355  10.411 
   10.425  10.455  10.462  10.501  10.555  10.566  10.599  10.630 
   10.637  10.668  10.720  10.753  10.846  10.890  10.957  10.991 
   11.056  11.109  11.122  11.167  11.182  11.274  11.291  11.292 
   11.308  11.323  11.340  11.375  11.390  11.413  11.417  11.453 
   11.505  11.545  11.574  11.639  11.662  11.668  11.797  11.868 
   11.996  12.021  12.149  12.200  12.217  12.249  12.297  12.309 
   12.320  12.383  12.433  12.435  12.449  12.455  12.506  12.520 
   12.521  12.542  12.549  12.556  12.562  12.562  12.570  12.574 
   12.603  12.606  12.615  12.621  12.642  12.646  12.669  12.707 
   12.711  12.727  12.746  12.765  12.778  12.794  12.800  12.836 
   12.842  12.861  12.871  12.888  12.915  12.927  12.948  12.983 
   12.992  13.005  13.043  13.055  13.100  13.113  13.152  13.168 
   13.219  13.236  13.241  13.266  13.290  13.328  13.348  13.355 
   13.361  13.412  13.428  13.446  13.453  13.479  13.498  13.517 
   13.541  13.551  13.587  13.622  13.630  13.661  13.678  13.710 
   13.743  13.754  13.779  13.857  13.891  13.902  13.931  13.932 
   13.946  13.947  13.978  13.978  13.997  14.005  14.033  14.046 
   14.054  14.083  14.089  14.106  14.110  14.129  14.136  14.167 
   14.184  14.208  14.216  14.217  14.244  14.246  14.258  14.282 
   14.293  14.308  14.325  14.351  14.372  14.400  14.418  14.420 
   14.449  14.450  14.474  14.485  14.530  14.550  14.566  14.587 
   14.593  14.667  14.674  14.714  14.717  14.734  14.757  14.759 
   14.818  14.819  14.851  14.881  14.890  14.903  14.939  14.941 
   15.020  15.081  15.111  15.214  15.306  15.318  15.327  15.342 
   15.403  15.436  15.487  15.520  15.539  15.561  15.597  15.632 
   15.687  15.702  15.716  15.729  15.771  15.786  15.788  15.846 
   15.848  15.881  15.955  15.998  15.998  16.094  16.130  16.195 
   16.224  16.262  16.367  16.407  16.546  16.604  16.647  16.701 
   16.729  16.747  16.776  16.796  16.862  16.927  16.968  16.997 
   17.193  17.290  17.311  17.338  17.353  17.459  17.488  17.496 
   17.556  17.708  17.713  17.754  17.776  17.802  17.819  17.847 
   17.870  18.083  18.118  18.154  18.156  18.182  18.230  18.240 
   18.315  18.327  18.352  18.360  18.395  18.460  18.474  18.492 
   18.511  18.529  18.654  18.701  18.707  18.807  18.854  18.906 
   18.934  18.944  18.945  18.971  19.058  19.093  19.163  19.235 
   19.309  19.419  19.470  19.576  19.610  19.642  19.668  19.985 
   20.624  20.692  20.715  20.732  20.744  20.761  20.784  20.857 
   21.407  21.991  22.105  22.296  23.234  23.585  23.964  24.349 
   28.836  30.726  30.746  41.399  42.798  42.953  49.639  49.745 
   50.196  50.499  50.667  57.721  57.819  57.843  57.846  57.877 
   58.211  58.269  63.908  64.391  81.092  82.691  82.705 148.549 
  148.625 148.940 149.145 149.257 169.884 206.854 206.855 206.856 
  206.857 206.859 206.860 206.860 206.861 206.863 227.059 228.389 
  228.400 233.754 233.786 233.805 233.830 233.842 233.958 233.976 
  446.715 453.604 453.658 453.907 454.023 454.101 640.363 641.512 
  641.520 1572.799 


  >>> Running UHF-MP2 <<<

MP2 correlation energy (UHF) : -1.1997658830
MP2 total energy       (UHF) : -233.4176461429

