	*********************************************** 
	***** Beginning CEBE Calculation with MOM ***** 
	*****       Calculation Details:          ***** 
	      Geometry:	 /work/morgunov/rev2calcs/mols/exp/o/ch3c-o-och3.xyz
	      Core Basis:	 pcX-4
	      Full Basis:	 pc-4
	      DIIS (start, space):	 0 50
	      Level shift:	 0
	      Do localization?:	 False
	      Do SFX2C1E?:	 True
	      Freeze orbitals?:	 True
	      Use Cheng orbitals?:	 False
	      Do Special Basis?:	 True
	      Do Special Basis?:	 pcX-4
	*********************************************** 
	*********************************************** 

  >>> Running RHF <<<

init D/C      : minao
init ov       : zeros
no            : 20
nv            : 947
ov_size       : 18940
max_cycle     : 1000
conv          : 6
econv         : 9
method        : gdm
scale_stop    : 0
scale_factor  : 1.000000
init E        : -266.810346973507
init |[F,P]|  : 5.31e-03
init |dE|     : 1.21e-02
check file    : None

iter      total energy   |[F,P]|      |dE|         ∆E   comment
   1    -266.892194164  3.97e-03  9.23e-03  -8.18e-02  BFGS
   2    -266.959838926  5.21e-04  1.11e-03  -6.76e-02  BFGS
   3    -266.961219194  2.68e-04  6.26e-04  -1.38e-03  BFGS
   4    -266.961608314  6.87e-05  1.58e-04  -3.89e-04  BFGS
   5    -266.961648642  3.01e-05  6.45e-05  -4.03e-05  BFGS
   6    -266.961658455  8.42e-06  1.90e-05  -9.81e-06  BFGS
   7    -266.961659005  2.08e-06  4.15e-06  -5.50e-07  BFGS
   8    -266.961659044  6.54e-07  1.33e-06  -3.97e-08  BFGS
   9    -266.961659047  1.75e-07  3.75e-07  -2.55e-09  BFGS
  10    -266.961659047  3.31e-08  7.17e-08  -1.91e-10  BFGS
                                                                      gdm is converged!

SCF converged : True
final |[F,P]| : 3.31e-08
final |dE|    : 7.17e-08
final Escf    : -449.255317643934
final Etot    : -266.961659047139

  pxp & ewc             :::        1.634 (  0.02%)
  apply B               :::        0.005 (  0.00%)
  linsrch               :::     7103.490 ( 99.98%)
  grad                  :::        0.054 (  0.00%)
  Total                 :::     7105.183 (100.00%)

Alpha occupied
  -20.601 -20.541 -11.378 -11.281 -11.238  -1.461  -1.358  -1.037 
   -0.948  -0.779  -0.696  -0.679  -0.678  -0.596  -0.592  -0.560 
   -0.531  -0.523  -0.465  -0.451 

Alpha virtual
    0.047   0.057   0.072   0.078   0.084   0.089   0.097   0.112 
    0.116   0.124   0.129   0.132   0.141   0.151   0.175   0.191 
    0.207   0.213   0.219   0.228   0.244   0.251   0.260   0.260 
    0.275   0.281   0.282   0.287   0.292   0.294   0.317   0.319 
    0.328   0.330   0.335   0.357   0.371   0.398   0.413   0.423 
    0.425   0.442   0.449   0.458   0.460   0.474   0.487   0.493 
    0.498   0.503   0.505   0.517   0.521   0.546   0.547   0.550 
    0.553   0.567   0.579   0.584   0.586   0.614   0.633   0.634 
    0.636   0.643   0.653   0.659   0.661   0.666   0.668   0.684 
    0.687   0.703   0.704   0.718   0.745   0.760   0.780   0.793 
    0.794   0.796   0.824   0.833   0.839   0.848   0.857   0.863 
    0.887   0.901   0.920   0.927   0.935   0.956   0.960   0.979 
    0.991   1.000   1.002   1.051   1.054   1.054   1.072   1.091 
    1.097   1.126   1.150   1.152   1.158   1.161   1.174   1.175 
    1.189   1.218   1.230   1.234   1.239   1.262   1.265   1.278 
    1.291   1.305   1.313   1.325   1.327   1.338   1.339   1.355 
    1.356   1.388   1.394   1.410   1.421   1.423   1.451   1.465 
    1.468   1.473   1.485   1.500   1.504   1.506   1.508   1.527 
    1.534   1.545   1.571   1.573   1.596   1.608   1.631   1.657 
    1.667   1.672   1.685   1.690   1.723   1.744   1.759   1.764 
    1.779   1.782   1.817   1.818   1.820   1.852   1.856   1.899 
    1.911   1.920   1.925   1.961   1.963   1.972   1.990   2.000 
    2.031   2.034   2.061   2.066   2.089   2.118   2.126   2.155 
    2.160   2.166   2.183   2.201   2.204   2.215   2.226   2.250 
    2.263   2.300   2.304   2.317   2.336   2.343   2.345   2.362 
    2.383   2.401   2.422   2.433   2.486   2.507   2.509   2.515 
    2.548   2.562   2.566   2.571   2.580   2.586   2.599   2.601 
    2.626   2.632   2.652   2.661   2.681   2.699   2.713   2.737 
    2.738   2.752   2.770   2.784   2.791   2.832   2.844   2.862 
    2.894   2.913   2.939   2.957   2.996   3.015   3.057   3.100 
    3.125   3.142   3.163   3.190   3.209   3.232   3.238   3.259 
    3.281   3.314   3.326   3.338   3.374   3.406   3.411   3.435 
    3.441   3.455   3.460   3.463   3.550   3.562   3.571   3.588 
    3.604   3.621   3.631   3.636   3.665   3.668   3.684   3.717 
    3.743   3.751   3.754   3.786   3.799   3.808   3.827   3.843 
    3.863   3.903   3.905   3.912   3.962   3.968   3.981   3.998 
    4.030   4.073   4.103   4.132   4.133   4.156   4.162   4.196 
    4.198   4.233   4.251   4.261   4.315   4.321   4.329   4.362 
    4.369   4.371   4.378   4.399   4.403   4.408   4.439   4.462 
    4.474   4.485   4.501   4.508   4.548   4.552   4.570   4.585 
    4.596   4.638   4.645   4.670   4.706   4.710   4.730   4.761 
    4.764   4.781   4.803   4.815   4.835   4.840   4.845   4.868 
    4.878   4.895   4.903   4.931   4.940   4.955   4.975   4.984 
    4.999   5.007   5.029   5.031   5.084   5.086   5.105   5.113 
    5.131   5.162   5.179   5.200   5.209   5.212   5.246   5.246 
    5.281   5.290   5.348   5.371   5.419   5.432   5.436   5.441 
    5.472   5.483   5.518   5.545   5.547   5.568   5.621   5.648 
    5.673   5.692   5.693   5.718   5.734   5.750   5.752   5.779 
    5.792   5.805   5.823   5.836   5.849   5.851   5.907   5.910 
    5.940   5.985   6.008   6.037   6.046   6.075   6.091   6.126 
    6.157   6.160   6.165   6.201   6.238   6.250   6.289   6.293 
    6.310   6.359   6.363   6.372   6.447   6.480   6.503   6.519 
    6.524   6.532   6.554   6.601   6.622   6.647   6.698   6.719 
    6.724   6.726   6.774   6.851   6.855   6.873   6.898   6.931 
    6.996   7.024   7.060   7.101   7.114   7.147   7.168   7.170 
    7.183   7.210   7.212   7.235   7.239   7.279   7.293   7.305 
    7.334   7.389   7.421   7.428   7.446   7.483   7.554   7.630 
    7.741   7.820   7.858   7.898   7.947   7.963   8.096   8.121 
    8.149   8.152   8.186   8.304   8.320   8.403   8.438   8.497 
    8.529   8.638   8.656   8.686   8.756   8.774   8.781   8.889 
    8.897   9.070   9.161   9.164   9.205   9.289   9.315   9.349 
    9.367   9.382   9.389   9.402   9.423   9.446   9.462   9.471 
    9.486   9.487   9.500   9.522   9.525   9.585   9.599   9.651 
    9.665   9.706   9.710   9.722   9.768   9.784   9.857   9.955 
   10.001  10.041  10.067  10.078  10.098  10.104  10.143  10.144 
   10.227  10.248  10.256  10.296  10.298  10.300  10.381  10.417 
   10.519  10.534  10.586  10.810  10.841  10.875  10.980  10.981 
   11.068  11.118  11.152  11.185  11.203  11.243  11.261  11.282 
   11.297  11.298  11.340  11.358  11.366  11.405  11.415  11.487 
   11.506  11.537  11.555  11.594  11.597  11.650  11.656  11.665 
   11.692  11.707  11.715  11.736  11.787  11.815  11.856  11.884 
   11.912  11.920  11.967  11.980  12.048  12.051  12.100  12.125 
   12.136  12.184  12.211  12.259  12.326  12.338  12.365  12.387 
   12.418  12.437  12.453  12.471  12.488  12.586  12.588  12.605 
   12.617  12.636  12.644  12.669  12.677  12.687  12.704  12.716 
   12.723  12.742  12.747  12.761  12.770  12.807  12.812  12.863 
   12.880  12.909  12.926  12.955  12.962  12.968  12.976  12.985 
   13.010  13.026  13.035  13.087  13.100  13.145  13.147  13.158 
   13.200  13.204  13.248  13.259  13.284  13.295  13.301  13.327 
   13.343  13.345  13.365  13.368  13.389  13.406  13.433  13.459 
   13.482  13.490  13.507  13.511  13.528  13.563  13.595  13.629 
   13.638  13.657  13.694  13.717  13.745  13.757  13.762  13.820 
   13.826  13.834  13.870  13.897  13.916  13.928  13.952  13.986 
   14.008  14.023  14.029  14.029  14.055  14.085  14.099  14.142 
   14.176  14.200  14.215  14.282  14.358  14.395  14.418  14.493 
   14.538  14.568  14.584  14.621  14.624  14.730  14.779  14.826 
   14.864  14.934  14.998  15.062  15.105  15.131  15.150  15.197 
   15.311  15.347  15.352  15.388  15.411  15.488  15.642  15.808 
   15.917  15.938  16.030  16.049  16.065  16.084  16.170  16.320 
   16.415  16.476  16.484  16.495  16.575  16.579  16.621  16.723 
   16.828  16.867  16.909  16.922  17.065  17.216  17.221  17.233 
   17.245  17.247  17.254  17.281  17.285  17.289  17.297  17.300 
   17.318  17.379  17.381  17.390  17.705  17.761  17.802  17.812 
   17.822  17.858  17.860  17.891  17.893  17.911  17.913  17.933 
   17.964  18.037  18.105  18.317  18.348  18.461  18.583  18.806 
   18.838  18.936  18.963  19.007  19.063  19.066  19.069  19.124 
   19.126  19.133  19.255  19.261  19.335  19.368  19.395  19.404 
   19.431  19.459  19.500  19.591  19.709  19.716  19.834  19.891 
   19.994  20.187  20.293  20.316  20.370  20.523  20.560  20.562 
   20.579  20.627  20.745  20.779  20.781  20.815  20.845  21.316 
   21.347  21.366  21.376  21.676  21.919  21.954  22.062  22.145 
   22.309  22.386  22.405  22.451  23.091  23.840  23.846  23.968 
   24.111  24.111  24.165  24.228  24.276  24.326  24.535  24.556 
   24.608  24.642  24.675  24.713  24.757  24.767  24.910  25.328 
   25.811  25.934  26.154  26.268  26.297  26.327  26.345  26.424 
   26.442  26.719  26.760  26.848  27.160  27.591  28.552  29.279 
   29.721  33.166  33.571  33.589  33.673  33.754  33.789  34.118 
   34.572  34.771  34.949  34.986  35.018  35.052  35.524  35.786 
   41.854  41.883  41.903  41.936  42.331  42.347  61.244  61.622 
   65.320  65.377  65.614  66.059  66.377  66.587  68.168  68.280 
   68.339  68.492  68.662  68.723  69.112  69.381  70.042  70.682 
   78.342  80.482  80.664  91.667  91.684  91.851  91.882  91.954 
   91.995  92.171  92.194  92.234  92.262  92.296  92.300  93.262 
   93.270  93.276  93.290  93.331  93.340 139.867 140.213 175.291 
  175.322 175.546 175.975 176.374 176.561 320.448 320.771 536.698 
  536.718 536.902 537.234 537.569 537.714 747.211 747.516 1796.324 
  1796.612 2112.508 2112.537 2112.669 2112.889 2113.150 2113.234 4514.545 
  4514.815 12060.519 12060.770 35044.713 35044.943 114859.438 114859.645 454595.006 
  454595.186 2579392.682 2579392.822 


  >>> Running RHF-MP2 <<<


RMP2-TIMING
  rmp2                  :::     4730.055 (100.00%)
  Total                 :::     4730.055 (100.00%)

MP2 correlation energy (RHF) : -1.3092943979
MP2 total energy       (RHF) : -268.2709534450


  >>> Running UHF <<<

init D/C      : input mo_coeff
init ov       : zeros
no            : 19 20
nv            : 948 947
ov_size       : 36952
max_cycle     : 1000
conv          : 6
econv         : 9
method        : diis
mom_start     : 0
guess mix     : 0.000000
orb_swap      : [[[1, 19]], []]
init E        : -246.420524792049
init S2       : 0.749999999999901
init |[F,P]|  : 1.15e-02
init |dE|     : 3.21e-02
check file    : None

iter      total energy   |[F,P]|      |dE|         ∆E   S^2   comment
   1    -246.932532597  6.16e-03  1.75e-02  -5.12e-01  0.75  DIIS mom: 18.7/19 19.6/20
   2    -247.235005935  7.47e-04  1.89e-03  -3.02e-01  0.76  DIIS mom: 18.9/19 19.9/20
   3    -247.240242572  2.77e-04  6.62e-04  -5.24e-03  0.76  DIIS mom: 19.0/19 20.0/20
   4    -247.241097216  1.02e-04  2.57e-04  -8.55e-04  0.76  DIIS mom: 19.0/19 20.0/20
   5    -247.241382942  4.82e-05  1.16e-04  -2.86e-04  0.77  DIIS mom: 19.0/19 20.0/20
   6    -247.241447981  1.70e-05  4.01e-05  -6.50e-05  0.77  DIIS mom: 19.0/19 20.0/20
   7    -247.241459617  7.57e-06  1.75e-05  -1.16e-05  0.77  DIIS mom: 19.0/19 20.0/20
   8    -247.241462274  3.66e-06  8.04e-06  -2.66e-06  0.77  DIIS mom: 19.0/19 20.0/20
   9    -247.241462959  2.22e-06  4.70e-06  -6.85e-07  0.77  DIIS mom: 19.0/19 20.0/20
  10    -247.241463290  1.34e-06  2.81e-06  -3.31e-07  0.77  DIIS mom: 19.0/19 20.0/20
  11    -247.241463458  3.91e-07  8.41e-07  -1.68e-07  0.77  DIIS mom: 19.0/19 20.0/20
  12    -247.241463467  1.44e-07  3.09e-07  -9.41e-09  0.77  DIIS mom: 19.0/19 20.0/20
  13    -247.241463468  5.94e-08  1.24e-07  -7.97e-10  0.77  DIIS mom: 19.0/19 20.0/20
                                                                      diis is converged!

SCF converged : True
final |[F,P]| : 5.94e-08
final |dE|    : 1.24e-07
final Escf    : -429.535122065003
final Etot    : -247.241463468208
final S2      : 0.770438002857468

  diis prep             :::        1.254 (  0.01%)
  diis extrap           :::        0.638 (  0.01%)
  roothaan              :::        4.630 (  0.05%)
  fock build            :::     9783.804 ( 99.93%)
  Total                 :::     9790.326 (100.00%)

Alpha occupied
  -20.877 -11.730 -11.482 -11.462  -1.846  -1.680  -1.288  -1.172 
   -1.130  -1.048  -1.021  -0.973  -0.873  -0.870  -0.813  -0.798 
   -0.782  -0.751  -0.715 

Alpha virtual
  -18.897  -0.133  -0.094  -0.064  -0.061  -0.054  -0.041  -0.030 
   -0.023  -0.020  -0.017  -0.002   0.005   0.009   0.015   0.022 
    0.044   0.065   0.074   0.083   0.089   0.090   0.101   0.101 
    0.107   0.123   0.126   0.127   0.135   0.138   0.138   0.162 
    0.164   0.175   0.181   0.187   0.189   0.204   0.212   0.228 
    0.257   0.263   0.277   0.278   0.289   0.294   0.304   0.311 
    0.313   0.320   0.327   0.332   0.343   0.356   0.357   0.367 
    0.380   0.384   0.398   0.403   0.416   0.417   0.442   0.459 
    0.463   0.473   0.475   0.478   0.487   0.492   0.497   0.504 
    0.514   0.519   0.522   0.528   0.541   0.557   0.575   0.580 
    0.584   0.603   0.606   0.635   0.643   0.663   0.666   0.671 
    0.691   0.695   0.701   0.723   0.737   0.738   0.754   0.756 
    0.774   0.785   0.797   0.804   0.856   0.860   0.871   0.888 
    0.901   0.905   0.925   0.938   0.950   0.957   0.968   0.978 
    0.992   1.005   1.018   1.021   1.033   1.058   1.066   1.083 
    1.084   1.103   1.112   1.122   1.132   1.141   1.152   1.155 
    1.163   1.175   1.188   1.210   1.229   1.237   1.238   1.263 
    1.265   1.284   1.293   1.306   1.312   1.320   1.330   1.331 
    1.351   1.351   1.371   1.383   1.391   1.418   1.421   1.436 
    1.458   1.465   1.477   1.484   1.501   1.508   1.528   1.554 
    1.563   1.569   1.579   1.598   1.616   1.619   1.638   1.653 
    1.668   1.681   1.688   1.697   1.726   1.731   1.752   1.760 
    1.774   1.782   1.808   1.852   1.860   1.866   1.892   1.899 
    1.912   1.938   1.950   1.957   1.962   1.974   1.998   2.005 
    2.021   2.050   2.077   2.077   2.098   2.114   2.124   2.129 
    2.144   2.153   2.182   2.199   2.217   2.269   2.278   2.295 
    2.298   2.333   2.338   2.342   2.344   2.358   2.372   2.388 
    2.394   2.401   2.416   2.431   2.441   2.460   2.483   2.494 
    2.509   2.512   2.526   2.545   2.569   2.573   2.616   2.630 
    2.638   2.669   2.696   2.703   2.733   2.770   2.788   2.840 
    2.875   2.893   2.912   2.938   2.960   2.998   3.013   3.035 
    3.044   3.074   3.091   3.120   3.127   3.147   3.182   3.210 
    3.213   3.216   3.223   3.240   3.251   3.324   3.327   3.342 
    3.375   3.388   3.406   3.409   3.425   3.454   3.465   3.472 
    3.497   3.522   3.540   3.551   3.582   3.583   3.588   3.596 
    3.611   3.630   3.697   3.707   3.711   3.741   3.742   3.759 
    3.773   3.818   3.863   3.873   3.913   3.917   3.946   3.951 
    3.980   3.993   4.014   4.015   4.043   4.076   4.111   4.118 
    4.133   4.147   4.153   4.167   4.173   4.176   4.198   4.223 
    4.225   4.247   4.254   4.274   4.280   4.289   4.320   4.336 
    4.350   4.374   4.379   4.394   4.418   4.466   4.487   4.498 
    4.509   4.514   4.515   4.553   4.573   4.588   4.608   4.622 
    4.627   4.648   4.657   4.661   4.691   4.692   4.719   4.721 
    4.734   4.766   4.778   4.782   4.795   4.844   4.859   4.870 
    4.885   4.890   4.915   4.931   4.961   4.973   4.976   4.989 
    5.022   5.037   5.058   5.114   5.120   5.184   5.186   5.210 
    5.217   5.236   5.244   5.282   5.292   5.332   5.346   5.384 
    5.405   5.421   5.444   5.456   5.501   5.510   5.520   5.528 
    5.544   5.559   5.560   5.592   5.595   5.604   5.616   5.635 
    5.669   5.700   5.759   5.760   5.789   5.804   5.828   5.871 
    5.881   5.915   5.921   5.927   5.967   5.998   6.008   6.042 
    6.052   6.066   6.116   6.135   6.136   6.183   6.225   6.252 
    6.258   6.279   6.290   6.302   6.340   6.381   6.424   6.436 
    6.471   6.477   6.482   6.533   6.603   6.622   6.631   6.635 
    6.688   6.769   6.772   6.824   6.862   6.872   6.900   6.924 
    6.946   6.976   6.979   6.986   7.006   7.031   7.049   7.064 
    7.091   7.099   7.152   7.158   7.169   7.220   7.246   7.301 
    7.388   7.465   7.554   7.612   7.630   7.720   7.740   7.886 
    7.887   7.929   7.943   7.971   8.048   8.086   8.164   8.168 
    8.225   8.252   8.364   8.372   8.399   8.513   8.527   8.583 
    8.607   8.623   8.858   8.915   8.934   8.954   9.072   9.109 
    9.131   9.153   9.162   9.168   9.201   9.203   9.227   9.240 
    9.252   9.265   9.278   9.290   9.302   9.320   9.358   9.372 
    9.411   9.448   9.467   9.500   9.514   9.554   9.577   9.595 
    9.687   9.752   9.761   9.837   9.847   9.855   9.884   9.920 
    9.925   9.975  10.025  10.030  10.034  10.046  10.097  10.097 
   10.147  10.233  10.245  10.272  10.363  10.465  10.552  10.681 
   10.701  10.778  10.811  10.879  10.881  10.903  10.907  10.961 
   11.026  11.034  11.062  11.070  11.085  11.107  11.124  11.163 
   11.214  11.216  11.256  11.301  11.311  11.362  11.381  11.401 
   11.436  11.466  11.475  11.477  11.490  11.537  11.559  11.579 
   11.654  11.661  11.684  11.737  11.756  11.819  11.823  11.846 
   11.853  11.883  11.889  11.940  11.966  12.054  12.081  12.098 
   12.122  12.169  12.190  12.230  12.241  12.259  12.291  12.341 
   12.354  12.371  12.376  12.390  12.399  12.416  12.424  12.429 
   12.468  12.486  12.489  12.503  12.516  12.519  12.571  12.575 
   12.611  12.638  12.666  12.692  12.707  12.728  12.732  12.744 
   12.754  12.756  12.778  12.786  12.825  12.849  12.901  12.907 
   12.929  12.937  12.953  12.986  13.018  13.026  13.058  13.076 
   13.082  13.097  13.105  13.126  13.134  13.152  13.154  13.183 
   13.217  13.234  13.239  13.255  13.259  13.287  13.317  13.327 
   13.341  13.389  13.400  13.423  13.426  13.471  13.501  13.517 
   13.563  13.564  13.588  13.609  13.640  13.652  13.676  13.704 
   13.730  13.749  13.757  13.798  13.807  13.812  13.838  13.859 
   13.892  13.911  13.926  13.979  14.040  14.109  14.114  14.157 
   14.232  14.292  14.328  14.351  14.351  14.371  14.450  14.530 
   14.573  14.592  14.643  14.738  14.865  14.890  14.893  14.928 
   14.937  15.099  15.131  15.138  15.146  15.186  15.243  15.358 
   15.554  15.576  15.684  15.736  15.768  15.822  15.857  15.933 
   16.095  16.120  16.259  16.267  16.277  16.362  16.375  16.405 
   16.507  16.613  16.666  16.670  16.723  16.800  17.005  17.021 
   17.025  17.031  17.044  17.051  17.060  17.073  17.086  17.090 
   17.094  17.101  17.129  17.177  17.182  17.387  17.511  17.523 
   17.560  17.567  17.585  17.635  17.659  17.670  17.679  17.715 
   17.723  17.746  17.775  17.782  17.976  18.061  18.191  18.265 
   18.501  18.589  18.700  18.727  18.762  18.763  18.799  18.858 
   18.859  18.885  18.895  18.938  18.945  19.061  19.124  19.136 
   19.172  19.192  19.201  19.248  19.332  19.471  19.495  19.519 
   19.538  19.675  19.938  20.035  20.122  20.160  20.311  20.334 
   20.360  20.363  20.415  20.531  20.562  20.581  20.617  20.629 
   21.102  21.133  21.166  21.178  21.377  21.685  21.754  21.834 
   21.916  22.107  22.173  22.202  22.236  22.691  23.237  23.405 
   23.626  23.666  23.905  23.928  23.969  24.063  24.121  24.160 
   24.278  24.325  24.382  24.419  24.475  24.505  24.542  24.558 
   24.659  25.072  25.624  25.855  25.868  26.052  26.084  26.100 
   26.144  26.198  26.242  26.345  26.485  26.566  26.905  28.271 
   28.874  29.098  32.828  33.330  33.378  33.458  33.467  33.530 
   33.798  34.329  34.564  34.745  34.768  34.817  34.830  35.186 
   35.431  41.651  41.666  41.708  41.721  42.115  42.148  59.996 
   61.347  63.850  64.133  64.879  65.095  65.784  66.308  66.616 
   66.727  67.163  67.545  68.061  68.217  68.404  69.097  69.134 
   69.768  78.005  80.248  80.463  91.447  91.484  91.641  91.670 
   91.740  91.795  91.951  91.990  92.028  92.051  92.078  92.097 
   93.040  93.051  93.075  93.087  93.116  93.142 137.868 139.933 
  172.779 173.028 173.844 175.038 175.697 176.283 317.531 320.490 
  532.924 533.121 533.778 536.430 536.955 537.436 743.391 747.235 
  1791.768 1796.333 2107.653 2107.791 2108.267 2112.237 2112.612 2112.958 
  4509.480 4514.536 12055.153 12060.492 35039.193 35044.666 114853.849 114859.368 
  454589.392 454594.909 2579387.059 2579392.546 

Beta occupied
  -23.796 -20.876 -11.727 -11.482 -11.461  -1.944  -1.684  -1.298 
   -1.197  -1.173  -1.102  -1.100  -0.983  -0.880  -0.880  -0.824 
   -0.799  -0.781  -0.751  -0.713 

Beta virtual
   -0.140  -0.095  -0.064  -0.061  -0.054  -0.041  -0.030  -0.023 
   -0.019  -0.018  -0.002   0.005   0.009   0.015   0.022   0.042 
    0.065   0.073   0.083   0.088   0.089   0.099   0.101   0.106 
    0.123   0.126   0.128   0.133   0.137   0.138   0.161   0.164 
    0.174   0.181   0.185   0.189   0.204   0.206   0.229   0.258 
    0.263   0.274   0.278   0.288   0.295   0.305   0.311   0.311 
    0.319   0.327   0.330   0.343   0.355   0.357   0.365   0.380 
    0.382   0.397   0.402   0.415   0.417   0.439   0.458   0.462 
    0.473   0.475   0.478   0.484   0.492   0.495   0.504   0.514 
    0.519   0.522   0.526   0.541   0.555   0.573   0.580   0.583 
    0.604   0.606   0.635   0.642   0.663   0.666   0.670   0.691 
    0.697   0.701   0.725   0.736   0.739   0.752   0.753   0.775 
    0.785   0.797   0.801   0.855   0.860   0.871   0.889   0.901 
    0.904   0.924   0.939   0.951   0.956   0.969   0.979   0.992 
    1.005   1.015   1.022   1.033   1.057   1.066   1.083   1.084 
    1.103   1.113   1.121   1.132   1.141   1.153   1.155   1.164 
    1.176   1.186   1.210   1.228   1.237   1.238   1.264   1.266 
    1.283   1.293   1.305   1.312   1.320   1.330   1.331   1.351 
    1.351   1.370   1.383   1.390   1.418   1.421   1.434   1.452 
    1.466   1.477   1.484   1.500   1.509   1.525   1.550   1.563 
    1.566   1.580   1.596   1.617   1.619   1.639   1.649   1.651 
    1.678   1.684   1.694   1.726   1.728   1.748   1.759   1.774 
    1.781   1.808   1.852   1.860   1.864   1.892   1.894   1.908 
    1.938   1.950   1.955   1.961   1.975   1.999   2.004   2.021 
    2.051   2.077   2.078   2.097   2.115   2.125   2.129   2.144 
    2.153   2.182   2.200   2.217   2.269   2.279   2.296   2.298 
    2.334   2.339   2.342   2.345   2.357   2.372   2.387   2.395 
    2.402   2.415   2.432   2.440   2.460   2.482   2.495   2.509 
    2.512   2.526   2.546   2.569   2.574   2.616   2.630   2.637 
    2.670   2.696   2.703   2.733   2.770   2.788   2.840   2.875 
    2.894   2.911   2.938   2.960   2.999   3.014   3.035   3.044 
    3.074   3.091   3.117   3.127   3.141   3.179   3.211   3.213 
    3.216   3.223   3.240   3.251   3.324   3.327   3.341   3.375 
    3.388   3.406   3.409   3.422   3.453   3.466   3.470   3.497 
    3.519   3.539   3.551   3.578   3.583   3.585   3.596   3.609 
    3.630   3.697   3.707   3.711   3.734   3.741   3.759   3.772 
    3.818   3.863   3.872   3.913   3.917   3.945   3.948   3.977 
    3.992   4.012   4.014   4.042   4.073   4.106   4.116   4.119 
    4.145   4.152   4.160   4.166   4.169   4.198   4.221   4.222 
    4.242   4.252   4.271   4.274   4.280   4.307   4.332   4.349 
    4.368   4.376   4.377   4.414   4.461   4.487   4.497   4.502 
    4.507   4.513   4.553   4.566   4.586   4.606   4.621   4.624 
    4.649   4.655   4.660   4.689   4.692   4.715   4.720   4.728 
    4.764   4.778   4.780   4.795   4.845   4.860   4.869   4.885 
    4.889   4.916   4.929   4.958   4.972   4.973   4.989   5.022 
    5.031   5.058   5.114   5.114   5.183   5.186   5.210   5.216 
    5.236   5.243   5.281   5.291   5.332   5.346   5.384   5.403 
    5.422   5.442   5.455   5.498   5.510   5.519   5.528   5.540 
    5.555   5.560   5.592   5.596   5.602   5.613   5.635   5.666 
    5.698   5.759   5.760   5.787   5.805   5.827   5.871   5.881 
    5.915   5.921   5.926   5.967   5.998   6.005   6.041   6.052 
    6.066   6.115   6.135   6.136   6.183   6.223   6.252   6.259 
    6.279   6.291   6.302   6.340   6.382   6.423   6.436   6.471 
    6.478   6.483   6.531   6.604   6.622   6.628   6.631   6.688 
    6.770   6.771   6.824   6.862   6.872   6.900   6.920   6.947 
    6.976   6.979   6.985   7.006   7.031   7.049   7.063   7.091 
    7.097   7.152   7.157   7.169   7.220   7.246   7.300   7.386 
    7.466   7.554   7.613   7.631   7.720   7.740   7.886   7.887 
    7.929   7.943   7.971   8.048   8.087   8.165   8.167   8.225 
    8.252   8.364   8.371   8.399   8.512   8.526   8.583   8.604 
    8.622   8.858   8.912   8.932   8.954   9.072   9.109   9.130 
    9.150   9.162   9.168   9.200   9.201   9.225   9.238   9.251 
    9.265   9.278   9.289   9.301   9.319   9.355   9.372   9.408 
    9.447   9.465   9.499   9.513   9.554   9.576   9.591   9.667 
    9.750   9.755   9.834   9.843   9.854   9.884   9.921   9.924 
    9.964  10.020  10.026  10.031  10.034  10.094  10.097  10.134 
   10.189  10.221  10.263  10.292  10.438  10.546  10.641  10.700 
   10.779  10.789  10.820  10.862  10.889  10.896  10.958  11.024 
   11.035  11.048  11.068  11.076  11.108  11.124  11.153  11.203 
   11.212  11.245  11.291  11.311  11.359  11.381  11.398  11.436 
   11.465  11.472  11.475  11.486  11.535  11.560  11.566  11.654 
   11.657  11.684  11.736  11.756  11.811  11.820  11.842  11.853 
   11.884  11.886  11.941  11.964  12.051  12.077  12.096  12.122 
   12.168  12.191  12.230  12.240  12.259  12.290  12.339  12.354 
   12.371  12.377  12.390  12.399  12.416  12.425  12.429  12.468 
   12.486  12.489  12.503  12.516  12.519  12.571  12.575  12.611 
   12.637  12.666  12.692  12.700  12.727  12.732  12.744  12.753 
   12.754  12.775  12.785  12.817  12.849  12.898  12.907  12.922 
   12.937  12.952  12.985  13.017  13.023  13.057  13.076  13.082 
   13.093  13.103  13.124  13.132  13.151  13.153  13.179  13.217 
   13.233  13.236  13.255  13.258  13.286  13.316  13.326  13.338 
   13.386  13.399  13.420  13.424  13.471  13.499  13.518  13.562 
   13.563  13.588  13.608  13.639  13.651  13.676  13.704  13.729 
   13.747  13.755  13.797  13.807  13.812  13.838  13.855  13.892 
   13.910  13.926  13.978  14.040  14.108  14.112  14.156  14.230 
   14.290  14.328  14.350  14.351  14.370  14.448  14.529  14.572 
   14.591  14.639  14.739  14.865  14.890  14.893  14.929  14.935 
   15.099  15.131  15.138  15.146  15.186  15.242  15.349  15.539 
   15.576  15.684  15.735  15.768  15.822  15.857  15.933  16.095 
   16.120  16.259  16.267  16.277  16.362  16.376  16.405  16.507 
   16.613  16.666  16.670  16.723  16.800  17.005  17.021  17.025 
   17.030  17.044  17.051  17.060  17.073  17.086  17.090  17.094 
   17.101  17.129  17.177  17.182  17.384  17.503  17.516  17.560 
   17.567  17.584  17.634  17.658  17.669  17.678  17.715  17.723 
   17.745  17.770  17.781  17.970  18.060  18.192  18.262  18.495 
   18.588  18.696  18.722  18.762  18.763  18.795  18.857  18.858 
   18.885  18.890  18.936  18.942  19.060  19.124  19.135  19.169 
   19.189  19.201  19.248  19.331  19.464  19.495  19.519  19.531 
   19.673  19.938  20.035  20.122  20.160  20.311  20.333  20.360 
   20.363  20.415  20.532  20.562  20.581  20.617  20.629  21.102 
   21.133  21.166  21.178  21.375  21.684  21.754  21.833  21.916 
   22.107  22.173  22.201  22.236  22.673  23.173  23.341  23.626 
   23.666  23.905  23.927  23.969  24.063  24.098  24.120  24.277 
   24.317  24.376  24.417  24.474  24.505  24.535  24.557  24.599 
   24.836  25.612  25.633  25.831  26.045  26.057  26.083  26.144 
   26.148  26.230  26.252  26.486  26.541  26.745  28.267  28.766 
   29.073  32.829  33.330  33.378  33.459  33.467  33.530  33.798 
   34.329  34.564  34.745  34.768  34.817  34.830  35.186  35.430 
   41.651  41.666  41.708  41.721  42.115  42.148  59.590  61.347 
   63.462  63.749  64.511  65.095  65.782  66.305  66.408  66.521 
   66.956  67.342  68.062  68.218  68.404  68.919  69.098  69.768 
   78.006  80.248  80.463  91.448  91.484  91.641  91.670  91.740 
   91.795  91.951  91.990  92.028  92.051  92.078  92.097  93.040 
   93.051  93.075  93.087  93.116  93.142 137.426 139.933 172.302 
  172.553 173.372 175.039 175.697 176.284 317.126 320.490 532.508 
  532.705 533.363 536.430 536.955 537.436 743.075 747.235 1791.556 
  1796.333 2107.416 2107.555 2108.031 2112.237 2112.612 2112.958 4509.358 
  4514.536 12055.092 12060.492 35039.166 35044.666 114853.839 114859.368 454589.389 
  454594.909 2579387.058 2579392.546 


  >>> Running UHF-MP2 <<<

MP2 correlation energy (UHF) : -1.2559636645
MP2 total energy       (UHF) : -248.4974271327

