	*********************************************** 
	***** Beginning CEBE Calculation with MOM ***** 
	*****       Calculation Details:          ***** 
	      Geometry:	 /work/morgunov/core/calculations/mols/exp/o/ipr-oh.xyz
	      Core Basis:	 cc-pCV5Z
	      Full Basis:	 cc-pV5Z
	      DIIS (start, space):	 0 50
	      Level shift:	 0
	      Do localization?:	 False
	      Do SFX2C1E?:	 True
	      Freeze orbitals?:	 True
	      Use Cheng orbitals?:	 False
	      Do Special Basis?:	 False
	*********************************************** 
	*********************************************** 

  >>> Running RHF <<<

init D/C      : minao
init ov       : zeros
no            : 17
nv            : 841
ov_size       : 14297
max_cycle     : 1000
conv          : 6
econv         : 9
method        : gdm
scale_stop    : 0
scale_factor  : 1.000000
init E        : -193.138999229958
init |[F,P]|  : 3.59e-03
init |dE|     : 9.26e-03
check file    : None

iter      total energy   |[F,P]|      |dE|         ∆E   comment
   1    -193.195267114  1.98e-03  5.25e-03  -5.63e-02  BFGS
   2    -193.212555688  2.52e-04  6.57e-04  -1.73e-02  BFGS
   3    -193.212847076  6.53e-05  1.67e-04  -2.91e-04  BFGS
   4    -193.212870117  1.70e-05  4.26e-05  -2.30e-05  BFGS
   5    -193.212871583  5.10e-06  1.29e-05  -1.47e-06  BFGS
   6    -193.212871719  1.05e-06  2.88e-06  -1.36e-07  BFGS
   7    -193.212871730  2.79e-07  7.41e-07  -1.06e-08  BFGS
   8    -193.212871731  9.92e-08  2.38e-07  -6.16e-10  BFGS
                                                                      gdm is converged!

SCF converged : True
final |[F,P]| : 9.92e-08
final |dE|    : 2.38e-07
final Escf    : -329.038295245094
final Etot    : -193.212871730507

  pxp & ewc             :::        0.859 (  0.06%)
  apply B               :::        0.003 (  0.00%)
  linsrch               :::     1473.482 ( 99.94%)
  grad                  :::        0.075 (  0.01%)
  Total                 :::     1474.420 (100.00%)

Alpha occupied
  -20.549 -11.274 -11.212 -11.205  -1.359  -1.047  -0.940  -0.799 
   -0.700  -0.629  -0.607  -0.547  -0.535  -0.530  -0.511  -0.472 
   -0.437 

Alpha virtual
    0.088   0.111   0.117   0.124   0.146   0.152   0.164   0.175 
    0.207   0.209   0.231   0.244   0.247   0.261   0.282   0.316 
    0.328   0.377   0.388   0.393   0.402   0.416   0.424   0.431 
    0.442   0.452   0.464   0.471   0.479   0.484   0.514   0.534 
    0.558   0.563   0.572   0.593   0.598   0.619   0.627   0.632 
    0.666   0.672   0.682   0.700   0.713   0.750   0.755   0.771 
    0.798   0.808   0.816   0.826   0.840   0.858   0.862   0.873 
    0.875   0.889   0.929   0.945   0.950   0.967   0.981   0.990 
    0.993   1.002   1.032   1.036   1.054   1.073   1.077   1.111 
    1.113   1.121   1.148   1.154   1.177   1.181   1.200   1.217 
    1.219   1.245   1.261   1.288   1.296   1.306   1.332   1.356 
    1.385   1.391   1.448   1.458   1.472   1.482   1.518   1.534 
    1.545   1.553   1.563   1.571   1.589   1.603   1.620   1.645 
    1.650   1.670   1.685   1.713   1.725   1.756   1.759   1.779 
    1.791   1.802   1.838   1.847   1.870   1.900   1.905   1.910 
    1.917   1.942   1.956   1.967   1.979   2.004   2.016   2.027 
    2.041   2.061   2.080   2.098   2.104   2.130   2.134   2.169 
    2.176   2.181   2.206   2.214   2.225   2.230   2.240   2.251 
    2.271   2.290   2.297   2.311   2.327   2.340   2.370   2.398 
    2.407   2.427   2.437   2.454   2.464   2.467   2.502   2.505 
    2.526   2.531   2.545   2.549   2.559   2.590   2.611   2.616 
    2.635   2.648   2.670   2.708   2.734   2.748   2.780   2.825 
    2.831   2.842   2.861   2.878   2.889   2.926   2.949   2.973 
    2.987   3.006   3.037   3.056   3.075   3.099   3.121   3.170 
    3.184   3.217   3.234   3.250   3.256   3.279   3.301   3.318 
    3.328   3.353   3.356   3.392   3.413   3.437   3.465   3.491 
    3.494   3.517   3.541   3.610   3.630   3.642   3.651   3.656 
    3.682   3.718   3.750   3.766   3.786   3.815   3.834   3.845 
    3.866   3.877   3.916   3.926   3.933   3.965   3.981   4.006 
    4.049   4.063   4.083   4.103   4.114   4.141   4.157   4.170 
    4.183   4.193   4.218   4.229   4.241   4.249   4.262   4.303 
    4.327   4.341   4.350   4.362   4.369   4.391   4.408   4.432 
    4.460   4.473   4.487   4.508   4.527   4.547   4.550   4.579 
    4.603   4.617   4.639   4.655   4.690   4.713   4.720   4.730 
    4.741   4.758   4.784   4.793   4.807   4.822   4.829   4.841 
    4.852   4.862   4.872   4.881   4.900   4.921   4.939   4.962 
    4.976   5.005   5.007   5.036   5.055   5.073   5.099   5.123 
    5.141   5.153   5.157   5.168   5.197   5.211   5.236   5.248 
    5.267   5.269   5.300   5.310   5.349   5.362   5.384   5.405 
    5.412   5.442   5.460   5.473   5.502   5.513   5.540   5.557 
    5.583   5.591   5.604   5.637   5.643   5.660   5.678   5.680 
    5.692   5.719   5.733   5.745   5.757   5.771   5.811   5.820 
    5.840   5.863   5.882   5.898   5.923   5.948   5.952   5.958 
    5.982   6.000   6.013   6.047   6.049   6.076   6.088   6.093 
    6.122   6.133   6.162   6.210   6.228   6.243   6.260   6.313 
    6.345   6.352   6.357   6.383   6.404   6.424   6.432   6.446 
    6.478   6.592   6.634   6.663   6.692   6.707   6.742   6.781 
    6.817   6.832   6.848   6.871   6.925   6.971   6.976   7.048 
    7.059   7.086   7.161   7.198   7.213   7.234   7.265   7.275 
    7.312   7.318   7.325   7.354   7.380   7.399   7.410   7.436 
    7.440   7.501   7.522   7.561   7.640   7.691   7.706   7.717 
    7.722   7.752   7.812   7.818   7.845   7.864   7.906   7.928 
    7.946   7.990   8.101   8.134   8.187   8.203   8.215   8.268 
    8.287   8.325   8.363   8.388   8.409   8.435   8.468   8.549 
    8.647   8.760   8.870   8.936   9.029   9.097   9.169   9.263 
    9.285   9.333   9.403   9.471   9.505   9.563   9.595   9.616 
    9.644   9.660   9.688   9.720   9.751   9.765   9.812   9.853 
    9.875   9.892   9.933   9.973   9.989  10.038  10.088  10.109 
   10.130  10.162  10.188  10.244  10.300  10.309  10.329  10.416 
   10.436  10.455  10.480  10.497  10.509  10.547  10.567  10.571 
   10.627  10.638  10.689  10.740  10.748  10.790  10.795  10.828 
   10.882  10.907  10.978  10.994  11.017  11.038  11.073  11.097 
   11.108  11.158  11.204  11.222  11.308  11.352  11.386  11.468 
   11.472  11.525  11.561  11.580  11.593  11.634  11.640  11.668 
   11.683  11.712  11.737  11.795  11.805  11.836  11.860  11.894 
   11.932  11.955  12.007  12.028  12.171  12.370  12.415  12.508 
   12.539  12.577  12.639  12.646  12.655  12.681  12.685  12.696 
   12.703  12.709  12.734  12.754  12.759  12.768  12.788  12.790 
   12.802  12.821  12.834  12.837  12.849  12.857  12.869  12.880 
   12.904  12.911  12.926  12.933  12.953  12.970  13.010  13.024 
   13.029  13.034  13.058  13.076  13.084  13.100  13.109  13.118 
   13.133  13.146  13.160  13.195  13.214  13.215  13.256  13.267 
   13.298  13.338  13.361  13.365  13.404  13.412  13.432  13.466 
   13.510  13.524  13.534  13.561  13.591  13.607  13.625  13.633 
   13.654  13.674  13.705  13.718  13.723  13.751  13.760  13.778 
   13.783  13.836  13.849  13.867  13.893  13.950  13.977  13.996 
   14.021  14.062  14.085  14.126  14.144  14.154  14.161  14.177 
   14.200  14.223  14.236  14.247  14.253  14.259  14.295  14.313 
   14.332  14.356  14.363  14.378  14.407  14.429  14.433  14.439 
   14.460  14.476  14.501  14.519  14.523  14.531  14.543  14.562 
   14.570  14.603  14.622  14.635  14.645  14.672  14.681  14.701 
   14.714  14.722  14.754  14.768  14.777  14.800  14.813  14.849 
   14.862  14.878  14.911  14.933  14.947  14.990  14.999  15.031 
   15.051  15.054  15.077  15.109  15.126  15.159  15.166  15.200 
   15.225  15.263  15.315  15.366  15.416  15.460  15.511  15.598 
   15.653  15.683  15.732  15.784  15.848  15.885  15.909  15.924 
   15.959  15.984  16.000  16.021  16.031  16.057  16.124  16.178 
   16.186  16.205  16.236  16.252  16.295  16.377  16.424  16.479 
   16.508  16.700  16.752  16.962  16.991  17.004  17.027  17.029 
   17.348  17.580  17.585  17.627  17.757  17.769  17.780  17.823 
   17.861  17.891  17.935  17.966  17.974  18.003  18.063  18.077 
   18.084  18.149  18.162  18.344  18.362  18.446  18.494  18.499 
   18.520  18.569  18.599  18.632  18.696  18.707  18.738  18.770 
   18.857  18.876  18.974  19.046  19.073  19.100  19.149  19.157 
   19.173  19.179  19.264  19.275  19.344  19.564  19.580  19.737 
   19.895  19.906  20.025  20.201  20.348  20.718  20.951  20.971 
   21.000  21.017  21.051  21.059  21.095  21.112  21.363  22.448 
   22.683  22.926  23.303  23.688  23.855  24.960  25.930  31.161 
   38.757  39.907  40.813  42.158  42.966  43.004  61.498  61.548 
   61.776  62.235  62.900  71.994  72.008  72.146  72.290  72.584 
   72.775  73.146  83.134 107.884 108.892 109.609 181.513 181.548 
  181.713 182.040 182.494 220.751 245.767 245.769 245.771 245.772 
  245.777 245.777 245.777 245.783 245.785 291.555 291.561 291.611 
  291.656 291.800 291.878 291.985 298.978 299.846 300.465 556.730 
  556.753 556.871 557.098 557.412 584.215 837.596 838.325 838.839 
  2074.440 


  >>> Running RHF-MP2 <<<


RMP2-TIMING
  rmp2                  :::     1532.917 (100.00%)
  Total                 :::     1532.917 (100.00%)

MP2 correlation energy (RHF) : -1.0136055947
MP2 total energy       (RHF) : -194.2264773252


  >>> Running UHF <<<

init D/C      : input mo_coeff
init ov       : zeros
no            : 16 17
nv            : 842 841
ov_size       : 27769
max_cycle     : 1000
conv          : 6
econv         : 9
method        : diis
mom_start     : 0
guess mix     : 0.000000
orb_swap      : [[[0, 16]], []]
init E        : -172.664002056709
init S2       : 0.750000000000021
init |[F,P]|  : 1.16e-02
init |dE|     : 3.69e-02
check file    : None

iter      total energy   |[F,P]|      |dE|         ∆E   S^2   comment
   1    -173.182990554  6.37e-03  1.95e-02  -5.19e-01  0.75  DIIS mom: 15.7/16 16.6/17
   2    -173.462391945  4.55e-04  1.37e-03  -2.79e-01  0.76  DIIS mom: 15.9/16 17.0/17
   3    -173.464585144  1.32e-04  3.72e-04  -2.19e-03  0.76  DIIS mom: 16.0/16 17.0/17
   4    -173.464971325  7.47e-05  2.06e-04  -3.86e-04  0.76  DIIS mom: 16.0/16 17.0/17
   5    -173.465141489  2.98e-05  7.86e-05  -1.70e-04  0.77  DIIS mom: 16.0/16 17.0/17
   6    -173.465171601  9.19e-06  2.41e-05  -3.01e-05  0.77  DIIS mom: 16.0/16 17.0/17
   7    -173.465174247  2.48e-06  6.83e-06  -2.65e-06  0.77  DIIS mom: 16.0/16 17.0/17
   8    -173.465174404  8.73e-07  2.39e-06  -1.57e-07  0.77  DIIS mom: 16.0/16 17.0/17
   9    -173.465174423  2.90e-07  7.38e-07  -1.89e-08  0.77  DIIS mom: 16.0/16 17.0/17
  10    -173.465174425  1.36e-07  3.17e-07  -2.04e-09  0.77  DIIS mom: 16.0/16 17.0/17
  11    -173.465174425  5.90e-08  1.34e-07  -5.59e-10  0.77  DIIS mom: 16.0/16 17.0/17
                                                                      diis is converged!

SCF converged : True
final |[F,P]| : 5.90e-08
final |dE|    : 1.34e-07
final Escf    : -309.290597939727
final Etot    : -173.465174425139
final S2      : 0.769746740431696

  diis prep             :::        0.995 (  0.05%)
  diis extrap           :::        0.392 (  0.02%)
  roothaan              :::        2.458 (  0.12%)
  fock build            :::     2122.436 ( 99.82%)
  Total                 :::     2126.280 (100.00%)

Alpha occupied
  -11.549 -11.421 -11.407  -1.815  -1.315  -1.175  -1.127  -1.086 
   -1.037  -0.939  -0.825  -0.771  -0.764  -0.737  -0.703  -0.696 

Alpha virtual
  -18.938  -0.120  -0.047  -0.036  -0.027  -0.005   0.005   0.016 
    0.023   0.039   0.045   0.062   0.068   0.082   0.088   0.093 
    0.130   0.148   0.167   0.176   0.196   0.206   0.232   0.239 
    0.251   0.259   0.265   0.271   0.273   0.278   0.286   0.309 
    0.334   0.355   0.370   0.382   0.407   0.415   0.438   0.443 
    0.445   0.470   0.482   0.492   0.502   0.527   0.545   0.563 
    0.579   0.601   0.604   0.624   0.637   0.646   0.674   0.679 
    0.685   0.696   0.697   0.716   0.729   0.760   0.765   0.769 
    0.782   0.802   0.807   0.831   0.841   0.857   0.878   0.888 
    0.918   0.923   0.931   0.944   0.953   0.972   0.987   0.992 
    1.014   1.034   1.041   1.052   1.068   1.080   1.096   1.109 
    1.126   1.157   1.205   1.224   1.241   1.259   1.270   1.308 
    1.314   1.335   1.346   1.358   1.368   1.376   1.397   1.402 
    1.428   1.446   1.452   1.469   1.495   1.509   1.540   1.552 
    1.572   1.585   1.593   1.620   1.633   1.653   1.671   1.678 
    1.691   1.706   1.726   1.736   1.742   1.760   1.775   1.784 
    1.817   1.840   1.847   1.871   1.882   1.890   1.911   1.922 
    1.946   1.964   1.976   2.000   2.011   2.021   2.024   2.027 
    2.036   2.053   2.067   2.081   2.094   2.109   2.123   2.142 
    2.177   2.202   2.216   2.220   2.237   2.249   2.263   2.285 
    2.298   2.307   2.315   2.336   2.345   2.350   2.357   2.371 
    2.393   2.407   2.434   2.462   2.473   2.504   2.513   2.556 
    2.585   2.611   2.617   2.651   2.658   2.672   2.714   2.731 
    2.759   2.766   2.769   2.790   2.833   2.844   2.881   2.908 
    2.934   2.943   2.964   2.986   3.011   3.033   3.060   3.079 
    3.094   3.115   3.122   3.148   3.160   3.173   3.191   3.205 
    3.231   3.239   3.253   3.278   3.371   3.397   3.410   3.422 
    3.428   3.462   3.474   3.513   3.533   3.536   3.572   3.598 
    3.614   3.648   3.651   3.672   3.691   3.698   3.735   3.738 
    3.775   3.798   3.843   3.870   3.877   3.882   3.922   3.925 
    3.947   3.961   3.977   3.996   4.012   4.025   4.028   4.051 
    4.067   4.097   4.128   4.136   4.139   4.142   4.167   4.190 
    4.215   4.226   4.236   4.253   4.274   4.291   4.310   4.324 
    4.340   4.356   4.384   4.408   4.425   4.453   4.464   4.479 
    4.488   4.513   4.525   4.555   4.579   4.594   4.597   4.615 
    4.630   4.634   4.651   4.658   4.670   4.681   4.702   4.707 
    4.733   4.743   4.766   4.781   4.798   4.816   4.843   4.857 
    4.876   4.918   4.925   4.932   4.951   4.962   4.978   5.006 
    5.019   5.032   5.037   5.066   5.081   5.110   5.119   5.154 
    5.182   5.190   5.212   5.229   5.249   5.269   5.287   5.322 
    5.338   5.365   5.367   5.384   5.408   5.420   5.434   5.444 
    5.459   5.466   5.491   5.500   5.511   5.535   5.541   5.574 
    5.577   5.616   5.623   5.646   5.667   5.697   5.721   5.731 
    5.741   5.762   5.771   5.796   5.820   5.839   5.843   5.866 
    5.874   5.895   5.906   5.926   5.961   5.997   6.027   6.042 
    6.093   6.111   6.126   6.144   6.155   6.176   6.187   6.208 
    6.216   6.252   6.334   6.365   6.392   6.422   6.437   6.484 
    6.537   6.549   6.569   6.600   6.632   6.668   6.692   6.724 
    6.779   6.809   6.834   6.918   6.923   6.974   7.003   7.022 
    7.053   7.067   7.088   7.107   7.117   7.140   7.150   7.175 
    7.197   7.204   7.272   7.289   7.330   7.363   7.432   7.457 
    7.472   7.494   7.519   7.538   7.564   7.616   7.633   7.653 
    7.668   7.710   7.748   7.847   7.861   7.894   7.919   7.958 
    8.006   8.035   8.058   8.118   8.153   8.167   8.197   8.205 
    8.251   8.350   8.495   8.547   8.631   8.757   8.830   8.912 
    8.980   9.004   9.060   9.093   9.200   9.241   9.323   9.351 
    9.390   9.414   9.444   9.462   9.501   9.505   9.537   9.556 
    9.567   9.621   9.633   9.672   9.697   9.742   9.810   9.829 
    9.867   9.903   9.919   9.966  10.018  10.031  10.081  10.107 
   10.182  10.187  10.228  10.265  10.285  10.296  10.326  10.328 
   10.340  10.403  10.418  10.457  10.504  10.523  10.566  10.571 
   10.594  10.659  10.679  10.743  10.764  10.784  10.795  10.837 
   10.848  10.870  10.888  10.916  10.975  11.034  11.103  11.142 
   11.233  11.238  11.281  11.332  11.367  11.379  11.416  11.424 
   11.451  11.459  11.487  11.496  11.548  11.555  11.604  11.647 
   11.654  11.682  11.710  11.731  11.772  11.930  12.111  12.148 
   12.167  12.182  12.282  12.329  12.358  12.384  12.430  12.447 
   12.468  12.475  12.481  12.488  12.503  12.511  12.524  12.538 
   12.555  12.567  12.590  12.598  12.620  12.626  12.651  12.654 
   12.658  12.670  12.681  12.696  12.698  12.717  12.733  12.764 
   12.787  12.792  12.801  12.812  12.829  12.843  12.865  12.879 
   12.895  12.901  12.912  12.919  12.933  12.952  12.993  13.010 
   13.037  13.061  13.112  13.129  13.145  13.163  13.181  13.194 
   13.226  13.289  13.298  13.313  13.329  13.346  13.375  13.386 
   13.406  13.416  13.432  13.438  13.462  13.487  13.495  13.524 
   13.544  13.568  13.591  13.613  13.640  13.656  13.665  13.698 
   13.730  13.765  13.816  13.847  13.865  13.877  13.912  13.936 
   13.948  13.964  13.969  13.988  14.013  14.028  14.043  14.050 
   14.061  14.079  14.106  14.113  14.123  14.148  14.178  14.196 
   14.219  14.232  14.240  14.258  14.278  14.312  14.317  14.325 
   14.329  14.344  14.350  14.372  14.388  14.427  14.439  14.456 
   14.463  14.471  14.504  14.511  14.539  14.551  14.581  14.586 
   14.609  14.634  14.654  14.676  14.699  14.719  14.741  14.777 
   14.807  14.821  14.831  14.848  14.851  14.908  14.922  14.955 
   14.977  14.995  15.045  15.097  15.134  15.196  15.238  15.254 
   15.325  15.408  15.466  15.493  15.521  15.563  15.608  15.627 
   15.674  15.711  15.736  15.776  15.795  15.812  15.832  15.844 
   15.870  15.920  15.986  16.002  16.024  16.039  16.053  16.171 
   16.259  16.304  16.316  16.486  16.602  16.770  16.790  16.809 
   16.833  16.950  17.140  17.383  17.418  17.509  17.529  17.556 
   17.577  17.590  17.620  17.637  17.649  17.710  17.771  17.817 
   17.866  17.880  17.951  17.957  18.091  18.123  18.177  18.243 
   18.286  18.294  18.316  18.359  18.393  18.451  18.484  18.508 
   18.545  18.579  18.623  18.665  18.709  18.737  18.812  18.870 
   18.936  18.955  18.961  19.027  19.059  19.133  19.162  19.185 
   19.326  19.423  19.471  19.555  19.719  19.861  20.227  20.466 
   20.717  20.765  20.790  20.817  20.855  20.878  20.895  20.921 
   21.783  22.021  22.264  22.716  23.180  23.284  24.403  25.309 
   30.267  37.544  38.741  39.676  41.808  42.757  42.802  60.100 
   60.151  60.379  60.842  61.509  70.660  70.674  70.813  70.957 
   71.248  71.443  71.811  81.417 105.835 106.849 107.567 179.057 
  179.093 179.257 179.585 180.039 218.014 243.473 243.476 243.478 
  243.479 243.483 243.486 243.486 243.488 243.490 288.737 288.742 
  288.792 288.837 288.979 289.058 289.163 295.869 296.739 297.358 
  553.028 553.051 553.168 553.395 553.710 580.397 833.418 834.147 
  834.660 2069.649 

Beta occupied
  -23.838 -11.548 -11.421 -11.407  -1.931  -1.337  -1.213  -1.155 
   -1.143  -1.108  -0.957  -0.829  -0.775  -0.767  -0.737  -0.704 
   -0.697 

Beta virtual
   -0.128  -0.048  -0.037  -0.028  -0.007   0.005   0.014   0.021 
    0.038   0.046   0.056   0.067   0.077   0.088   0.092   0.129 
    0.141   0.161   0.175   0.197   0.207   0.231   0.239   0.251 
    0.258   0.265   0.270   0.273   0.277   0.287   0.309   0.334 
    0.352   0.371   0.382   0.407   0.415   0.438   0.442   0.444 
    0.469   0.482   0.492   0.502   0.528   0.543   0.562   0.579 
    0.602   0.604   0.624   0.637   0.645   0.672   0.679   0.684 
    0.695   0.697   0.713   0.728   0.760   0.764   0.767   0.781 
    0.803   0.806   0.831   0.841   0.856   0.874   0.888   0.917 
    0.922   0.931   0.944   0.952   0.971   0.987   0.993   1.014 
    1.034   1.040   1.053   1.068   1.082   1.095   1.106   1.126 
    1.157   1.205   1.224   1.241   1.258   1.270   1.308   1.312 
    1.336   1.346   1.358   1.368   1.375   1.396   1.403   1.429 
    1.446   1.450   1.469   1.494   1.510   1.540   1.552   1.572 
    1.585   1.591   1.620   1.633   1.653   1.665   1.675   1.689 
    1.705   1.726   1.735   1.742   1.761   1.771   1.781   1.816 
    1.840   1.847   1.871   1.881   1.890   1.910   1.922   1.946 
    1.965   1.974   1.997   2.011   2.021   2.022   2.027   2.036 
    2.053   2.067   2.079   2.095   2.108   2.120   2.141   2.177 
    2.202   2.216   2.220   2.236   2.247   2.262   2.285   2.298 
    2.305   2.315   2.335   2.345   2.350   2.357   2.370   2.392 
    2.407   2.434   2.461   2.471   2.504   2.512   2.554   2.584 
    2.610   2.616   2.650   2.657   2.671   2.714   2.730   2.759 
    2.766   2.769   2.789   2.831   2.842   2.881   2.908   2.933 
    2.940   2.963   2.981   3.011   3.032   3.059   3.074   3.093 
    3.114   3.122   3.147   3.160   3.173   3.187   3.204   3.229 
    3.237   3.253   3.277   3.371   3.397   3.409   3.422   3.427 
    3.462   3.472   3.512   3.530   3.535   3.572   3.598   3.614 
    3.647   3.648   3.672   3.691   3.698   3.735   3.738   3.772 
    3.797   3.842   3.868   3.876   3.881   3.919   3.921   3.946 
    3.958   3.976   3.996   4.012   4.024   4.028   4.051   4.065 
    4.094   4.127   4.136   4.137   4.142   4.166   4.188   4.212 
    4.225   4.233   4.252   4.271   4.288   4.309   4.315   4.339 
    4.353   4.379   4.407   4.423   4.447   4.462   4.477   4.487 
    4.512   4.523   4.555   4.577   4.592   4.597   4.615   4.630 
    4.634   4.650   4.657   4.669   4.680   4.700   4.707   4.732 
    4.742   4.760   4.781   4.796   4.815   4.841   4.849   4.875 
    4.917   4.924   4.932   4.950   4.961   4.977   5.006   5.018 
    5.030   5.036   5.065   5.080   5.109   5.118   5.153   5.181 
    5.190   5.212   5.227   5.248   5.267   5.286   5.321   5.336 
    5.364   5.367   5.383   5.404   5.417   5.429   5.437   5.453 
    5.466   5.487   5.499   5.511   5.534   5.540   5.572   5.577 
    5.614   5.623   5.646   5.666   5.697   5.719   5.730   5.741 
    5.760   5.771   5.795   5.818   5.838   5.843   5.864   5.874 
    5.894   5.906   5.925   5.960   5.997   6.027   6.041   6.092 
    6.110   6.126   6.145   6.154   6.175   6.187   6.206   6.217 
    6.252   6.328   6.362   6.387   6.419   6.438   6.484   6.535 
    6.548   6.568   6.600   6.631   6.665   6.690   6.721   6.774 
    6.807   6.833   6.916   6.918   6.974   7.001   7.021   7.052 
    7.067   7.087   7.106   7.116   7.140   7.149   7.175   7.196 
    7.203   7.272   7.287   7.330   7.359   7.430   7.457   7.470 
    7.493   7.518   7.536   7.562   7.615   7.632   7.652   7.667 
    7.710   7.746   7.844   7.858   7.892   7.915   7.956   8.001 
    8.032   8.054   8.117   8.148   8.167   8.195   8.203   8.246 
    8.345   8.472   8.545   8.623   8.751   8.827   8.910   8.973 
    9.002   9.058   9.087   9.196   9.238   9.320   9.348   9.388 
    9.411   9.442   9.461   9.492   9.503   9.529   9.551   9.566 
    9.617   9.631   9.671   9.694   9.741   9.808   9.828   9.867 
    9.902   9.917   9.965  10.015  10.027  10.081  10.107  10.177 
   10.187  10.228  10.264  10.285  10.296  10.325  10.328  10.339 
   10.402  10.417  10.456  10.504  10.522  10.560  10.571  10.589 
   10.645  10.678  10.741  10.761  10.765  10.789  10.797  10.847 
   10.869  10.884  10.916  10.975  11.029  11.103  11.142  11.233 
   11.238  11.278  11.330  11.366  11.379  11.415  11.421  11.450 
   11.457  11.484  11.494  11.547  11.551  11.604  11.645  11.654 
   11.676  11.695  11.731  11.769  11.928  12.112  12.149  12.167 
   12.182  12.278  12.315  12.343  12.382  12.431  12.446  12.466 
   12.475  12.480  12.487  12.503  12.511  12.524  12.537  12.555 
   12.566  12.590  12.598  12.619  12.625  12.650  12.653  12.657 
   12.669  12.675  12.693  12.698  12.715  12.733  12.762  12.781 
   12.790  12.793  12.811  12.829  12.843  12.864  12.879  12.893 
   12.895  12.911  12.915  12.931  12.951  12.991  13.010  13.033 
   13.061  13.109  13.122  13.144  13.162  13.179  13.193  13.225 
   13.269  13.290  13.311  13.319  13.346  13.374  13.385  13.405 
   13.414  13.432  13.437  13.462  13.486  13.494  13.524  13.543 
   13.567  13.590  13.609  13.629  13.656  13.663  13.696  13.724 
   13.764  13.803  13.820  13.864  13.872  13.909  13.935  13.946 
   13.961  13.969  13.986  14.013  14.027  14.042  14.050  14.057 
   14.078  14.105  14.113  14.122  14.147  14.178  14.193  14.219 
   14.231  14.238  14.256  14.274  14.308  14.314  14.321  14.327 
   14.343  14.350  14.370  14.387  14.426  14.436  14.452  14.461 
   14.471  14.503  14.511  14.538  14.551  14.579  14.586  14.605 
   14.632  14.653  14.675  14.699  14.718  14.738  14.777  14.806 
   14.821  14.830  14.844  14.849  14.907  14.921  14.955  14.977 
   14.994  15.044  15.097  15.130  15.196  15.237  15.253  15.322 
   15.403  15.462  15.466  15.508  15.563  15.606  15.624  15.671 
   15.711  15.735  15.775  15.795  15.810  15.831  15.842  15.857 
   15.916  15.986  16.001  16.015  16.038  16.047  16.171  16.256 
   16.304  16.309  16.485  16.603  16.770  16.790  16.809  16.833 
   16.945  17.119  17.382  17.417  17.504  17.524  17.556  17.576 
   17.588  17.619  17.635  17.649  17.709  17.771  17.816  17.866 
   17.880  17.951  17.956  18.089  18.122  18.171  18.240  18.284 
   18.294  18.316  18.358  18.392  18.448  18.484  18.507  18.543 
   18.578  18.619  18.658  18.705  18.731  18.810  18.869  18.935 
   18.954  18.960  19.025  19.058  19.130  19.153  19.178  19.315 
   19.405  19.459  19.538  19.702  19.840  20.198  20.437  20.715 
   20.752  20.790  20.815  20.855  20.875  20.894  20.916  21.731 
   21.966  22.215  22.672  23.162  23.256  24.346  25.235  29.941 
   37.193  38.406  39.356  41.792  42.756  42.802  59.937  59.988 
   60.216  60.680  61.347  70.575  70.590  70.729  70.872  71.164 
   71.358  71.725  80.903 105.373 106.391 107.113 178.772 178.807 
  178.972 179.300 179.755 217.517 243.357 243.360 243.362 243.363 
  243.367 243.370 243.370 243.372 243.374 288.524 288.529 288.580 
  288.624 288.767 288.846 288.950 295.432 296.304 296.924 552.721 
  552.745 552.861 553.089 553.403 579.999 833.083 833.813 834.326 
  2069.402 


  >>> Running UHF-MP2 <<<

MP2 correlation energy (UHF) : -0.9630711554
MP2 total energy       (UHF) : -174.4282455806

