	*********************************************** 
	***** Beginning CEBE Calculation with MOM ***** 
	*****       Calculation Details:          ***** 
	      Geometry:	 /home/am3939/core/calculations/mols/exp/n/pyrrole.xyz
	      Core Basis:	 ccX-5Z
	      Full Basis:	 cc-pV5Z
	      DIIS (start, space):	 0 50
	      Level shift:	 0
	      Do localization?:	 False
	      Do SFX2C1E?:	 True
	      Freeze orbitals?:	 True
	      Use Cheng orbitals?:	 False
	      Do Special Basis?:	 True
	      Do Special Basis?:	 ccX-5Z
	*********************************************** 
	*********************************************** 

  >>> Running RHF <<<

init D/C      : minao
init ov       : zeros
no            : 18
nv            : 813
ov_size       : 14634
max_cycle     : 1000
conv          : 6
econv         : 9
method        : gdm
scale_stop    : 0
scale_factor  : 1.000000
init E        : -208.83992934034
init |[F,P]|  : 3.31e-03
init |dE|     : 6.95e-03
check file    : None

iter      total energy   |[F,P]|      |dE|         ∆E   comment
   1    -208.891832252  1.44e-03  3.12e-03  -5.19e-02  BFGS
   2    -208.900530109  4.61e-04  1.02e-03  -8.70e-03  BFGS
   3    -208.901419166  4.99e-05  1.16e-04  -8.89e-04  BFGS
   4    -208.901443205  1.98e-05  4.12e-05  -2.40e-05  BFGS
   5    -208.901449960  1.06e-05  2.40e-05  -6.76e-06  BFGS
   6    -208.901450563  3.41e-06  7.38e-06  -6.04e-07  BFGS
   7    -208.901450661  7.87e-07  1.76e-06  -9.76e-08  BFGS
   8    -208.901450667  2.62e-07  5.88e-07  -6.49e-09  BFGS
   9    -208.901450668  1.02e-07  2.25e-07  -6.10e-10  BFGS
                                                                      gdm is converged!

SCF converged : True
final |[F,P]| : 1.02e-07
final |dE|    : 2.25e-07
final Escf    : -370.045320822433
final Etot    : -208.901450667927

  pxp & ewc             :::        1.046 (  0.11%)
  apply B               :::        0.003 (  0.00%)
  linsrch               :::      946.211 ( 99.89%)
  grad                  :::        0.037 (  0.00%)
  Total                 :::      947.298 (100.00%)

Alpha occupied
  -15.604 -11.251 -11.251 -11.208 -11.207  -1.292  -1.043  -0.975 
   -0.796  -0.767  -0.737  -0.594  -0.583  -0.568  -0.546  -0.529 
   -0.348  -0.296 

Alpha virtual
    0.077   0.104   0.111   0.132   0.136   0.144   0.163   0.187 
    0.189   0.198   0.211   0.243   0.244   0.251   0.252   0.307 
    0.318   0.346   0.351   0.359   0.371   0.376   0.386   0.391 
    0.410   0.420   0.423   0.423   0.451   0.460   0.472   0.494 
    0.505   0.527   0.532   0.577   0.604   0.618   0.620   0.621 
    0.631   0.637   0.638   0.676   0.679   0.712   0.744   0.753 
    0.762   0.787   0.787   0.807   0.816   0.820   0.824   0.843 
    0.853   0.874   0.880   0.915   0.918   0.922   0.935   0.937 
    0.980   0.983   1.002   1.003   1.009   1.018   1.029   1.055 
    1.061   1.101   1.127   1.137   1.138   1.139   1.147   1.157 
    1.172   1.189   1.194   1.217   1.289   1.295   1.304   1.317 
    1.317   1.339   1.357   1.376   1.403   1.441   1.466   1.497 
    1.502   1.542   1.545   1.563   1.585   1.599   1.604   1.612 
    1.627   1.640   1.650   1.664   1.667   1.670   1.685   1.692 
    1.715   1.727   1.743   1.746   1.751   1.817   1.818   1.834 
    1.873   1.887   1.895   1.897   1.921   1.933   1.945   1.955 
    1.967   2.018   2.034   2.040   2.068   2.076   2.078   2.094 
    2.102   2.128   2.150   2.177   2.194   2.198   2.200   2.210 
    2.218   2.221   2.238   2.249   2.252   2.298   2.317   2.337 
    2.340   2.341   2.347   2.352   2.385   2.402   2.439   2.464 
    2.467   2.477   2.494   2.555   2.572   2.584   2.598   2.606 
    2.636   2.656   2.692   2.732   2.733   2.753   2.765   2.836 
    2.875   2.892   2.927   2.946   2.950   2.976   2.994   3.048 
    3.079   3.095   3.104   3.112   3.118   3.132   3.160   3.179 
    3.190   3.222   3.228   3.276   3.290   3.298   3.336   3.338 
    3.379   3.389   3.395   3.403   3.410   3.411   3.423   3.463 
    3.544   3.564   3.586   3.610   3.651   3.673   3.675   3.747 
    3.751   3.771   3.781   3.825   3.827   3.841   3.869   3.885 
    3.913   3.917   3.931   3.938   3.960   3.965   3.984   3.988 
    3.988   4.009   4.012   4.051   4.060   4.091   4.093   4.099 
    4.132   4.153   4.158   4.180   4.221   4.230   4.238   4.264 
    4.271   4.294   4.299   4.320   4.356   4.406   4.415   4.424 
    4.436   4.452   4.459   4.475   4.533   4.550   4.588   4.599 
    4.599   4.616   4.630   4.663   4.681   4.696   4.721   4.763 
    4.774   4.781   4.789   4.809   4.813   4.854   4.867   4.881 
    4.882   4.905   4.929   4.960   4.980   4.996   5.030   5.034 
    5.041   5.049   5.085   5.096   5.124   5.134   5.137   5.173 
    5.195   5.214   5.218   5.219   5.223   5.235   5.296   5.307 
    5.324   5.335   5.347   5.368   5.377   5.438   5.441   5.462 
    5.467   5.472   5.495   5.509   5.537   5.593   5.600   5.602 
    5.640   5.642   5.673   5.687   5.726   5.733   5.757   5.782 
    5.806   5.852   5.867   5.868   5.947   5.995   6.006   6.020 
    6.024   6.065   6.112   6.187   6.234   6.259   6.291   6.316 
    6.320   6.340   6.348   6.384   6.387   6.414   6.442   6.509 
    6.538   6.539   6.549   6.550   6.571   6.632   6.690   6.698 
    6.840   6.858   6.858   6.886   6.904   6.970   6.992   7.001 
    7.006   7.036   7.083   7.087   7.136   7.207   7.271   7.274 
    7.313   7.334   7.425   7.446   7.525   7.571   7.612   7.645 
    7.697   7.703   7.744   7.831   7.837   7.838   7.927   7.941 
    7.941   7.993   8.083   8.089   8.158   8.202   8.222   8.271 
    8.285   8.292   8.334   8.341   8.343   8.357   8.427   8.463 
    8.542   8.544   8.597   8.620   8.653   8.667   8.723   8.750 
    8.776   8.831   8.838   8.901   8.915   8.980   8.983   9.034 
    9.065   9.070   9.083   9.099   9.140   9.147   9.213   9.302 
    9.305   9.322   9.343   9.379   9.402   9.432   9.505   9.550 
    9.559   9.591   9.674   9.709   9.723   9.790   9.871   9.900 
    9.905   9.961  10.021  10.036  10.061  10.071  10.072  10.127 
   10.144  10.169  10.223  10.225  10.266  10.316  10.346  10.349 
   10.398  10.408  10.447  10.460  10.491  10.526  10.534  10.558 
   10.561  10.583  10.620  10.639  10.645  10.670  10.684  10.689 
   10.768  10.808  10.820  10.870  10.898  10.902  10.938  11.026 
   11.032  11.075  11.085  11.086  11.092  11.203  11.233  11.245 
   11.340  11.349  11.367  11.373  11.438  11.468  11.472  11.489 
   11.544  11.589  11.594  11.616  11.659  11.701  11.710  11.717 
   11.753  11.886  11.890  11.931  11.956  11.978  11.999  12.028 
   12.109  12.118  12.187  12.308  12.317  12.324  12.325  12.440 
   12.468  12.498  12.539  12.598  12.600  12.653  12.680  12.688 
   12.709  12.722  12.732  12.759  12.772  12.787  12.809  12.810 
   12.814  12.823  12.846  12.848  12.858  12.881  12.883  12.892 
   12.898  12.953  12.974  13.012  13.028  13.029  13.031  13.093 
   13.128  13.194  13.207  13.228  13.268  13.318  13.331  13.391 
   13.428  13.432  13.526  13.558  13.582  13.589  13.626  13.646 
   13.690  13.691  13.700  13.733  13.739  13.777  13.779  13.785 
   13.832  13.913  13.936  13.941  13.947  13.978  13.984  14.044 
   14.054  14.063  14.082  14.110  14.132  14.189  14.224  14.242 
   14.262  14.274  14.292  14.308  14.349  14.360  14.377  14.395 
   14.420  14.426  14.428  14.473  14.482  14.510  14.539  14.594 
   14.603  14.619  14.626  14.641  14.644  14.715  14.781  14.826 
   14.830  14.852  14.956  15.010  15.012  15.035  15.056  15.077 
   15.107  15.107  15.212  15.219  15.293  15.316  15.337  15.347 
   15.359  15.365  15.468  15.480  15.570  15.590  15.649  15.751 
   15.781  15.844  15.857  15.935  15.973  16.020  16.080  16.120 
   16.170  16.260  16.306  16.364  16.394  16.444  16.494  16.536 
   16.574  16.605  16.636  16.727  16.768  16.874  16.966  17.080 
   17.082  17.314  17.391  17.426  17.473  17.500  17.593  17.634 
   17.642  17.679  17.814  17.924  17.953  18.049  18.121  18.172 
   18.203  18.214  18.360  18.406  18.500  18.502  18.649  18.743 
   18.875  18.970  19.181  19.224  19.369  19.706  19.876  20.005 
   20.033  20.146  20.237  20.981  21.029  21.101  21.260  21.615 
   21.659  22.700  24.305  26.537  27.719  28.443  33.610  40.190 
   40.986  41.926  42.751  54.113  54.214  54.473  54.580  54.589 
   54.623  54.698  55.080  55.135  55.565  55.689  56.163  56.552 
   57.652  58.302  72.182 100.448 100.465 100.473 100.487 100.512 
  100.514 100.601 100.706 100.713 125.485 126.368 126.702 150.696 
  150.784 151.256 151.639 152.012 155.460 173.587 173.646 173.712 
  173.724 173.836 174.006 174.343 294.348 295.131 295.438 320.650 
  320.650 320.652 320.652 320.654 320.654 320.655 320.655 320.656 
  320.656 320.657 342.133 373.454 373.460 373.462 373.467 373.475 
  373.475 373.503 373.537 373.541 384.354 384.421 384.792 385.095 
  385.402 529.877 529.911 529.947 529.959 530.016 530.122 530.301 
  754.759 755.434 755.704 825.623 976.543 976.595 976.886 977.123 
  977.366 2440.534 2441.147 2441.394 3195.726 


  >>> Running RHF-MP2 <<<


RMP2-TIMING
  rmp2                  :::      898.836 (100.00%)
  Total                 :::      898.836 (100.00%)

MP2 correlation energy (RHF) : -1.1165112022
MP2 total energy       (RHF) : -210.0179618701


  >>> Running UHF <<<

init D/C      : input mo_coeff
init ov       : zeros
no            : 17 18
nv            : 814 813
ov_size       : 28472
max_cycle     : 1000
conv          : 6
econv         : 9
method        : diis
mom_start     : 0
guess mix     : 0.000000
orb_swap      : [[[0, 17]], []]
init E        : -193.297220577782
init S2       : 0.750000000000131
init |[F,P]|  : 1.34e-02
init |dE|     : 3.08e-02
check file    : None

iter      total energy   |[F,P]|      |dE|         ∆E   S^2   comment
   1    -193.665780031  8.41e-03  1.83e-02  -3.69e-01  0.75  DIIS mom: 16.6/17 17.6/18
   2    -193.995276693  8.01e-04  1.78e-03  -3.29e-01  0.76  DIIS mom: 16.9/17 17.9/18
   3    -194.000321748  3.25e-04  7.30e-04  -5.05e-03  0.76  DIIS mom: 17.0/17 18.0/18
   4    -194.001408001  1.40e-04  2.91e-04  -1.09e-03  0.77  DIIS mom: 17.0/17 18.0/18
   5    -194.001848590  5.41e-05  1.11e-04  -4.41e-04  0.77  DIIS mom: 17.0/17 18.0/18
   6    -194.001928044  1.89e-05  3.83e-05  -7.95e-05  0.78  DIIS mom: 17.0/17 18.0/18
   7    -194.001939657  1.04e-05  2.07e-05  -1.16e-05  0.78  DIIS mom: 17.0/17 18.0/18
   8    -194.001943882  7.27e-06  1.44e-05  -4.23e-06  0.78  DIIS mom: 17.0/17 18.0/18
   9    -194.001947319  5.59e-06  1.11e-05  -3.44e-06  0.78  DIIS mom: 17.0/17 18.0/18
  10    -194.001950876  3.69e-06  7.32e-06  -3.56e-06  0.78  DIIS mom: 17.0/17 18.0/18
  11    -194.001953211  1.06e-06  2.15e-06  -2.34e-06  0.78  DIIS mom: 17.0/17 18.0/18
  12    -194.001953329  2.76e-07  5.75e-07  -1.18e-07  0.78  DIIS mom: 17.0/17 18.0/18
  13    -194.001953332  9.03e-08  1.87e-07  -2.83e-09  0.78  DIIS mom: 17.0/17 18.0/18
  14    -194.001953332  2.20e-08  4.56e-08  -2.42e-10  0.78  DIIS mom: 17.0/17 18.0/18
                                                                      diis is converged!

SCF converged : True
final |[F,P]| : 2.20e-08
final |dE|    : 4.56e-08
final Escf    : -355.145823486696
final Etot    : -194.00195333219
final S2      : 0.778753971707175

  diis prep             :::        0.563 (  0.03%)
  diis extrap           :::        0.497 (  0.03%)
  roothaan              :::        3.564 (  0.22%)
  fock build            :::     1609.952 ( 99.71%)
  Total                 :::     1614.576 (100.00%)

Alpha occupied
  -11.516 -11.516 -11.452 -11.451  -1.641  -1.322  -1.255  -1.116 
   -1.046  -0.985  -0.935  -0.860  -0.857  -0.781  -0.766  -0.629 
   -0.539 

Alpha virtual
  -14.179  -0.101  -0.090  -0.044  -0.036  -0.019  -0.014  -0.010 
    0.001   0.009   0.039   0.052   0.074   0.083   0.085   0.087 
    0.112   0.141   0.161   0.170   0.191   0.196   0.203   0.209 
    0.214   0.227   0.231   0.240   0.251   0.251   0.256   0.270 
    0.296   0.311   0.319   0.340   0.409   0.410   0.416   0.420 
    0.432   0.434   0.444   0.450   0.457   0.477   0.497   0.549 
    0.561   0.562   0.578   0.604   0.609   0.617   0.629   0.634 
    0.642   0.664   0.677   0.686   0.716   0.719   0.722   0.740 
    0.741   0.746   0.769   0.795   0.806   0.808   0.812   0.831 
    0.859   0.860   0.891   0.904   0.908   0.929   0.939   0.956 
    0.958   0.960   0.970   0.980   1.019   1.036   1.082   1.089 
    1.105   1.129   1.141   1.150   1.186   1.191   1.209   1.240 
    1.281   1.282   1.331   1.331   1.348   1.385   1.389   1.390 
    1.407   1.410   1.426   1.437   1.451   1.463   1.465   1.471 
    1.481   1.495   1.507   1.523   1.536   1.542   1.592   1.603 
    1.616   1.657   1.658   1.678   1.687   1.706   1.716   1.720 
    1.741   1.756   1.802   1.817   1.822   1.849   1.856   1.872 
    1.888   1.889   1.916   1.936   1.952   1.979   1.982   1.985 
    1.985   2.001   2.005   2.013   2.016   2.036   2.084   2.097 
    2.117   2.123   2.123   2.127   2.141   2.154   2.176   2.185 
    2.241   2.242   2.259   2.268   2.311   2.340   2.344   2.359 
    2.388   2.395   2.425   2.457   2.508   2.516   2.523   2.540 
    2.547   2.649   2.667   2.705   2.730   2.732   2.737   2.755 
    2.780   2.834   2.856   2.860   2.880   2.882   2.883   2.931 
    2.946   2.950   2.987   3.000   3.032   3.048   3.077   3.090 
    3.105   3.131   3.144   3.150   3.162   3.173   3.173   3.206 
    3.242   3.304   3.336   3.349   3.369   3.416   3.436   3.442 
    3.511   3.516   3.534   3.547   3.595   3.597   3.610   3.641 
    3.652   3.678   3.685   3.695   3.706   3.730   3.730   3.739 
    3.755   3.764   3.773   3.780   3.819   3.836   3.858   3.860 
    3.864   3.898   3.930   3.939   3.940   3.988   3.991   4.001 
    4.029   4.031   4.059   4.064   4.085   4.115   4.181   4.187 
    4.188   4.189   4.203   4.235   4.240   4.295   4.300   4.361 
    4.366   4.370   4.388   4.397   4.430   4.436   4.465   4.472 
    4.531   4.541   4.545   4.558   4.563   4.579   4.627   4.628 
    4.648   4.653   4.656   4.691   4.726   4.745   4.753   4.791 
    4.802   4.818   4.818   4.848   4.852   4.878   4.893   4.903 
    4.933   4.959   4.964   4.982   4.993   5.002   5.016   5.063 
    5.083   5.089   5.099   5.113   5.122   5.137   5.213   5.216 
    5.223   5.226   5.237   5.242   5.273   5.312   5.343   5.346 
    5.377   5.401   5.403   5.435   5.436   5.476   5.482   5.493 
    5.541   5.573   5.609   5.619   5.626   5.703   5.705   5.755 
    5.763   5.770   5.776   5.855   5.862   5.984   6.002   6.026 
    6.055   6.062   6.072   6.083   6.110   6.145   6.172   6.205 
    6.259   6.271   6.281   6.303   6.314   6.328   6.378   6.442 
    6.444   6.567   6.579   6.609   6.634   6.672   6.711   6.746 
    6.767   6.771   6.791   6.843   6.855   6.894   6.956   7.001 
    7.043   7.078   7.102   7.162   7.190   7.282   7.331   7.349 
    7.389   7.437   7.447   7.501   7.548   7.551   7.588   7.658 
    7.668   7.707   7.728   7.816   7.820   7.911   7.925   7.974 
    8.023   8.033   8.047   8.086   8.092   8.105   8.118   8.180 
    8.225   8.304   8.306   8.353   8.367   8.391   8.419   8.446 
    8.499   8.529   8.579   8.587   8.644   8.662   8.733   8.739 
    8.776   8.783   8.822   8.828   8.846   8.897   8.910   8.925 
    9.038   9.051   9.065   9.076   9.134   9.140   9.174   9.251 
    9.290   9.298   9.348   9.424   9.438   9.457   9.542   9.615 
    9.658   9.659   9.694   9.780   9.789   9.815   9.816   9.833 
    9.877   9.903   9.924   9.978   9.981  10.022  10.073  10.101 
   10.102  10.145  10.148  10.202  10.214  10.246  10.268  10.288 
   10.306  10.313  10.334  10.374  10.385  10.395  10.421  10.439 
   10.449  10.514  10.565  10.570  10.619  10.655  10.666  10.693 
   10.767  10.788  10.825  10.836  10.838  10.845  10.959  10.994 
   11.000  11.096  11.101  11.104  11.122  11.192  11.217  11.229 
   11.230  11.310  11.339  11.344  11.362  11.410  11.442  11.459 
   11.459  11.478  11.618  11.629  11.669  11.670  11.716  11.727 
   11.766  11.851  11.857  11.915  12.032  12.061  12.064  12.070 
   12.159  12.165  12.200  12.277  12.293  12.342  12.353  12.385 
   12.417  12.460  12.480  12.481  12.527  12.532  12.532  12.534 
   12.547  12.569  12.582  12.590  12.600  12.613  12.629  12.639 
   12.654  12.665  12.718  12.744  12.759  12.769  12.783  12.803 
   12.841  12.858  12.890  12.921  12.996  13.022  13.027  13.089 
   13.098  13.127  13.186  13.265  13.294  13.320  13.337  13.350 
   13.392  13.404  13.429  13.437  13.477  13.503  13.528  13.536 
   13.546  13.551  13.662  13.679  13.682  13.704  13.707  13.757 
   13.809  13.816  13.827  13.848  13.871  13.873  13.920  13.965 
   13.996  14.008  14.030  14.036  14.074  14.085  14.098  14.117 
   14.163  14.165  14.183  14.184  14.221  14.234  14.254  14.292 
   14.307  14.372  14.376  14.384  14.385  14.405  14.468  14.493 
   14.520  14.532  14.590  14.656  14.666  14.766  14.783  14.789 
   14.792  14.870  14.874  14.938  14.957  14.998  14.998  15.045 
   15.093  15.109  15.119  15.195  15.244  15.324  15.324  15.368 
   15.492  15.512  15.517  15.623  15.703  15.736  15.769  15.827 
   15.864  15.920  16.018  16.076  16.083  16.140  16.165  16.188 
   16.192  16.198  16.335  16.363  16.468  16.480  16.569  16.721 
   16.762  16.820  16.985  17.055  17.110  17.196  17.211  17.316 
   17.369  17.411  17.461  17.549  17.674  17.725  17.769  17.824 
   17.898  17.938  17.984  17.996  18.026  18.122  18.145  18.193 
   18.455  18.572  18.727  18.756  18.964  19.126  19.316  19.456 
   19.675  19.772  19.822  19.965  20.707  20.757  20.791  21.022 
   21.221  21.398  22.245  23.890  25.762  26.944  27.695  32.774 
   39.939  40.730  41.663  42.498  52.860  53.005  53.359  53.417 
   53.429  53.480  53.532  53.892  53.955  54.396  54.397  54.893 
   55.335  56.429  57.090  70.834  99.108  99.125  99.129  99.143 
   99.163  99.171  99.255  99.349  99.355 123.575 124.448 124.781 
  148.595 148.683 149.158 149.532 149.908 153.421 171.519 171.575 
  171.647 171.657 171.768 171.930 172.270 291.580 292.355 292.663 
  318.457 318.457 318.465 318.465 318.470 318.471 318.475 318.475 
  318.477 318.478 318.478 339.285 370.859 370.864 370.865 370.869 
  370.875 370.878 370.904 370.933 370.935 381.429 381.496 381.869 
  382.165 382.475 526.725 526.758 526.797 526.808 526.864 526.966 
  527.146 751.127 751.798 752.068 821.939 972.817 972.869 973.161 
  973.395 973.638 2436.199 2436.811 2437.058 3191.374 

Beta occupied
  -18.461 -11.515 -11.515 -11.452 -11.450  -1.729  -1.341  -1.274 
   -1.147  -1.063  -1.009  -0.990  -0.869  -0.867  -0.780  -0.765 
   -0.636  -0.540 

Beta virtual
   -0.108  -0.100  -0.043  -0.037  -0.018  -0.016  -0.010   0.007 
    0.010   0.037   0.050   0.074   0.082   0.083   0.086   0.107 
    0.137   0.159   0.171   0.192   0.194   0.194   0.208   0.210 
    0.228   0.231   0.236   0.252   0.252   0.257   0.269   0.292 
    0.303   0.318   0.337   0.409   0.409   0.418   0.421   0.427 
    0.434   0.445   0.450   0.454   0.476   0.496   0.546   0.561 
    0.564   0.580   0.605   0.608   0.618   0.629   0.634   0.643 
    0.663   0.676   0.686   0.715   0.722   0.723   0.735   0.740 
    0.741   0.768   0.784   0.806   0.808   0.812   0.831   0.857 
    0.859   0.892   0.899   0.909   0.929   0.940   0.957   0.957 
    0.961   0.970   0.976   1.016   1.019   1.083   1.091   1.105 
    1.129   1.138   1.150   1.187   1.191   1.210   1.241   1.282 
    1.282   1.331   1.332   1.345   1.385   1.390   1.390   1.407 
    1.411   1.428   1.437   1.451   1.464   1.464   1.472   1.482 
    1.490   1.508   1.524   1.536   1.543   1.593   1.604   1.616 
    1.657   1.659   1.679   1.687   1.707   1.717   1.720   1.741 
    1.757   1.803   1.817   1.823   1.851   1.853   1.872   1.888 
    1.890   1.917   1.929   1.948   1.976   1.983   1.984   1.984 
    2.000   2.002   2.009   2.017   2.036   2.084   2.096   2.116 
    2.121   2.123   2.127   2.140   2.153   2.167   2.181   2.240 
    2.241   2.255   2.268   2.307   2.341   2.343   2.358   2.388 
    2.394   2.422   2.458   2.505   2.516   2.524   2.524   2.540 
    2.648   2.667   2.702   2.727   2.730   2.733   2.755   2.770 
    2.835   2.836   2.855   2.871   2.881   2.883   2.931   2.944 
    2.950   2.987   3.000   3.031   3.044   3.077   3.090   3.105 
    3.119   3.139   3.150   3.161   3.171   3.173   3.207   3.243 
    3.302   3.337   3.348   3.369   3.417   3.435   3.441   3.512 
    3.515   3.535   3.547   3.595   3.597   3.608   3.640   3.652 
    3.678   3.686   3.695   3.706   3.727   3.731   3.740   3.755 
    3.765   3.774   3.781   3.820   3.837   3.859   3.861   3.865 
    3.899   3.931   3.938   3.940   3.989   3.991   3.998   4.030 
    4.032   4.058   4.064   4.085   4.116   4.181   4.187   4.188 
    4.190   4.200   4.235   4.241   4.294   4.298   4.361   4.367 
    4.370   4.388   4.397   4.426   4.436   4.466   4.472   4.532 
    4.539   4.546   4.551   4.563   4.579   4.624   4.628   4.648 
    4.653   4.656   4.692   4.725   4.745   4.751   4.788   4.799 
    4.818   4.819   4.845   4.852   4.869   4.889   4.902   4.933 
    4.957   4.962   4.979   4.993   5.002   5.016   5.059   5.082 
    5.087   5.099   5.113   5.121   5.137   5.212   5.216   5.222 
    5.226   5.237   5.241   5.270   5.313   5.341   5.347   5.377 
    5.393   5.401   5.431   5.437   5.469   5.475   5.488   5.542 
    5.572   5.606   5.619   5.624   5.681   5.703   5.709   5.762 
    5.770   5.777   5.845   5.854   5.975   5.999   6.020   6.025 
    6.061   6.069   6.079   6.106   6.145   6.172   6.205   6.249 
    6.264   6.278   6.302   6.314   6.327   6.374   6.440   6.444 
    6.551   6.577   6.606   6.630   6.672   6.705   6.747   6.767 
    6.771   6.789   6.843   6.854   6.890   6.956   6.999   7.043 
    7.079   7.102   7.160   7.183   7.283   7.327   7.340   7.388 
    7.429   7.444   7.500   7.539   7.544   7.584   7.653   7.654 
    7.707   7.726   7.810   7.814   7.907   7.921   7.974   8.023 
    8.027   8.046   8.082   8.092   8.105   8.118   8.179   8.223 
    8.303   8.307   8.353   8.364   8.387   8.419   8.440   8.498 
    8.530   8.577   8.587   8.644   8.663   8.733   8.740   8.770 
    8.781   8.823   8.826   8.846   8.898   8.910   8.917   9.036 
    9.051   9.065   9.073   9.134   9.137   9.173   9.249   9.289 
    9.295   9.349   9.425   9.430   9.455   9.541   9.615   9.659 
    9.659   9.686   9.780   9.788   9.814   9.816   9.833   9.877 
    9.903   9.924   9.978   9.981  10.023  10.073  10.101  10.102 
   10.146  10.148  10.202  10.213  10.247  10.267  10.287  10.307 
   10.313  10.335  10.374  10.382  10.395  10.421  10.440  10.449 
   10.512  10.565  10.569  10.617  10.656  10.667  10.693  10.764 
   10.789  10.826  10.836  10.838  10.845  10.960  10.993  11.000 
   11.096  11.096  11.101  11.122  11.193  11.218  11.229  11.230 
   11.310  11.338  11.343  11.363  11.411  11.441  11.457  11.459 
   11.472  11.611  11.630  11.664  11.668  11.717  11.722  11.765 
   11.850  11.855  11.909  12.030  12.061  12.061  12.062  12.066 
   12.157  12.197  12.276  12.280  12.343  12.353  12.384  12.418 
   12.454  12.466  12.480  12.513  12.523  12.528  12.535  12.547 
   12.566  12.582  12.589  12.598  12.613  12.628  12.638  12.646 
   12.665  12.718  12.745  12.759  12.767  12.776  12.803  12.828 
   12.841  12.889  12.920  12.996  13.022  13.027  13.085  13.097 
   13.119  13.184  13.251  13.288  13.314  13.331  13.350  13.387 
   13.406  13.429  13.434  13.478  13.503  13.528  13.535  13.544 
   13.551  13.660  13.678  13.678  13.704  13.707  13.757  13.800 
   13.816  13.827  13.848  13.865  13.873  13.910  13.962  13.996 
   14.007  14.028  14.037  14.065  14.085  14.098  14.116  14.156 
   14.165  14.180  14.184  14.196  14.231  14.254  14.286  14.291 
   14.369  14.373  14.384  14.385  14.404  14.467  14.487  14.509 
   14.529  14.583  14.584  14.663  14.765  14.778  14.784  14.792 
   14.870  14.874  14.933  14.955  14.991  14.992  15.042  15.091 
   15.106  15.118  15.190  15.243  15.321  15.322  15.365  15.492 
   15.509  15.509  15.622  15.702  15.736  15.768  15.823  15.858 
   15.919  16.015  16.072  16.076  16.133  16.165  16.178  16.182 
   16.197  16.326  16.362  16.467  16.479  16.559  16.717  16.754 
   16.817  16.979  17.034  17.101  17.195  17.208  17.306  17.368 
   17.411  17.461  17.546  17.666  17.724  17.765  17.818  17.894 
   17.934  17.974  17.984  18.007  18.074  18.135  18.193  18.455 
   18.549  18.726  18.741  18.961  19.123  19.270  19.452  19.655 
   19.771  19.818  19.964  20.694  20.757  20.790  21.022  21.204 
   21.398  22.204  23.877  25.547  26.742  27.511  32.477  39.939 
   40.729  41.663  42.498  52.718  52.872  53.278  53.319  53.320 
   53.409  53.444  53.762  53.878  54.251  54.297  54.741  55.046 
   56.155  56.841  70.480  99.050  99.066  99.070  99.085  99.105 
   99.112  99.197  99.291  99.297 123.238 124.114 124.449 148.365 
  148.453 148.928 149.304 149.679 153.064 171.372 171.428 171.500 
  171.509 171.621 171.783 172.123 291.256 292.033 292.340 318.380 
  318.380 318.387 318.387 318.393 318.393 318.398 318.398 318.400 
  318.401 318.401 338.965 370.734 370.740 370.740 370.745 370.750 
  370.753 370.780 370.808 370.811 381.200 381.267 381.640 381.937 
  382.246 526.544 526.577 526.616 526.626 526.682 526.785 526.965 
  750.872 751.544 751.814 821.683 972.629 972.681 972.972 973.207 
  973.450 2436.050 2436.661 2436.909 3191.235 


  >>> Running UHF-MP2 <<<

MP2 correlation energy (UHF) : -1.0747945127
MP2 total energy       (UHF) : -195.0767478449

