	*********************************************** 
	***** Beginning CEBE Calculation with MOM ***** 
	*****       Calculation Details:          ***** 
	      Geometry:	 /home/am3939/core/calculations/mols/exp/n/pnh2pyridi-n-e.xyz
	      Core Basis:	 pcX-4
	      Full Basis:	 pc-4
	      DIIS (start, space):	 0 50
	      Level shift:	 0
	      Do localization?:	 False
	      Do SFX2C1E?:	 True
	      Freeze orbitals?:	 True
	      Use Cheng orbitals?:	 False
	      Do Special Basis?:	 True
	      Do Special Basis?:	 pcX-4
	*********************************************** 
	*********************************************** 

  >>> Running RHF <<<

init D/C      : minao
init ov       : zeros
no            : 25
nv            : 1160
ov_size       : 29000
max_cycle     : 1000
conv          : 6
econv         : 9
method        : gdm
scale_stop    : 0
scale_factor  : 1.000000
init E        : -301.766485799817
init |[F,P]|  : 3.27e-03
init |dE|     : 6.28e-03
check file    : None

iter      total energy   |[F,P]|      |dE|         ∆E   comment
   1    -301.847155967  1.38e-03  2.71e-03  -8.07e-02  BFGS
   2    -301.859699761  5.26e-04  1.03e-03  -1.25e-02  BFGS
   3    -301.861296060  1.20e-04  2.43e-04  -1.60e-03  BFGS
   4    -301.861395737  3.96e-05  7.63e-05  -9.97e-05  BFGS
   5    -301.861410001  1.04e-05  2.05e-05  -1.43e-05  BFGS
   6    -301.861411784  3.32e-06  6.59e-06  -1.78e-06  BFGS
   7    -301.861411874  1.48e-06  2.90e-06  -8.99e-08  BFGS
   8    -301.861411890  2.53e-07  4.92e-07  -1.61e-08  BFGS
   9    -301.861411891  9.16e-08  1.74e-07  -8.74e-10  BFGS
                                                                      gdm is converged!

SCF converged : True
final |[F,P]| : 9.16e-08
final |dE|    : 1.74e-07
final Escf    : -576.955924545034
final Etot    : -301.861411891044

  pxp & ewc             :::        1.377 (  0.04%)
  apply B               :::        0.004 (  0.00%)
  linsrch               :::     3717.690 ( 99.96%)
  grad                  :::        0.072 (  0.00%)
  Total                 :::     3719.143 (100.00%)

Alpha occupied
  -15.581 -15.545 -11.299 -11.270 -11.270 -11.226 -11.226  -1.259 
   -1.228  -1.053  -1.029  -0.860  -0.845  -0.723  -0.716  -0.655 
   -0.626  -0.610  -0.591  -0.558  -0.512  -0.488  -0.412  -0.348 
   -0.334 

Alpha virtual
    0.040   0.057   0.062   0.078   0.081   0.086   0.104   0.106 
    0.110   0.112   0.116   0.118   0.128   0.129   0.142   0.149 
    0.155   0.164   0.171   0.173   0.192   0.199   0.203   0.210 
    0.217   0.225   0.234   0.238   0.244   0.248   0.253   0.256 
    0.257   0.269   0.269   0.290   0.298   0.310   0.316   0.325 
    0.332   0.345   0.356   0.367   0.368   0.387   0.391   0.404 
    0.410   0.421   0.428   0.433   0.436   0.444   0.450   0.459 
    0.460   0.464   0.478   0.479   0.482   0.491   0.503   0.505 
    0.512   0.520   0.525   0.525   0.541   0.546   0.548   0.551 
    0.568   0.572   0.574   0.575   0.589   0.593   0.599   0.606 
    0.612   0.621   0.622   0.632   0.658   0.660   0.671   0.679 
    0.685   0.695   0.703   0.705   0.705   0.722   0.730   0.740 
    0.742   0.753   0.754   0.757   0.768   0.777   0.781   0.797 
    0.802   0.808   0.813   0.826   0.833   0.839   0.848   0.851 
    0.866   0.870   0.876   0.892   0.902   0.905   0.918   0.919 
    0.936   0.937   0.947   0.951   0.956   0.969   0.976   0.978 
    1.000   1.023   1.031   1.033   1.046   1.053   1.075   1.080 
    1.097   1.107   1.114   1.126   1.131   1.142   1.164   1.167 
    1.180   1.187   1.204   1.208   1.234   1.237   1.243   1.249 
    1.282   1.283   1.294   1.302   1.304   1.322   1.333   1.335 
    1.343   1.347   1.349   1.370   1.379   1.388   1.390   1.401 
    1.405   1.421   1.424   1.439   1.440   1.453   1.468   1.471 
    1.474   1.483   1.493   1.510   1.516   1.527   1.531   1.544 
    1.549   1.559   1.566   1.569   1.580   1.595   1.609   1.612 
    1.616   1.628   1.631   1.638   1.649   1.660   1.681   1.685 
    1.686   1.717   1.723   1.751   1.751   1.763   1.780   1.801 
    1.807   1.817   1.837   1.839   1.847   1.848   1.856   1.883 
    1.885   1.893   1.916   1.939   1.959   1.963   1.972   1.977 
    2.012   2.016   2.025   2.053   2.067   2.076   2.089   2.092 
    2.119   2.146   2.149   2.152   2.157   2.165   2.176   2.190 
    2.192   2.228   2.236   2.275   2.279   2.281   2.301   2.306 
    2.331   2.342   2.352   2.359   2.383   2.397   2.400   2.407 
    2.422   2.425   2.426   2.465   2.473   2.484   2.505   2.523 
    2.533   2.542   2.546   2.552   2.578   2.592   2.595   2.606 
    2.621   2.636   2.644   2.653   2.653   2.663   2.666   2.670 
    2.692   2.708   2.726   2.729   2.745   2.747   2.759   2.772 
    2.803   2.816   2.817   2.822   2.837   2.871   2.881   2.885 
    2.911   2.925   2.929   2.939   2.955   3.017   3.038   3.038 
    3.061   3.093   3.095   3.124   3.144   3.153   3.157   3.165 
    3.180   3.198   3.224   3.239   3.259   3.269   3.271   3.302 
    3.307   3.337   3.343   3.361   3.371   3.397   3.403   3.430 
    3.460   3.461   3.523   3.529   3.535   3.538   3.544   3.549 
    3.566   3.576   3.610   3.615   3.623   3.637   3.656   3.675 
    3.679   3.703   3.709   3.724   3.729   3.753   3.756   3.773 
    3.791   3.795   3.796   3.815   3.848   3.855   3.855   3.894 
    3.899   3.903   3.923   3.931   3.969   3.974   4.000   4.022 
    4.033   4.046   4.049   4.073   4.076   4.092   4.122   4.137 
    4.160   4.176   4.196   4.197   4.219   4.220   4.237   4.249 
    4.273   4.276   4.278   4.310   4.315   4.329   4.359   4.382 
    4.424   4.427   4.440   4.450   4.457   4.465   4.481   4.482 
    4.503   4.511   4.519   4.531   4.576   4.590   4.591   4.594 
    4.598   4.626   4.640   4.651   4.657   4.663   4.676   4.695 
    4.712   4.720   4.727   4.755   4.774   4.785   4.789   4.796 
    4.834   4.844   4.855   4.860   4.866   4.876   4.899   4.910 
    4.924   4.932   4.963   4.972   4.982   4.985   5.006   5.012 
    5.025   5.034   5.046   5.054   5.056   5.073   5.094   5.112 
    5.125   5.138   5.154   5.164   5.172   5.175   5.186   5.204 
    5.231   5.239   5.249   5.250   5.254   5.295   5.297   5.312 
    5.314   5.319   5.320   5.354   5.367   5.382   5.396   5.415 
    5.454   5.458   5.478   5.484   5.513   5.519   5.541   5.571 
    5.598   5.602   5.618   5.627   5.649   5.678   5.708   5.719 
    5.723   5.752   5.765   5.775   5.788   5.807   5.813   5.851 
    5.857   5.883   5.887   5.888   5.891   5.921   5.946   5.965 
    5.971   6.008   6.017   6.042   6.051   6.070   6.092   6.130 
    6.153   6.196   6.196   6.212   6.277   6.287   6.343   6.347 
    6.391   6.419   6.432   6.443   6.467   6.503   6.523   6.546 
    6.558   6.560   6.599   6.628   6.642   6.668   6.683   6.689 
    6.691   6.705   6.725   6.767   6.776   6.786   6.809   6.818 
    6.823   6.871   6.886   6.890   6.936   6.973   7.002   7.016 
    7.033   7.044   7.061   7.063   7.146   7.165   7.175   7.178 
    7.188   7.207   7.223   7.228   7.229   7.247   7.307   7.332 
    7.359   7.365   7.396   7.417   7.446   7.449   7.483   7.522 
    7.531   7.585   7.615   7.671   7.678   7.770   7.775   7.797 
    7.801   7.834   7.875   7.951   8.010   8.041   8.099   8.118 
    8.147   8.153   8.157   8.218   8.231   8.236   8.306   8.372 
    8.386   8.444   8.477   8.496   8.509   8.533   8.584   8.594 
    8.669   8.673   8.703   8.779   8.823   8.863   8.885   8.923 
    8.958   8.967   8.984   9.087   9.152   9.177   9.182   9.245 
    9.258   9.279   9.296   9.330   9.386   9.412   9.423   9.475 
    9.475   9.522   9.522   9.531   9.544   9.560   9.567   9.598 
    9.605   9.642   9.690   9.710   9.752   9.774   9.797   9.834 
    9.845   9.877   9.878   9.997  10.008  10.095  10.119  10.127 
   10.175  10.235  10.264  10.294  10.372  10.429  10.443  10.463 
   10.495  10.530  10.547  10.587  10.624  10.670  10.727  10.784 
   10.790  10.799  10.851  10.905  10.919  10.939  10.952  10.999 
   11.000  11.021  11.093  11.106  11.171  11.186  11.193  11.236 
   11.260  11.264  11.326  11.347  11.417  11.428  11.452  11.462 
   11.471  11.486  11.501  11.514  11.533  11.536  11.547  11.566 
   11.587  11.600  11.625  11.634  11.644  11.664  11.681  11.696 
   11.711  11.723  11.762  11.778  11.782  11.861  11.902  11.916 
   11.967  11.995  12.015  12.041  12.046  12.073  12.078  12.092 
   12.103  12.155  12.163  12.164  12.183  12.186  12.201  12.217 
   12.251  12.253  12.253  12.261  12.266  12.270  12.286  12.288 
   12.310  12.314  12.322  12.334  12.341  12.359  12.367  12.369 
   12.379  12.400  12.430  12.444  12.453  12.462  12.475  12.488 
   12.520  12.536  12.543  12.566  12.582  12.603  12.668  12.676 
   12.685  12.699  12.725  12.738  12.752  12.782  12.813  12.841 
   12.847  12.887  12.892  12.893  12.904  12.922  12.931  12.935 
   12.989  12.989  12.994  13.022  13.037  13.059  13.071  13.074 
   13.096  13.125  13.147  13.148  13.175  13.189  13.203  13.232 
   13.262  13.267  13.284  13.322  13.324  13.332  13.344  13.381 
   13.383  13.386  13.402  13.406  13.412  13.498  13.499  13.511 
   13.538  13.561  13.580  13.602  13.620  13.640  13.653  13.667 
   13.668  13.687  13.705  13.724  13.745  13.750  13.789  13.798 
   13.818  13.818  13.870  13.870  13.917  13.919  13.923  13.973 
   14.001  14.002  14.023  14.044  14.116  14.137  14.170  14.175 
   14.207  14.247  14.250  14.270  14.297  14.311  14.329  14.348 
   14.357  14.375  14.424  14.429  14.515  14.602  14.612  14.658 
   14.672  14.745  14.759  14.791  14.834  14.879  14.891  14.933 
   14.950  14.953  14.997  15.094  15.176  15.180  15.209  15.298 
   15.333  15.368  15.396  15.458  15.519  15.541  15.580  15.602 
   15.621  15.649  15.655  15.683  15.701  15.806  15.863  15.888 
   15.910  15.956  15.969  15.988  15.993  16.030  16.047  16.071 
   16.113  16.142  16.145  16.182  16.191  16.205  16.280  16.309 
   16.378  16.390  16.472  16.485  16.514  16.568  16.622  16.625 
   16.693  16.718  16.794  16.828  16.876  16.918  16.935  16.953 
   17.015  17.179  17.182  17.193  17.208  17.227  17.233  17.234 
   17.241  17.248  17.254  17.265  17.272  17.273  17.322  17.373 
   17.383  17.483  17.505  17.525  17.590  17.624  17.625  17.681 
   17.705  17.764  17.781  17.786  17.824  17.849  17.906  17.990 
   18.017  18.071  18.177  18.201  18.228  18.310  18.355  18.376 
   18.396  18.551  18.587  18.693  18.896  18.959  19.038  19.045 
   19.050  19.063  19.139  19.202  19.224  19.235  19.239  19.358 
   19.407  19.443  19.502  19.515  19.528  19.599  19.742  19.910 
   19.919  20.021  20.075  20.190  20.409  20.512  20.587  20.705 
   20.789  20.813  20.863  20.891  20.926  20.933  21.061  21.257 
   21.260  21.281  21.319  21.433  21.551  21.598  21.718  21.785 
   21.937  22.118  22.248  22.458  22.622  22.754  22.811  22.907 
   23.064  23.083  23.260  23.440  23.750  23.851  24.009  24.023 
   24.044  24.180  24.207  24.217  24.265  24.308  24.337  24.523 
   24.633  24.690  24.871  24.894  26.149  26.221  26.507  26.554 
   27.357  27.928  32.968  33.097  33.150  33.215  33.331  33.390 
   33.432  33.448  33.549  33.640  33.644  33.703  33.846  33.858 
   34.802  34.810  34.889  34.967  35.123  35.293  35.380  35.461 
   35.612  35.643  35.672  41.705  42.044  42.096  42.103  42.147 
   42.205  44.703  45.592  49.142  49.327  49.366  49.500  49.587 
   49.740  50.196  50.217  50.324  50.718  52.561  52.882  53.537 
   54.078  54.131  54.172  77.077  77.989  78.644  79.605  80.450 
   91.730  91.789  91.809  91.883  91.887  91.921  91.923  92.106 
   92.137  92.197  92.359  92.364  93.219  93.278  93.467  93.520 
   93.832  93.871 100.314 101.112 140.341 140.591 141.087 141.404 
  141.452 141.461 227.992 228.737 429.721 429.906 430.319 430.561 
  430.608 430.625 529.422 530.126 1271.132 1271.798 1691.211 1691.325 
  1691.636 1691.796 1691.831 1691.858 3195.055 3195.682 8539.919 8540.507 
  24825.194 24825.741 81391.257 81391.757 322259.809 322260.252 1830823.726 1830824.090 


  >>> Running RHF-MP2 <<<


RMP2-TIMING
  rmp2                  :::     2800.926 (100.00%)
  Total                 :::     2800.926 (100.00%)

MP2 correlation energy (RHF) : -1.6210027250
MP2 total energy       (RHF) : -303.4824146161


  >>> Running UHF <<<

init D/C      : input mo_coeff
init ov       : zeros
no            : 24 25
nv            : 1161 1160
ov_size       : 56864
max_cycle     : 1000
conv          : 6
econv         : 9
method        : diis
mom_start     : 0
guess mix     : 0.000000
orb_swap      : [[[1, 24]], []]
init E        : -286.316465658948
init S2       : 0.750000000000043
init |[F,P]|  : 8.72e-03
init |dE|     : 2.18e-02
check file    : None

iter      total energy   |[F,P]|      |dE|         ∆E   S^2   comment
   1    -286.626368717  5.96e-03  1.40e-02  -3.10e-01  0.75  DIIS mom: 23.6/24 24.5/25
   2    -287.032091230  7.15e-04  1.49e-03  -4.06e-01  0.76  DIIS mom: 23.9/24 24.9/25
   3    -287.039622449  2.94e-04  5.61e-04  -7.53e-03  0.76  DIIS mom: 24.0/24 25.0/25
   4    -287.041184439  1.20e-04  2.50e-04  -1.56e-03  0.77  DIIS mom: 24.0/24 25.0/25
   5    -287.041912737  6.11e-05  1.23e-04  -7.28e-04  0.78  DIIS mom: 24.0/24 25.0/25
   6    -287.042147535  3.19e-05  6.04e-05  -2.35e-04  0.78  DIIS mom: 24.0/24 25.0/25
   7    -287.042224984  2.09e-05  3.76e-05  -7.74e-05  0.79  DIIS mom: 24.0/24 25.0/25
   8    -287.042274051  1.39e-05  2.41e-05  -4.91e-05  0.79  DIIS mom: 24.0/24 25.0/25
   9    -287.042304160  8.64e-06  1.45e-05  -3.01e-05  0.80  DIIS mom: 24.0/24 25.0/25
  10    -287.042313863  6.79e-06  1.12e-05  -9.70e-06  0.80  DIIS mom: 24.0/24 25.0/25
  11    -287.042320134  5.57e-06  9.09e-06  -6.27e-06  0.80  DIIS mom: 24.0/24 25.0/25
  12    -287.042325563  4.30e-06  7.02e-06  -5.43e-06  0.80  DIIS mom: 24.0/24 25.0/25
  13    -287.042330832  2.49e-06  4.29e-06  -5.27e-06  0.80  DIIS mom: 24.0/24 25.0/25
  14    -287.042332244  1.30e-06  2.27e-06  -1.41e-06  0.80  DIIS mom: 24.0/24 25.0/25
  15    -287.042332525  5.22e-07  9.59e-07  -2.81e-07  0.80  DIIS mom: 24.0/24 25.0/25
  16    -287.042332551  2.06e-07  3.75e-07  -2.56e-08  0.80  DIIS mom: 24.0/24 25.0/25
  17    -287.042332553  1.01e-07  1.75e-07  -2.48e-09  0.80  DIIS mom: 24.0/24 25.0/25
  18    -287.042332554  5.11e-08  8.95e-08  -5.70e-10  0.80  DIIS mom: 24.0/24 25.0/25
                                                                      diis is converged!

SCF converged : True
final |[F,P]| : 5.11e-08
final |dE|    : 8.95e-08
final Escf    : -562.136845207551
final Etot    : -287.042332553561
final S2      : 0.802103836796771

  diis prep             :::        1.179 (  0.01%)
  diis extrap           :::        1.217 (  0.02%)
  roothaan              :::        5.907 (  0.07%)
  fock build            :::     7985.782 ( 99.90%)
  Total                 :::     7994.086 (100.00%)

Alpha occupied
  -15.778 -11.542 -11.541 -11.529 -11.441 -11.441  -1.562  -1.441 
   -1.283  -1.271  -1.113  -1.070  -0.955  -0.945  -0.874  -0.852 
   -0.851  -0.841  -0.812  -0.737  -0.731  -0.716  -0.570  -0.566 

Alpha virtual
  -14.073  -0.127  -0.084  -0.079  -0.062  -0.060  -0.038  -0.036 
   -0.033  -0.028  -0.013  -0.010  -0.002   0.000   0.016   0.019 
    0.033   0.036   0.045   0.053   0.060   0.063   0.070   0.074 
    0.080   0.085   0.098   0.102   0.110   0.113   0.116   0.119 
    0.125   0.126   0.127   0.133   0.137   0.139   0.159   0.173 
    0.175   0.187   0.189   0.212   0.215   0.216   0.224   0.229 
    0.243   0.253   0.256   0.265   0.272   0.281   0.281   0.296 
    0.302   0.309   0.315   0.317   0.323   0.327   0.335   0.341 
    0.349   0.351   0.353   0.363   0.367   0.377   0.385   0.388 
    0.398   0.409   0.411   0.416   0.418   0.428   0.435   0.441 
    0.445   0.453   0.455   0.462   0.476   0.501   0.505   0.509 
    0.526   0.531   0.532   0.538   0.540   0.547   0.558   0.567 
    0.576   0.582   0.582   0.594   0.594   0.597   0.605   0.620 
    0.630   0.636   0.641   0.645   0.649   0.660   0.675   0.684 
    0.684   0.695   0.712   0.721   0.729   0.732   0.733   0.740 
    0.742   0.748   0.767   0.776   0.782   0.786   0.800   0.807 
    0.811   0.824   0.843   0.848   0.856   0.858   0.868   0.884 
    0.897   0.904   0.933   0.934   0.946   0.954   0.963   0.984 
    0.991   0.997   1.008   1.021   1.029   1.047   1.053   1.073 
    1.080   1.103   1.110   1.111   1.127   1.128   1.132   1.150 
    1.163   1.167   1.169   1.178   1.182   1.198   1.215   1.218 
    1.223   1.232   1.241   1.244   1.261   1.263   1.273   1.289 
    1.289   1.305   1.312   1.317   1.339   1.342   1.349   1.351 
    1.359   1.364   1.382   1.387   1.401   1.409   1.409   1.426 
    1.431   1.433   1.438   1.447   1.453   1.464   1.480   1.505 
    1.507   1.514   1.541   1.546   1.552   1.574   1.579   1.604 
    1.605   1.606   1.626   1.648   1.652   1.660   1.667   1.673 
    1.685   1.690   1.699   1.723   1.729   1.757   1.764   1.771 
    1.787   1.814   1.828   1.829   1.847   1.874   1.879   1.896 
    1.912   1.913   1.944   1.945   1.954   1.957   1.965   1.973 
    1.985   1.988   2.030   2.037   2.075   2.077   2.081   2.094 
    2.107   2.124   2.147   2.161   2.163   2.184   2.192   2.199 
    2.217   2.219   2.232   2.242   2.268   2.276   2.289   2.295 
    2.324   2.336   2.336   2.344   2.360   2.382   2.392   2.395 
    2.412   2.425   2.426   2.449   2.449   2.456   2.463   2.469 
    2.475   2.495   2.498   2.519   2.519   2.546   2.552   2.559 
    2.572   2.601   2.604   2.611   2.614   2.639   2.675   2.683 
    2.695   2.696   2.709   2.728   2.730   2.763   2.821   2.834 
    2.838   2.857   2.888   2.899   2.915   2.926   2.944   2.946 
    2.963   2.976   3.001   3.018   3.037   3.052   3.061   3.066 
    3.101   3.114   3.133   3.141   3.157   3.174   3.182   3.184 
    3.232   3.250   3.266   3.314   3.317   3.330   3.330   3.347 
    3.353   3.363   3.382   3.405   3.427   3.432   3.441   3.449 
    3.464   3.485   3.492   3.509   3.515   3.534   3.553   3.559 
    3.571   3.585   3.590   3.591   3.601   3.640   3.647   3.663 
    3.680   3.689   3.705   3.717   3.725   3.772   3.774   3.782 
    3.821   3.832   3.848   3.849   3.866   3.868   3.883   3.915 
    3.932   3.951   3.958   3.978   3.992   4.020   4.027   4.031 
    4.034   4.055   4.061   4.073   4.104   4.114   4.120   4.167 
    4.185   4.210   4.223   4.245   4.245   4.247   4.263   4.278 
    4.280   4.303   4.307   4.314   4.316   4.366   4.377   4.379 
    4.392   4.398   4.409   4.438   4.440   4.449   4.459   4.461 
    4.477   4.506   4.508   4.523   4.543   4.560   4.569   4.570 
    4.571   4.622   4.629   4.637   4.644   4.648   4.652   4.680 
    4.706   4.707   4.715   4.751   4.763   4.773   4.775   4.797 
    4.798   4.815   4.826   4.836   4.844   4.846   4.860   4.893 
    4.899   4.916   4.925   4.941   4.942   4.954   4.965   4.971 
    4.998   5.023   5.029   5.036   5.037   5.042   5.081   5.083 
    5.098   5.102   5.110   5.114   5.148   5.153   5.174   5.188 
    5.195   5.231   5.242   5.262   5.267   5.301   5.319   5.329 
    5.360   5.384   5.388   5.408   5.413   5.432   5.463   5.491 
    5.497   5.507   5.537   5.550   5.556   5.575   5.591   5.596 
    5.629   5.637   5.664   5.667   5.681   5.685   5.703   5.730 
    5.747   5.757   5.788   5.818   5.827   5.828   5.865   5.887 
    5.918   5.933   5.976   5.985   6.003   6.064   6.084   6.127 
    6.140   6.180   6.202   6.223   6.226   6.244   6.290   6.304 
    6.335   6.335   6.354   6.395   6.415   6.424   6.446   6.464 
    6.466   6.473   6.495   6.510   6.545   6.554   6.556   6.595 
    6.599   6.619   6.664   6.669   6.684   6.740   6.751   6.769 
    6.794   6.824   6.829   6.840   6.850   6.916   6.924   6.941 
    6.963   6.971   6.982   6.996   7.005   7.008   7.031   7.075 
    7.106   7.126   7.139   7.171   7.194   7.226   7.232   7.258 
    7.302   7.307   7.356   7.389   7.447   7.449   7.536   7.554 
    7.564   7.589   7.602   7.674   7.704   7.786   7.789   7.875 
    7.893   7.895   7.918   7.948   7.999   8.009   8.014   8.104 
    8.123   8.156   8.237   8.245   8.272   8.294   8.308   8.365 
    8.374   8.396   8.451   8.487   8.552   8.600   8.648   8.691 
    8.695   8.754   8.763   8.778   8.822   8.921   8.934   8.975 
    9.022   9.036   9.067   9.084   9.120   9.155   9.189   9.207 
    9.210   9.276   9.282   9.295   9.296   9.314   9.318   9.354 
    9.396   9.402   9.448   9.464   9.487   9.536   9.547   9.583 
    9.625   9.640   9.655   9.660   9.788   9.793   9.881   9.902 
    9.910   9.938  10.015  10.079  10.084  10.175  10.215  10.243 
   10.256  10.289  10.295  10.321  10.361  10.390  10.418  10.513 
   10.543  10.561  10.577  10.620  10.653  10.682  10.704  10.717 
   10.770  10.773  10.791  10.876  10.883  10.938  10.945  10.952 
   11.002  11.019  11.048  11.094  11.127  11.187  11.201  11.223 
   11.235  11.242  11.254  11.265  11.280  11.305  11.316  11.320 
   11.342  11.363  11.369  11.392  11.399  11.412  11.439  11.459 
   11.482  11.486  11.487  11.536  11.553  11.554  11.630  11.677 
   11.697  11.750  11.757  11.788  11.803  11.805  11.831  11.846 
   11.858  11.878  11.915  11.935  11.946  11.950  11.960  11.984 
   11.999  12.005  12.015  12.027  12.028  12.037  12.045  12.060 
   12.066  12.079  12.086  12.094  12.102  12.121  12.133  12.148 
   12.155  12.160  12.169  12.207  12.217  12.229  12.237  12.245 
   12.261  12.269  12.291  12.306  12.317  12.344  12.387  12.437 
   12.448  12.457  12.480  12.491  12.505  12.541  12.569  12.581 
   12.616  12.634  12.664  12.668  12.671  12.682  12.683  12.710 
   12.713  12.750  12.777  12.779  12.814  12.825  12.843  12.846 
   12.861  12.890  12.915  12.922  12.931  12.962  12.981  12.982 
   13.010  13.038  13.056  13.069  13.076  13.106  13.113  13.119 
   13.148  13.150  13.158  13.162  13.181  13.185  13.280  13.281 
   13.291  13.311  13.345  13.353  13.375  13.397  13.421  13.424 
   13.436  13.448  13.458  13.486  13.498  13.522  13.529  13.555 
   13.572  13.586  13.588  13.644  13.647  13.692  13.698  13.713 
   13.747  13.785  13.787  13.811  13.816  13.887  13.905  13.944 
   13.958  13.977  14.021  14.028  14.048  14.070  14.087  14.090 
   14.103  14.113  14.149  14.185  14.209  14.318  14.379  14.388 
   14.443  14.446  14.523  14.529  14.542  14.626  14.633  14.676 
   14.716  14.729  14.741  14.776  14.875  14.953  14.979  14.990 
   15.075  15.118  15.142  15.170  15.229  15.285  15.317  15.348 
   15.373  15.391  15.394  15.440  15.474  15.479  15.576  15.655 
   15.677  15.687  15.729  15.734  15.763  15.778  15.800  15.825 
   15.850  15.877  15.887  15.914  15.914  15.964  15.972  16.061 
   16.088  16.105  16.118  16.234  16.279  16.298  16.354  16.385 
   16.404  16.424  16.479  16.486  16.582  16.609  16.616  16.717 
   16.720  16.799  16.923  16.978  16.979  17.005  17.020  17.027 
   17.033  17.038  17.052  17.056  17.064  17.065  17.073  17.079 
   17.128  17.158  17.248  17.259  17.322  17.362  17.408  17.418 
   17.462  17.495  17.515  17.529  17.553  17.608  17.628  17.633 
   17.664  17.779  17.801  17.905  17.944  18.018  18.032  18.125 
   18.134  18.199  18.314  18.384  18.441  18.531  18.731  18.815 
   18.825  18.840  18.843  18.915  18.993  19.014  19.019  19.030 
   19.062  19.121  19.201  19.234  19.270  19.328  19.354  19.463 
   19.509  19.543  19.723  19.894  19.959  20.183  20.274  20.398 
   20.482  20.570  20.605  20.648  20.685  20.708  20.716  20.840 
   21.001  21.034  21.071  21.072  21.135  21.217  21.337  21.406 
   21.545  21.711  21.931  22.029  22.233  22.384  22.438  22.568 
   22.569  22.653  22.857  22.955  23.099  23.529  23.561  23.791 
   23.830  23.836  23.861  23.981  23.995  24.012  24.085  24.153 
   24.307  24.418  24.507  24.661  24.675  25.934  26.009  26.294 
   26.339  27.173  27.743  32.737  32.852  32.915  32.993  33.069 
   33.126  33.200  33.219  33.317  33.404  33.414  33.461  33.610 
   33.637  34.545  34.556  34.652  34.750  34.896  35.031  35.134 
   35.232  35.372  35.401  35.429  41.489  41.830  41.908  41.919 
   41.939  41.994  43.712  45.396  47.879  48.062  48.105  48.920 
   48.950  49.303  49.390  49.541  50.125  50.524  51.285  52.250 
   52.684  52.881  53.887  53.936  76.848  77.751  78.391  79.360 
   80.219  91.545  91.566  91.593  91.695  91.696  91.711  91.715 
   91.917  91.921  91.979  92.145  92.152  93.001  93.063  93.252 
   93.303  93.648  93.687  98.671 100.916 138.142 138.880 139.247 
  140.393 141.212 141.256 225.556 228.541 426.430 427.024 427.326 
  429.709 430.367 430.412 526.197 529.930 1267.254 1271.602 1686.993 
  1687.418 1687.638 1691.129 1691.601 1691.635 3190.721 3195.486 8535.314 
  8540.311 24820.450 24825.545 81386.451 81391.562 322254.979 322260.057 1830818.889 
  1830823.894 

Beta occupied
  -18.359 -15.777 -11.537 -11.537 -11.528 -11.442 -11.442  -1.643 
   -1.440  -1.293  -1.275  -1.130  -1.075  -0.976  -0.955  -0.914 
   -0.894  -0.858  -0.856  -0.810  -0.757  -0.741  -0.722  -0.580 
   -0.570 

Beta virtual
   -0.129  -0.079  -0.074  -0.061  -0.060  -0.038  -0.036  -0.034 
   -0.028  -0.013  -0.010  -0.002  -0.001   0.016   0.019   0.031 
    0.037   0.045   0.053   0.060   0.063   0.069   0.073   0.080 
    0.085   0.098   0.101   0.110   0.113   0.114   0.116   0.121 
    0.125   0.126   0.134   0.137   0.137   0.159   0.170   0.175 
    0.187   0.189   0.211   0.214   0.215   0.224   0.228   0.241 
    0.254   0.256   0.265   0.273   0.279   0.282   0.296   0.303 
    0.308   0.315   0.317   0.320   0.322   0.336   0.341   0.347 
    0.350   0.353   0.364   0.367   0.376   0.385   0.388   0.399 
    0.406   0.408   0.415   0.418   0.428   0.434   0.442   0.445 
    0.452   0.455   0.460   0.475   0.500   0.505   0.510   0.522 
    0.530   0.531   0.538   0.541   0.547   0.556   0.562   0.576 
    0.582   0.582   0.591   0.593   0.597   0.604   0.619   0.629 
    0.638   0.640   0.646   0.649   0.659   0.675   0.684   0.684 
    0.695   0.711   0.720   0.727   0.731   0.731   0.741   0.741 
    0.748   0.765   0.775   0.782   0.786   0.798   0.808   0.811 
    0.824   0.843   0.849   0.858   0.858   0.868   0.878   0.900 
    0.905   0.933   0.933   0.948   0.954   0.963   0.984   0.992 
    0.997   1.008   1.020   1.029   1.047   1.052   1.073   1.081 
    1.103   1.109   1.111   1.128   1.128   1.133   1.150   1.163 
    1.167   1.168   1.178   1.183   1.197   1.215   1.219   1.223 
    1.231   1.239   1.244   1.259   1.263   1.274   1.286   1.289 
    1.305   1.311   1.315   1.339   1.342   1.348   1.352   1.358 
    1.365   1.379   1.387   1.402   1.407   1.409   1.421   1.431 
    1.431   1.438   1.446   1.452   1.464   1.479   1.503   1.507 
    1.514   1.539   1.541   1.549   1.572   1.579   1.600   1.603 
    1.605   1.626   1.648   1.650   1.660   1.666   1.671   1.681 
    1.691   1.696   1.721   1.726   1.757   1.763   1.768   1.787 
    1.813   1.828   1.830   1.847   1.876   1.879   1.896   1.913 
    1.914   1.943   1.946   1.955   1.958   1.963   1.974   1.986 
    1.988   2.030   2.038   2.077   2.078   2.081   2.093   2.108 
    2.125   2.148   2.161   2.164   2.185   2.194   2.200   2.217 
    2.220   2.232   2.242   2.269   2.276   2.289   2.296   2.319 
    2.336   2.337   2.344   2.360   2.382   2.390   2.394   2.412 
    2.423   2.427   2.447   2.450   2.456   2.460   2.468   2.475 
    2.495   2.496   2.518   2.520   2.546   2.552   2.559   2.572 
    2.598   2.601   2.611   2.614   2.639   2.675   2.683   2.684 
    2.696   2.706   2.728   2.730   2.763   2.821   2.834   2.838 
    2.857   2.889   2.899   2.915   2.926   2.945   2.947   2.960 
    2.976   3.001   3.018   3.037   3.052   3.062   3.063   3.101 
    3.114   3.132   3.141   3.156   3.168   3.177   3.183   3.225 
    3.249   3.265   3.312   3.315   3.327   3.330   3.347   3.353 
    3.362   3.382   3.404   3.426   3.430   3.436   3.450   3.460 
    3.483   3.485   3.509   3.511   3.530   3.547   3.560   3.562 
    3.583   3.586   3.590   3.601   3.637   3.648   3.663   3.670 
    3.686   3.705   3.715   3.725   3.769   3.772   3.778   3.810 
    3.831   3.848   3.849   3.855   3.867   3.883   3.910   3.931 
    3.932   3.954   3.979   3.991   4.019   4.022   4.025   4.033 
    4.055   4.060   4.070   4.103   4.112   4.118   4.167   4.185 
    4.204   4.223   4.245   4.245   4.248   4.263   4.278   4.280 
    4.303   4.306   4.312   4.313   4.362   4.376   4.379   4.392 
    4.398   4.409   4.438   4.439   4.446   4.457   4.461   4.478 
    4.505   4.508   4.522   4.543   4.557   4.569   4.570   4.570 
    4.621   4.622   4.637   4.643   4.648   4.653   4.678   4.706 
    4.708   4.713   4.751   4.762   4.773   4.775   4.798   4.798 
    4.815   4.827   4.836   4.843   4.846   4.861   4.893   4.899 
    4.915   4.925   4.941   4.941   4.953   4.965   4.971   4.998 
    5.023   5.030   5.034   5.037   5.042   5.081   5.084   5.099 
    5.102   5.110   5.113   5.147   5.152   5.172   5.188   5.191 
    5.231   5.243   5.262   5.265   5.301   5.319   5.329   5.360 
    5.384   5.386   5.408   5.412   5.431   5.463   5.489   5.496 
    5.507   5.536   5.550   5.555   5.575   5.591   5.597   5.630 
    5.635   5.663   5.664   5.681   5.685   5.702   5.730   5.747 
    5.756   5.786   5.816   5.824   5.826   5.865   5.886   5.916 
    5.933   5.976   5.984   6.003   6.064   6.084   6.127   6.140 
    6.180   6.202   6.222   6.225   6.243   6.290   6.305   6.334 
    6.335   6.354   6.395   6.415   6.423   6.446   6.465   6.466 
    6.473   6.493   6.510   6.545   6.552   6.552   6.596   6.599 
    6.619   6.665   6.669   6.684   6.740   6.750   6.767   6.794 
    6.824   6.829   6.838   6.850   6.913   6.913   6.939   6.963 
    6.970   6.981   6.995   7.005   7.007   7.031   7.066   7.100 
    7.124   7.138   7.169   7.193   7.226   7.231   7.252   7.301 
    7.306   7.348   7.385   7.445   7.448   7.530   7.554   7.555 
    7.588   7.593   7.675   7.691   7.779   7.785   7.873   7.890 
    7.890   7.914   7.947   7.999   8.002   8.012   8.101   8.104 
    8.154   8.236   8.243   8.265   8.293   8.307   8.364   8.369 
    8.385   8.449   8.486   8.524   8.600   8.647   8.660   8.695 
    8.742   8.762   8.778   8.807   8.890   8.904   8.969   9.013 
    9.036   9.067   9.083   9.102   9.135   9.181   9.195   9.196 
    9.268   9.275   9.287   9.294   9.314   9.317   9.352   9.396 
    9.402   9.447   9.456   9.475   9.530   9.543   9.583   9.624 
    9.639   9.650   9.656   9.786   9.791   9.868   9.891   9.910 
    9.937  10.014  10.078  10.083  10.176  10.216  10.243  10.255 
   10.290  10.295  10.315  10.360  10.377  10.418  10.513  10.544 
   10.562  10.577  10.616  10.645  10.680  10.704  10.716  10.768 
   10.773  10.791  10.876  10.882  10.934  10.945  10.953  11.003 
   11.020  11.048  11.094  11.127  11.187  11.201  11.215  11.235 
   11.242  11.250  11.264  11.280  11.305  11.316  11.320  11.342 
   11.362  11.369  11.389  11.399  11.412  11.439  11.459  11.481 
   11.485  11.487  11.536  11.553  11.554  11.630  11.676  11.697 
   11.751  11.758  11.774  11.803  11.805  11.826  11.846  11.855 
   11.879  11.913  11.934  11.946  11.950  11.960  11.984  11.999 
   12.007  12.012  12.027  12.028  12.037  12.044  12.060  12.066 
   12.078  12.087  12.093  12.100  12.120  12.132  12.148  12.154 
   12.159  12.167  12.206  12.215  12.229  12.233  12.243  12.255 
   12.269  12.288  12.304  12.317  12.343  12.387  12.436  12.445 
   12.458  12.480  12.489  12.505  12.541  12.570  12.581  12.616 
   12.634  12.663  12.668  12.671  12.681  12.684  12.710  12.713 
   12.748  12.777  12.779  12.814  12.826  12.842  12.846  12.861 
   12.889  12.915  12.922  12.931  12.963  12.979  12.982  13.008 
   13.038  13.056  13.065  13.076  13.106  13.114  13.119  13.145 
   13.151  13.159  13.162  13.181  13.184  13.280  13.281  13.292 
   13.310  13.345  13.353  13.375  13.397  13.422  13.425  13.436 
   13.448  13.458  13.486  13.499  13.522  13.530  13.556  13.572 
   13.587  13.587  13.643  13.647  13.693  13.698  13.713  13.747 
   13.785  13.786  13.810  13.815  13.887  13.905  13.944  13.958 
   13.978  14.021  14.028  14.048  14.071  14.086  14.088  14.100 
   14.113  14.149  14.184  14.208  14.318  14.379  14.388  14.442 
   14.445  14.523  14.528  14.540  14.625  14.632  14.675  14.716 
   14.728  14.741  14.777  14.874  14.952  14.979  14.990  15.075 
   15.118  15.142  15.170  15.229  15.282  15.315  15.345  15.370 
   15.387  15.392  15.440  15.474  15.479  15.575  15.654  15.677 
   15.685  15.723  15.727  15.762  15.777  15.799  15.825  15.849 
   15.875  15.875  15.909  15.913  15.962  15.969  16.058  16.085 
   16.097  16.115  16.230  16.278  16.297  16.352  16.369  16.403 
   16.423  16.465  16.479  16.554  16.608  16.609  16.717  16.718 
   16.798  16.917  16.972  16.977  17.003  17.019  17.027  17.033 
   17.038  17.052  17.056  17.061  17.065  17.073  17.077  17.124 
   17.154  17.243  17.255  17.322  17.359  17.405  17.418  17.461 
   17.495  17.505  17.511  17.553  17.600  17.613  17.625  17.664 
   17.776  17.801  17.870  17.942  18.018  18.031  18.125  18.133 
   18.200  18.294  18.385  18.410  18.521  18.728  18.814  18.823 
   18.840  18.843  18.877  18.963  18.993  19.014  19.027  19.030 
   19.120  19.201  19.233  19.247  19.319  19.351  19.419  19.500 
   19.510  19.722  19.894  19.949  20.177  20.269  20.397  20.478 
   20.569  20.604  20.648  20.685  20.704  20.716  20.778  20.840 
   21.029  21.070  21.072  21.135  21.215  21.338  21.406  21.541 
   21.711  21.929  22.005  22.168  22.306  22.438  22.545  22.554 
   22.645  22.857  22.875  23.092  23.503  23.561  23.791  23.801 
   23.831  23.847  23.981  23.995  24.012  24.085  24.153  24.307 
   24.418  24.507  24.661  24.673  25.935  26.009  26.294  26.339 
   27.173  27.743  32.737  32.853  32.916  32.993  33.071  33.127 
   33.201  33.219  33.317  33.404  33.414  33.462  33.610  33.637 
   34.546  34.556  34.651  34.750  34.895  35.029  35.135  35.232 
   35.373  35.401  35.429  41.488  41.830  41.908  41.919  41.939 
   41.994  43.372  45.397  47.706  47.890  47.928  48.736  48.781 
   49.303  49.391  49.542  50.125  50.524  50.940  51.917  52.562 
   52.684  53.887  53.936  76.848  77.751  78.392  79.360  80.219 
   91.545  91.566  91.593  91.695  91.696  91.711  91.715  91.917 
   91.921  91.979  92.145  92.152  93.002  93.063  93.252  93.303 
   93.648  93.687  98.286 100.916 137.724 138.465 138.834 140.393 
  141.212 141.256 225.196 228.541 426.070 426.665 426.968 429.709 
  430.367 430.412 525.911 529.930 1267.060 1271.602 1686.791 1687.216 
  1687.436 1691.129 1691.601 1691.636 3190.608 3195.486 8535.257 8540.311 
  24820.425 24825.545 81386.442 81391.562 322254.977 322260.057 1830818.889 1830823.894 


  >>> Running UHF-MP2 <<<

MP2 correlation energy (UHF) : -1.5799581880
MP2 total energy       (UHF) : -288.6222907416

