	*********************************************** 
	***** Beginning CEBE Calculation with MOM ***** 
	*****       Calculation Details:          ***** 
	      Geometry:	 /work/morgunov/rev2calcs/mols/exp/o/ch3n-o2.xyz
	      Core Basis:	 ccX-5Z
	      Full Basis:	 cc-pV5Z
	      DIIS (start, space):	 0 50
	      Level shift:	 0
	      Do localization?:	 False
	      Do SFX2C1E?:	 True
	      Freeze orbitals?:	 True
	      Use Cheng orbitals?:	 False
	      Do Special Basis?:	 True
	      Do Special Basis?:	 ccX-5Z
	*********************************************** 
	*********************************************** 

  >>> Running RHF <<<

init D/C      : minao
init ov       : zeros
no            : 16
nv            : 715
ov_size       : 11440
max_cycle     : 1000
conv          : 6
econv         : 9
method        : gdm
scale_stop    : 0
scale_factor  : 1.000000
init E        : -243.53137281483
init |[F,P]|  : 8.65e-03
init |dE|     : 2.11e-02
check file    : None

iter      total energy   |[F,P]|      |dE|         ∆E   comment
   1    -243.577329872  8.31e-03  2.11e-02  -4.60e-02  BFGS
   2    -243.777951724  5.47e-04  1.49e-03  -2.01e-01  BFGS
   3    -243.779717703  1.42e-04  3.57e-04  -1.77e-03  BFGS
   4    -243.779858903  4.02e-05  1.10e-04  -1.41e-04  BFGS
   5    -243.779866397  1.14e-05  2.89e-05  -7.49e-06  BFGS
   6    -243.779866930  5.50e-06  1.41e-05  -5.33e-07  BFGS
   7    -243.779867026  2.17e-06  5.60e-06  -9.61e-08  BFGS
   8    -243.779867041  3.58e-07  9.04e-07  -1.45e-08  BFGS
   9    -243.779867042  1.68e-07  4.16e-07  -1.07e-09  BFGS
  10    -243.779867042  7.73e-08  1.90e-07  -4.83e-10  BFGS
                                                                      gdm is converged!

SCF converged : True
final |[F,P]| : 7.73e-08
final |dE|    : 1.90e-07
final Escf    : -368.747036424654
final Etot    : -243.779867042447

  pxp & ewc             :::        0.790 (  0.06%)
  apply B               :::        0.004 (  0.00%)
  linsrch               :::     1415.875 ( 99.94%)
  grad                  :::        0.033 (  0.00%)
  Total                 :::     1416.702 (100.00%)

Alpha occupied
  -20.608 -20.605 -15.852 -11.313  -1.608  -1.403  -1.105  -0.871 
   -0.756  -0.739  -0.737  -0.626  -0.606  -0.499  -0.497  -0.458 

Alpha virtual
    0.075   0.079   0.120   0.130   0.131   0.156   0.162   0.167 
    0.181   0.189   0.228   0.243   0.244   0.315   0.371   0.377 
    0.392   0.403   0.417   0.435   0.473   0.489   0.523   0.527 
    0.534   0.548   0.575   0.580   0.591   0.591   0.622   0.635 
    0.652   0.658   0.666   0.696   0.700   0.732   0.769   0.806 
    0.810   0.844   0.906   0.914   0.928   0.960   0.973   0.988 
    1.047   1.048   1.062   1.107   1.136   1.171   1.186   1.191 
    1.194   1.234   1.296   1.339   1.382   1.395   1.422   1.433 
    1.457   1.460   1.472   1.495   1.497   1.509   1.522   1.540 
    1.545   1.555   1.601   1.610   1.649   1.671   1.720   1.728 
    1.763   1.787   1.803   1.818   1.823   1.853   1.879   1.909 
    1.927   1.978   2.020   2.072   2.078   2.122   2.138   2.158 
    2.184   2.203   2.203   2.261   2.267   2.281   2.305   2.328 
    2.328   2.388   2.425   2.453   2.467   2.568   2.569   2.588 
    2.606   2.668   2.688   2.694   2.730   2.740   2.745   2.797 
    2.807   2.867   2.867   2.881   2.963   3.007   3.039   3.078 
    3.090   3.120   3.191   3.198   3.209   3.232   3.258   3.288 
    3.294   3.305   3.316   3.331   3.351   3.357   3.385   3.420 
    3.440   3.442   3.456   3.463   3.554   3.575   3.614   3.618 
    3.651   3.679   3.757   3.793   3.810   3.863   3.864   3.916 
    3.952   3.978   4.060   4.070   4.085   4.109   4.121   4.138 
    4.188   4.223   4.292   4.323   4.329   4.365   4.421   4.516 
    4.518   4.559   4.566   4.609   4.643   4.680   4.689   4.698 
    4.739   4.740   4.830   4.862   4.883   4.903   4.926   4.949 
    4.988   5.047   5.131   5.218   5.236   5.262   5.284   5.307 
    5.334   5.374   5.413   5.420   5.472   5.476   5.510   5.549 
    5.552   5.576   5.628   5.683   5.686   5.721   5.788   5.791 
    5.833   5.855   5.870   5.904   5.932   5.966   5.970   6.002 
    6.082   6.092   6.148   6.153   6.171   6.179   6.228   6.234 
    6.235   6.349   6.374   6.455   6.481   6.571   6.656   6.710 
    6.780   6.824   6.845   6.858   6.884   6.923   6.944   7.035 
    7.057   7.064   7.076   7.128   7.135   7.165   7.197   7.202 
    7.231   7.249   7.277   7.299   7.305   7.335   7.377   7.434 
    7.454   7.500   7.501   7.549   7.552   7.575   7.646   7.677 
    7.715   7.741   7.764   7.788   7.791   7.865   7.895   7.927 
    7.937   8.051   8.057   8.109   8.122   8.267   8.304   8.305 
    8.384   8.387   8.442   8.503   8.592   8.648   8.717   8.792 
    8.884   9.159   9.177   9.260   9.405   9.525   9.572   9.625 
    9.683   9.775   9.784   9.874   9.912   9.989  10.049  10.078 
   10.250  10.319  10.366  10.380  10.388  10.461  10.480  10.499 
   10.572  10.642  10.750  10.885  10.965  10.994  11.074  11.146 
   11.262  11.384  11.429  11.456  11.483  11.510  11.624  11.717 
   11.753  11.870  11.902  11.988  12.004  12.118  12.148  12.317 
   12.425  12.605  12.642  12.645  12.679  12.685  12.699  12.714 
   12.717  12.785  12.806  12.813  12.896  12.901  12.937  12.979 
   12.979  12.996  13.064  13.114  13.172  13.190  13.348  13.355 
   13.383  13.508  13.527  13.553  13.586  13.620  13.731  13.841 
   13.896  13.912  13.964  13.966  14.006  14.015  14.047  14.079 
   14.082  14.102  14.123  14.178  14.227  14.233  14.245  14.258 
   14.262  14.262  14.267  14.271  14.298  14.320  14.324  14.328 
   14.361  14.380  14.436  14.455  14.480  14.523  14.555  14.557 
   14.623  14.674  14.684  14.751  14.755  14.766  14.799  14.868 
   14.881  14.963  14.983  14.992  14.996  15.008  15.018  15.082 
   15.150  15.177  15.227  15.304  15.425  15.500  15.515  15.556 
   15.655  15.671  15.708  15.724  15.795  15.898  16.066  16.067 
   16.177  16.208  16.292  16.400  16.426  16.588  16.689  16.746 
   16.763  16.821  16.949  16.950  17.045  17.063  17.408  17.455 
   17.478  17.496  17.594  17.739  17.878  17.943  17.986  18.120 
   18.287  18.343  18.402  18.421  18.467  18.500  18.512  18.527 
   18.533  18.556  18.561  18.616  18.708  18.735  18.781  18.784 
   18.901  18.909  18.970  19.011  19.022  19.043  19.046  19.181 
   19.204  19.237  19.276  19.310  19.359  19.439  19.481  19.482 
   19.514  19.561  19.601  19.654  19.666  19.709  19.855  19.923 
   20.175  20.363  20.798  20.914  20.941  21.400  21.429  21.814 
   21.876  21.906  21.932  21.941  22.048  23.064  23.119  23.174 
   23.366  23.771  24.365  24.921  24.946  30.784  30.796  30.919 
   30.939  31.510  31.690  42.680  43.060  43.230  53.843  65.886 
   65.915  65.940  65.985  66.063  66.073  66.161  66.196  66.352 
   66.365  66.459  66.548  66.578  66.888  67.456  67.547  70.442 
   70.459  70.461  70.468  70.598  70.614  70.619  70.727  71.234 
   71.264  71.375  71.593  71.979  72.131  93.813  93.899 118.549 
  118.552 118.554 118.555 118.557 118.562 118.563 118.568 118.600 
  118.602 118.607 118.612 118.615 118.624 118.646 118.654 118.662 
  118.681 147.377 147.387 147.473 147.486 147.885 147.970 183.820 
  183.845 183.870 183.910 184.192 184.211 184.281 184.608 185.010 
  185.056 203.300 203.375 225.436 225.446 225.448 225.451 225.522 
  225.531 225.531 225.589 225.852 225.865 225.918 226.050 226.129 
  226.294 347.055 347.063 347.135 347.144 347.509 347.586 385.955 
  385.955 385.959 385.959 385.965 385.965 385.968 385.968 385.972 
  385.972 385.975 385.975 385.976 385.978 385.979 385.979 385.981 
  385.982 385.984 385.984 385.988 385.988 448.822 448.899 449.962 
  449.964 449.964 449.966 449.967 449.968 449.968 449.969 449.976 
  449.978 449.980 449.981 449.981 449.984 449.993 449.996 449.997 
  450.004 472.903 472.923 472.942 472.973 473.202 473.218 473.268 
  473.526 473.840 473.878 685.387 685.393 685.394 685.396 685.438 
  685.443 685.443 685.477 685.630 685.638 685.666 685.744 685.784 
  685.881 892.596 892.603 892.660 892.667 892.990 893.057 1087.264 
  1087.342 1213.138 1213.154 1213.169 1213.193 1213.375 1213.388 1213.424 
  1213.626 1213.870 1213.901 2891.993 2892.000 2892.047 2892.054 2892.352 
  2892.413 4236.399 4236.548 


  >>> Running RHF-MP2 <<<


RMP2-TIMING
  rmp2                  :::     1552.451 (100.00%)
  Total                 :::     1552.451 (100.00%)

MP2 correlation energy (RHF) : -1.1452297336
MP2 total energy       (RHF) : -244.9250967761


  >>> Running UHF <<<

init D/C      : input mo_coeff
init ov       : zeros
no            : 15 16
nv            : 716 715
ov_size       : 22180
max_cycle     : 1000
conv          : 6
econv         : 9
method        : diis
mom_start     : 0
guess mix     : 0.000000
orb_swap      : [[[0, 15]], []]
init E        : -223.171916681039
init S2       : 0.750000000000011
init |[F,P]|  : 1.50e-02
init |dE|     : 4.13e-02
check file    : None

iter      total energy   |[F,P]|      |dE|         ∆E   S^2   comment
   1    -223.587877693  9.17e-03  2.51e-02  -4.16e-01  0.75  DIIS mom: 14.6/15 15.5/16
   2    -223.984884530  1.58e-03  4.13e-03  -3.97e-01  0.76  DIIS mom: 14.9/15 15.9/16
   3    -223.998714008  8.75e-04  2.22e-03  -1.38e-02  0.76  DIIS mom: 15.0/15 16.0/16
   4    -224.003507519  1.99e-04  5.10e-04  -4.79e-03  0.76  DIIS mom: 15.0/15 16.0/16
   5    -224.004439724  1.27e-04  3.19e-04  -9.32e-04  0.77  DIIS mom: 15.0/15 16.0/16
   6    -224.004945167  8.76e-05  2.03e-04  -5.05e-04  0.77  DIIS mom: 15.0/15 16.0/16
   7    -224.005220313  9.28e-05  2.12e-04  -2.75e-04  0.78  DIIS mom: 15.0/15 16.0/16
   8    -224.004780710  7.60e-05  1.75e-04   4.40e-04  0.77  DIIS mom: 15.0/15 16.0/16
   9    -224.004244319  3.43e-05  8.28e-05   5.36e-04  0.77  DIIS mom: 15.0/15 16.0/16
  10    -224.004206442  7.86e-06  2.00e-05   3.79e-05  0.77  DIIS mom: 15.0/15 16.0/16
  11    -224.004207062  1.73e-06  4.41e-06  -6.19e-07  0.77  DIIS mom: 15.0/15 16.0/16
  12    -224.004207121  6.05e-07  1.53e-06  -5.88e-08  0.77  DIIS mom: 15.0/15 16.0/16
  13    -224.004207129  2.25e-07  5.72e-07  -8.82e-09  0.77  DIIS mom: 15.0/15 16.0/16
  14    -224.004207131  7.27e-08  1.85e-07  -1.38e-09  0.77  DIIS mom: 15.0/15 16.0/16
  15    -224.004207131  2.50e-08  6.34e-08  -1.48e-10  0.77  DIIS mom: 15.0/15 16.0/16
                                                                      diis is converged!

SCF converged : True
final |[F,P]| : 2.50e-08
final |dE|    : 6.34e-08
final Escf    : -348.971376513145
final Etot    : -224.004207130938
final S2      : 0.77280842991896

  diis prep             :::        0.687 (  0.03%)
  diis extrap           :::        0.392 (  0.02%)
  roothaan              :::        2.474 (  0.11%)
  fock build            :::     2312.748 ( 99.85%)
  Total                 :::     2316.301 (100.00%)

Alpha occupied
  -20.986 -16.192 -11.548  -1.983  -1.777  -1.397  -1.217  -1.108 
   -1.104  -1.076  -0.936  -0.895  -0.863  -0.826  -0.814 

Alpha virtual
  -18.946  -0.239  -0.087  -0.043  -0.043  -0.038  -0.019  -0.008 
   -0.005   0.012   0.022   0.044   0.074   0.076   0.091   0.167 
    0.178   0.192   0.200   0.217   0.222   0.233   0.275   0.298 
    0.308   0.310   0.336   0.354   0.356   0.378   0.384   0.392 
    0.423   0.427   0.453   0.464   0.473   0.489   0.497   0.570 
    0.585   0.604   0.649   0.702   0.705   0.726   0.751   0.752 
    0.770   0.824   0.826   0.858   0.883   0.897   0.919   0.924 
    0.958   0.970   1.016   1.035   1.097   1.136   1.148   1.163 
    1.190   1.191   1.205   1.213   1.237   1.252   1.267   1.276 
    1.303   1.309   1.314   1.365   1.380   1.399   1.415   1.472 
    1.493   1.535   1.549   1.571   1.578   1.609   1.642   1.643 
    1.675   1.706   1.756   1.802   1.849   1.850   1.892   1.906 
    1.919   1.953   1.967   1.969   2.014   2.034   2.045   2.051 
    2.078   2.089   2.139   2.182   2.231   2.245   2.304   2.307 
    2.320   2.334   2.410   2.418   2.427   2.468   2.472   2.504 
    2.534   2.542   2.597   2.618   2.636   2.712   2.732   2.786 
    2.791   2.826   2.853   2.908   2.928   2.941   2.958   2.963 
    2.980   2.991   3.018   3.023   3.036   3.051   3.075   3.095 
    3.121   3.145   3.153   3.163   3.199   3.290   3.328   3.344 
    3.361   3.398   3.402   3.521   3.534   3.559   3.605   3.626 
    3.638   3.703   3.722   3.790   3.839   3.856   3.863   3.873 
    3.895   3.957   3.964   4.012   4.062   4.088   4.127   4.165 
    4.245   4.279   4.318   4.322   4.364   4.419   4.452   4.454 
    4.471   4.506   4.527   4.571   4.635   4.641   4.658   4.701 
    4.708   4.746   4.803   4.887   4.964   4.988   5.004   5.026 
    5.065   5.082   5.102   5.159   5.177   5.214   5.241   5.271 
    5.279   5.307   5.325   5.375   5.424   5.428   5.443   5.505 
    5.540   5.579   5.587   5.593   5.654   5.665   5.703   5.711 
    5.730   5.794   5.796   5.855   5.859   5.884   5.900   5.936 
    5.967   5.980   6.069   6.104   6.152   6.210   6.272   6.345 
    6.428   6.459   6.505   6.555   6.581   6.613   6.666   6.678 
    6.697   6.706   6.776   6.783   6.816   6.820   6.831   6.868 
    6.890   6.906   6.949   6.955   6.981   7.006   7.043   7.058 
    7.159   7.165   7.215   7.220   7.264   7.287   7.313   7.339 
    7.397   7.409   7.427   7.476   7.517   7.518   7.555   7.622 
    7.641   7.674   7.735   7.758   7.783   7.812   7.961   7.978 
    8.010   8.034   8.062   8.098   8.212   8.299   8.317   8.398 
    8.483   8.559   8.811   8.880   8.980   9.173   9.281   9.313 
    9.373   9.416   9.519   9.532   9.616   9.660   9.717   9.727 
    9.768   9.917  10.014  10.084  10.131  10.144  10.222  10.230 
   10.266  10.321  10.409  10.462  10.597  10.694  10.725  10.821 
   10.847  10.985  11.091  11.188  11.224  11.252  11.275  11.368 
   11.432  11.501  11.579  11.598  11.648  11.686  11.807  11.824 
   12.022  12.154  12.360  12.365  12.417  12.419  12.428  12.476 
   12.488  12.495  12.558  12.568  12.589  12.669  12.671  12.688 
   12.751  12.760  12.767  12.831  12.882  12.893  12.909  13.119 
   13.123  13.140  13.281  13.305  13.320  13.357  13.359  13.477 
   13.566  13.612  13.651  13.657  13.692  13.702  13.793  13.815 
   13.834  13.844  13.855  13.870  13.900  13.906  13.910  13.918 
   13.925  13.959  13.964  13.980  13.994  14.000  14.050  14.058 
   14.063  14.073  14.103  14.115  14.170  14.175  14.229  14.250 
   14.293  14.309  14.353  14.363  14.376  14.435  14.438  14.487 
   14.594  14.598  14.680  14.689  14.699  14.741  14.746  14.758 
   14.798  14.871  14.877  14.905  14.951  15.111  15.217  15.249 
   15.322  15.355  15.368  15.436  15.484  15.536  15.636  15.753 
   15.783  15.855  15.899  15.998  16.141  16.190  16.261  16.374 
   16.402  16.429  16.495  16.660  16.661  16.761  16.786  17.130 
   17.136  17.185  17.268  17.326  17.442  17.647  17.719  17.751 
   17.790  18.029  18.102  18.132  18.141  18.152  18.172  18.183 
   18.187  18.212  18.289  18.293  18.321  18.368  18.377  18.416 
   18.422  18.524  18.551  18.613  18.648  18.659  18.708  18.727 
   18.800  18.880  18.897  18.920  18.958  19.002  19.028  19.101 
   19.108  19.155  19.176  19.210  19.271  19.299  19.345  19.498 
   19.541  19.809  19.998  20.570  20.684  20.714  20.904  21.047 
   21.165  21.269  21.428  21.478  21.586  21.631  22.550  22.626 
   22.786  22.864  23.320  23.943  24.315  24.585  29.971  30.091 
   30.413  30.572  30.760  31.258  42.186  42.456  42.780  53.499 
   64.486  64.551  64.778  64.866  64.922  65.191  65.236  65.533 
   65.602  65.685  65.807  65.969  66.077  66.199  66.350  67.128 
   69.228  69.251  69.380  69.436  70.009  70.073  70.078  70.205 
   70.238  70.322  70.808  70.863  71.130  71.697  92.338  93.476 
  117.159 117.162 117.164 117.167 117.196 117.203 117.215 117.233 
  117.256 118.164 118.165 118.176 118.181 118.222 118.224 118.236 
  118.280 118.300 145.324 145.409 145.849 146.994 147.108 147.554 
  181.528 181.581 181.883 182.111 182.717 183.456 183.508 183.814 
  184.084 184.654 201.024 202.954 223.116 223.128 223.196 223.227 
  223.527 223.639 223.866 225.060 225.064 225.146 225.180 225.472 
  225.612 225.842 344.009 344.082 344.484 346.675 346.764 347.172 
  383.590 383.590 383.594 383.597 383.598 383.604 383.604 383.614 
  383.614 383.627 383.627 385.569 385.569 385.582 385.582 385.592 
  385.592 385.599 385.599 385.602 385.605 385.606 445.611 447.107 
  447.108 447.112 447.112 447.116 447.117 447.119 447.126 447.131 
  448.478 449.579 449.580 449.583 449.585 449.595 449.599 449.600 
  449.619 449.624 469.640 469.681 469.926 470.108 470.577 472.537 
  472.578 472.825 473.027 473.480 681.810 681.817 681.858 681.876 
  682.050 682.115 682.242 685.012 685.014 685.062 685.081 685.252 
  685.329 685.458 888.520 888.582 888.937 892.221 892.289 892.648 
  1083.080 1086.922 1208.918 1208.950 1209.146 1209.288 1209.652 1212.772 
  1212.804 1213.002 1213.152 1213.509 2887.059 2887.114 2887.444 2891.622 
  2891.677 2892.009 4231.474 4236.091 

Beta occupied
  -23.844 -20.988 -16.186 -11.548  -2.042  -1.812  -1.412  -1.266 
   -1.157  -1.145  -1.096  -0.966  -0.924  -0.872  -0.828  -0.824 

Beta virtual
   -0.241  -0.088  -0.044  -0.044  -0.039  -0.020  -0.009  -0.005 
    0.012   0.021   0.038   0.071   0.074   0.086   0.159   0.176 
    0.192   0.201   0.215   0.221   0.236   0.272   0.296   0.305 
    0.308   0.333   0.349   0.351   0.377   0.383   0.390   0.420 
    0.426   0.455   0.464   0.472   0.485   0.498   0.571   0.586 
    0.604   0.649   0.704   0.707   0.727   0.752   0.753   0.770 
    0.824   0.828   0.858   0.883   0.897   0.920   0.928   0.959 
    0.972   1.016   1.038   1.092   1.117   1.144   1.155   1.180 
    1.184   1.200   1.211   1.234   1.247   1.268   1.277   1.303 
    1.308   1.315   1.366   1.379   1.398   1.416   1.472   1.494 
    1.536   1.549   1.571   1.579   1.609   1.642   1.643   1.675 
    1.708   1.756   1.802   1.850   1.850   1.892   1.908   1.920 
    1.953   1.968   1.969   2.015   2.035   2.044   2.051   2.080 
    2.089   2.139   2.184   2.232   2.245   2.304   2.308   2.322 
    2.335   2.409   2.419   2.426   2.468   2.472   2.505   2.535 
    2.542   2.597   2.617   2.636   2.712   2.731   2.782   2.790 
    2.823   2.853   2.895   2.905   2.921   2.953   2.959   2.975 
    2.989   2.991   3.021   3.030   3.046   3.050   3.096   3.118 
    3.145   3.148   3.157   3.200   3.290   3.329   3.337   3.361 
    3.398   3.401   3.522   3.533   3.559   3.600   3.626   3.635 
    3.704   3.723   3.789   3.839   3.855   3.863   3.872   3.896 
    3.957   3.965   4.006   4.060   4.088   4.128   4.165   4.245 
    4.279   4.319   4.322   4.363   4.418   4.452   4.453   4.471 
    4.506   4.527   4.571   4.635   4.641   4.658   4.701   4.707 
    4.746   4.805   4.888   4.965   4.988   5.003   5.027   5.066 
    5.084   5.101   5.158   5.178   5.214   5.242   5.272   5.281 
    5.307   5.325   5.373   5.425   5.428   5.444   5.508   5.540 
    5.581   5.587   5.594   5.655   5.666   5.703   5.711   5.730 
    5.793   5.797   5.856   5.859   5.884   5.898   5.932   5.966 
    5.981   6.064   6.103   6.149   6.206   6.270   6.337   6.427 
    6.434   6.496   6.542   6.579   6.601   6.650   6.663   6.674 
    6.692   6.754   6.778   6.815   6.816   6.823   6.868   6.889 
    6.904   6.937   6.947   6.974   7.005   7.043   7.044   7.157 
    7.164   7.211   7.218   7.263   7.283   7.313   7.328   7.396 
    7.398   7.427   7.474   7.513   7.516   7.550   7.619   7.641 
    7.670   7.731   7.751   7.775   7.809   7.946   7.968   7.998 
    8.033   8.036   8.081   8.211   8.296   8.311   8.387   8.480 
    8.556   8.799   8.878   8.980   9.173   9.280   9.313   9.370 
    9.414   9.518   9.532   9.611   9.659   9.714   9.724   9.758 
    9.911  10.003  10.082  10.131  10.144  10.222  10.229  10.266 
   10.320  10.410  10.459  10.595  10.693  10.724  10.822  10.841 
   10.984  11.085  11.188  11.224  11.252  11.275  11.368  11.434 
   11.501  11.579  11.599  11.645  11.688  11.804  11.824  12.022 
   12.155  12.362  12.365  12.417  12.418  12.429  12.476  12.488 
   12.495  12.558  12.569  12.589  12.669  12.670  12.689  12.751 
   12.760  12.767  12.831  12.882  12.897  12.909  13.119  13.123 
   13.140  13.281  13.305  13.320  13.357  13.359  13.478  13.564 
   13.609  13.652  13.654  13.692  13.703  13.793  13.815  13.834 
   13.844  13.848  13.871  13.895  13.905  13.906  13.908  13.924 
   13.938  13.959  13.963  13.967  13.992  13.996  14.026  14.051 
   14.074  14.103  14.109  14.162  14.169  14.228  14.236  14.291 
   14.308  14.337  14.358  14.359  14.418  14.436  14.484  14.592 
   14.594  14.673  14.681  14.698  14.741  14.744  14.758  14.798 
   14.870  14.877  14.889  14.926  15.114  15.218  15.243  15.319 
   15.347  15.359  15.436  15.484  15.536  15.635  15.754  15.783 
   15.856  15.899  15.997  16.142  16.191  16.258  16.374  16.399 
   16.428  16.494  16.658  16.658  16.761  16.785  17.126  17.129 
   17.185  17.268  17.326  17.440  17.646  17.719  17.750  17.785 
   18.029  18.100  18.132  18.140  18.150  18.170  18.176  18.180 
   18.210  18.285  18.287  18.320  18.357  18.373  18.409  18.416 
   18.496  18.536  18.583  18.615  18.657  18.676  18.725  18.757 
   18.863  18.873  18.914  18.943  18.997  19.022  19.092  19.100 
   19.147  19.170  19.199  19.267  19.295  19.340  19.491  19.536 
   19.801  19.994  20.570  20.683  20.713  20.873  21.033  21.115 
   21.209  21.400  21.476  21.585  21.627  22.506  22.603  22.783 
   22.833  23.309  23.925  24.266  24.584  29.738  29.860  30.411 
   30.529  30.585  31.252  41.850  42.452  42.774  53.500  64.310 
   64.374  64.454  64.545  64.749  64.913  65.040  65.531  65.598 
   65.684  65.793  65.920  65.968  66.190  66.344  67.127  69.151 
   69.174  69.303  69.359  69.936  70.065  70.075  70.145  70.235 
   70.311  70.728  70.861  71.129  71.696  91.932  93.476 117.100 
  117.102 117.104 117.107 117.137 117.143 117.155 117.173 117.196 
  118.163 118.164 118.175 118.181 118.221 118.224 118.235 118.280 
  118.300 144.940 145.026 145.467 146.994 147.108 147.554 181.268 
  181.321 181.625 181.854 182.459 183.456 183.507 183.814 184.082 
  184.654 200.617 202.954 222.948 222.961 223.029 223.060 223.360 
  223.472 223.699 225.060 225.063 225.145 225.180 225.471 225.611 
  225.842 343.630 343.704 344.107 346.675 346.764 347.172 383.506 
  383.506 383.510 383.513 383.514 383.520 383.520 383.530 383.530 
  383.543 383.543 385.568 385.568 385.581 385.581 385.592 385.592 
  385.599 385.599 385.602 385.605 385.606 445.247 446.967 446.968 
  446.972 446.973 446.976 446.978 446.979 446.986 446.992 448.478 
  449.579 449.580 449.583 449.585 449.595 449.599 449.600 449.619 
  449.624 469.375 469.416 469.661 469.844 470.313 472.537 472.577 
  472.825 473.026 473.480 681.603 681.611 681.651 681.669 681.844 
  681.909 682.035 685.012 685.013 685.062 685.081 685.252 685.329 
  685.458 888.216 888.278 888.634 892.221 892.288 892.648 1082.788 
  1086.922 1208.697 1208.729 1208.926 1209.068 1209.432 1212.772 1212.804 
  1213.002 1213.152 1213.508 2886.878 2886.932 2887.262 2891.622 2891.677 
  2892.009 4231.316 4236.091 


  >>> Running UHF-MP2 <<<

MP2 correlation energy (UHF) : -1.0895695434
MP2 total energy       (UHF) : -225.0937766744

