	*********************************************** 
	***** Beginning CEBE Calculation with MOM ***** 
	*****       Calculation Details:          ***** 
	      Geometry:	 /work/morgunov/rev2calcs/mols/exp/o/cf3c-o-oh.xyz
	      Core Basis:	 pcX-4
	      Full Basis:	 pc-4
	      DIIS (start, space):	 0 50
	      Level shift:	 0
	      Do localization?:	 False
	      Do SFX2C1E?:	 True
	      Freeze orbitals?:	 True
	      Use Cheng orbitals?:	 False
	      Do Special Basis?:	 True
	      Do Special Basis?:	 pcX-4
	*********************************************** 
	*********************************************** 

  >>> Running RHF <<<

init D/C      : minao
init ov       : zeros
no            : 28
nv            : 842
ov_size       : 23576
max_cycle     : 1000
conv          : 6
econv         : 9
method        : gdm
scale_stop    : 0
scale_factor  : 1.000000
init E        : -524.324157527614
init |[F,P]|  : 8.27e-03
init |dE|     : 1.65e-02
check file    : None

iter      total energy   |[F,P]|      |dE|         ∆E   comment
   1    -524.467060406  6.60e-03  1.31e-02  -1.43e-01  BFGS
   2    -524.626890838  7.69e-04  1.53e-03  -1.60e-01  BFGS
   3    -524.629755427  4.15e-04  8.44e-04  -2.86e-03  BFGS
   4    -524.630560600  1.07e-04  2.28e-04  -8.05e-04  BFGS
   5    -524.630632719  3.70e-05  7.29e-05  -7.21e-05  BFGS
   6    -524.630648707  1.24e-05  2.39e-05  -1.60e-05  BFGS
   7    -524.630650009  4.49e-06  8.95e-06  -1.30e-06  BFGS
   8    -524.630650200  1.55e-06  3.29e-06  -1.91e-07  BFGS
   9    -524.630650215  6.03e-07  1.37e-06  -1.45e-08  BFGS
  10    -524.630650217  1.13e-07  2.23e-07  -1.95e-09  BFGS
  11    -524.630650217  2.99e-08  5.88e-08  -9.03e-11  BFGS
                                                                      gdm is converged!

SCF converged : True
final |[F,P]| : 2.99e-08
final |dE|    : 5.88e-08
final Escf    : -862.28393271293
final Etot    : -524.630650216665

  pxp & ewc             :::        1.045 (  0.02%)
  apply B               :::        0.004 (  0.00%)
  linsrch               :::     5235.455 ( 99.98%)
  grad                  :::        0.046 (  0.00%)
  Total                 :::     5236.551 (100.00%)

Alpha occupied
  -26.360 -26.358 -26.358 -20.658 -20.596 -11.538 -11.438  -1.759 
   -1.662  -1.660  -1.515  -1.415  -1.049  -0.923  -0.855  -0.851 
   -0.821  -0.756  -0.736  -0.724  -0.695  -0.693  -0.688  -0.672 
   -0.666  -0.620  -0.527  -0.504 

Alpha virtual
    0.041   0.073   0.085   0.092   0.103   0.112   0.117   0.124 
    0.146   0.171   0.173   0.193   0.211   0.224   0.231   0.234 
    0.249   0.262   0.273   0.285   0.295   0.304   0.314   0.323 
    0.328   0.349   0.356   0.358   0.360   0.390   0.399   0.406 
    0.409   0.431   0.436   0.440   0.456   0.479   0.485   0.489 
    0.497   0.523   0.541   0.543   0.547   0.548   0.579   0.582 
    0.592   0.598   0.624   0.644   0.682   0.716   0.727   0.738 
    0.744   0.756   0.758   0.775   0.778   0.788   0.815   0.823 
    0.837   0.845   0.866   0.889   0.897   0.905   0.920   0.932 
    0.944   0.951   0.953   0.969   0.969   1.002   1.003   1.011 
    1.019   1.030   1.040   1.044   1.053   1.067   1.092   1.102 
    1.105   1.123   1.132   1.163   1.171   1.185   1.197   1.245 
    1.251   1.265   1.292   1.302   1.344   1.355   1.364   1.376 
    1.398   1.410   1.414   1.445   1.460   1.468   1.488   1.500 
    1.518   1.523   1.529   1.584   1.589   1.607   1.612   1.627 
    1.709   1.732   1.764   1.795   1.800   1.820   1.863   1.883 
    1.889   1.905   1.936   1.988   1.994   2.005   2.035   2.044 
    2.045   2.061   2.072   2.092   2.108   2.115   2.157   2.179 
    2.187   2.208   2.222   2.229   2.244   2.265   2.300   2.305 
    2.337   2.341   2.348   2.355   2.364   2.376   2.377   2.380 
    2.397   2.405   2.438   2.446   2.470   2.485   2.494   2.508 
    2.522   2.523   2.528   2.530   2.555   2.560   2.588   2.622 
    2.623   2.649   2.650   2.680   2.683   2.701   2.714   2.726 
    2.729   2.738   2.784   2.818   2.822   2.836   2.883   2.900 
    2.929   2.950   2.955   2.970   2.988   3.021   3.023   3.083 
    3.102   3.130   3.184   3.195   3.200   3.216   3.258   3.297 
    3.307   3.354   3.370   3.383   3.409   3.412   3.445   3.470 
    3.496   3.505   3.526   3.553   3.589   3.619   3.631   3.644 
    3.646   3.661   3.701   3.742   3.759   3.768   3.832   3.845 
    3.883   3.922   3.999   4.054   4.101   4.124   4.134   4.138 
    4.159   4.170   4.214   4.221   4.274   4.326   4.340   4.421 
    4.425   4.447   4.471   4.496   4.507   4.517   4.601   4.668 
    4.672   4.733   4.743   4.745   4.789   4.802   4.842   4.854 
    4.912   4.944   4.957   4.960   4.971   4.986   5.020   5.059 
    5.080   5.097   5.141   5.151   5.190   5.227   5.231   5.267 
    5.315   5.393   5.459   5.461   5.486   5.516   5.520   5.544 
    5.552   5.585   5.605   5.611   5.660   5.683   5.703   5.707 
    5.735   5.745   5.783   5.791   5.824   5.825   5.829   5.865 
    5.872   5.899   5.922   5.947   5.977   5.991   6.009   6.011 
    6.040   6.059   6.077   6.083   6.121   6.135   6.144   6.147 
    6.162   6.172   6.174   6.209   6.247   6.300   6.337   6.349 
    6.376   6.407   6.449   6.477   6.506   6.511   6.526   6.548 
    6.574   6.609   6.616   6.630   6.660   6.689   6.697   6.719 
    6.736   6.753   6.790   6.828   6.845   6.855   6.887   6.916 
    6.926   6.974   6.979   7.035   7.051   7.057   7.085   7.102 
    7.155   7.167   7.211   7.249   7.257   7.334   7.337   7.380 
    7.383   7.430   7.480   7.505   7.521   7.579   7.580   7.641 
    7.678   7.695   7.699   7.713   7.718   7.727   7.799   7.828 
    7.847   7.905   7.932   7.966   7.977   7.999   8.068   8.134 
    8.140   8.191   8.242   8.278   8.309   8.386   8.435   8.455 
    8.465   8.569   8.604   8.688   8.690   8.702   8.709   8.839 
    8.885   8.939   8.947   8.976   9.060   9.163   9.171   9.233 
    9.287   9.341   9.412   9.462   9.536   9.570   9.586   9.681 
    9.731   9.741   9.828  10.008  10.034  10.091  10.135  10.139 
   10.225  10.300  10.358  10.408  10.454  10.492  10.624  10.733 
   10.765  10.782  10.856  10.893  10.925  10.958  11.052  11.063 
   11.134  11.138  11.210  11.215  11.270  11.353  11.408  11.409 
   11.484  11.521  11.525  11.562  11.568  11.616  11.717  11.768 
   11.798  11.831  11.922  11.985  12.015  12.041  12.097  12.101 
   12.112  12.171  12.213  12.235  12.260  12.269  12.298  12.397 
   12.404  12.459  12.505  12.515  12.526  12.585  12.598  12.630 
   12.637  12.652  12.659  12.695  12.710  12.716  12.759  12.790 
   12.824  12.850  12.864  12.917  12.924  12.965  12.989  12.997 
   13.003  13.023  13.031  13.050  13.056  13.087  13.089  13.100 
   13.118  13.144  13.184  13.185  13.208  13.215  13.263  13.269 
   13.275  13.284  13.288  13.290  13.291  13.311  13.317  13.323 
   13.325  13.336  13.389  13.401  13.418  13.420  13.445  13.454 
   13.492  13.503  13.520  13.540  13.555  13.579  13.608  13.633 
   13.674  13.687  13.700  13.712  13.737  13.751  13.788  13.823 
   13.829  13.891  13.914  13.930  14.019  14.032  14.081  14.118 
   14.143  14.172  14.179  14.207  14.241  14.250  14.290  14.359 
   14.392  14.412  14.471  14.483  14.566  14.604  14.664  14.680 
   14.716  14.786  14.802  14.856  14.876  14.920  14.943  14.993 
   15.042  15.062  15.131  15.160  15.173  15.201  15.214  15.253 
   15.272  15.294  15.396  15.458  15.466  15.519  15.640  15.670 
   15.696  15.725  15.766  15.773  15.799  15.829  15.868  15.873 
   15.923  15.953  16.013  16.084  16.115  16.174  16.207  16.306 
   16.362  16.385  16.402  16.491  16.518  16.532  16.614  16.856 
   16.919  17.031  17.056  17.158  17.226  17.561  17.587  17.597 
   17.646  17.670  17.754  17.762  17.797  17.804  17.807  17.889 
   17.926  17.929  18.041  18.109  18.137  18.138  18.197  18.446 
   18.466  18.478  18.539  18.627  18.722  18.864  18.899  18.957 
   19.066  19.168  19.240  19.460  19.469  19.628  19.753  19.792 
   19.864  19.977  20.210  20.224  20.476  20.950  20.958  20.972 
   20.974  20.987  20.995  21.014  21.205  21.228  21.271  21.278 
   21.353  21.526  21.546  21.733  21.745  21.792  21.796  21.849 
   21.861  21.901  21.954  22.055  22.096  22.109  22.931  22.942 
   23.032  23.041  23.045  23.084  23.208  23.357  23.838  23.874 
   23.920  24.010  24.057  24.213  24.446  24.589  24.773  24.853 
   25.224  25.759  25.913  26.454  26.547  26.645  26.751  27.042 
   27.617  28.404  29.145  29.686  29.922  31.327  31.384  31.417 
   31.452  31.467  31.496  31.854  31.861  31.913  31.932  31.968 
   31.970  32.371  32.428  32.976  33.204  33.516  33.620  33.693 
   34.016  34.441  35.198  35.315  35.486  35.765  41.976  43.145 
   43.183  43.206  43.212  43.265  43.306  43.389  43.423  43.460 
   45.609  45.895  45.991  61.139  61.543  65.248  65.318  65.510 
   66.045  66.326  66.450  68.085  68.173  68.281  68.439  68.672 
   68.731  69.026  69.487  70.667  70.681  78.084  79.253  91.644 
   91.955  93.049  93.088  93.105  93.136  93.146  93.165  93.426 
   93.459  93.460  93.474  93.524  93.551  94.073  94.099  94.305 
   94.434 139.761 140.099 175.219 175.271 175.447 175.995 176.330 
  176.446 205.789 206.245 206.375 320.343 320.650 536.629 536.667 
  536.813 537.244 537.523 537.610 747.108 747.393 1796.224 1796.492 
  2112.447 2112.483 2112.590 2112.883 2113.102 2113.145 4514.447 4514.697 
  12060.424 12060.655 35044.620 35044.832 114859.348 114859.538 454594.920 454595.084 
  2579392.601 2579392.728 


  >>> Running RHF-MP2 <<<


RMP2-TIMING
  rmp2                  :::     3107.791 (100.00%)
  Total                 :::     3107.791 (100.00%)

MP2 correlation energy (RHF) : -2.0507449857
MP2 total energy       (RHF) : -526.6813952023


  >>> Running UHF <<<

init D/C      : input mo_coeff
init ov       : zeros
no            : 27 28
nv            : 843 842
ov_size       : 46337
max_cycle     : 1000
conv          : 6
econv         : 9
method        : diis
mom_start     : 0
guess mix     : 0.000000
orb_swap      : [[[4, 27]], []]
init E        : -504.034269265553
init S2       : 0.750000000000156
init |[F,P]|  : 1.26e-02
init |dE|     : 2.87e-02
check file    : None

iter      total energy   |[F,P]|      |dE|         ∆E   S^2   comment
   1    -504.535464409  6.84e-03  1.57e-02  -5.01e-01  0.75  DIIS mom: 26.7/27 27.6/28
   2    -504.842117015  8.32e-04  1.71e-03  -3.07e-01  0.76  DIIS mom: 26.9/27 27.9/28
   3    -504.847537650  2.95e-04  5.71e-04  -5.42e-03  0.76  DIIS mom: 27.0/27 28.0/28
   4    -504.848371411  1.15e-04  2.34e-04  -8.34e-04  0.76  DIIS mom: 27.0/27 28.0/28
   5    -504.848685034  5.26e-05  1.03e-04  -3.14e-04  0.77  DIIS mom: 27.0/27 28.0/28
   6    -504.848753424  2.05e-05  3.88e-05  -6.84e-05  0.77  DIIS mom: 27.0/27 28.0/28
   7    -504.848768180  1.08e-05  2.04e-05  -1.48e-05  0.77  DIIS mom: 27.0/27 28.0/28
   8    -504.848772310  6.43e-06  1.18e-05  -4.13e-06  0.77  DIIS mom: 27.0/27 28.0/28
   9    -504.848773950  3.84e-06  6.33e-06  -1.64e-06  0.77  DIIS mom: 27.0/27 28.0/28
  10    -504.848774763  2.24e-06  3.63e-06  -8.14e-07  0.77  DIIS mom: 27.0/27 28.0/28
  11    -504.848775098  8.02e-07  1.43e-06  -3.35e-07  0.77  DIIS mom: 27.0/27 28.0/28
  12    -504.848775129  3.14e-07  5.92e-07  -3.07e-08  0.77  DIIS mom: 27.0/27 28.0/28
  13    -504.848775132  1.29e-07  2.60e-07  -3.25e-09  0.77  DIIS mom: 27.0/27 28.0/28
  14    -504.848775132  5.55e-08  1.14e-07  -4.18e-10  0.77  DIIS mom: 27.0/27 28.0/28
                                                                      diis is converged!

SCF converged : True
final |[F,P]| : 5.55e-08
final |dE|    : 1.14e-07
final Escf    : -842.502057628634
final Etot    : -504.848775132368
final S2      : 0.77195612103883

  diis prep             :::        0.705 (  0.01%)
  diis extrap           :::        0.446 (  0.01%)
  roothaan              :::        2.180 (  0.03%)
  fock build            :::     6946.586 ( 99.95%)
  Total                 :::     6949.918 (100.00%)

Alpha occupied
  -26.564 -26.564 -26.562 -20.968 -11.815 -11.776  -1.965  -1.916 
   -1.863  -1.862  -1.765  -1.319  -1.191  -1.147  -1.128  -1.087 
   -1.046  -1.046  -1.018  -0.954  -0.929  -0.924  -0.894  -0.884 
   -0.884  -0.870  -0.846 

Alpha virtual
  -18.965  -0.209  -0.125  -0.067  -0.063  -0.057  -0.032  -0.018 
   -0.017  -0.004   0.014   0.022   0.032   0.052   0.069   0.080 
    0.084   0.085   0.090   0.106   0.110   0.119   0.143   0.145 
    0.157   0.160   0.179   0.188   0.192   0.202   0.205   0.211 
    0.214   0.225   0.230   0.249   0.251   0.266   0.278   0.302 
    0.308   0.309   0.332   0.338   0.360   0.361   0.373   0.391 
    0.396   0.416   0.418   0.425   0.453   0.457   0.506   0.508 
    0.522   0.531   0.540   0.543   0.557   0.568   0.603   0.604 
    0.608   0.636   0.653   0.674   0.682   0.690   0.724   0.734 
    0.737   0.755   0.762   0.772   0.777   0.783   0.795   0.811 
    0.816   0.828   0.830   0.838   0.852   0.855   0.873   0.891 
    0.899   0.912   0.914   0.927   0.948   0.950   0.984   0.993 
    1.044   1.049   1.051   1.067   1.090   1.129   1.147   1.150 
    1.186   1.204   1.211   1.214   1.222   1.248   1.250   1.287 
    1.294   1.317   1.334   1.338   1.360   1.369   1.377   1.400 
    1.419   1.470   1.496   1.504   1.545   1.558   1.582   1.595 
    1.596   1.631   1.649   1.653   1.733   1.742   1.747   1.760 
    1.786   1.811   1.816   1.827   1.858   1.878   1.882   1.907 
    1.927   1.954   1.974   1.982   1.997   2.000   2.037   2.063 
    2.083   2.102   2.118   2.141   2.148   2.150   2.154   2.161 
    2.163   2.175   2.191   2.201   2.218   2.230   2.269   2.287 
    2.291   2.305   2.316   2.319   2.332   2.339   2.341   2.364 
    2.378   2.404   2.418   2.434   2.446   2.469   2.490   2.501 
    2.504   2.510   2.520   2.550   2.584   2.602   2.616   2.666 
    2.683   2.699   2.719   2.739   2.743   2.766   2.800   2.809 
    2.832   2.854   2.880   2.941   2.951   2.981   2.983   3.020 
    3.052   3.076   3.123   3.137   3.155   3.166   3.170   3.194 
    3.232   3.271   3.291   3.295   3.318   3.332   3.385   3.388 
    3.405   3.409   3.431   3.459   3.495   3.533   3.536   3.588 
    3.606   3.635   3.683   3.740   3.800   3.839   3.849   3.874 
    3.892   3.906   3.948   3.970   3.982   4.014   4.032   4.079 
    4.111   4.132   4.174   4.182   4.194   4.207   4.247   4.323 
    4.369   4.386   4.427   4.450   4.477   4.495   4.515   4.559 
    4.562   4.615   4.618   4.664   4.680   4.699   4.726   4.757 
    4.765   4.811   4.812   4.840   4.861   4.923   4.936   4.996 
    5.010   5.059   5.130   5.187   5.189   5.221   5.225   5.268 
    5.270   5.295   5.347   5.350   5.378   5.402   5.444   5.452 
    5.458   5.461   5.499   5.513   5.532   5.565   5.570   5.595 
    5.629   5.644   5.680   5.694   5.715   5.727   5.741   5.754 
    5.756   5.779   5.821   5.844   5.851   5.888   5.891   5.928 
    5.930   5.938   5.953   5.957   5.980   6.004   6.047   6.068 
    6.083   6.118   6.148   6.206   6.208   6.229   6.242   6.258 
    6.305   6.358   6.382   6.383   6.387   6.429   6.461   6.463 
    6.474   6.479   6.494   6.555   6.577   6.615   6.633   6.668 
    6.677   6.698   6.730   6.750   6.754   6.796   6.804   6.829 
    6.858   6.910   6.920   6.965   7.009   7.033   7.087   7.101 
    7.148   7.169   7.219   7.235   7.265   7.303   7.341   7.357 
    7.387   7.439   7.450   7.459   7.493   7.509   7.517   7.544 
    7.616   7.636   7.671   7.695   7.738   7.740   7.769   7.796 
    7.882   7.900   7.934   8.024   8.038   8.094   8.126   8.171 
    8.193   8.207   8.282   8.311   8.416   8.443   8.466   8.475 
    8.533   8.646   8.663   8.724   8.757   8.792   8.898   8.946 
    8.967   9.021   9.051   9.187   9.194   9.256   9.324   9.337 
    9.443   9.458   9.491   9.548   9.652   9.709   9.829   9.841 
    9.878   9.924  10.007  10.089  10.098  10.130  10.190  10.282 
   10.365  10.418  10.460  10.517  10.573  10.575  10.647  10.741 
   10.770  10.772  10.815  10.870  10.896  10.898  10.973  11.029 
   11.107  11.177  11.187  11.245  11.299  11.302  11.326  11.453 
   11.473  11.500  11.533  11.602  11.622  11.717  11.751  11.817 
   11.840  11.841  11.853  11.938  11.950  11.974  12.005  12.054 
   12.110  12.123  12.154  12.215  12.216  12.264  12.298  12.305 
   12.327  12.331  12.333  12.367  12.378  12.425  12.434  12.485 
   12.510  12.569  12.591  12.624  12.665  12.669  12.687  12.713 
   12.720  12.765  12.774  12.783  12.790  12.800  12.830  12.838 
   12.844  12.874  12.894  12.900  12.913  12.949  12.961  13.032 
   13.053  13.065  13.069  13.072  13.077  13.089  13.093  13.093 
   13.105  13.111  13.114  13.119  13.127  13.131  13.168  13.171 
   13.192  13.218  13.227  13.271  13.275  13.313  13.331  13.354 
   13.361  13.397  13.431  13.450  13.463  13.477  13.487  13.542 
   13.547  13.580  13.590  13.629  13.636  13.718  13.737  13.804 
   13.862  13.916  13.949  13.954  13.971  13.980  14.001  14.014 
   14.071  14.137  14.142  14.168  14.233  14.271  14.334  14.344 
   14.386  14.444  14.533  14.553  14.635  14.641  14.698  14.700 
   14.718  14.782  14.855  14.905  14.926  14.940  14.961  14.986 
   14.994  15.064  15.077  15.182  15.195  15.260  15.299  15.389 
   15.423  15.468  15.496  15.501  15.574  15.600  15.601  15.616 
   15.668  15.670  15.718  15.742  15.745  15.850  15.958  15.999 
   16.082  16.100  16.164  16.181  16.280  16.313  16.326  16.399 
   16.642  16.647  16.748  16.783  16.890  16.947  17.298  17.346 
   17.356  17.391  17.414  17.417  17.442  17.472  17.498  17.535 
   17.643  17.679  17.704  17.753  17.762  17.848  17.853  17.864 
   18.184  18.192  18.232  18.300  18.337  18.398  18.512  18.578 
   18.613  18.725  18.818  18.886  19.107  19.111  19.271  19.415 
   19.447  19.500  19.680  19.912  19.953  20.197  20.752  20.758 
   20.774  20.775  20.786  20.797  20.813  21.000  21.005  21.028 
   21.077  21.128  21.268  21.291  21.452  21.530  21.569  21.586 
   21.624  21.655  21.692  21.742  21.775  21.894  21.904  22.711 
   22.725  22.741  22.834  22.842  22.883  22.916  23.142  23.151 
   23.278  23.632  23.714  23.778  23.900  24.106  24.167  24.326 
   24.464  24.537  24.981  25.558  25.791  26.144  26.190  26.233 
   26.439  26.913  28.105  28.695  29.069  29.624  31.124  31.184 
   31.216  31.251  31.264  31.296  31.648  31.658  31.706  31.727 
   31.764  31.766  32.159  32.219  32.761  32.840  33.279  33.313 
   33.384  33.655  34.207  34.970  35.087  35.119  35.390  41.704 
   42.944  42.979  43.004  43.008  43.062  43.105  43.186  43.221 
   43.260  45.402  45.688  45.785  59.879  61.235  63.772  64.016 
   64.802  64.995  65.748  66.144  66.518  66.607  67.099  67.441 
   67.971  68.133  68.438  69.118  69.174  70.365  77.737  78.989 
   91.368  91.679  92.845  92.885  92.902  92.933  92.941  92.962 
   93.221  93.252  93.256  93.270  93.320  93.346  93.867  93.895 
   94.029  94.228 137.749 139.786 172.703 172.914 173.777 174.945 
  175.693 176.138 205.586 206.040 206.173 317.412 320.335 532.850 
  533.017 533.711 536.339 536.938 537.302 743.274 747.080 1791.654 
  1796.179 2107.581 2107.698 2108.200 2112.147 2112.577 2112.838 4509.369 
  4514.385 12055.045 12060.344 35039.087 35044.522 114853.746 114859.229 454589.293 
  454594.775 2579386.965 2579392.419 

Beta occupied
  -26.564 -26.564 -26.562 -23.864 -20.966 -11.812 -11.775  -2.017 
   -1.961  -1.863  -1.862  -1.769  -1.337  -1.249  -1.179  -1.164 
   -1.147  -1.052  -1.051  -1.038  -0.962  -0.931  -0.924  -0.896 
   -0.884  -0.882  -0.870  -0.852 

Beta virtual
   -0.215  -0.126  -0.067  -0.065  -0.057  -0.032  -0.018  -0.018 
   -0.004   0.014   0.022   0.032   0.050   0.067   0.078   0.083 
    0.084   0.090   0.101   0.111   0.118   0.142   0.144   0.157 
    0.160   0.174   0.187   0.192   0.203   0.205   0.211   0.212 
    0.225   0.229   0.250   0.252   0.266   0.277   0.302   0.308 
    0.309   0.333   0.337   0.359   0.362   0.372   0.385   0.395 
    0.416   0.418   0.420   0.451   0.457   0.502   0.505   0.521 
    0.532   0.539   0.543   0.559   0.568   0.603   0.605   0.608 
    0.632   0.654   0.672   0.682   0.690   0.723   0.734   0.736 
    0.754   0.762   0.768   0.776   0.783   0.795   0.811   0.816 
    0.827   0.829   0.838   0.852   0.855   0.873   0.890   0.898 
    0.912   0.914   0.927   0.948   0.950   0.984   0.992   1.045 
    1.049   1.050   1.068   1.089   1.127   1.148   1.150   1.186 
    1.203   1.211   1.214   1.222   1.249   1.250   1.286   1.295 
    1.317   1.334   1.338   1.361   1.365   1.375   1.401   1.420 
    1.469   1.498   1.503   1.539   1.558   1.566   1.577   1.594 
    1.627   1.640   1.653   1.728   1.741   1.746   1.759   1.783 
    1.812   1.817   1.828   1.857   1.878   1.882   1.908   1.927 
    1.953   1.974   1.982   1.997   1.999   2.037   2.061   2.084 
    2.104   2.117   2.142   2.148   2.149   2.155   2.160   2.163 
    2.175   2.191   2.202   2.217   2.231   2.269   2.286   2.292 
    2.305   2.317   2.319   2.332   2.340   2.342   2.365   2.379 
    2.405   2.418   2.435   2.447   2.468   2.490   2.502   2.504 
    2.509   2.520   2.550   2.584   2.602   2.616   2.666   2.683 
    2.698   2.719   2.739   2.744   2.767   2.801   2.809   2.832 
    2.853   2.880   2.941   2.949   2.981   2.983   3.018   3.052 
    3.074   3.123   3.132   3.153   3.166   3.170   3.193   3.225 
    3.271   3.291   3.295   3.317   3.330   3.385   3.388   3.400 
    3.409   3.431   3.459   3.493   3.532   3.536   3.583   3.605 
    3.633   3.682   3.738   3.798   3.836   3.841   3.873   3.892 
    3.906   3.947   3.969   3.982   4.011   4.029   4.034   4.104 
    4.123   4.169   4.178   4.191   4.194   4.243   4.321   4.363 
    4.374   4.405   4.443   4.477   4.493   4.514   4.550   4.562 
    4.601   4.615   4.662   4.681   4.696   4.726   4.751   4.763 
    4.807   4.813   4.841   4.855   4.920   4.935   4.996   5.007 
    5.055   5.125   5.185   5.189   5.220   5.223   5.269   5.269 
    5.294   5.346   5.351   5.378   5.399   5.444   5.449   5.457 
    5.459   5.499   5.513   5.531   5.566   5.570   5.595   5.629 
    5.644   5.679   5.694   5.713   5.727   5.739   5.754   5.756 
    5.776   5.820   5.844   5.850   5.888   5.890   5.927   5.930 
    5.938   5.953   5.957   5.980   6.004   6.048   6.068   6.083 
    6.119   6.148   6.206   6.207   6.228   6.243   6.258   6.305 
    6.359   6.382   6.383   6.388   6.429   6.461   6.462   6.472 
    6.480   6.493   6.553   6.577   6.612   6.633   6.668   6.677 
    6.699   6.730   6.746   6.753   6.795   6.802   6.829   6.858 
    6.910   6.921   6.965   7.008   7.033   7.087   7.101   7.148 
    7.169   7.219   7.235   7.265   7.303   7.342   7.357   7.387 
    7.439   7.449   7.459   7.493   7.509   7.517   7.544   7.616 
    7.636   7.671   7.695   7.738   7.740   7.769   7.796   7.882 
    7.900   7.934   8.024   8.038   8.094   8.126   8.171   8.193 
    8.208   8.280   8.311   8.415   8.442   8.465   8.474   8.530 
    8.645   8.662   8.724   8.756   8.792   8.897   8.945   8.966 
    9.018   9.046   9.183   9.190   9.250   9.323   9.336   9.441 
    9.456   9.489   9.532   9.647   9.691   9.825   9.837   9.878 
    9.915   9.966  10.077  10.088  10.114  10.169  10.194  10.346 
   10.415  10.458  10.475  10.569  10.575  10.646  10.703  10.760 
   10.766  10.788  10.815  10.892  10.896  10.963  11.027  11.086 
   11.145  11.189  11.244  11.299  11.303  11.325  11.453  11.468 
   11.493  11.533  11.567  11.623  11.709  11.753  11.818  11.840 
   11.841  11.853  11.937  11.951  11.973  12.006  12.054  12.110 
   12.124  12.152  12.215  12.216  12.264  12.298  12.304  12.328 
   12.331  12.333  12.367  12.378  12.424  12.434  12.486  12.509 
   12.569  12.586  12.623  12.664  12.669  12.686  12.709  12.719 
   12.756  12.774  12.783  12.790  12.797  12.830  12.836  12.843 
   12.872  12.893  12.899  12.911  12.949  12.959  13.025  13.053 
   13.065  13.069  13.071  13.075  13.088  13.093  13.093  13.105 
   13.111  13.112  13.115  13.126  13.128  13.165  13.171  13.190 
   13.215  13.227  13.270  13.274  13.311  13.331  13.352  13.358 
   13.397  13.430  13.448  13.461  13.475  13.486  13.541  13.545 
   13.576  13.589  13.628  13.635  13.717  13.736  13.802  13.861 
   13.915  13.949  13.954  13.970  13.977  14.002  14.014  14.070 
   14.136  14.140  14.168  14.233  14.269  14.331  14.344  14.386 
   14.444  14.532  14.553  14.635  14.641  14.698  14.700  14.718 
   14.782  14.855  14.901  14.926  14.939  14.961  14.986  14.992 
   15.064  15.077  15.179  15.195  15.260  15.298  15.383  15.421 
   15.468  15.496  15.500  15.574  15.591  15.600  15.614  15.667 
   15.670  15.718  15.741  15.745  15.851  15.958  15.999  16.083 
   16.100  16.164  16.181  16.280  16.313  16.326  16.399  16.641 
   16.647  16.748  16.783  16.890  16.947  17.298  17.345  17.354 
   17.388  17.407  17.414  17.442  17.470  17.497  17.534  17.642 
   17.679  17.703  17.746  17.760  17.846  17.853  17.861  18.185 
   18.191  18.232  18.299  18.335  18.395  18.507  18.576  18.609 
   18.721  18.814  18.883  19.101  19.104  19.265  19.410  19.444 
   19.497  19.680  19.911  19.953  20.196  20.752  20.758  20.774 
   20.775  20.786  20.797  20.813  20.999  21.005  21.028  21.077 
   21.128  21.268  21.292  21.451  21.530  21.569  21.586  21.624 
   21.655  21.692  21.741  21.774  21.894  21.904  22.697  22.724 
   22.740  22.834  22.842  22.883  22.913  23.079  23.149  23.215 
   23.631  23.714  23.778  23.894  24.044  24.166  24.323  24.433 
   24.493  24.739  25.530  25.554  25.978  26.133  26.230  26.441 
   26.741  28.103  28.607  29.026  29.625  31.124  31.184  31.216 
   31.251  31.264  31.296  31.648  31.658  31.706  31.727  31.764 
   31.766  32.159  32.219  32.761  32.840  33.279  33.314  33.384 
   33.655  34.207  34.970  35.087  35.119  35.390  41.704  42.944 
   42.980  43.004  43.008  43.062  43.105  43.186  43.221  43.260 
   45.402  45.688  45.785  59.473  61.235  63.385  63.632  64.435 
   64.996  65.746  66.143  66.310  66.399  66.891  67.237  67.972 
   68.134  68.438  68.904  69.175  70.365  77.738  78.990  91.368 
   91.679  92.845  92.885  92.902  92.933  92.941  92.962  93.221 
   93.252  93.256  93.270  93.320  93.346  93.867  93.895  94.029 
   94.228 137.306 139.786 172.227 172.439 173.304 174.946 175.692 
  176.138 205.586 206.040 206.173 317.008 320.336 532.434 532.601 
  533.296 536.339 536.938 537.303 742.959 747.080 1791.443 1796.179 
  2107.344 2107.461 2107.964 2112.147 2112.577 2112.838 4509.247 4514.385 
  12054.983 12060.344 35039.060 35044.522 114853.737 114859.229 454589.290 454594.775 
  2579386.964 2579392.419 


  >>> Running UHF-MP2 <<<

MP2 correlation energy (UHF) : -2.0017835833
MP2 total energy       (UHF) : -506.8505587157

