	*********************************************** 
	***** Beginning CEBE Calculation with MOM ***** 
	*****       Calculation Details:          ***** 
	      Geometry:	 /home/am3939/core/calculations/mols/exp/n/pr-nh2.xyz
	      Core Basis:	 ccX-5Z
	      Full Basis:	 cc-pV5Z
	      DIIS (start, space):	 0 50
	      Level shift:	 0
	      Do localization?:	 False
	      Do SFX2C1E?:	 True
	      Freeze orbitals?:	 True
	      Use Cheng orbitals?:	 False
	      Do Special Basis?:	 True
	      Do Special Basis?:	 ccX-5Z
	*********************************************** 
	*********************************************** 

  >>> Running RHF <<<

init D/C      : minao
init ov       : zeros
no            : 17
nv            : 943
ov_size       : 16031
max_cycle     : 1000
conv          : 6
econv         : 9
method        : gdm
scale_stop    : 0
scale_factor  : 1.000000
init E        : -173.322803779732
init |[F,P]|  : 2.52e-03
init |dE|     : 5.91e-03
check file    : None

iter      total energy   |[F,P]|      |dE|         ∆E   comment
   1    -173.363446940  8.13e-04  1.80e-03  -4.06e-02  BFGS
   2    -173.367070081  2.78e-04  6.32e-04  -3.62e-03  BFGS
   3    -173.367397733  4.71e-05  1.10e-04  -3.28e-04  BFGS
   4    -173.367410341  1.39e-05  3.22e-05  -1.26e-05  BFGS
   5    -173.367411971  5.13e-06  1.19e-05  -1.63e-06  BFGS
   6    -173.367412129  1.21e-06  2.94e-06  -1.58e-07  BFGS
   7    -173.367412143  3.29e-07  7.63e-07  -1.41e-08  BFGS
   8    -173.367412145  9.02e-08  2.02e-07  -1.29e-09  BFGS
   9    -173.367412145  2.84e-08  6.87e-08  -6.26e-11  BFGS
                                                                      gdm is converged!

SCF converged : True
final |[F,P]| : 2.84e-08
final |dE|    : 6.87e-08
final Escf    : -305.492412450319
final Etot    : -173.36741214467

  pxp & ewc             :::        0.822 (  0.11%)
  apply B               :::        0.002 (  0.00%)
  linsrch               :::      760.997 ( 99.89%)
  grad                  :::        0.032 (  0.00%)
  Total                 :::      761.853 (100.00%)

Alpha occupied
  -15.533 -11.239 -11.214 -11.210  -1.180  -1.042  -0.899  -0.806 
   -0.678  -0.611  -0.606  -0.563  -0.523  -0.517  -0.489  -0.472 
   -0.386 

Alpha virtual
    0.087   0.102   0.110   0.114   0.139   0.154   0.154   0.157 
    0.180   0.187   0.198   0.207   0.212   0.242   0.264   0.271 
    0.286   0.293   0.293   0.328   0.340   0.372   0.388   0.397 
    0.407   0.424   0.432   0.434   0.446   0.453   0.459   0.475 
    0.496   0.507   0.520   0.534   0.543   0.551   0.561   0.581 
    0.586   0.599   0.612   0.627   0.646   0.647   0.667   0.669 
    0.671   0.691   0.705   0.719   0.760   0.770   0.790   0.805 
    0.827   0.827   0.845   0.854   0.864   0.877   0.882   0.907 
    0.916   0.916   0.936   0.961   0.967   0.971   0.991   1.008 
    1.018   1.032   1.036   1.039   1.044   1.073   1.078   1.089 
    1.103   1.128   1.138   1.158   1.171   1.175   1.179   1.189 
    1.220   1.222   1.232   1.249   1.266   1.274   1.279   1.312 
    1.324   1.332   1.367   1.391   1.395   1.426   1.454   1.467 
    1.487   1.498   1.532   1.547   1.553   1.566   1.588   1.606 
    1.607   1.609   1.632   1.637   1.660   1.661   1.696   1.698 
    1.725   1.737   1.745   1.757   1.794   1.815   1.826   1.831 
    1.842   1.853   1.868   1.906   1.917   1.944   1.945   1.972 
    1.984   1.989   1.998   2.029   2.040   2.053   2.056   2.068 
    2.069   2.107   2.110   2.117   2.117   2.160   2.172   2.188 
    2.188   2.227   2.234   2.235   2.264   2.266   2.279   2.281 
    2.291   2.293   2.318   2.326   2.362   2.364   2.375   2.384 
    2.391   2.402   2.420   2.445   2.456   2.467   2.468   2.490 
    2.509   2.511   2.526   2.529   2.550   2.572   2.588   2.609 
    2.625   2.673   2.674   2.717   2.733   2.752   2.758   2.765 
    2.816   2.826   2.848   2.850   2.854   2.884   2.897   2.899 
    2.922   2.934   2.938   2.960   2.988   3.014   3.033   3.044 
    3.050   3.082   3.113   3.124   3.148   3.171   3.178   3.197 
    3.241   3.249   3.288   3.302   3.335   3.341   3.361   3.363 
    3.375   3.378   3.420   3.445   3.452   3.467   3.494   3.535 
    3.541   3.582   3.600   3.617   3.644   3.668   3.727   3.764 
    3.776   3.786   3.829   3.841   3.866   3.871   3.890   3.893 
    3.920   3.948   3.964   3.985   3.994   4.026   4.043   4.054 
    4.063   4.080   4.084   4.140   4.144   4.149   4.173   4.186 
    4.191   4.201   4.207   4.242   4.266   4.286   4.290   4.294 
    4.333   4.338   4.367   4.380   4.393   4.401   4.432   4.449 
    4.460   4.485   4.507   4.517   4.538   4.555   4.562   4.585 
    4.606   4.609   4.621   4.655   4.663   4.676   4.701   4.723 
    4.734   4.756   4.760   4.778   4.787   4.806   4.808   4.817 
    4.819   4.840   4.845   4.854   4.872   4.881   4.902   4.912 
    4.957   4.982   4.996   4.997   5.031   5.056   5.057   5.075 
    5.084   5.102   5.108   5.125   5.135   5.148   5.163   5.195 
    5.199   5.217   5.233   5.255   5.276   5.283   5.286   5.312 
    5.343   5.355   5.359   5.385   5.400   5.412   5.419   5.446 
    5.449   5.457   5.476   5.517   5.536   5.537   5.581   5.596 
    5.613   5.621   5.642   5.652   5.666   5.689   5.698   5.722 
    5.731   5.759   5.766   5.783   5.800   5.832   5.834   5.842 
    5.856   5.873   5.879   5.932   5.936   5.958   5.968   5.988 
    6.010   6.031   6.034   6.062   6.084   6.086   6.103   6.139 
    6.151   6.168   6.180   6.206   6.210   6.224   6.236   6.286 
    6.287   6.308   6.349   6.363   6.364   6.388   6.392   6.425 
    6.431   6.459   6.465   6.519   6.528   6.537   6.544   6.563 
    6.582   6.648   6.689   6.736   6.749   6.766   6.796   6.827 
    6.845   6.907   6.908   6.971   6.982   6.999   7.072   7.102 
    7.127   7.144   7.156   7.197   7.210   7.235   7.245   7.270 
    7.275   7.296   7.315   7.356   7.369   7.454   7.472   7.497 
    7.501   7.532   7.554   7.587   7.603   7.630   7.639   7.704 
    7.714   7.764   7.783   7.845   7.848   7.892   7.913   7.952 
    8.018   8.050   8.072   8.098   8.161   8.205   8.240   8.303 
    8.344   8.369   8.391   8.394   8.421   8.456   8.551   8.649 
    8.789   8.806   8.913   8.954   9.021   9.036   9.123   9.162 
    9.222   9.235   9.322   9.376   9.413   9.516   9.523   9.561 
    9.574   9.628   9.652   9.656   9.682   9.702   9.777   9.839 
    9.849   9.888   9.915   9.959   9.997  10.044  10.112  10.119 
   10.142  10.209  10.243  10.262  10.358  10.394  10.424  10.432 
   10.453  10.466  10.498  10.504  10.552  10.579  10.622  10.649 
   10.683  10.701  10.730  10.738  10.764  10.796  10.833  10.892 
   10.906  10.939  10.982  10.983  11.049  11.050  11.091  11.112 
   11.119  11.148  11.274  11.328  11.348  11.351  11.390  11.399 
   11.435  11.444  11.510  11.541  11.543  11.555  11.597  11.617 
   11.640  11.645  11.689  11.704  11.751  11.774  11.797  11.848 
   11.859  11.871  11.911  11.928  11.933  11.975  12.080  12.129 
   12.210  12.240  12.262  12.369  12.399  12.538  12.574  12.607 
   12.641  12.641  12.662  12.667  12.686  12.695  12.712  12.716 
   12.729  12.738  12.761  12.769  12.770  12.802  12.815  12.825 
   12.829  12.840  12.845  12.855  12.861  12.874  12.892  12.897 
   12.909  12.914  12.941  12.949  12.971  12.985  12.998  13.010 
   13.030  13.042  13.050  13.056  13.071  13.080  13.106  13.119 
   13.130  13.168  13.181  13.196  13.205  13.222  13.259  13.278 
   13.295  13.306  13.329  13.342  13.357  13.384  13.402  13.422 
   13.457  13.458  13.489  13.500  13.516  13.534  13.570  13.596 
   13.599  13.624  13.629  13.644  13.705  13.715  13.722  13.731 
   13.745  13.756  13.795  13.812  13.813  13.848  13.861  13.871 
   13.886  13.912  13.969  13.970  13.976  14.016  14.045  14.054 
   14.083  14.101  14.119  14.120  14.134  14.137  14.161  14.187 
   14.193  14.208  14.211  14.223  14.245  14.249  14.276  14.290 
   14.297  14.310  14.326  14.352  14.397  14.402  14.417  14.429 
   14.441  14.455  14.464  14.485  14.487  14.504  14.516  14.532 
   14.544  14.557  14.571  14.591  14.611  14.619  14.656  14.664 
   14.691  14.703  14.737  14.740  14.763  14.769  14.792  14.812 
   14.813  14.821  14.824  14.850  14.865  14.878  14.927  14.931 
   14.953  14.967  14.994  15.020  15.043  15.055  15.073  15.087 
   15.109  15.143  15.173  15.191  15.197  15.223  15.274  15.291 
   15.316  15.355  15.356  15.405  15.497  15.521  15.553  15.567 
   15.580  15.622  15.642  15.731  15.740  15.757  15.797  15.894 
   15.919  15.988  16.014  16.029  16.046  16.064  16.093  16.107 
   16.160  16.171  16.178  16.220  16.230  16.260  16.370  16.385 
   16.473  16.510  16.515  16.584  16.650  16.738  16.745  16.883 
   16.923  16.938  16.986  16.998  16.999  17.119  17.159  17.253 
   17.308  17.420  17.432  17.574  17.606  17.706  17.747  17.749 
   17.782  17.785  17.823  17.891  17.909  17.944  17.984  18.039 
   18.074  18.088  18.123  18.147  18.172  18.189  18.338  18.406 
   18.433  18.436  18.478  18.526  18.592  18.602  18.682  18.742 
   18.752  18.776  18.800  18.825  18.839  18.876  19.030  19.153 
   19.171  19.258  19.295  19.323  19.352  19.353  19.567  20.810 
   20.907  20.944  20.952  20.980  21.042  21.053  21.080  21.113 
   21.146  21.282  22.005  22.047  23.744  23.834  26.962  27.844 
   28.017  33.763  42.557  42.660  42.940  54.261  54.437  54.579 
   54.582  54.676  54.787  54.819  54.837  54.989  55.545  55.881 
   56.102  56.995  57.760  57.900  72.288 100.542 100.548 100.557 
  100.592 100.632 100.650 100.686 100.745 100.759 125.807 126.305 
  126.386 150.916 150.918 151.062 151.646 152.072 155.556 173.576 
  173.745 173.808 173.882 173.906 174.078 174.423 294.643 295.099 
  295.161 320.715 320.715 320.720 320.720 320.724 320.724 320.727 
  320.727 320.728 320.729 320.729 342.235 373.533 373.534 373.538 
  373.548 373.561 373.567 373.578 373.596 373.601 384.538 384.540 
  384.656 385.121 385.458 529.902 529.998 530.038 530.079 530.094 
  530.188 530.375 755.024 755.424 755.474 825.728 976.703 976.705 
  976.795 977.161 977.426 2440.783 2441.150 2441.193 3195.858 


  >>> Running RHF-MP2 <<<


RMP2-TIMING
  rmp2                  :::      891.378 (100.00%)
  Total                 :::      891.378 (100.00%)

MP2 correlation energy (RHF) : -0.9798068694
MP2 total energy       (RHF) : -174.3472190141


  >>> Running UHF <<<

init D/C      : input mo_coeff
init ov       : zeros
no            : 16 17
nv            : 944 943
ov_size       : 31135
max_cycle     : 1000
conv          : 6
econv         : 9
method        : diis
mom_start     : 0
guess mix     : 0.000000
orb_swap      : [[[0, 16]], []]
init E        : -157.833949631254
init S2       : 0.750000000000227
init |[F,P]|  : 1.15e-02
init |dE|     : 2.92e-02
check file    : None

iter      total energy   |[F,P]|      |dE|         ∆E   S^2   comment
   1    -158.254762966  6.71e-03  1.58e-02  -4.21e-01  0.75  DIIS mom: 15.7/16 16.6/17
   2    -158.510878780  4.90e-04  1.23e-03  -2.56e-01  0.76  DIIS mom: 15.9/16 17.0/17
   3    -158.513271227  1.66e-04  3.78e-04  -2.39e-03  0.76  DIIS mom: 16.0/16 17.0/17
   4    -158.513779141  1.03e-04  2.28e-04  -5.08e-04  0.77  DIIS mom: 16.0/16 17.0/17
   5    -158.514083726  4.21e-05  9.16e-05  -3.05e-04  0.77  DIIS mom: 16.0/16 17.0/17
   6    -158.514144394  1.21e-05  2.71e-05  -6.07e-05  0.78  DIIS mom: 16.0/16 17.0/17
   7    -158.514148903  3.06e-06  7.42e-06  -4.51e-06  0.78  DIIS mom: 16.0/16 17.0/17
   8    -158.514149135  1.28e-06  3.16e-06  -2.33e-07  0.78  DIIS mom: 16.0/16 17.0/17
   9    -158.514149179  4.86e-07  1.14e-06  -4.34e-08  0.78  DIIS mom: 16.0/16 17.0/17
  10    -158.514149187  2.25e-07  5.16e-07  -7.94e-09  0.78  DIIS mom: 16.0/16 17.0/17
  11    -158.514149189  9.01e-08  2.10e-07  -2.11e-09  0.78  DIIS mom: 16.0/16 17.0/17
  12    -158.514149189  3.64e-08  8.53e-08  -3.33e-10  0.78  DIIS mom: 16.0/16 17.0/17
                                                                      diis is converged!

SCF converged : True
final |[F,P]| : 3.64e-08
final |dE|    : 8.53e-08
final Escf    : -290.639149494682
final Etot    : -158.514149189033
final S2      : 0.777428528255507

  diis prep             :::        0.404 (  0.04%)
  diis extrap           :::        0.256 (  0.02%)
  roothaan              :::        2.155 (  0.19%)
  fock build            :::     1109.660 ( 99.75%)
  Total                 :::     1112.475 (100.00%)

Alpha occupied
  -11.508 -11.413 -11.371  -1.573  -1.263  -1.144  -1.060  -1.024 
   -0.922  -0.890  -0.834  -0.747  -0.733  -0.694  -0.665  -0.657 

Alpha virtual
  -14.154  -0.111  -0.068  -0.049  -0.037  -0.011  -0.005   0.007 
    0.007   0.018   0.036   0.043   0.065   0.072   0.081   0.109 
    0.109   0.113   0.122   0.133   0.156   0.159   0.183   0.185 
    0.212   0.218   0.229   0.235   0.253   0.263   0.272   0.288 
    0.291   0.301   0.321   0.323   0.330   0.351   0.363   0.374 
    0.392   0.416   0.427   0.437   0.438   0.455   0.482   0.488 
    0.495   0.496   0.511   0.531   0.547   0.560   0.567   0.592 
    0.629   0.640   0.653   0.668   0.680   0.686   0.696   0.699 
    0.707   0.715   0.724   0.752   0.769   0.784   0.785   0.792 
    0.800   0.821   0.834   0.843   0.850   0.869   0.877   0.902 
    0.905   0.912   0.926   0.958   0.964   0.966   0.982   0.986 
    0.995   1.006   1.018   1.030   1.045   1.046   1.082   1.090 
    1.103   1.121   1.146   1.171   1.199   1.208   1.223   1.245 
    1.279   1.288   1.296   1.305   1.335   1.368   1.382   1.384 
    1.394   1.406   1.406   1.440   1.441   1.452   1.456   1.496 
    1.511   1.515   1.538   1.554   1.560   1.589   1.595   1.625 
    1.632   1.641   1.656   1.673   1.688   1.707   1.730   1.744 
    1.762   1.764   1.802   1.807   1.828   1.835   1.838   1.849 
    1.868   1.875   1.901   1.903   1.910   1.935   1.944   1.970 
    1.981   2.003   2.009   2.012   2.033   2.039   2.064   2.068 
    2.080   2.092   2.104   2.113   2.118   2.138   2.169   2.175 
    2.178   2.195   2.202   2.216   2.244   2.246   2.264   2.274 
    2.280   2.285   2.311   2.329   2.334   2.363   2.370   2.394 
    2.403   2.422   2.447   2.455   2.487   2.505   2.521   2.537 
    2.538   2.545   2.586   2.617   2.619   2.643   2.647   2.669 
    2.680   2.690   2.703   2.735   2.736   2.755   2.756   2.824 
    2.841   2.849   2.878   2.896   2.911   2.929   2.947   2.954 
    2.977   3.012   3.042   3.078   3.098   3.109   3.124   3.152 
    3.154   3.169   3.181   3.183   3.227   3.231   3.236   3.261 
    3.276   3.314   3.373   3.379   3.410   3.437   3.461   3.508 
    3.522   3.549   3.575   3.624   3.634   3.637   3.661   3.679 
    3.685   3.704   3.740   3.749   3.765   3.780   3.801   3.811 
    3.823   3.838   3.867   3.884   3.913   3.926   3.950   3.952 
    3.969   3.970   3.982   4.009   4.059   4.064   4.070   4.074 
    4.087   4.103   4.112   4.143   4.169   4.181   4.186   4.205 
    4.230   4.260   4.271   4.285   4.296   4.329   4.343   4.357 
    4.365   4.397   4.403   4.408   4.412   4.427   4.465   4.482 
    4.504   4.505   4.524   4.544   4.570   4.576   4.579   4.597 
    4.614   4.621   4.642   4.653   4.664   4.666   4.677   4.706 
    4.715   4.752   4.763   4.767   4.783   4.788   4.799   4.803 
    4.860   4.860   4.881   4.889   4.906   4.910   4.934   4.960 
    4.964   4.979   4.981   4.988   5.014   5.019   5.064   5.073 
    5.116   5.117   5.133   5.142   5.171   5.188   5.195   5.210 
    5.220   5.225   5.242   5.265   5.286   5.321   5.336   5.352 
    5.378   5.401   5.424   5.427   5.443   5.445   5.472   5.486 
    5.510   5.512   5.541   5.544   5.554   5.567   5.601   5.605 
    5.635   5.650   5.655   5.660   5.675   5.688   5.739   5.740 
    5.755   5.762   5.816   5.828   5.841   5.856   5.874   5.884 
    5.927   5.936   5.960   5.970   5.977   5.987   5.988   6.028 
    6.034   6.047   6.070   6.076   6.125   6.126   6.152   6.155 
    6.176   6.215   6.228   6.233   6.268   6.298   6.304   6.316 
    6.333   6.351   6.388   6.453   6.469   6.484   6.507   6.544 
    6.564   6.585   6.632   6.672   6.717   6.725   6.775   6.827 
    6.831   6.917   6.924   6.935   6.944   6.990   7.011   7.023 
    7.045   7.056   7.085   7.121   7.160   7.182   7.190   7.209 
    7.224   7.251   7.284   7.299   7.341   7.392   7.425   7.454 
    7.476   7.503   7.556   7.574   7.624   7.645   7.666   7.688 
    7.719   7.808   7.819   7.847   7.870   7.878   7.977   8.032 
    8.063   8.071   8.101   8.115   8.181   8.213   8.269   8.290 
    8.374   8.452   8.535   8.567   8.641   8.750   8.817   8.879 
    8.925   8.999   9.019   9.044   9.104   9.196   9.289   9.304 
    9.332   9.351   9.411   9.438   9.457   9.469   9.514   9.571 
    9.626   9.639   9.675   9.691   9.749   9.796   9.856   9.897 
    9.912   9.922   9.978  10.054  10.065  10.131  10.199  10.220 
   10.230  10.243  10.257  10.292  10.300  10.352  10.376  10.408 
   10.431  10.462  10.494  10.512  10.535  10.575  10.577  10.624 
   10.684  10.689  10.733  10.785  10.797  10.834  10.862  10.869 
   10.872  10.923  10.945  10.992  11.057  11.060  11.115  11.120 
   11.166  11.170  11.191  11.260  11.321  11.328  11.361  11.384 
   11.409  11.419  11.441  11.451  11.492  11.511  11.539  11.582 
   11.595  11.610  11.643  11.707  11.716  11.727  11.727  11.753 
   11.754  11.904  11.982  12.015  12.097  12.173  12.217  12.219 
   12.283  12.357  12.377  12.386  12.403  12.458  12.480  12.482 
   12.489  12.501  12.509  12.516  12.541  12.551  12.562  12.574 
   12.576  12.605  12.607  12.611  12.623  12.640  12.671  12.673 
   12.680  12.689  12.697  12.712  12.716  12.718  12.749  12.755 
   12.767  12.793  12.797  12.814  12.817  12.853  12.872  12.897 
   12.919  12.933  12.937  12.959  12.974  12.977  13.023  13.023 
   13.026  13.058  13.076  13.090  13.094  13.116  13.125  13.175 
   13.192  13.235  13.235  13.282  13.286  13.312  13.323  13.323 
   13.341  13.365  13.400  13.417  13.425  13.429  13.436  13.474 
   13.486  13.489  13.523  13.543  13.564  13.570  13.578  13.607 
   13.619  13.658  13.660  13.692  13.697  13.735  13.748  13.758 
   13.768  13.778  13.840  13.856  13.880  13.903  13.918  13.932 
   13.949  13.958  13.970  14.001  14.013  14.016  14.017  14.032 
   14.043  14.062  14.095  14.102  14.127  14.140  14.142  14.179 
   14.187  14.199  14.217  14.237  14.272  14.279  14.304  14.306 
   14.318  14.328  14.346  14.367  14.376  14.389  14.392  14.441 
   14.450  14.458  14.494  14.501  14.514  14.520  14.541  14.544 
   14.569  14.577  14.607  14.611  14.625  14.646  14.653  14.680 
   14.694  14.729  14.759  14.775  14.795  14.826  14.832  14.854 
   14.870  14.886  14.897  14.919  14.927  14.973  14.987  15.019 
   15.056  15.091  15.095  15.112  15.148  15.223  15.232  15.242 
   15.312  15.328  15.355  15.417  15.464  15.505  15.560  15.572 
   15.619  15.668  15.757  15.830  15.837  15.851  15.863  15.877 
   15.886  15.893  15.924  15.946  15.979  16.042  16.064  16.091 
   16.095  16.119  16.157  16.286  16.336  16.349  16.363  16.376 
   16.522  16.593  16.654  16.747  16.749  16.773  16.824  16.842 
   16.872  16.941  17.026  17.050  17.157  17.298  17.390  17.433 
   17.521  17.564  17.590  17.615  17.622  17.673  17.696  17.753 
   17.773  17.785  17.831  17.881  17.939  17.964  17.994  18.019 
   18.071  18.177  18.209  18.222  18.291  18.319  18.369  18.430 
   18.431  18.462  18.576  18.591  18.608  18.630  18.656  18.850 
   18.967  18.986  19.018  19.081  19.113  19.119  19.131  19.174 
   20.421  20.504  20.545  20.734  20.754  20.798  20.807  20.872 
   20.902  20.939  20.964  21.554  21.560  23.310  23.313  26.142 
   27.041  27.231  32.882  42.347  42.400  42.779  53.088  53.234 
   53.257  53.262  53.483  53.515  53.616  53.657  53.825  54.264 
   54.664  54.778  55.735  56.498  56.632  70.896  99.152  99.155 
   99.167  99.199  99.240  99.258  99.292  99.349  99.364 123.846 
  124.339 124.423 148.766 148.769 148.915 149.498 149.924 153.470 
  171.459 171.631 171.693 171.766 171.787 171.962 172.306 291.824 
  292.277 292.341 318.481 318.481 318.488 318.488 318.493 318.494 
  318.497 318.497 318.499 318.500 318.501 339.341 370.887 370.888 
  370.893 370.902 370.915 370.921 370.931 370.947 370.954 381.564 
  381.567 381.684 382.148 382.485 526.702 526.800 526.838 526.879 
  526.893 526.987 527.175 751.343 751.742 751.792 821.997 972.929 
  972.931 973.022 973.388 973.652 2436.400 2436.767 2436.810 3191.460 

Beta occupied
  -18.437 -11.506 -11.413 -11.371  -1.669  -1.270  -1.160  -1.110 
   -1.038  -0.959  -0.945  -0.836  -0.753  -0.734  -0.698  -0.666 
   -0.657 

Beta virtual
   -0.119  -0.073  -0.049  -0.038  -0.012  -0.007   0.005   0.007 
    0.018   0.036   0.044   0.065   0.073   0.079   0.099   0.110 
    0.111   0.122   0.132   0.150   0.156   0.175   0.181   0.211 
    0.218   0.230   0.238   0.250   0.263   0.273   0.283   0.290 
    0.301   0.320   0.322   0.327   0.351   0.363   0.374   0.393 
    0.416   0.427   0.437   0.440   0.453   0.483   0.488   0.496 
    0.497   0.511   0.531   0.547   0.557   0.568   0.593   0.631 
    0.641   0.652   0.668   0.680   0.685   0.691   0.699   0.705 
    0.708   0.725   0.751   0.767   0.780   0.786   0.791   0.796 
    0.820   0.835   0.843   0.851   0.869   0.876   0.901   0.905 
    0.910   0.922   0.955   0.960   0.962   0.980   0.985   0.996 
    1.006   1.017   1.031   1.038   1.047   1.079   1.090   1.102 
    1.122   1.146   1.172   1.199   1.208   1.223   1.246   1.278 
    1.288   1.297   1.307   1.335   1.369   1.382   1.383   1.394 
    1.405   1.406   1.439   1.442   1.453   1.457   1.497   1.511 
    1.516   1.539   1.554   1.560   1.590   1.596   1.625   1.630 
    1.641   1.657   1.673   1.689   1.703   1.731   1.744   1.763 
    1.765   1.802   1.808   1.828   1.832   1.837   1.849   1.868 
    1.875   1.900   1.902   1.908   1.935   1.944   1.970   1.982 
    1.999   2.004   2.013   2.034   2.038   2.063   2.068   2.080 
    2.090   2.102   2.112   2.117   2.138   2.168   2.175   2.175 
    2.194   2.201   2.216   2.242   2.245   2.262   2.273   2.276 
    2.285   2.311   2.329   2.332   2.363   2.369   2.393   2.398 
    2.422   2.445   2.449   2.482   2.505   2.505   2.530   2.538 
    2.538   2.585   2.611   2.612   2.642   2.643   2.670   2.677 
    2.690   2.700   2.735   2.735   2.753   2.755   2.821   2.841 
    2.849   2.877   2.896   2.911   2.922   2.945   2.954   2.974 
    3.009   3.042   3.075   3.099   3.108   3.124   3.152   3.154 
    3.167   3.180   3.184   3.226   3.229   3.236   3.260   3.276 
    3.312   3.372   3.378   3.408   3.435   3.461   3.506   3.523 
    3.547   3.575   3.624   3.634   3.638   3.661   3.679   3.684 
    3.703   3.740   3.750   3.765   3.779   3.800   3.811   3.822 
    3.837   3.867   3.883   3.912   3.924   3.950   3.951   3.969 
    3.969   3.981   4.008   4.059   4.063   4.069   4.073   4.087 
    4.104   4.112   4.142   4.169   4.181   4.187   4.205   4.230 
    4.260   4.271   4.285   4.297   4.329   4.343   4.357   4.365 
    4.398   4.403   4.407   4.413   4.428   4.465   4.479   4.504 
    4.505   4.523   4.545   4.570   4.576   4.578   4.597   4.613 
    4.621   4.642   4.653   4.664   4.665   4.677   4.706   4.716 
    4.751   4.763   4.768   4.782   4.784   4.800   4.802   4.859 
    4.860   4.881   4.890   4.904   4.910   4.934   4.958   4.965 
    4.975   4.979   4.984   5.014   5.017   5.065   5.073   5.115 
    5.117   5.133   5.142   5.170   5.187   5.194   5.209   5.221 
    5.222   5.242   5.265   5.286   5.319   5.334   5.349   5.378 
    5.400   5.418   5.425   5.435   5.445   5.470   5.481   5.507 
    5.509   5.528   5.536   5.536   5.566   5.597   5.601   5.634 
    5.648   5.655   5.660   5.674   5.683   5.736   5.739   5.753 
    5.756   5.803   5.829   5.837   5.854   5.873   5.880   5.913 
    5.924   5.955   5.961   5.969   5.987   5.988   6.027   6.033 
    6.035   6.061   6.070   6.122   6.126   6.151   6.152   6.174 
    6.214   6.227   6.233   6.266   6.296   6.304   6.316   6.332 
    6.349   6.386   6.449   6.458   6.482   6.505   6.540   6.561 
    6.581   6.631   6.670   6.713   6.723   6.774   6.826   6.829 
    6.914   6.924   6.933   6.941   6.988   7.011   7.022   7.044 
    7.055   7.084   7.120   7.148   7.180   7.188   7.209   7.216 
    7.251   7.277   7.299   7.338   7.391   7.423   7.453   7.474 
    7.500   7.555   7.573   7.623   7.643   7.664   7.687   7.717 
    7.805   7.815   7.842   7.868   7.873   7.975   8.030   8.053 
    8.063   8.099   8.114   8.179   8.213   8.269   8.286   8.369 
    8.447   8.531   8.553   8.638   8.741   8.816   8.876   8.923 
    8.993   9.019   9.039   9.103   9.196   9.288   9.304   9.332 
    9.352   9.410   9.438   9.457   9.468   9.514   9.569   9.626 
    9.639   9.674   9.691   9.749   9.796   9.856   9.897   9.913 
    9.922   9.979  10.054  10.065  10.132  10.199  10.221  10.230 
   10.243  10.257  10.291  10.300  10.352  10.376  10.408  10.432 
   10.462  10.494  10.511  10.536  10.575  10.577  10.624  10.684 
   10.689  10.733  10.785  10.797  10.834  10.862  10.870  10.870 
   10.922  10.945  10.991  11.056  11.057  11.115  11.120  11.166 
   11.169  11.191  11.252  11.318  11.327  11.361  11.380  11.407 
   11.417  11.435  11.443  11.488  11.503  11.535  11.576  11.582 
   11.602  11.643  11.680  11.711  11.722  11.725  11.747  11.753 
   11.891  11.976  12.014  12.084  12.166  12.202  12.217  12.262 
   12.354  12.378  12.385  12.403  12.448  12.459  12.482  12.490 
   12.501  12.508  12.516  12.541  12.551  12.562  12.574  12.576 
   12.603  12.604  12.612  12.620  12.640  12.670  12.671  12.679 
   12.689  12.695  12.707  12.712  12.717  12.746  12.753  12.767 
   12.792  12.797  12.805  12.817  12.852  12.865  12.896  12.905 
   12.933  12.935  12.957  12.968  12.974  13.021  13.023  13.026 
   13.058  13.076  13.090  13.093  13.112  13.126  13.175  13.191 
   13.235  13.235  13.282  13.286  13.312  13.320  13.323  13.338 
   13.358  13.399  13.417  13.424  13.428  13.430  13.474  13.485 
   13.487  13.523  13.543  13.563  13.569  13.578  13.607  13.618 
   13.657  13.661  13.682  13.697  13.733  13.736  13.747  13.766 
   13.775  13.838  13.855  13.880  13.895  13.917  13.931  13.948 
   13.958  13.970  13.992  14.011  14.013  14.016  14.031  14.042 
   14.060  14.095  14.101  14.127  14.138  14.141  14.174  14.186 
   14.195  14.217  14.233  14.270  14.279  14.304  14.305  14.318 
   14.327  14.340  14.367  14.373  14.386  14.389  14.441  14.449 
   14.454  14.489  14.494  14.513  14.519  14.531  14.542  14.568 
   14.575  14.603  14.611  14.622  14.645  14.648  14.675  14.693 
   14.727  14.754  14.771  14.795  14.818  14.826  14.850  14.869 
   14.884  14.895  14.915  14.921  14.972  14.984  15.017  15.055 
   15.088  15.093  15.108  15.147  15.216  15.226  15.240  15.308 
   15.322  15.352  15.415  15.457  15.504  15.553  15.572  15.618 
   15.665  15.755  15.824  15.830  15.850  15.863  15.876  15.885 
   15.893  15.923  15.946  15.977  16.040  16.063  16.088  16.089 
   16.115  16.149  16.280  16.330  16.349  16.359  16.372  16.514 
   16.584  16.651  16.732  16.747  16.771  16.824  16.842  16.871 
   16.933  17.017  17.042  17.145  17.271  17.384  17.432  17.519 
   17.546  17.588  17.614  17.617  17.666  17.696  17.743  17.773 
   17.785  17.828  17.880  17.939  17.964  17.994  18.000  18.049 
   18.170  18.204  18.222  18.286  18.313  18.368  18.423  18.429 
   18.462  18.576  18.591  18.607  18.630  18.655  18.850  18.955 
   18.967  19.017  19.080  19.113  19.115  19.131  19.174  20.415 
   20.492  20.534  20.734  20.740  20.798  20.806  20.867  20.902 
   20.939  20.964  21.518  21.536  23.278  23.300  25.932  26.844 
   27.049  32.587  42.347  42.399  42.779  52.990  53.100  53.116 
   53.138  53.394  53.402  53.532  53.582  53.750  54.130  54.538 
   54.599  55.469  56.237  56.389  70.541  99.094  99.096  99.109 
   99.141  99.182  99.200  99.234  99.291  99.306 123.510 124.005 
  124.089 148.536 148.539 148.685 149.269 149.696 153.113 171.312 
  171.483 171.545 171.619 171.640 171.815 172.159 291.501 291.954 
  292.018 318.403 318.403 318.411 318.411 318.416 318.416 318.420 
  318.420 318.422 318.423 318.423 339.021 370.763 370.764 370.769 
  370.777 370.790 370.797 370.807 370.823 370.829 381.335 381.338 
  381.455 381.919 382.256 526.521 526.619 526.657 526.698 526.712 
  526.806 526.994 751.088 751.488 751.538 821.741 972.740 972.743 
  972.834 973.199 973.463 2436.251 2436.617 2436.661 3191.320 


  >>> Running UHF-MP2 <<<

MP2 correlation energy (UHF) : -0.9480597658
MP2 total energy       (UHF) : -159.4622089548

