	*********************************************** 
	***** Beginning CEBE Calculation with MOM ***** 
	*****       Calculation Details:          ***** 
	      Geometry:	 /home/am3939/core/calculations/mols/exp/f/ch2f2.xyz
	      Core Basis:	 ccX-5Z
	      Full Basis:	 cc-pV5Z
	      DIIS (start, space):	 0 50
	      Level shift:	 0
	      Do localization?:	 True
	      Atoms that were localized?:	 ['F']
	      Do SFX2C1E?:	 True
	      Freeze orbitals?:	 True
	      Use Cheng orbitals?:	 False
	      Do Special Basis?:	 True
	      Do Special Basis?:	 ccX-5Z
	*********************************************** 
	*********************************************** 

  >>> Running RHF <<<

init D/C      : minao
init ov       : zeros
no            : 13
nv            : 572
ov_size       : 7436
max_cycle     : 1000
conv          : 6
econv         : 9
method        : gdm
scale_stop    : 0
scale_factor  : 1.000000
init E        : -237.925235354283
init |[F,P]|  : 6.49e-03
init |dE|     : 1.63e-02
check file    : None

iter      total energy   |[F,P]|      |dE|         ∆E   comment
   1    -237.993084974  4.14e-03  1.02e-02  -6.78e-02  BFGS
   2    -238.020382000  3.99e-04  1.05e-03  -2.73e-02  BFGS
   3    -238.020835709  1.28e-04  3.34e-04  -4.54e-04  BFGS
   4    -238.020898177  3.00e-05  7.68e-05  -6.25e-05  BFGS
   5    -238.020901463  9.44e-06  2.15e-05  -3.29e-06  BFGS
   6    -238.020901846  1.00e-06  2.62e-06  -3.83e-07  BFGS
   7    -238.020901850  2.63e-07  6.93e-07  -4.22e-09  BFGS
   8    -238.020901850  3.79e-08  9.08e-08  -3.37e-10  BFGS
                                                                      gdm is converged!

SCF converged : True
final |[F,P]| : 3.79e-08
final |dE|    : 9.08e-08
final Escf    : -315.621207782734
final Etot    : -238.020901850379

  pxp & ewc             :::        0.247 (  0.21%)
  apply B               :::        0.001 (  0.00%)
  linsrch               :::      117.841 ( 99.78%)
  grad                  :::        0.008 (  0.01%)
  Total                 :::      118.097 (100.00%)

Alpha occupied
  -26.309 -26.309 -11.404  -1.664  -1.602  -0.973  -0.781  -0.773 
   -0.758  -0.669  -0.634  -0.624  -0.537 

Alpha virtual
    0.094   0.122   0.141   0.145   0.211   0.220   0.221   0.229 
    0.235   0.295   0.345   0.366   0.403   0.407   0.412   0.437 
    0.552   0.594   0.608   0.627   0.648   0.671   0.678   0.690 
    0.704   0.746   0.756   0.758   0.774   0.813   0.861   0.865 
    0.871   0.919   0.930   1.025   1.029   1.159   1.203   1.214 
    1.392   1.404   1.407   1.438   1.457   1.522   1.561   1.570 
    1.594   1.673   1.682   1.694   1.703   1.755   1.763   1.813 
    1.827   1.827   1.839   1.870   1.870   1.927   1.941   1.967 
    1.999   2.023   2.047   2.089   2.122   2.199   2.225   2.231 
    2.259   2.301   2.327   2.336   2.343   2.345   2.487   2.520 
    2.612   2.777   2.905   2.910   2.912   2.913   3.199   3.306 
    3.320   3.374   3.377   3.453   3.464   3.488   3.508   3.535 
    3.589   3.624   3.635   3.679   3.760   3.778   3.882   3.912 
    3.950   3.985   4.006   4.016   4.076   4.077   4.080   4.127 
    4.137   4.144   4.171   4.192   4.207   4.226   4.251   4.291 
    4.315   4.342   4.360   4.386   4.444   4.497   4.550   4.554 
    4.567   4.620   4.624   4.650   4.744   4.765   4.783   4.836 
    4.890   4.962   5.033   5.053   5.090   5.128   5.164   5.191 
    5.295   5.435   5.442   5.451   5.477   5.540   5.544   5.554 
    5.637   5.675   5.688   5.830   5.861   5.936   6.037   6.118 
    6.125   6.318   6.441   6.518   6.731   6.801   6.912   6.947 
    6.967   7.216   7.245   7.333   7.426   7.563   7.573   7.674 
    7.675   7.735   7.766   7.872   7.876   8.080   8.082   8.116 
    8.142   8.268   8.328   8.385   8.444   8.597   8.669   8.738 
    8.769   9.054   9.081   9.089   9.090   9.153   9.296   9.422 
    9.495   9.514   9.514   9.579   9.589   9.709   9.712   9.720 
    9.789   9.797   9.893   9.922   9.977  10.002  10.063  10.093 
   10.093  10.174  10.217  10.230  10.231  10.350  10.364  10.414 
   10.464  10.495  10.537  10.588  10.600  10.610  10.664  10.730 
   10.820  10.849  10.853  10.892  10.892  10.953  11.099  11.144 
   11.165  11.244  11.281  11.368  11.452  11.504  11.548  11.615 
   12.335  12.399  12.573  12.584  12.611  12.749  12.794  12.814 
   12.818  12.829  12.883  12.944  13.028  13.056  13.179  13.326 
   13.345  13.393  13.461  13.524  13.576  13.591  13.823  13.829 
   13.835  13.871  14.001  14.104  14.105  14.137  14.247  14.263 
   14.304  14.433  14.455  14.493  14.581  14.760  14.790  14.857 
   14.884  14.957  15.196  15.284  15.348  15.536  15.558  15.922 
   16.064  16.335  16.883  17.399  17.621  17.635  17.878  18.093 
   18.122  18.260  18.303  18.354  18.354  18.354  18.355  18.359 
   18.374  18.379  18.380  18.435  18.527  18.548  18.619  18.670 
   18.812  18.925  18.932  18.935  18.938  18.967  18.987  19.007 
   19.052  19.102  19.131  19.140  19.268  19.284  19.305  19.736 
   19.792  20.769  20.904  23.763  23.766  23.775  23.787  23.887 
   23.925  24.008  24.046  24.349  24.398  24.433  24.455  24.537 
   24.559  24.711  24.732  24.773  24.784  24.818  24.835  25.260 
   25.316  25.322  25.395  25.535  25.631  25.666  25.728  25.972 
   26.048  26.088  26.100  26.794  26.867  28.381  28.392  28.403 
   28.427  29.294  29.323  29.339  29.392  30.323  30.755  39.691 
   39.696  39.704  39.716  40.115  40.122  42.526  54.342  54.436 
   83.967  83.980  83.984  84.004  84.481  84.497  84.501  84.525 
   85.289  85.297  85.306  85.316  85.351  85.452  85.673  85.757 
   93.654  93.667  93.677  93.702  93.739  93.789  93.794  93.825 
   93.904  93.935  93.948  93.950  94.284  94.294 118.799 118.877 
  145.114 145.116 145.117 145.118 145.119 145.121 145.127 145.132 
  145.158 145.162 145.174 145.178 145.202 145.210 145.216 145.220 
  145.221 145.222 190.269 190.273 190.278 190.287 190.597 190.687 
  231.254 231.262 231.267 231.282 231.645 231.655 231.658 231.676 
  232.264 232.395 258.018 258.087 297.532 297.538 297.544 297.559 
  297.579 297.607 297.609 297.627 297.668 297.687 297.695 297.696 
  297.872 297.882 414.669 414.669 414.669 414.669 414.670 414.670 
  414.673 414.673 414.673 414.673 414.678 414.678 414.678 414.678 
  414.685 414.685 414.685 414.685 414.694 414.694 414.694 414.694 
  448.052 448.055 448.060 448.068 448.349 448.426 547.359 547.360 
  547.362 547.362 547.362 547.363 547.363 547.364 547.371 547.372 
  547.376 547.378 547.384 547.386 547.389 547.390 547.391 547.391 
  570.297 570.362 592.490 592.496 592.500 592.512 592.799 592.807 
  592.810 592.823 593.287 593.393 896.453 896.457 896.461 896.469 
  896.482 896.499 896.499 896.510 896.535 896.546 896.551 896.551 
  896.654 896.661 1152.566 1152.569 1152.572 1152.580 1152.827 1152.892 
  1383.767 1383.832 1517.659 1517.664 1517.667 1517.676 1517.902 1517.908 
  1517.911 1517.921 1518.283 1518.365 3735.202 3735.204 3735.207 3735.215 
  3735.442 3735.501 5407.323 5407.443 


  >>> Running RHF-MP2 <<<


RMP2-TIMING
  rmp2                  :::      142.954 (100.00%)
  Total                 :::      142.954 (100.00%)

MP2 correlation energy (RHF) : -0.9201980927
MP2 total energy       (RHF) : -238.9410999431


  >>> Running UHF <<<

init D/C      : input mo_coeff
init ov       : zeros
no            : 12 13
nv            : 573 572
ov_size       : 14312
max_cycle     : 1000
conv          : 6
econv         : 9
method        : diis
mom_start     : 0
guess mix     : 0.000000
orb_swap      : [[[0, 12]], []]
init E        : -211.914402029394
init S2       : 0.750000000000153
init |[F,P]|  : 3.45e-02
init |dE|     : 8.11e-02
check file    : None

iter      total energy   |[F,P]|      |dE|         ∆E   S^2   comment
   1    -212.357314474  9.69e-03  2.79e-02  -4.43e-01  0.75  DIIS mom: 11.7/12 12.7/13
   2    -212.567243011  2.77e-03  7.39e-03  -2.10e-01  0.76  DIIS mom: 11.9/12 13.0/13
   3    -212.585423472  2.19e-04  6.24e-04  -1.82e-02  0.76  DIIS mom: 12.0/12 13.0/13
   4    -212.585710764  1.15e-04  3.07e-04  -2.87e-04  0.76  DIIS mom: 12.0/12 13.0/13
   5    -212.585787980  4.89e-05  1.28e-04  -7.72e-05  0.76  DIIS mom: 12.0/12 13.0/13
   6    -212.585811318  1.30e-05  3.19e-05  -2.33e-05  0.76  DIIS mom: 12.0/12 13.0/13
   7    -212.585812919  4.83e-06  1.15e-05  -1.60e-06  0.76  DIIS mom: 12.0/12 13.0/13
   8    -212.585813202  1.66e-06  3.79e-06  -2.83e-07  0.76  DIIS mom: 12.0/12 13.0/13
   9    -212.585813236  6.16e-07  1.39e-06  -3.47e-08  0.76  DIIS mom: 12.0/12 13.0/13
  10    -212.585813242  2.69e-07  6.30e-07  -5.64e-09  0.76  DIIS mom: 12.0/12 13.0/13
  11    -212.585813243  8.14e-08  1.88e-07  -1.36e-09  0.76  DIIS mom: 12.0/12 13.0/13
  12    -212.585813243  2.97e-08  6.69e-08  -1.11e-10  0.76  DIIS mom: 12.0/12 13.0/13
                                                                      diis is converged!

SCF converged : True
final |[F,P]| : 2.97e-08
final |dE|    : 6.69e-08
final Escf    : -290.186119175746
final Etot    : -212.585813243391
final S2      : 0.761550015914647

  diis prep             :::        0.114 (  0.06%)
  diis extrap           :::        0.090 (  0.05%)
  roothaan              :::        0.785 (  0.42%)
  fock build            :::      184.278 ( 99.47%)
  Total                 :::      185.267 (100.00%)

Alpha occupied
  -26.596 -11.736  -2.219  -1.910  -1.439  -1.339  -1.333  -1.176 
   -1.024  -0.996  -0.933  -0.854 

Alpha virtual
  -24.568  -0.105  -0.083  -0.063  -0.060  -0.008   0.007   0.030 
    0.041   0.053   0.064   0.121   0.155   0.155   0.156   0.178 
    0.198   0.306   0.338   0.354   0.382   0.394   0.407   0.427 
    0.437   0.458   0.498   0.500   0.536   0.547   0.579   0.621 
    0.626   0.632   0.678   0.693   0.771   0.779   0.906   0.950 
    0.972   1.080   1.083   1.130   1.163   1.177   1.245   1.266 
    1.291   1.316   1.369   1.397   1.399   1.434   1.446   1.472 
    1.475   1.498   1.539   1.548   1.589   1.631   1.663   1.675 
    1.677   1.693   1.753   1.774   1.828   1.851   1.927   1.940 
    1.962   1.993   2.023   2.039   2.047   2.075   2.090   2.198 
    2.227   2.329   2.499   2.598   2.598   2.625   2.629   2.902 
    2.964   2.974   3.033   3.074   3.116   3.124   3.183   3.184 
    3.234   3.291   3.309   3.333   3.382   3.449   3.462   3.582 
    3.586   3.589   3.650   3.678   3.699   3.702   3.740   3.740 
    3.769   3.772   3.803   3.836   3.842   3.873   3.886   3.950 
    3.967   3.978   4.012   4.073   4.100   4.148   4.189   4.228 
    4.253   4.261   4.313   4.321   4.332   4.442   4.462   4.469 
    4.520   4.612   4.670   4.738   4.755   4.801   4.842   4.843 
    4.879   4.981   5.135   5.148   5.170   5.181   5.223   5.242 
    5.254   5.339   5.366   5.392   5.501   5.570   5.623   5.721 
    5.806   5.828   6.006   6.128   6.195   6.429   6.493   6.533 
    6.649   6.660   6.911   6.937   7.020   7.109   7.219   7.234 
    7.303   7.305   7.421   7.452   7.535   7.538   7.723   7.734 
    7.772   7.823   7.933   7.985   8.053   8.076   8.245   8.284 
    8.391   8.407   8.499   8.549   8.593   8.824   8.831   8.943 
    9.073   9.098   9.116   9.166   9.239   9.274   9.354   9.380 
    9.386   9.430   9.449   9.552   9.588   9.614   9.620   9.698 
    9.707   9.759   9.805   9.832   9.877   9.906  10.017  10.022 
   10.057  10.116  10.140  10.178  10.190  10.258  10.280  10.315 
   10.349  10.408  10.414  10.482  10.557  10.560  10.617  10.730 
   10.789  10.853  10.877  10.922  11.021  11.142  11.168  11.222 
   11.281  11.986  12.039  12.240  12.277  12.291  12.450  12.487 
   12.495  12.510  12.532  12.581  12.617  12.717  12.738  12.844 
   12.989  13.008  13.081  13.136  13.218  13.264  13.280  13.494 
   13.520  13.534  13.580  13.711  13.805  13.808  13.829  13.913 
   13.963  14.014  14.141  14.156  14.200  14.281  14.451  14.493 
   14.533  14.574  14.660  14.895  14.931  15.009  15.230  15.262 
   15.620  15.762  16.022  16.579  17.101  17.318  17.334  17.580 
   17.769  17.789  17.887  17.888  17.904  17.910  17.941  18.002 
   18.021  18.084  18.085  18.099  18.103  18.109  18.160  18.201 
   18.216  18.264  18.326  18.514  18.527  18.537  18.653  18.666 
   18.686  18.697  18.713  18.743  18.823  18.838  18.960  18.995 
   19.159  19.484  20.463  20.598  23.239  23.246  23.402  23.443 
   23.502  23.510  23.607  23.679  23.807  23.886  23.905  24.123 
   24.188  24.190  24.212  24.257  24.269  24.445  24.509  24.521 
   24.635  24.699  24.915  24.983  25.059  25.101  25.347  25.365 
   25.411  25.436  25.763  25.791  26.183  26.553  27.463  27.472 
   28.111  28.119  28.424  28.449  29.028  29.078  29.576  30.322 
   38.625  38.631  39.068  39.423  39.425  39.833  42.180  53.193 
   54.109  82.258  82.265  82.768  82.798  83.659  83.694  83.696 
   83.701  83.727  84.097  84.203  84.228  85.031  85.031  85.101 
   85.424  92.111  92.128  92.221  92.234  92.373  92.388  92.737 
   93.389  93.407  93.494  93.503  93.636  93.655  94.000 116.991 
  118.554 143.447 143.447 143.455 143.460 143.503 143.504 143.546 
  143.556 143.558 144.833 144.834 144.837 144.841 144.879 144.880 
  144.918 144.927 144.933 187.794 187.798 188.166 189.992 189.993 
  190.353 228.545 228.551 228.932 228.953 229.616 230.979 230.987 
  231.358 231.381 232.043 255.307 257.767 294.738 294.747 294.800 
  294.806 294.882 294.891 295.078 297.257 297.266 297.314 297.320 
  297.392 297.403 297.588 412.103 412.103 412.104 412.106 412.106 
  412.110 412.110 412.115 412.115 412.122 412.122 414.379 414.379 
  414.382 414.384 414.385 414.390 414.390 414.399 414.399 414.410 
  414.410 444.455 444.459 444.788 447.773 447.775 448.099 544.061 
  544.061 544.062 544.063 544.076 544.076 544.088 544.092 544.093 
  547.074 547.075 547.077 547.078 547.086 547.086 547.097 547.101 
  547.103 566.521 570.044 588.683 588.688 588.988 589.004 589.527 
  592.213 592.219 592.513 592.530 593.053 892.250 892.255 892.287 
  892.290 892.336 892.340 892.450 896.174 896.179 896.209 896.212 
  896.255 896.261 896.370 1147.806 1147.810 1148.096 1152.286 1152.289 
  1152.573 1378.881 1383.515 1512.761 1512.765 1513.000 1513.012 1513.421 
  1517.380 1517.385 1517.618 1517.630 1518.039 3729.475 3729.478 3729.740 
  3734.922 3734.925 3735.186 5401.577 5407.099 

Beta occupied
  -30.081 -26.595 -11.735  -2.352  -1.910  -1.514  -1.428  -1.424 
   -1.191  -1.027  -0.996  -0.934  -0.855 

Beta virtual
   -0.108  -0.090  -0.065  -0.060  -0.014   0.005   0.030   0.040 
    0.053   0.059   0.120   0.154   0.155   0.156   0.178   0.198 
    0.305   0.332   0.352   0.381   0.393   0.404   0.424   0.433 
    0.459   0.496   0.498   0.535   0.547   0.579   0.620   0.626 
    0.634   0.679   0.693   0.772   0.780   0.907   0.950   0.972 
    1.085   1.088   1.130   1.164   1.177   1.245   1.266   1.292 
    1.311   1.351   1.396   1.399   1.433   1.438   1.458   1.468 
    1.492   1.532   1.550   1.590   1.631   1.662   1.675   1.677 
    1.692   1.753   1.775   1.829   1.852   1.927   1.941   1.963 
    1.993   2.023   2.040   2.046   2.076   2.090   2.199   2.226 
    2.330   2.499   2.595   2.599   2.625   2.630   2.902   2.967 
    2.973   3.033   3.074   3.119   3.126   3.183   3.183   3.234 
    3.292   3.308   3.333   3.382   3.449   3.461   3.572   3.582 
    3.585   3.644   3.667   3.669   3.678   3.731   3.736   3.760 
    3.772   3.785   3.826   3.841   3.865   3.873   3.946   3.958 
    3.978   4.009   4.074   4.100   4.149   4.190   4.225   4.247 
    4.262   4.311   4.322   4.332   4.442   4.460   4.469   4.521 
    4.612   4.669   4.738   4.756   4.802   4.837   4.843   4.878 
    4.978   5.135   5.148   5.170   5.181   5.222   5.241   5.253 
    5.338   5.365   5.392   5.501   5.569   5.623   5.718   5.807 
    5.828   6.006   6.128   6.196   6.429   6.493   6.526   6.649 
    6.660   6.910   6.937   7.020   7.110   7.220   7.236   7.305 
    7.307   7.421   7.452   7.536   7.539   7.724   7.731   7.768 
    7.823   7.933   7.986   8.050   8.061   8.237   8.252   8.378 
    8.400   8.439   8.508   8.530   8.825   8.830   8.935   9.072 
    9.097   9.115   9.165   9.235   9.274   9.348   9.377   9.381 
    9.427   9.431   9.547   9.587   9.610   9.617   9.664   9.704 
    9.757   9.781   9.829   9.876   9.901  10.015  10.017  10.054 
   10.115  10.126  10.172  10.176  10.257  10.279  10.313  10.334 
   10.400  10.402  10.477  10.557  10.559  10.614  10.727  10.789 
   10.853  10.865  10.918  11.020  11.142  11.165  11.222  11.279 
   11.978  12.034  12.237  12.277  12.290  12.450  12.483  12.494 
   12.510  12.532  12.580  12.616  12.716  12.737  12.842  12.988 
   13.005  13.081  13.134  13.218  13.263  13.280  13.488  13.520 
   13.533  13.580  13.711  13.805  13.808  13.829  13.910  13.963 
   14.014  14.141  14.156  14.200  14.282  14.450  14.493  14.531 
   14.574  14.660  14.895  14.922  15.008  15.230  15.262  15.620 
   15.762  16.021  16.579  17.100  17.315  17.332  17.580  17.769 
   17.789  17.888  17.889  17.905  17.909  17.939  17.969  17.991 
   18.013  18.023  18.084  18.086  18.102  18.112  18.175  18.216 
   18.263  18.309  18.431  18.527  18.535  18.654  18.666  18.687 
   18.696  18.711  18.742  18.821  18.837  18.959  18.995  19.106 
   19.484  20.463  20.598  23.233  23.239  23.378  23.395  23.448 
   23.502  23.510  23.678  23.764  23.878  23.896  24.119  24.177 
   24.189  24.207  24.245  24.261  24.445  24.509  24.521  24.615 
   24.680  24.900  24.965  25.055  25.099  25.339  25.362  25.401 
   25.419  25.763  25.792  26.158  26.553  27.392  27.402  28.106 
   28.119  28.361  28.381  29.028  29.078  29.514  30.317  38.363 
   38.368  38.811  39.424  39.425  39.833  42.176  52.805  54.108 
   82.064  82.071  82.574  82.603  83.333  83.336  83.475  83.699 
   83.708  83.747  84.200  84.228  85.031  85.031  85.101  85.423 
   92.021  92.039  92.132  92.144  92.284  92.298  92.647  93.390 
   93.407  93.494  93.504  93.636  93.655  94.000 116.535 118.554 
  143.383 143.384 143.391 143.396 143.439 143.440 143.481 143.492 
  143.494 144.833 144.834 144.837 144.841 144.879 144.880 144.918 
  144.928 144.933 187.364 187.368 187.737 189.992 189.993 190.353 
  228.256 228.263 228.644 228.664 229.328 230.979 230.987 231.358 
  231.381 232.043 254.850 257.767 294.548 294.557 294.609 294.616 
  294.692 294.700 294.888 297.257 297.266 297.314 297.320 297.392 
  297.403 297.588 412.018 412.018 412.019 412.021 412.021 412.025 
  412.025 412.030 412.030 412.038 412.038 414.379 414.379 414.382 
  414.384 414.385 414.390 414.391 414.399 414.399 414.410 414.410 
  444.033 444.037 444.366 447.773 447.775 448.099 543.906 543.906 
  543.907 543.908 543.921 543.921 543.933 543.937 543.938 547.074 
  547.075 547.077 547.078 547.086 547.086 547.097 547.101 547.103 
  566.112 570.044 588.386 588.391 588.691 588.707 589.231 592.213 
  592.219 592.513 592.530 593.053 892.019 892.025 892.056 892.060 
  892.105 892.110 892.220 896.174 896.179 896.209 896.212 896.256 
  896.261 896.370 1147.469 1147.472 1147.759 1152.286 1152.289 1152.573 
  1378.555 1383.515 1512.512 1512.516 1512.752 1512.764 1513.172 1517.380 
  1517.385 1517.618 1517.630 1518.039 3729.274 3729.277 3729.539 3734.922 
  3734.925 3735.186 5401.400 5407.099 

  SA 0  : 1 (0.54) 12 (0.46)    SB 0  : 0 (0.99)
  SA 1  : 2 (1.00)    SB 1  : 1 (0.54) 12 (0.46)
  SA 2  : 4 (0.36) 7 (0.20) 9 (0.21) 11 (0.21)    SB 2  : 2 (1.00)
  SA 3  : 3 (0.41) 8 (0.23) 10 (0.22)    SB 3  : 4 (0.33) 7 (0.21) 9 (0.22) 11 (0.22)
  SA 4  : 4 (0.53) 9 (0.12) 11 (0.12)    SB 4  : 3 (0.42) 8 (0.23) 10 (0.22)
  SA 5  : 9 (0.47) 11 (0.47)    SB 5  : 4 (0.58) 9 (0.11) 11 (0.11)
  SA 6  : 7 (0.67) 9 (0.14) 11 (0.14)    SB 6  : 9 (0.48) 11 (0.48)
  SA 7  : 3 (0.16) 5 (0.52)    SB 7  : 7 (0.66) 9 (0.14) 11 (0.14)
  SA 8  : 1 (0.14) 6 (0.41) 8 (0.26) 12 (0.14)    SB 8  : 3 (0.16) 5 (0.58)
  SA 9  : 3 (0.38) 5 (0.24) 10 (0.33)    SB 9  : 1 (0.14) 6 (0.43) 8 (0.26) 12 (0.14)
  SA 10 : 1 (0.15) 5 (0.11) 8 (0.17) 10 (0.36) 12 (0.15)    SB 10 : 3 (0.39) 5 (0.25) 10 (0.32)
  SA 11 : 1 (0.11) 6 (0.56) 8 (0.20) 12 (0.11)    SB 11 : 1 (0.15) 8 (0.18) 10 (0.38) 12 (0.16)
  SB 12 : 1 (0.11) 6 (0.55) 8 (0.20) 12 (0.11)

The transition for spin alpha is from 11 (0.01) to 1 (1.00).



  >>> Running UHF-MP2 <<<

MP2 correlation energy (UHF) : -0.8597390807
MP2 total energy       (UHF) : -213.4455523241

