	*********************************************** 
	***** Beginning CEBE Calculation with MOM ***** 
	*****       Calculation Details:          ***** 
	      Geometry:	 /home/am3939/core/calculations/mols/exp/c/ch3-c-o2h.xyz
	      Core Basis:	 ccX-5Z
	      Full Basis:	 cc-pV5Z
	      DIIS (start, space):	 15 50
	      Level shift:	 0
	      Do localization?:	 False
	      Do SFX2C1E?:	 True
	      Freeze orbitals?:	 True
	      Use Cheng orbitals?:	 False
	      Do Special Basis?:	 True
	      Do Special Basis?:	 ccX-5Z
	*********************************************** 
	*********************************************** 

  >>> Running RHF <<<

init D/C      : minao
init ov       : zeros
no            : 16
nv            : 770
ov_size       : 12320
max_cycle     : 1000
conv          : 6
econv         : 9
method        : gdm
scale_stop    : 0
scale_factor  : 1.000000
init E        : -227.782007197552
init |[F,P]|  : 5.58e-03
init |dE|     : 1.48e-02
check file    : None

iter      total energy   |[F,P]|      |dE|         ∆E   comment
   1    -227.852834398  4.23e-03  1.16e-02  -7.08e-02  BFGS
   2    -227.921620883  4.96e-04  1.31e-03  -6.88e-02  BFGS
   3    -227.922922134  2.49e-04  7.23e-04  -1.30e-03  BFGS
   4    -227.923281950  7.17e-05  1.95e-04  -3.60e-04  BFGS
   5    -227.923319212  2.67e-05  6.83e-05  -3.73e-05  BFGS
   6    -227.923327671  6.72e-06  1.69e-05  -8.46e-06  BFGS
   7    -227.923328007  2.17e-06  5.38e-06  -3.35e-07  BFGS
   8    -227.923328039  5.46e-07  1.36e-06  -3.27e-08  BFGS
   9    -227.923328041  1.43e-07  3.69e-07  -1.75e-09  BFGS
  10    -227.923328041  2.56e-08  6.47e-08  -1.13e-10  BFGS
                                                                      gdm is converged!

SCF converged : True
final |[F,P]| : 2.56e-08
final |dE|    : 6.47e-08
final Escf    : -349.612577797392
final Etot    : -227.923328041134

  pxp & ewc             :::        0.919 (  0.13%)
  apply B               :::        0.003 (  0.00%)
  linsrch               :::      689.298 ( 99.86%)
  grad                  :::        0.030 (  0.00%)
  Total                 :::      690.250 (100.00%)

Alpha occupied
  -20.615 -20.547 -11.388 -11.243  -1.472  -1.362  -1.033  -0.826 
   -0.711  -0.685  -0.656  -0.587  -0.575  -0.566  -0.484  -0.457 

Alpha virtual
    0.073   0.083   0.090   0.096   0.123   0.125   0.130   0.159 
    0.175   0.198   0.205   0.253   0.290   0.294   0.327   0.335 
    0.335   0.354   0.380   0.389   0.404   0.414   0.427   0.434 
    0.458   0.476   0.490   0.502   0.512   0.512   0.527   0.581 
    0.621   0.640   0.653   0.672   0.695   0.722   0.735   0.764 
    0.776   0.788   0.793   0.848   0.848   0.853   0.872   0.875 
    0.910   0.921   0.929   0.948   0.959   0.967   0.990   0.999 
    1.008   1.047   1.071   1.080   1.108   1.118   1.152   1.189 
    1.198   1.242   1.242   1.270   1.333   1.355   1.390   1.392 
    1.406   1.427   1.451   1.456   1.470   1.496   1.533   1.556 
    1.584   1.604   1.620   1.665   1.685   1.710   1.718   1.719 
    1.779   1.796   1.815   1.817   1.826   1.858   1.858   1.862 
    1.885   1.901   1.920   1.929   1.962   2.007   2.018   2.018 
    2.034   2.047   2.052   2.091   2.110   2.136   2.153   2.171 
    2.212   2.215   2.242   2.262   2.269   2.315   2.317   2.322 
    2.370   2.384   2.401   2.447   2.463   2.487   2.491   2.502 
    2.604   2.612   2.615   2.682   2.696   2.701   2.759   2.766 
    2.811   2.846   2.893   2.903   2.927   2.937   2.971   2.994 
    3.057   3.110   3.154   3.185   3.207   3.220   3.234   3.242 
    3.259   3.273   3.291   3.337   3.341   3.414   3.415   3.440 
    3.488   3.503   3.520   3.533   3.554   3.617   3.628   3.675 
    3.716   3.762   3.764   3.783   3.820   3.839   3.858   3.894 
    3.941   3.990   3.994   4.003   4.016   4.030   4.043   4.070 
    4.107   4.144   4.167   4.187   4.203   4.227   4.257   4.278 
    4.286   4.301   4.312   4.339   4.375   4.397   4.421   4.431 
    4.469   4.479   4.486   4.505   4.567   4.595   4.597   4.659 
    4.670   4.715   4.728   4.766   4.791   4.798   4.805   4.807 
    4.830   4.868   4.921   4.961   4.963   5.016   5.035   5.085 
    5.107   5.131   5.158   5.168   5.206   5.228   5.242   5.258 
    5.285   5.340   5.375   5.402   5.432   5.440   5.470   5.484 
    5.514   5.524   5.561   5.607   5.633   5.668   5.689   5.708 
    5.784   5.786   5.817   5.851   5.866   5.924   5.933   5.969 
    6.017   6.039   6.072   6.081   6.119   6.173   6.188   6.248 
    6.271   6.298   6.340   6.344   6.488   6.527   6.559   6.587 
    6.656   6.672   6.735   6.782   6.841   6.891   6.893   6.936 
    7.052   7.076   7.107   7.108   7.124   7.132   7.205   7.231 
    7.240   7.279   7.302   7.324   7.369   7.408   7.422   7.513 
    7.532   7.541   7.616   7.623   7.660   7.670   7.709   7.736 
    7.739   7.780   7.806   7.828   7.882   7.897   7.949   7.970 
    7.975   8.122   8.190   8.212   8.269   8.270   8.394   8.429 
    8.451   8.525   8.599   8.630   8.671   8.705   8.730   8.872 
    8.955   8.981   9.030   9.061   9.115   9.184   9.294   9.325 
    9.384   9.434   9.463   9.487   9.500   9.565   9.604   9.655 
    9.684   9.806   9.819   9.865   9.885   9.893   9.933   9.965 
   10.014  10.125  10.198  10.246  10.260  10.298  10.380  10.391 
   10.426  10.470  10.478  10.521  10.526  10.630  10.649  10.653 
   10.759  10.762  10.828  10.870  10.958  10.980  11.040  11.127 
   11.188  11.245  11.257  11.289  11.307  11.451  11.544  11.631 
   11.658  11.741  11.778  11.784  11.799  11.868  11.985  12.088 
   12.103  12.195  12.313  12.393  12.474  12.553  12.577  12.636 
   12.648  12.694  12.757  12.772  12.774  12.804  12.809  12.833 
   12.835  12.869  12.887  12.895  12.976  12.983  13.011  13.045 
   13.082  13.099  13.120  13.134  13.154  13.262  13.281  13.321 
   13.346  13.365  13.405  13.457  13.551  13.567  13.570  13.578 
   13.628  13.670  13.689  13.705  13.708  13.788  13.852  13.856 
   13.863  13.932  13.997  14.100  14.106  14.122  14.198  14.206 
   14.236  14.269  14.296  14.310  14.312  14.340  14.348  14.373 
   14.383  14.419  14.445  14.447  14.523  14.548  14.565  14.579 
   14.626  14.659  14.756  14.763  14.803  14.856  14.898  14.921 
   14.955  14.998  15.011  15.013  15.153  15.158  15.239  15.406 
   15.438  15.511  15.552  15.632  15.672  15.687  15.732  15.790 
   15.889  15.936  16.004  16.025  16.066  16.073  16.206  16.220 
   16.277  16.310  16.476  16.506  16.541  16.671  16.719  16.788 
   16.789  16.900  16.912  16.927  16.953  17.049  17.492  17.515 
   17.664  17.721  17.845  17.914  17.925  17.937  17.998  18.050 
   18.065  18.323  18.472  18.482  18.506  18.569  18.584  18.599 
   18.617  18.690  18.758  18.780  18.806  18.849  18.881  18.913 
   18.975  18.994  19.037  19.130  19.174  19.217  19.320  19.367 
   19.426  19.475  19.534  19.537  19.560  19.585  19.587  19.610 
   19.674  19.752  19.787  19.817  19.937  19.944  20.107  20.160 
   20.245  20.314  20.395  20.545  21.129  21.191  21.357  21.488 
   21.762  21.847  21.937  22.201  22.362  22.507  22.709  23.119 
   23.216  23.258  23.527  23.680  23.752  23.906  24.248  24.378 
   24.636  24.910  25.582  26.099  38.126  38.470  38.938  39.022 
   39.118  39.563  39.717  39.757  39.963  39.963  40.080  40.260 
   40.261  40.278  40.410  40.475  40.609  40.712  40.794  40.855 
   40.975  41.059  41.216  41.430  41.757  41.773  41.900  41.946 
   42.372  42.547  52.288  52.707  64.326  65.296  86.847  86.857 
   86.870  86.881  86.881  86.891  86.949  87.021  87.023  87.046 
   87.055  87.091  87.097  87.115  87.130  87.203  87.216  87.219 
   89.379  90.146  90.225  90.265  90.364  90.536 107.370 107.598 
  108.035 108.037 108.118 108.509 108.682 108.771 108.927 108.937 
  112.566 112.993 129.914 129.954 130.007 130.102 130.228 130.274 
  130.368 130.377 130.414 130.443 130.522 130.576 130.707 131.156 
  209.759 210.448 210.532 210.559 210.646 210.785 247.784 248.198 
  251.520 251.520 251.523 251.523 251.525 251.526 251.527 251.530 
  251.530 251.534 251.534 251.675 251.675 251.675 251.675 251.675 
  251.675 251.675 251.676 251.676 251.676 251.676 276.243 276.418 
  276.767 276.789 276.853 277.129 277.282 277.325 277.502 277.512 
  310.899 310.903 310.907 310.912 310.912 310.916 310.936 310.964 
  310.966 311.065 311.067 311.081 311.083 311.089 311.093 311.120 
  311.127 311.128 396.185 396.209 396.238 396.294 396.366 396.387 
  396.500 396.509 396.526 396.541 396.588 396.615 396.626 396.944 
  537.781 538.381 538.469 538.482 538.562 538.669 598.802 599.224 
  706.805 706.942 707.214 707.260 707.309 707.494 707.623 707.666 
  707.821 707.830 1738.340 1738.887 1738.978 1738.982 1739.060 1739.149 
  2327.272 2327.954 


  >>> Running RHF-MP2 <<<


RMP2-TIMING
  rmp2                  :::      661.781 (100.00%)
  Total                 :::      661.781 (100.00%)

MP2 correlation energy (RHF) : -1.0667848681
MP2 total energy       (RHF) : -228.9901129093


  >>> Running UHF <<<

init D/C      : input mo_coeff
init ov       : zeros
no            : 15 16
nv            : 771 770
ov_size       : 23885
max_cycle     : 1000
conv          : 6
econv         : 9
method        : diis
mom_start     : 0
guess mix     : 0.000000
orb_swap      : [[[2, 15]], []]
init E        : -216.535380065994
init S2       : 0.750000000000098
init |[F,P]|  : 1.05e-02
init |dE|     : 2.69e-02
check file    : None

iter      total energy   |[F,P]|      |dE|         ∆E   S^2   comment
   1    -216.774401550  7.14e-03  1.74e-02  -2.39e-01  0.76  DIIS mom: 14.7/15 15.6/16
   2    -216.857578091  5.48e-03  1.39e-02  -8.32e-02  0.76  DIIS mom: 14.8/15 15.8/16
   3    -216.870653757  5.33e-03  1.40e-02  -1.31e-02  0.77  DIIS mom: 14.8/15 15.8/16
   4    -216.897278542  4.71e-03  1.28e-02  -2.66e-02  0.77  DIIS mom: 14.8/15 15.9/16
   5    -216.897295494  4.77e-03  1.29e-02  -1.70e-05  0.79  DIIS mom: 14.9/15 15.8/16
   6    -216.914575762  4.37e-03  1.23e-02  -1.73e-02  0.79  DIIS mom: 14.9/15 15.9/16
   7    -216.914484623  4.44e-03  1.22e-02   9.11e-05  0.81  DIIS mom: 14.9/15 15.9/16
   8    -216.930293856  4.10e-03  1.17e-02  -1.58e-02  0.81  DIIS mom: 14.9/15 15.9/16
   9    -216.933926967  4.12e-03  1.14e-02  -3.63e-03  0.84  DIIS mom: 14.9/15 15.9/16
  10    -216.950446437  3.78e-03  1.09e-02  -1.65e-02  0.84  DIIS mom: 14.9/15 15.9/16
  11    -216.958940179  3.72e-03  1.04e-02  -8.49e-03  0.88  DIIS mom: 14.9/15 15.9/16
  12    -216.976349702  3.35e-03  9.68e-03  -1.74e-02  0.88  DIIS mom: 14.9/15 15.9/16
  13    -216.988871967  3.19e-03  8.97e-03  -1.25e-02  0.93  DIIS mom: 14.9/15 15.9/16
  14    -217.005987792  2.81e-03  8.10e-03  -1.71e-02  0.94  DIIS mom: 14.9/15 15.9/16
  15    -217.060147136  2.79e-04  7.06e-04  -5.42e-02  0.82  DIIS mom: 15.0/15 16.0/16
  16    -217.055984025  7.96e-04  2.26e-03   4.16e-03  0.83  DIIS mom: 15.0/15 16.0/16
  17    -217.066853698  4.67e-04  1.40e-03  -1.09e-02  0.95  DIIS mom: 15.0/15 16.0/16
  18    -217.051737471  1.09e-03  3.60e-03   1.51e-02  0.85  DIIS mom: 15.0/15 16.0/16
  19    -217.012937458  1.45e-03  3.96e-03   3.88e-02  1.41  DIIS mom: 14.7/15 15.7/16
  20    -217.047831021  3.63e-04  9.23e-04  -3.49e-02  0.82  DIIS mom: 14.8/15 15.9/16
  21    -217.048329041  1.13e-03  2.89e-03  -4.98e-04  1.71  DIIS mom: 14.6/15 15.5/16
  22    -217.032292903  2.07e-03  5.76e-03   1.60e-02  1.02  DIIS mom: 14.9/15 15.8/16
  23    -216.942786586  2.94e-03  8.25e-03   8.95e-02  1.98  DIIS mom: 14.8/15 15.8/16
  24    -217.078758252  1.55e-04  4.46e-04  -1.36e-01  1.29  DIIS mom: 14.8/15 15.9/16
  25    -217.078066977  2.82e-04  7.92e-04   6.91e-04  1.35  DIIS mom: 15.0/15 16.0/16
  26    -217.077505941  3.32e-04  9.19e-04   5.61e-04  1.38  DIIS mom: 15.0/15 16.0/16
  27    -217.078640871  1.31e-04  3.49e-04  -1.13e-03  1.37  DIIS mom: 15.0/15 16.0/16
  28    -217.075942394  2.98e-04  7.88e-04   2.70e-03  1.44  DIIS mom: 15.0/15 16.0/16
  29    -217.078110947  3.23e-04  8.73e-04  -2.17e-03  1.30  DIIS mom: 15.0/15 16.0/16
  30    -217.078353361  1.19e-04  3.26e-04  -2.42e-04  1.22  DIIS mom: 15.0/15 16.0/16
  31    -217.079149994  2.67e-05  6.87e-05  -7.97e-04  1.33  DIIS mom: 15.0/15 16.0/16
  32    -217.079144216  2.23e-05  5.60e-05   5.78e-06  1.29  DIIS mom: 15.0/15 16.0/16
  33    -217.079177911  4.70e-06  1.33e-05  -3.37e-05  1.31  DIIS mom: 15.0/15 16.0/16
  34    -217.079178476  2.07e-06  5.52e-06  -5.65e-07  1.31  DIIS mom: 15.0/15 16.0/16
  35    -217.079178673  4.77e-07  1.19e-06  -1.97e-07  1.31  DIIS mom: 15.0/15 16.0/16
  36    -217.079178683  2.24e-07  5.66e-07  -1.04e-08  1.31  DIIS mom: 15.0/15 16.0/16
  37    -217.079178682  1.96e-07  5.00e-07   1.44e-09  1.31  DIIS mom: 15.0/15 16.0/16
  38    -217.079178683  1.10e-07  2.76e-07  -1.87e-09  1.31  DIIS mom: 15.0/15 16.0/16
  39    -217.079178684  1.79e-08  4.93e-08  -8.78e-10  1.31  DIIS mom: 15.0/15 16.0/16
                                                                      diis is converged!

SCF converged : True
final |[F,P]| : 1.79e-08
final |dE|    : 4.93e-08
final Escf    : -338.768428440561
final Etot    : -217.079178684303
final S2      : 1.31345078344015

  diis prep             :::        1.118 (  0.03%)
  diis extrap           :::        1.971 (  0.06%)
  roothaan              :::        7.679 (  0.23%)
  fock build            :::     3304.777 ( 99.68%)
  Total                 :::     3315.544 (100.00%)

Alpha occupied
  -20.977 -20.916 -11.509  -1.856  -1.717  -1.326  -1.131  -1.082 
   -1.018  -1.011  -0.898  -0.844  -0.829  -0.812  -0.798 

Alpha virtual
  -10.252  -0.164  -0.094  -0.066  -0.059  -0.049  -0.034  -0.019 
   -0.018   0.007   0.023   0.050   0.073   0.092   0.125   0.138 
    0.152   0.159   0.163   0.176   0.198   0.201   0.217   0.221 
    0.238   0.241   0.262   0.273   0.284   0.298   0.303   0.327 
    0.337   0.378   0.420   0.440   0.441   0.471   0.481   0.525 
    0.552   0.569   0.596   0.600   0.630   0.634   0.645   0.649 
    0.662   0.666   0.692   0.711   0.747   0.758   0.764   0.770 
    0.789   0.806   0.831   0.846   0.847   0.872   0.898   0.929 
    0.959   0.961   1.015   1.033   1.035   1.075   1.109   1.150 
    1.155   1.156   1.186   1.210   1.214   1.246   1.265   1.298 
    1.314   1.345   1.359   1.389   1.436   1.458   1.468   1.484 
    1.496   1.536   1.545   1.578   1.578   1.590   1.595   1.607 
    1.627   1.657   1.657   1.680   1.697   1.705   1.765   1.784 
    1.788   1.807   1.807   1.822   1.824   1.865   1.889   1.906 
    1.922   1.971   1.976   2.003   2.021   2.044   2.079   2.082 
    2.098   2.132   2.150   2.166   2.214   2.217   2.238   2.267 
    2.271   2.325   2.363   2.367   2.416   2.457   2.464   2.511 
    2.520   2.556   2.599   2.639   2.642   2.681   2.681   2.719 
    2.724   2.809   2.822   2.867   2.932   2.932   2.962   2.965 
    2.983   2.994   3.001   3.035   3.058   3.080   3.126   3.159 
    3.171   3.218   3.230   3.251   3.267   3.275   3.352   3.355 
    3.429   3.458   3.490   3.492   3.538   3.564   3.589   3.606 
    3.626   3.672   3.729   3.740   3.748   3.759   3.759   3.789 
    3.809   3.845   3.893   3.904   3.920   3.924   3.974   3.974 
    3.990   3.997   4.043   4.068   4.076   4.095   4.106   4.130 
    4.148   4.195   4.199   4.212   4.217   4.281   4.323   4.328 
    4.413   4.430   4.445   4.484   4.503   4.519   4.539   4.564 
    4.587   4.593   4.612   4.666   4.715   4.721   4.756   4.791 
    4.819   4.850   4.866   4.888   4.933   4.933   4.975   4.999 
    5.002   5.036   5.084   5.130   5.151   5.160   5.183   5.216 
    5.230   5.256   5.272   5.310   5.361   5.376   5.406   5.452 
    5.455   5.516   5.529   5.561   5.602   5.605   5.671   5.686 
    5.706   5.741   5.743   5.798   5.814   5.831   5.877   5.900 
    5.981   5.984   6.043   6.063   6.085   6.197   6.250   6.283 
    6.307   6.388   6.390   6.465   6.517   6.561   6.576   6.591 
    6.659   6.759   6.799   6.827   6.830   6.830   6.851   6.893 
    6.926   6.938   6.994   6.995   7.059   7.068   7.107   7.116 
    7.174   7.252   7.259   7.336   7.338   7.354   7.388   7.402 
    7.453   7.467   7.481   7.495   7.532   7.611   7.614   7.678 
    7.693   7.714   7.803   7.890   7.894   7.987   7.995   8.087 
    8.148   8.173   8.248   8.316   8.323   8.374   8.405   8.464 
    8.519   8.521   8.653   8.721   8.764   8.791   8.875   8.946 
    9.020   9.082   9.138   9.172   9.188   9.211   9.254   9.263 
    9.341   9.354   9.472   9.493   9.526   9.604   9.625   9.662 
    9.678   9.724   9.840   9.886   9.940   9.973   9.981  10.047 
   10.077  10.110  10.139  10.187  10.196  10.224  10.316  10.334 
   10.384  10.424  10.441  10.511  10.517  10.629  10.656  10.752 
   10.832  10.851  10.937  10.951  10.991  11.051  11.158  11.214 
   11.231  11.332  11.413  11.488  11.539  11.549  11.583  11.659 
   11.741  11.791  11.860  11.875  12.071  12.193  12.275  12.330 
   12.392  12.402  12.444  12.492  12.500  12.541  12.555  12.559 
   12.577  12.594  12.625  12.636  12.636  12.721  12.740  12.741 
   12.760  12.802  12.834  12.856  12.863  12.876  12.903  12.991 
   13.050  13.052  13.070  13.102  13.157  13.282  13.324  13.328 
   13.337  13.389  13.409  13.433  13.451  13.453  13.525  13.571 
   13.611  13.621  13.645  13.773  13.816  13.875  13.883  13.901 
   13.903  13.952  13.963  13.988  14.004  14.029  14.030  14.089 
   14.114  14.121  14.123  14.157  14.218  14.260  14.281  14.328 
   14.336  14.364  14.388  14.481  14.487  14.510  14.589  14.604 
   14.656  14.712  14.725  14.741  14.770  14.841  14.843  14.930 
   15.084  15.140  15.166  15.195  15.356  15.357  15.430  15.435 
   15.555  15.603  15.658  15.695  15.747  15.772  15.809  15.884 
   15.900  15.997  16.013  16.205  16.253  16.305  16.328  16.362 
   16.444  16.444  16.588  16.619  16.633  16.676  16.743  17.183 
   17.289  17.433  17.486  17.573  17.643  17.661  17.690  17.762 
   17.765  17.825  17.984  18.130  18.147  18.170  18.178  18.299 
   18.300  18.330  18.346  18.422  18.468  18.491  18.494  18.556 
   18.604  18.668  18.677  18.712  18.792  18.822  18.829  18.934 
   19.034  19.044  19.117  19.137  19.154  19.200  19.281  19.288 
   19.332  19.372  19.402  19.426  19.454  19.522  19.632  19.680 
   19.871  19.916  19.949  20.024  20.229  20.694  20.892  21.050 
   21.194  21.409  21.471  21.697  21.948  21.954  22.095  22.426 
   22.749  22.860  22.924  23.102  23.403  23.416  23.514  23.722 
   23.926  24.169  24.637  25.296  25.817  36.933  37.277  37.818 
   38.468  38.531  38.747  38.848  38.981  39.068  39.214  39.233 
   39.286  39.470  39.509  39.678  39.712  39.725  40.328  40.479 
   40.502  40.578  40.708  40.711  40.720  40.882  41.338  41.419 
   41.635  41.674  42.240  51.068  52.430  63.908  64.998  85.476 
   85.487  85.491  85.497  85.504  85.513  85.566  85.633  85.633 
   86.778  86.784  86.823  86.829  86.851  86.852  86.936  86.956 
   86.959  87.677  88.507  88.652  89.962  90.064  90.126 105.496 
  105.723 106.183 106.639 106.878 107.763 107.846 108.400 108.663 
  108.675 110.755 112.712 128.033 128.089 128.153 128.251 128.368 
  128.398 128.812 130.093 130.097 130.116 130.145 130.251 130.281 
  130.891 207.328 208.066 208.204 210.268 210.355 210.402 245.286 
  247.919 249.494 249.494 249.496 249.496 249.498 249.498 249.498 
  249.500 249.500 249.503 249.503 251.406 251.406 251.406 251.407 
  251.407 251.409 251.409 251.412 251.412 251.416 251.416 273.666 
  273.841 274.200 274.551 274.721 276.519 276.584 277.025 277.237 
  277.249 308.487 308.491 308.491 308.495 308.497 308.501 308.519 
  308.543 308.545 310.799 310.801 310.815 310.817 310.824 310.825 
  310.855 310.864 310.865 393.392 393.424 393.463 393.515 393.585 
  393.595 393.824 396.232 396.232 396.246 396.261 396.320 396.337 
  396.680 534.618 535.256 535.379 538.204 538.279 538.315 595.598 
  598.945 703.550 703.687 703.965 704.238 704.372 706.992 707.042 
  707.387 707.557 707.566 1734.582 1735.162 1735.275 1738.713 1738.780 
  1738.812 2323.520 2327.660 

Beta occupied
  -20.943 -20.920 -13.946 -11.505  -1.856  -1.699  -1.366  -1.157 
   -1.072  -1.067  -1.028  -0.908  -0.829  -0.822  -0.794  -0.780 

Beta virtual
   -0.175  -0.094  -0.066  -0.052  -0.049  -0.036  -0.021  -0.017 
    0.006   0.020   0.046   0.052   0.085   0.107   0.136   0.143 
    0.150   0.161   0.175   0.191   0.201   0.209   0.214   0.242 
    0.242   0.262   0.267   0.283   0.302   0.306   0.320   0.338 
    0.366   0.418   0.428   0.441   0.449   0.480   0.520   0.551 
    0.570   0.595   0.601   0.622   0.625   0.640   0.646   0.651 
    0.664   0.686   0.712   0.748   0.759   0.762   0.772   0.789 
    0.807   0.834   0.847   0.850   0.868   0.900   0.932   0.960 
    0.963   1.023   1.031   1.034   1.071   1.109   1.147   1.153 
    1.158   1.189   1.209   1.209   1.247   1.266   1.294   1.313 
    1.346   1.362   1.384   1.431   1.458   1.465   1.476   1.495 
    1.511   1.548   1.571   1.574   1.589   1.604   1.615   1.625 
    1.653   1.660   1.674   1.677   1.693   1.759   1.773   1.787 
    1.788   1.808   1.822   1.822   1.860   1.891   1.903   1.920 
    1.971   1.977   2.001   2.022   2.039   2.076   2.081   2.098 
    2.132   2.151   2.167   2.210   2.220   2.237   2.266   2.269 
    2.317   2.350   2.366   2.418   2.456   2.466   2.514   2.519 
    2.557   2.607   2.639   2.642   2.671   2.682   2.721   2.723 
    2.802   2.835   2.881   2.931   2.945   2.962   2.974   2.977 
    3.002   3.009   3.037   3.058   3.084   3.125   3.161   3.170 
    3.217   3.229   3.251   3.264   3.280   3.351   3.354   3.428 
    3.453   3.488   3.488   3.536   3.558   3.582   3.597   3.626 
    3.662   3.728   3.739   3.740   3.746   3.747   3.782   3.800 
    3.830   3.862   3.878   3.904   3.912   3.944   3.950   3.987 
    3.991   4.042   4.063   4.063   4.096   4.102   4.118   4.140 
    4.184   4.186   4.208   4.216   4.268   4.318   4.330   4.410 
    4.428   4.471   4.483   4.503   4.527   4.538   4.562   4.586 
    4.589   4.604   4.668   4.713   4.722   4.749   4.786   4.807 
    4.836   4.865   4.885   4.926   4.933   4.973   4.994   5.002 
    5.034   5.084   5.129   5.147   5.159   5.181   5.213   5.232 
    5.250   5.265   5.303   5.351   5.375   5.403   5.448   5.454 
    5.510   5.531   5.560   5.597   5.606   5.670   5.686   5.708 
    5.739   5.751   5.799   5.814   5.834   5.886   5.903   5.974 
    5.982   6.036   6.060   6.081   6.198   6.252   6.280   6.306 
    6.387   6.392   6.463   6.517   6.560   6.582   6.594   6.661 
    6.750   6.793   6.824   6.827   6.834   6.854   6.918   6.928 
    6.939   6.997   7.009   7.061   7.069   7.116   7.121   7.180 
    7.255   7.257   7.335   7.343   7.362   7.387   7.407   7.455 
    7.463   7.485   7.510   7.532   7.613   7.614   7.679   7.695 
    7.713   7.798   7.892   7.897   7.986   7.991   8.084   8.146 
    8.178   8.240   8.286   8.313   8.366   8.394   8.442   8.461 
    8.541   8.639   8.717   8.765   8.778   8.864   8.930   9.009 
    9.057   9.135   9.155   9.190   9.208   9.244   9.248   9.339 
    9.344   9.469   9.481   9.516   9.602   9.619   9.660   9.674 
    9.715   9.838   9.850   9.920   9.953   9.975  10.031  10.066 
   10.081  10.131  10.175  10.189  10.213  10.302  10.324  10.380 
   10.406  10.427  10.486  10.506  10.620  10.646  10.747  10.826 
   10.837  10.918  10.949  10.982  11.052  11.141  11.198  11.205 
   11.323  11.397  11.485  11.540  11.549  11.581  11.648  11.722 
   11.785  11.832  11.847  12.055  12.190  12.271  12.330  12.392 
   12.401  12.443  12.490  12.497  12.540  12.552  12.558  12.575 
   12.591  12.623  12.633  12.634  12.719  12.735  12.738  12.752 
   12.785  12.831  12.854  12.862  12.874  12.899  12.984  13.043 
   13.044  13.060  13.100  13.154  13.280  13.323  13.325  13.336 
   13.386  13.402  13.432  13.451  13.452  13.522  13.566  13.611 
   13.620  13.641  13.772  13.812  13.875  13.883  13.919  13.920 
   13.951  13.965  13.988  14.006  14.033  14.041  14.090  14.114 
   14.120  14.123  14.157  14.218  14.251  14.280  14.328  14.334 
   14.362  14.391  14.480  14.482  14.508  14.581  14.602  14.655 
   14.710  14.725  14.741  14.770  14.835  14.844  14.931  15.069 
   15.139  15.164  15.192  15.348  15.359  15.429  15.437  15.554 
   15.604  15.657  15.710  15.750  15.768  15.807  15.886  15.902 
   16.000  16.011  16.204  16.257  16.304  16.329  16.389  16.437 
   16.448  16.588  16.621  16.631  16.675  16.743  17.179  17.288 
   17.428  17.485  17.571  17.639  17.660  17.690  17.762  17.765 
   17.825  17.990  17.991  18.139  18.198  18.199  18.276  18.301 
   18.330  18.348  18.422  18.468  18.482  18.496  18.555  18.607 
   18.670  18.678  18.723  18.803  18.812  18.837  18.914  19.033 
   19.053  19.099  19.128  19.158  19.204  19.280  19.288  19.332 
   19.359  19.403  19.450  19.459  19.523  19.633  19.665  19.840 
   19.908  19.947  20.021  20.229  20.720  20.893  21.054  21.192 
   21.402  21.459  21.697  21.955  21.982  22.129  22.421  22.710 
   22.855  22.921  23.135  23.393  23.398  23.525  23.550  23.933 
   24.155  24.637  25.293  25.817  36.782  37.128  37.675  38.331 
   38.387  38.734  38.768  38.846  38.970  39.109  39.132  39.217 
   39.370  39.424  39.626  39.712  39.712  40.296  40.389  40.501 
   40.574  40.612  40.706  40.721  40.853  41.208  41.417  41.636 
   41.675  42.238  50.757  52.430  63.920  64.997  85.409  85.420 
   85.426  85.434  85.439  85.447  85.501  85.572  85.574  86.779 
   86.785  86.824  86.829  86.852  86.853  86.937  86.957  86.959 
   87.378  88.219  88.365  89.963  90.064  90.124 105.292 105.519 
  105.981 106.441 106.680 107.764 107.846 108.400 108.664 108.675 
  110.443 112.712 127.901 127.957 128.021 128.119 128.239 128.266 
  128.684 130.093 130.097 130.117 130.145 130.251 130.282 130.892 
  207.044 207.785 207.924 210.268 210.355 210.401 245.007 247.919 
  249.423 249.423 249.426 249.426 249.428 249.428 249.429 249.430 
  249.430 249.431 249.431 251.406 251.406 251.407 251.408 251.408 
  251.410 251.410 251.413 251.413 251.416 251.416 273.464 273.640 
  273.999 274.351 274.521 276.519 276.585 277.026 277.238 277.249 
  308.376 308.380 308.381 308.385 308.387 308.390 308.408 308.434 
  308.435 310.799 310.801 310.815 310.817 310.825 310.825 310.855 
  310.864 310.865 393.235 393.267 393.306 393.358 393.429 393.438 
  393.668 396.232 396.232 396.246 396.261 396.320 396.337 396.680 
  534.395 535.033 535.156 538.204 538.279 538.315 595.375 598.945 
  703.386 703.523 703.801 704.073 704.207 706.992 707.043 707.387 
  707.557 707.566 1734.450 1735.030 1735.143 1738.713 1738.780 1738.812 
  2323.399 2327.660 


  >>> Running UHF-MP2 <<<

MP2 correlation energy (UHF) : -1.0041355643
MP2 total energy       (UHF) : -218.0833142486

