	*********************************************** 
	***** Beginning CEBE Calculation with MOM ***** 
	*****       Calculation Details:          ***** 
	      Geometry:	 /home/am3939/core/calculations/mols/exp/c/c-clh3.xyz
	      Core Basis:	 ccX-5Z
	      Full Basis:	 cc-pV5Z
	      DIIS (start, space):	 0 50
	      Level shift:	 0
	      Do localization?:	 False
	      Do SFX2C1E?:	 True
	      Freeze orbitals?:	 True
	      Use Cheng orbitals?:	 False
	      Do Special Basis?:	 True
	      Do Special Basis?:	 ccX-5Z
	*********************************************** 
	*********************************************** 

  >>> Running RHF <<<

init D/C      : minao
init ov       : zeros
no            : 13
nv            : 439
ov_size       : 5707
max_cycle     : 1000
conv          : 6
econv         : 9
method        : gdm
scale_stop    : 0
scale_factor  : 1.000000
init E        : -499.120078354296
init |[F,P]|  : 4.34e-03
init |dE|     : 8.93e-03
check file    : None

iter      total energy   |[F,P]|      |dE|         ∆E   comment
   1    -499.147691258  2.47e-03  5.19e-03  -2.76e-02  BFGS
   2    -499.156040415  2.62e-04  5.68e-04  -8.35e-03  BFGS
   3    -499.156254137  6.82e-05  1.63e-04  -2.14e-04  BFGS
   4    -499.156282080  2.45e-05  4.96e-05  -2.79e-05  BFGS
   5    -499.156283754  8.60e-06  1.64e-05  -1.67e-06  BFGS
   6    -499.156283932  1.20e-06  4.58e-06  -1.78e-07  BFGS
   7    -499.156283939  4.00e-07  1.16e-06  -6.86e-09  BFGS
   8    -499.156283939  9.11e-08  1.85e-07  -4.53e-10  BFGS
                                                                      gdm is converged!

SCF converged : True
final |[F,P]| : 9.11e-08
final |dE|    : 1.85e-07
final Escf    : -550.428099551691
final Etot    : -499.156283939438

  pxp & ewc             :::        0.167 (  0.23%)
  apply B               :::        0.001 (  0.00%)
  linsrch               :::       73.148 ( 99.76%)
  grad                  :::        0.005 (  0.01%)
  Total                 :::       73.321 (100.00%)

Alpha occupied
  -104.824 -11.291 -10.549  -8.016  -8.015  -8.015  -1.126  -0.913 
   -0.617  -0.617  -0.544  -0.435  -0.435 

Alpha virtual
    0.078   0.092   0.092   0.105   0.174   0.174   0.184   0.241 
    0.284   0.284   0.305   0.363   0.363   0.380   0.420   0.420 
    0.431   0.453   0.453   0.510   0.510   0.547   0.638   0.687 
    0.704   0.704   0.736   0.736   0.757   0.773   0.803   0.803 
    0.910   0.910   0.911   0.923   0.946   0.946   1.024   1.028 
    1.028   1.174   1.185   1.198   1.198   1.282   1.282   1.297 
    1.297   1.332   1.464   1.480   1.480   1.482   1.519   1.519 
    1.532   1.579   1.600   1.600   1.651   1.667   1.667   1.717 
    1.717   1.769   1.842   1.858   1.858   1.886   1.917   1.917 
    2.001   2.001   2.063   2.063   2.080   2.189   2.211   2.211 
    2.255   2.255   2.336   2.336   2.355   2.368   2.414   2.586 
    2.618   2.618   2.623   2.643   2.643   2.718   2.752   2.752 
    2.928   2.934   2.939   2.939   2.948   3.067   3.067   3.110 
    3.129   3.204   3.267   3.268   3.272   3.319   3.319   3.376 
    3.376   3.444   3.444   3.594   3.746   3.811   3.811   3.866 
    3.892   3.892   3.963   3.963   3.972   4.041   4.041   4.111 
    4.132   4.143   4.143   4.161   4.161   4.175   4.241   4.241 
    4.368   4.368   4.462   4.490   4.490   4.585   4.642   4.642 
    4.708   4.742   4.742   4.762   4.848   4.879   4.879   4.920 
    4.920   5.073   5.122   5.127   5.133   5.133   5.232   5.232 
    5.323   5.352   5.421   5.421   5.505   5.506   5.567   5.582 
    5.582   5.713   5.713   5.758   5.782   5.973   5.973   6.048 
    6.048   6.102   6.198   6.198   6.251   6.251   6.282   6.324 
    6.324   6.358   6.397   6.413   6.413   6.419   6.462   6.464 
    6.464   6.558   6.643   6.643   6.827   6.924   7.037   7.037 
    7.137   7.137   7.212   7.212   7.229   7.301   7.301   7.301 
    7.301   7.512   7.512   7.516   7.632   7.632   7.672   7.736 
    7.736   7.788   7.842   7.842   7.868   8.019   8.375   8.375 
    8.434   9.045   9.196   9.196   9.258   9.258   9.455   9.725 
    9.725   9.749   9.914   9.915  10.167  10.195  10.195  10.430 
   10.437  10.437  10.475  10.491  10.491  10.748  10.748  10.819 
   10.904  10.904  11.244  11.244  11.350  11.592  11.607  11.607 
   11.665  11.727  11.728  11.741  12.532  12.532  12.578  12.659 
   12.739  12.741  12.741  12.773  12.773  12.806  12.905  12.905 
   12.946  12.946  13.009  13.024  13.241  13.241  13.336  13.378 
   13.378  13.397  13.479  13.479  13.561  13.561  13.680  13.714 
   13.945  14.049  14.049  14.096  14.096  14.140  14.157  14.257 
   14.257  14.324  14.324  14.381  14.402  14.402  14.544  14.544 
   14.694  14.694  14.748  14.871  14.903  14.903  14.993  15.499 
   15.499  15.519  15.660  15.770  15.770  16.075  16.075  16.402 
   16.403  16.863  16.863  17.389  17.514  17.514  17.783  17.929 
   17.929  18.287  18.287  18.407  18.424  18.424  18.520  18.803 
   18.803  19.173  19.447  19.447  19.501  21.026  21.916  21.916 
   24.555  38.162  38.162  38.898  38.898  38.964  39.415  39.885 
   39.885  40.478  40.486  40.486  40.723  40.723  40.900  41.067 
   41.810  41.810  42.241  52.381  81.767  86.985  86.985  87.028 
   87.028  87.028  87.051  87.132  87.162  87.162  89.870  90.139 
   90.140 107.926 107.926 108.281 108.853 108.853 112.697 130.095 
  130.164 130.164 130.314 130.410 130.410 131.008 210.189 210.447 
  210.448 247.906 251.621 251.622 251.622 251.623 251.623 251.624 
  251.624 251.627 251.627 251.630 251.630 276.693 276.693 276.980 
  277.433 277.433 311.010 311.010 311.024 311.026 311.026 311.033 
  311.062 311.075 311.075 396.325 396.365 396.365 396.451 396.502 
  396.502 396.839 538.162 538.388 538.388 598.923 707.175 707.175 
  707.401 707.756 707.756 1738.693 1738.899 1738.899 2327.424 


  >>> Running RHF-MP2 <<<


RMP2-TIMING
  rmp2                  :::       61.737 (100.00%)
  Total                 :::       61.737 (100.00%)

MP2 correlation energy (RHF) : -0.6431832948
MP2 total energy       (RHF) : -499.7994672343


  >>> Running UHF <<<

init D/C      : input mo_coeff
init ov       : zeros
no            : 12 13
nv            : 440 439
ov_size       : 10987
max_cycle     : 1000
conv          : 6
econv         : 9
method        : diis
mom_start     : 0
guess mix     : 0.000000
orb_swap      : [[[1, 12]], []]
init E        : -487.865461239633
init S2       : 0.750000000000114
init |[F,P]|  : 1.94e-02
init |dE|     : 3.95e-02
check file    : None

iter      total energy   |[F,P]|      |dE|         ∆E   S^2   comment
   1    -488.174871328  1.17e-02  2.26e-02  -3.09e-01  0.75  DIIS mom: 11.7/12 12.6/13
   2    -488.408568158  1.25e-03  2.84e-03  -2.34e-01  0.76  DIIS mom: 11.9/12 12.9/13
   3    -488.413307964  3.73e-04  8.10e-04  -4.74e-03  0.76  DIIS mom: 12.0/12 13.0/13
   4    -488.414229097  2.43e-04  4.81e-04  -9.21e-04  0.77  DIIS mom: 12.0/12 13.0/13
   5    -488.415058566  1.14e-04  2.55e-04  -8.29e-04  0.79  DIIS mom: 12.0/12 13.0/13
   6    -488.415335931  4.84e-05  1.15e-04  -2.77e-04  0.80  DIIS mom: 12.0/12 13.0/13
   7    -488.415400624  2.47e-05  5.85e-05  -6.47e-05  0.81  DIIS mom: 12.0/12 13.0/13
   8    -488.415420391  9.21e-06  2.08e-05  -1.98e-05  0.81  DIIS mom: 12.0/12 13.0/13
   9    -488.415422351  3.44e-06  8.16e-06  -1.96e-06  0.81  DIIS mom: 12.0/12 13.0/13
  10    -488.415422543  9.47e-07  2.60e-06  -1.92e-07  0.81  DIIS mom: 12.0/12 13.0/13
  11    -488.415422554  2.11e-07  5.68e-07  -1.09e-08  0.81  DIIS mom: 12.0/12 13.0/13
  12    -488.415422554  5.55e-08  1.70e-07  -5.56e-10  0.81  DIIS mom: 12.0/12 13.0/13
                                                                      diis is converged!

SCF converged : True
final |[F,P]| : 5.55e-08
final |dE|    : 1.70e-07
final Escf    : -539.68723816659
final Etot    : -488.415422554338
final S2      : 0.814850740678143

  diis prep             :::        0.075 (  0.06%)
  diis extrap           :::        0.065 (  0.05%)
  roothaan              :::        0.510 (  0.41%)
  fock build            :::      124.445 ( 99.48%)
  Total                 :::      125.095 (100.00%)

Alpha occupied
  -105.127 -10.847  -8.318  -8.311  -8.311  -1.445  -1.257  -0.987 
   -0.987  -0.871  -0.713  -0.713 

Alpha virtual
  -10.156  -0.130  -0.099  -0.076  -0.076  -0.055  -0.028  -0.028 
    0.054   0.089   0.089   0.108   0.139   0.139   0.143   0.180 
    0.180   0.191   0.207   0.207   0.271   0.271   0.339   0.406 
    0.456   0.461   0.461   0.507   0.507   0.530   0.533   0.558 
    0.558   0.638   0.638   0.638   0.664   0.710   0.710   0.774 
    0.792   0.792   0.930   0.939   0.947   0.947   1.031   1.031 
    1.053   1.053   1.094   1.201   1.206   1.227   1.227   1.257 
    1.257   1.288   1.334   1.338   1.338   1.388   1.398   1.398 
    1.446   1.446   1.499   1.544   1.580   1.580   1.615   1.615 
    1.616   1.735   1.735   1.789   1.789   1.813   1.889   1.945 
    1.945   1.980   1.980   2.068   2.068   2.089   2.095   2.148 
    2.311   2.325   2.344   2.344   2.358   2.358   2.437   2.499 
    2.499   2.616   2.662   2.662   2.667   2.691   2.789   2.789 
    2.852   2.861   2.938   2.976   2.976   2.980   3.019   3.019 
    3.097   3.097   3.144   3.144   3.320   3.458   3.506   3.506 
    3.573   3.582   3.582   3.663   3.663   3.675   3.765   3.765 
    3.778   3.817   3.838   3.838   3.868   3.874   3.874   3.936 
    3.936   4.071   4.071   4.156   4.203   4.203   4.293   4.352 
    4.352   4.408   4.451   4.451   4.458   4.552   4.586   4.586 
    4.626   4.626   4.755   4.785   4.785   4.791   4.829   4.935 
    4.935   5.016   5.041   5.109   5.109   5.207   5.207   5.260 
    5.280   5.280   5.415   5.415   5.460   5.466   5.630   5.630 
    5.731   5.731   5.789   5.899   5.899   5.955   5.991   5.991 
    6.029   6.029   6.087   6.120   6.120   6.124   6.132   6.163 
    6.175   6.175   6.265   6.341   6.341   6.519   6.625   6.766 
    6.766   6.829   6.829   6.897   6.897   6.925   6.978   6.978 
    7.001   7.012   7.201   7.201   7.209   7.334   7.334   7.349 
    7.403   7.403   7.472   7.550   7.550   7.573   7.709   8.046 
    8.046   8.113   8.596   8.757   8.757   8.938   8.938   9.144 
    9.384   9.384   9.437   9.601   9.601   9.812   9.861   9.861 
   10.060  10.088  10.108  10.108  10.138  10.138  10.412  10.460 
   10.460  10.549  10.549  10.850  10.850  10.990  11.188  11.281 
   11.281  11.299  11.360  11.360  11.369  12.048  12.048  12.238 
   12.330  12.397  12.397  12.406  12.441  12.441  12.467  12.564 
   12.564  12.608  12.608  12.673  12.682  12.818  12.818  12.854 
   13.011  13.011  13.063  13.132  13.132  13.219  13.219  13.315 
   13.380  13.599  13.703  13.703  13.749  13.749  13.794  13.815 
   13.908  13.908  13.989  13.989  14.041  14.042  14.042  14.186 
   14.186  14.346  14.346  14.408  14.517  14.557  14.558  14.647 
   15.131  15.132  15.164  15.303  15.429  15.429  15.732  15.732 
   16.023  16.072  16.486  16.486  17.036  17.159  17.159  17.425 
   17.556  17.556  17.914  17.914  17.990  18.022  18.022  18.165 
   18.425  18.425  18.728  18.843  18.843  18.916  20.615  21.455 
   21.455  23.785  37.708  37.708  37.864  37.864  38.024  38.677 
   38.713  38.713  39.412  39.415  39.415  39.667  39.667  39.854 
   40.165  40.731  40.731  41.205  51.156  81.473  85.612  85.612 
   85.656  85.656  85.657  85.678  85.759  85.787  85.787  88.173 
   88.437  88.437 106.057 106.057 106.414 106.985 106.986 110.881 
  128.219 128.287 128.287 128.436 128.533 128.533 129.133 207.763 
  208.021 208.021 245.405 249.604 249.604 249.604 249.605 249.605 
  249.606 249.607 249.608 249.608 249.611 249.611 274.124 274.124 
  274.412 274.864 274.864 308.605 308.605 308.620 308.621 308.621 
  308.628 308.657 308.669 308.669 393.542 393.581 393.581 393.667 
  393.719 393.719 394.055 535.008 535.234 535.234 595.718 703.930 
  703.930 704.157 704.512 704.512 1734.946 1735.152 1735.152 2323.656 

Beta occupied
  -105.125 -13.826 -10.846  -8.310  -8.310  -8.309  -1.503  -1.285 
   -1.030  -1.030  -0.911  -0.713  -0.713 

Beta virtual
   -0.150  -0.112  -0.082  -0.082  -0.061  -0.027  -0.027   0.058 
    0.090   0.090   0.107   0.128   0.128   0.130   0.183   0.186 
    0.186   0.209   0.209   0.272   0.272   0.340   0.409   0.458 
    0.466   0.466   0.508   0.508   0.520   0.539   0.551   0.551 
    0.615   0.628   0.628   0.668   0.710   0.710   0.771   0.793 
    0.793   0.928   0.939   0.946   0.946   1.031   1.031   1.055 
    1.055   1.091   1.202   1.206   1.230   1.230   1.258   1.258 
    1.286   1.335   1.340   1.340   1.388   1.395   1.395   1.444 
    1.444   1.503   1.522   1.566   1.566   1.601   1.610   1.610 
    1.734   1.734   1.788   1.788   1.809   1.876   1.947   1.947 
    1.978   1.978   2.070   2.070   2.091   2.096   2.151   2.312 
    2.315   2.341   2.341   2.358   2.358   2.440   2.499   2.499 
    2.591   2.666   2.666   2.667   2.691   2.792   2.792   2.853 
    2.864   2.938   2.971   2.971   2.978   3.011   3.011   3.098 
    3.098   3.136   3.136   3.315   3.456   3.502   3.502   3.567 
    3.570   3.570   3.661   3.661   3.667   3.742   3.764   3.764 
    3.819   3.831   3.831   3.848   3.873   3.873   3.929   3.929 
    4.063   4.063   4.143   4.204   4.204   4.291   4.351   4.351 
    4.401   4.450   4.450   4.458   4.555   4.587   4.587   4.626 
    4.626   4.734   4.765   4.765   4.767   4.831   4.938   4.938 
    5.006   5.033   5.104   5.104   5.205   5.205   5.255   5.281 
    5.281   5.415   5.415   5.462   5.462   5.609   5.609   5.730 
    5.730   5.781   5.899   5.899   5.946   5.990   5.990   6.031 
    6.031   6.088   6.124   6.124   6.124   6.134   6.168   6.178 
    6.178   6.265   6.343   6.343   6.513   6.628   6.765   6.765 
    6.829   6.829   6.897   6.897   6.922   6.977   6.977   7.000 
    7.015   7.197   7.197   7.208   7.335   7.335   7.343   7.399 
    7.399   7.468   7.553   7.553   7.572   7.702   8.040   8.040 
    8.109   8.519   8.681   8.681   8.933   8.933   9.141   9.368 
    9.368   9.430   9.595   9.595   9.776   9.853   9.853   9.981 
   10.079  10.099  10.099  10.126  10.126  10.364  10.459  10.459 
   10.536  10.536  10.829  10.829  10.976  11.141  11.275  11.275 
   11.285  11.349  11.349  11.358  12.017  12.017  12.227  12.332 
   12.398  12.398  12.409  12.443  12.443  12.467  12.566  12.566 
   12.610  12.610  12.676  12.683  12.799  12.799  12.822  13.009 
   13.009  13.065  13.132  13.132  13.219  13.219  13.312  13.383 
   13.602  13.705  13.705  13.750  13.750  13.798  13.816  13.906 
   13.906  13.991  13.991  14.039  14.039  14.042  14.182  14.182 
   14.346  14.346  14.408  14.517  14.556  14.557  14.639  15.127 
   15.127  15.162  15.296  15.431  15.431  15.731  15.731  16.021 
   16.072  16.483  16.483  17.038  17.160  17.160  17.423  17.550 
   17.550  17.910  17.910  17.950  17.993  17.993  18.166  18.411 
   18.411  18.645  18.742  18.742  18.867  20.592  21.424  21.424 
   23.541  37.572  37.572  37.864  37.864  37.899  38.580  38.580 
   38.619  39.254  39.265  39.265  39.581  39.581  39.794  40.066 
   40.599  40.599  41.142  50.849  81.473  85.554  85.554  85.597 
   85.597  85.598  85.619  85.700  85.728  85.728  87.884  88.149 
   88.149 105.858 105.858 106.216 106.789 106.789 110.571 128.090 
  128.159 128.159 128.309 128.405 128.406 129.005 207.482 207.740 
  207.740 245.128 249.535 249.535 249.535 249.536 249.536 249.538 
  249.538 249.540 249.540 249.542 249.542 273.925 273.925 274.213 
  274.666 274.666 308.496 308.496 308.511 308.512 308.512 308.519 
  308.548 308.560 308.560 393.386 393.426 393.426 393.511 393.563 
  393.564 393.900 534.786 535.012 535.012 595.495 703.766 703.766 
  703.994 704.349 704.349 1734.815 1735.021 1735.021 2323.535 


  >>> Running UHF-MP2 <<<

MP2 correlation energy (UHF) : -0.6289638403
MP2 total energy       (UHF) : -489.0443863947

