	*********************************************** 
	***** Beginning CEBE Calculation with MOM ***** 
	*****       Calculation Details:          ***** 
	      Geometry:	 /home/am3939/core/calculations/mols/exp/c/c-h3nc.xyz
	      Core Basis:	 pcX-4
	      Full Basis:	 pc-4
	      DIIS (start, space):	 0 50
	      Level shift:	 0
	      Do localization?:	 False
	      Do SFX2C1E?:	 True
	      Freeze orbitals?:	 True
	      Use Cheng orbitals?:	 False
	      Do Special Basis?:	 True
	      Do Special Basis?:	 pcX-4
	*********************************************** 
	*********************************************** 

  >>> Running RHF <<<

init D/C      : minao
init ov       : zeros
no            : 11
nv            : 549
ov_size       : 6039
max_cycle     : 1000
conv          : 6
econv         : 9
method        : gdm
scale_stop    : 0
scale_factor  : 1.000000
init E        : -131.917421520374
init |[F,P]|  : 4.06e-03
init |dE|     : 8.22e-03
check file    : None

iter      total energy   |[F,P]|      |dE|         ∆E   comment
   1    -131.947423611  1.77e-03  3.71e-03  -3.00e-02  BFGS
   2    -131.952326867  6.21e-04  1.43e-03  -4.90e-03  BFGS
   3    -131.952931464  1.93e-04  4.09e-04  -6.05e-04  BFGS
   4    -131.952979734  3.33e-05  8.12e-05  -4.83e-05  BFGS
   5    -131.952982632  9.62e-06  2.13e-05  -2.90e-06  BFGS
   6    -131.952982925  2.02e-06  4.39e-06  -2.93e-07  BFGS
   7    -131.952982935  3.75e-07  8.06e-07  -9.82e-09  BFGS
   8    -131.952982935  5.65e-08  1.13e-07  -4.28e-10  BFGS
                                                                      gdm is converged!

SCF converged : True
final |[F,P]| : 5.65e-08
final |dE|    : 1.13e-07
final Escf    : -192.182390675954
final Etot    : -131.952982934977

  pxp & ewc             :::        0.230 (  0.16%)
  apply B               :::        0.001 (  0.00%)
  linsrch               :::      141.809 ( 99.83%)
  grad                  :::        0.010 (  0.01%)
  Total                 :::      142.049 (100.00%)

Alpha occupied
  -15.594 -11.300 -11.273  -1.271  -1.030  -0.741  -0.646  -0.646 
   -0.473  -0.473  -0.473 

Alpha virtual
    0.044   0.066   0.067   0.067   0.105   0.105   0.109   0.115 
    0.115   0.172   0.196   0.196   0.205   0.205   0.217   0.233 
    0.276   0.276   0.287   0.287   0.289   0.319   0.326   0.326 
    0.348   0.396   0.396   0.430   0.436   0.436   0.445   0.445 
    0.467   0.486   0.499   0.499   0.510   0.539   0.548   0.548 
    0.596   0.598   0.598   0.608   0.615   0.615   0.662   0.662 
    0.720   0.753   0.796   0.796   0.840   0.840   0.872   0.872 
    0.902   0.934   0.952   0.952   1.000   1.056   1.059   1.059 
    1.083   1.083   1.088   1.108   1.117   1.117   1.163   1.217 
    1.217   1.263   1.263   1.281   1.334   1.334   1.339   1.372 
    1.377   1.377   1.409   1.409   1.440   1.479   1.479   1.492 
    1.516   1.516   1.518   1.529   1.534   1.534   1.559   1.649 
    1.707   1.707   1.727   1.783   1.810   1.810   1.820   1.922 
    1.922   1.998   1.998   2.003   2.004   2.032   2.032   2.089 
    2.143   2.143   2.189   2.189   2.238   2.259   2.259   2.311 
    2.311   2.333   2.363   2.440   2.440   2.443   2.467   2.525 
    2.525   2.553   2.580   2.580   2.664   2.700   2.700   2.752 
    2.752   2.800   2.923   2.979   2.979   3.006   3.102   3.102 
    3.172   3.217   3.217   3.239   3.239   3.321   3.321   3.341 
    3.382   3.389   3.415   3.415   3.582   3.604   3.604   3.662 
    3.662   3.694   3.707   3.728   3.728   3.882   3.882   3.922 
    3.997   4.000   4.000   4.071   4.174   4.174   4.208   4.213 
    4.228   4.228   4.278   4.325   4.325   4.327   4.372   4.372 
    4.395   4.395   4.408   4.488   4.488   4.566   4.568   4.568 
    4.620   4.641   4.641   4.741   4.797   4.830   4.830   4.843 
    4.869   4.917   4.924   4.924   4.943   4.952   4.952   5.011 
    5.036   5.036   5.079   5.079   5.234   5.305   5.322   5.322 
    5.362   5.362   5.425   5.433   5.433   5.468   5.500   5.500 
    5.627   5.627   5.652   5.755   5.755   5.756   5.841   5.841 
    5.877   5.988   6.033   6.033   6.132   6.188   6.188   6.348 
    6.376   6.376   6.524   6.564   6.578   6.578   6.677   6.677 
    6.693   6.730   6.748   6.748   6.981   6.981   7.013   7.013 
    7.039   7.122   7.177   7.177   7.193   7.240   7.240   7.318 
    7.573   7.573   7.666   7.728   7.809   7.809   7.904   7.904 
    8.103   8.103   8.355   8.705   8.993   8.993   8.996   9.315 
    9.315   9.363   9.370   9.391   9.391   9.429   9.429   9.569 
    9.569   9.594   9.655   9.655   9.886   9.886   9.927  10.051 
   10.060  10.060  10.203  10.315  10.404  10.404  10.633  10.637 
   10.752  10.752  10.878  11.053  11.053  11.077  11.135  11.138 
   11.138  11.246  11.246  11.263  11.263  11.296  11.366  11.366 
   11.487  11.572  11.637  11.637  11.650  11.762  11.766  11.818 
   11.818  11.869  11.942  11.942  11.974  11.974  12.035  12.035 
   12.048  12.206  12.206  12.260  12.260  12.287  12.313  12.313 
   12.356  12.356  12.415  12.415  12.449  12.455  12.608  12.608 
   12.626  12.659  12.665  12.685  12.685  12.858  12.858  12.906 
   12.996  12.996  13.112  13.112  13.130  13.203  13.203  13.246 
   13.246  13.271  13.272  13.318  13.318  13.461  13.461  13.483 
   13.598  13.678  13.678  13.791  13.791  13.801  13.836  13.889 
   13.942  13.961  13.961  14.117  14.388  14.388  14.467  14.472 
   14.529  14.529  14.650  14.650  14.912  14.912  15.052  15.141 
   15.141  15.365  15.415  15.415  15.435  15.448  15.575  15.626 
   15.626  16.067  16.078  16.078  16.097  16.097  16.204  16.356 
   16.356  16.358  16.435  16.435  16.828  16.828  16.956  17.192 
   17.235  17.235  17.265  17.265  17.278  17.384  17.634  17.634 
   17.695  17.743  17.743  17.912  17.912  17.973  18.146  18.514 
   18.514  18.808  18.808  18.951  19.163  19.163  19.460  19.460 
   19.668  19.784  19.784  20.246  20.322  20.589  20.589  20.882 
   20.882  21.250  21.577  21.577  21.687  23.116  23.793  24.104 
   24.104  24.493  24.691  24.691  25.070  26.194  26.267  26.267 
   27.388  27.388  28.728  30.281  30.828  32.837  32.837  33.708 
   33.708  33.892  33.892  34.544  34.695  34.695  34.856  35.835 
   35.835  37.443  37.443  37.498  38.066  41.811  41.811  42.248 
   48.949  48.949  49.770  49.770  52.119  61.901  63.247  91.630 
   91.838  91.838  92.084  92.239  92.239  93.259  93.259  93.283 
   94.310  94.310  95.186  95.369  95.369  95.394 108.178 136.093 
  137.397 288.592 288.592 289.288 289.409 289.409 289.441 310.454 
  311.687 738.892 740.069 1137.734 1137.734 1138.213 1138.290 1138.290 
  1138.332 1850.764 1851.877 4946.247 4947.293 14407.634 14408.608 47393.075 
  47393.967 188467.897 188468.688 1077044.023 1077044.674 


  >>> Running RHF-MP2 <<<


RMP2-TIMING
  rmp2                  :::      116.865 (100.00%)
  Total                 :::      116.865 (100.00%)

MP2 correlation energy (RHF) : -0.6957897050
MP2 total energy       (RHF) : -132.6487726400


  >>> Running UHF <<<

init D/C      : input mo_coeff
init ov       : zeros
no            : 10 11
nv            : 550 549
ov_size       : 11539
max_cycle     : 1000
conv          : 6
econv         : 9
method        : diis
mom_start     : 0
guess mix     : 0.000000
orb_swap      : [[[1, 10]], []]
init E        : -120.65344525053
init S2       : 0.75000000000006
init |[F,P]|  : 1.69e-02
init |dE|     : 3.85e-02
check file    : None

iter      total energy   |[F,P]|      |dE|         ∆E   S^2   comment
   1    -121.010091373  9.10e-03  1.88e-02  -3.57e-01  0.75  DIIS mom: 9.7/10 10.7/11
   2    -121.178217525  1.09e-03  2.41e-03  -1.68e-01  0.76  DIIS mom: 10.0/10 11.0/11
   3    -121.181522484  4.62e-04  1.01e-03  -3.30e-03  0.76  DIIS mom: 10.0/10 11.0/11
   4    -121.182293387  2.34e-04  4.57e-04  -7.71e-04  0.76  DIIS mom: 10.0/10 11.0/11
   5    -121.182714543  1.33e-04  2.53e-04  -4.21e-04  0.77  DIIS mom: 10.0/10 11.0/11
   6    -121.182924468  4.37e-05  8.78e-05  -2.10e-04  0.78  DIIS mom: 10.0/10 11.0/11
   7    -121.182952154  1.91e-05  4.01e-05  -2.77e-05  0.78  DIIS mom: 10.0/10 11.0/11
   8    -121.182958544  1.43e-05  3.01e-05  -6.39e-06  0.78  DIIS mom: 10.0/10 11.0/11
   9    -121.182966054  7.14e-06  1.51e-05  -7.51e-06  0.78  DIIS mom: 10.0/10 11.0/11
  10    -121.182968224  1.50e-06  3.27e-06  -2.17e-06  0.78  DIIS mom: 10.0/10 11.0/11
  11    -121.182968276  5.45e-07  1.24e-06  -5.18e-08  0.78  DIIS mom: 10.0/10 11.0/11
  12    -121.182968280  1.90e-07  4.13e-07  -4.62e-09  0.78  DIIS mom: 10.0/10 11.0/11
  13    -121.182968281  4.36e-08  9.10e-08  -4.96e-10  0.78  DIIS mom: 10.0/10 11.0/11
                                                                      diis is converged!

SCF converged : True
final |[F,P]| : 4.36e-08
final |dE|    : 9.10e-08
final Escf    : -181.412376021713
final Etot    : -121.182968280736
final S2      : 0.783736404436883

  diis prep             :::        0.120 (  0.05%)
  diis extrap           :::        0.098 (  0.04%)
  roothaan              :::        0.781 (  0.31%)
  fock build            :::      252.816 ( 99.61%)
  Total                 :::      253.815 (100.00%)

Alpha occupied
  -15.863 -11.530  -1.564  -1.378  -1.095  -1.033  -1.033  -0.747 
   -0.747  -0.695 

Alpha virtual
  -10.211  -0.137  -0.098  -0.098  -0.081  -0.056  -0.056  -0.038 
   -0.038  -0.025   0.002   0.002   0.010   0.028   0.035   0.035 
    0.061   0.077   0.077   0.095   0.099   0.099   0.119   0.139 
    0.139   0.168   0.214   0.214   0.220   0.241   0.241   0.254 
    0.271   0.271   0.291   0.311   0.312   0.312   0.347   0.347 
    0.355   0.378   0.396   0.396   0.410   0.410   0.412   0.462 
    0.462   0.520   0.547   0.574   0.574   0.612   0.612   0.640 
    0.640   0.686   0.707   0.738   0.738   0.747   0.843   0.853 
    0.853   0.866   0.869   0.869   0.877   0.878   0.878   0.911 
    0.974   0.974   1.025   1.025   1.041   1.096   1.096   1.098 
    1.139   1.140   1.140   1.182   1.182   1.209   1.209   1.216 
    1.248   1.271   1.271   1.295   1.295   1.303   1.315   1.346 
    1.399   1.467   1.467   1.471   1.545   1.561   1.561   1.563 
    1.689   1.689   1.740   1.740   1.761   1.764   1.777   1.777 
    1.821   1.876   1.876   1.945   1.945   1.966   2.019   2.019 
    2.076   2.079   2.079   2.132   2.180   2.180   2.194   2.195 
    2.265   2.265   2.289   2.299   2.299   2.371   2.371   2.403 
    2.518   2.523   2.523   2.645   2.708   2.708   2.740   2.819 
    2.819   2.883   2.925   2.925   2.963   2.963   3.045   3.062 
    3.062   3.080   3.139   3.139   3.140   3.283   3.291   3.291 
    3.380   3.380   3.393   3.404   3.419   3.419   3.590   3.590 
    3.623   3.714   3.715   3.715   3.781   3.881   3.881   3.936 
    3.936   3.953   3.956   4.002   4.028   4.028   4.034   4.097 
    4.097   4.132   4.147   4.147   4.198   4.198   4.274   4.293 
    4.293   4.351   4.363   4.363   4.487   4.500   4.528   4.528 
    4.579   4.599   4.622   4.622   4.638   4.671   4.671   4.672 
    4.721   4.756   4.756   4.820   4.820   4.970   5.004   5.004 
    5.006   5.093   5.093   5.130   5.163   5.163   5.165   5.243 
    5.243   5.305   5.305   5.371   5.434   5.444   5.444   5.537 
    5.537   5.579   5.681   5.733   5.733   5.837   5.902   5.902 
    6.023   6.096   6.096   6.221   6.264   6.264   6.313   6.380 
    6.380   6.415   6.418   6.453   6.453   6.677   6.677   6.711 
    6.711   6.731   6.828   6.828   6.836   6.868   6.979   6.979 
    6.989   7.297   7.297   7.326   7.387   7.392   7.392   7.624 
    7.624   7.822   7.822   8.061   8.356   8.657   8.658   8.658 
    8.968   8.968   9.014   9.018   9.044   9.044   9.089   9.089 
    9.236   9.236   9.249   9.314   9.314   9.596   9.598   9.598 
    9.707   9.730   9.730   9.835  10.017  10.052  10.052  10.389 
   10.393  10.493  10.493  10.588  10.786  10.786  10.804  10.852 
   10.852  10.852  10.869  10.869  10.974  11.024  11.024  11.046 
   11.046  11.166  11.239  11.239  11.240  11.288  11.420  11.461 
   11.461  11.510  11.574  11.672  11.692  11.692  11.725  11.725 
   11.753  11.753  11.824  11.824  11.919  11.951  11.951  11.983 
   11.983  12.046  12.046  12.116  12.116  12.150  12.187  12.253 
   12.253  12.277  12.298  12.338  12.340  12.340  12.509  12.509 
   12.550  12.637  12.637  12.735  12.746  12.746  12.837  12.837 
   12.873  12.892  12.892  12.895  12.961  12.961  13.122  13.157 
   13.157  13.287  13.291  13.291  13.443  13.443  13.448  13.555 
   13.584  13.584  13.594  13.648  13.779  14.044  14.044  14.106 
   14.108  14.207  14.207  14.358  14.358  14.647  14.647  14.694 
   14.774  14.774  14.934  15.037  15.037  15.125  15.162  15.162 
   15.179  15.278  15.701  15.744  15.744  15.817  15.817  15.832 
   15.956  16.017  16.017  16.129  16.129  16.536  16.536  16.578 
   16.834  16.878  16.878  16.909  16.909  16.915  17.030  17.309 
   17.322  17.322  17.436  17.436  17.561  17.561  17.628  17.866 
   18.177  18.177  18.398  18.398  18.598  18.773  18.773  19.093 
   19.093  19.311  19.497  19.497  19.856  19.958  20.214  20.214 
   20.515  20.515  20.872  21.196  21.196  21.277  22.804  23.408 
   23.721  23.721  24.114  24.307  24.307  24.787  25.809  25.863 
   25.863  27.126  27.126  28.475  29.773  30.195  32.537  32.537 
   32.585  32.585  33.380  33.535  33.535  33.640  33.640  34.598 
   35.579  35.579  36.264  36.264  36.335  37.806  41.410  41.410 
   41.851  48.690  48.690  49.500  49.500  51.844  61.636  61.867 
   91.221  91.429  91.429  91.675  91.830  91.830  92.825  92.825 
   92.870  93.309  93.421  93.421  94.057  94.057  95.047 107.907 
  135.347 135.845 286.443 286.504 286.504 288.339 288.339 289.125 
  308.951 310.203 736.739 738.642 1134.543 1134.585 1134.585 1137.483 
  1137.483 1138.047 1848.119 1850.515 4943.272 4945.999 14404.449 14407.387 
  47389.746 47392.828 188464.444 188467.649 1077040.423 1077043.774 

Beta occupied
  -15.858 -13.874 -11.530  -1.597  -1.421  -1.118  -1.074  -1.074 
   -0.743  -0.743  -0.696 

Beta virtual
   -0.145  -0.102  -0.102  -0.079  -0.054  -0.054  -0.039  -0.039 
   -0.028  -0.001   0.002   0.002   0.021   0.029   0.029   0.057 
    0.077   0.077   0.080   0.097   0.097   0.119   0.138   0.138 
    0.168   0.215   0.215   0.215   0.237   0.237   0.256   0.271 
    0.271   0.283   0.303   0.312   0.312   0.348   0.348   0.356 
    0.376   0.395   0.395   0.411   0.411   0.412   0.462   0.462 
    0.516   0.545   0.574   0.574   0.602   0.602   0.638   0.638 
    0.684   0.711   0.737   0.737   0.741   0.836   0.851   0.851 
    0.868   0.868   0.868   0.876   0.880   0.880   0.915   0.977 
    0.977   1.027   1.027   1.040   1.089   1.098   1.098   1.139 
    1.142   1.142   1.182   1.182   1.196   1.196   1.211   1.247 
    1.269   1.269   1.295   1.295   1.302   1.316   1.345   1.392 
    1.469   1.469   1.473   1.543   1.561   1.561   1.561   1.690 
    1.690   1.741   1.741   1.762   1.764   1.774   1.774   1.816 
    1.872   1.872   1.945   1.945   1.959   2.016   2.016   2.071 
    2.077   2.077   2.125   2.179   2.179   2.187   2.196   2.265 
    2.265   2.280   2.291   2.291   2.352   2.352   2.396   2.516 
    2.522   2.522   2.642   2.707   2.707   2.723   2.821   2.821 
    2.877   2.926   2.926   2.965   2.965   3.048   3.064   3.064 
    3.082   3.140   3.141   3.141   3.282   3.284   3.284   3.381 
    3.381   3.390   3.408   3.415   3.415   3.587   3.587   3.625 
    3.700   3.716   3.716   3.777   3.879   3.879   3.936   3.936 
    3.948   3.954   4.001   4.026   4.028   4.028   4.096   4.096 
    4.124   4.146   4.146   4.198   4.198   4.272   4.293   4.293 
    4.351   4.363   4.363   4.481   4.498   4.526   4.526   4.577 
    4.601   4.617   4.617   4.623   4.668   4.668   4.668   4.714 
    4.754   4.754   4.819   4.819   4.964   4.996   4.996   5.004 
    5.092   5.092   5.131   5.152   5.161   5.161   5.242   5.242 
    5.285   5.285   5.364   5.422   5.438   5.438   5.533   5.533 
    5.578   5.674   5.733   5.733   5.838   5.901   5.901   6.000 
    6.091   6.091   6.217   6.255   6.255   6.309   6.378   6.378 
    6.405   6.415   6.452   6.452   6.673   6.673   6.709   6.709 
    6.724   6.813   6.813   6.834   6.865   6.969   6.982   6.982 
    7.276   7.300   7.300   7.354   7.354   7.381   7.623   7.623 
    7.822   7.822   8.057   8.361   8.640   8.661   8.661   8.969 
    8.969   9.017   9.018   9.046   9.046   9.092   9.092   9.237 
    9.237   9.251   9.315   9.315   9.596   9.600   9.600   9.707 
    9.732   9.732   9.833  10.015  10.050  10.050  10.387  10.392 
   10.493  10.493  10.585  10.779  10.779  10.804  10.843  10.843 
   10.851  10.870  10.870  10.966  11.023  11.023  11.042  11.042 
   11.141  11.229  11.229  11.237  11.269  11.415  11.460  11.460 
   11.512  11.574  11.665  11.693  11.693  11.724  11.724  11.750 
   11.750  11.793  11.793  11.914  11.951  11.951  11.983  11.983 
   12.042  12.042  12.116  12.116  12.129  12.184  12.249  12.249 
   12.270  12.288  12.332  12.332  12.332  12.502  12.502  12.551 
   12.622  12.622  12.710  12.740  12.740  12.827  12.827  12.831 
   12.889  12.890  12.890  12.960  12.960  13.111  13.153  13.153 
   13.278  13.285  13.285  13.436  13.436  13.437  13.554  13.578 
   13.578  13.591  13.643  13.774  14.041  14.041  14.086  14.105 
   14.204  14.204  14.355  14.355  14.646  14.646  14.694  14.747 
   14.747  14.872  14.999  14.999  15.125  15.136  15.136  15.182 
   15.270  15.666  15.734  15.734  15.819  15.819  15.824  15.935 
   16.013  16.013  16.130  16.130  16.537  16.537  16.564  16.836 
   16.880  16.880  16.911  16.911  16.916  17.032  17.279  17.324 
   17.324  17.438  17.438  17.563  17.563  17.627  17.865  18.160 
   18.160  18.383  18.383  18.599  18.768  18.768  19.091  19.091 
   19.312  19.499  19.499  19.836  19.958  20.209  20.209  20.513 
   20.513  20.867  21.193  21.193  21.252  22.801  23.412  23.724 
   23.724  24.117  24.311  24.311  24.786  25.809  25.862  25.862 
   27.128  27.128  28.475  29.578  30.152  32.407  32.407  32.583 
   32.583  33.216  33.382  33.382  33.638  33.638  34.598  35.578 
   35.578  36.022  36.022  36.102  37.806  41.412  41.412  41.854 
   48.691  48.691  49.501  49.501  51.846  61.528  61.669  91.223 
   91.430  91.430  91.677  91.831  91.831  92.782  92.782  92.849 
   92.977  93.111  93.111  94.056  94.056  95.046 107.908 135.040 
  135.843 286.125 286.185 286.185 288.339 288.339 289.125 308.689 
  310.203 736.552 738.642 1134.360 1134.402 1134.402 1137.483 1137.483 
  1138.047 1848.005 1850.515 4943.213 4945.999 14404.423 14407.387 47389.736 
  47392.828 188464.441 188467.649 1077040.423 1077043.774 


  >>> Running UHF-MP2 <<<

MP2 correlation energy (UHF) : -0.6809286013
MP2 total energy       (UHF) : -121.8638968820

