	*********************************************** 
	***** Beginning CEBE Calculation with MOM ***** 
	*****       Calculation Details:          ***** 
	      Geometry:	 /work/morgunov/rev2calcs/mols/exp/o/c2h5oh.xyz
	      Core Basis:	 ccX-5Z
	      Full Basis:	 cc-pV5Z
	      DIIS (start, space):	 0 50
	      Level shift:	 0
	      Do localization?:	 False
	      Do SFX2C1E?:	 True
	      Freeze orbitals?:	 True
	      Use Cheng orbitals?:	 False
	      Do Special Basis?:	 True
	      Do Special Basis?:	 ccX-5Z
	*********************************************** 
	*********************************************** 

  >>> Running RHF <<<

init D/C      : minao
init ov       : zeros
no            : 13
nv            : 691
ov_size       : 8983
max_cycle     : 1000
conv          : 6
econv         : 9
method        : gdm
scale_stop    : 0
scale_factor  : 1.000000
init E        : -154.091933616245
init |[F,P]|  : 4.54e-03
init |dE|     : 1.11e-02
check file    : None

iter      total energy   |[F,P]|      |dE|         ∆E   comment
   1    -154.137938890  2.80e-03  6.66e-03  -4.60e-02  BFGS
   2    -154.154777926  3.13e-04  7.61e-04  -1.68e-02  BFGS
   3    -154.155051675  7.87e-05  1.99e-04  -2.74e-04  BFGS
   4    -154.155074114  1.96e-05  4.92e-05  -2.24e-05  BFGS
   5    -154.155075430  6.11e-06  1.49e-05  -1.32e-06  BFGS
   6    -154.155075565  1.28e-06  3.23e-06  -1.35e-07  BFGS
   7    -154.155075574  2.66e-07  6.79e-07  -8.94e-09  BFGS
   8    -154.155075574  8.95e-08  2.12e-07  -4.48e-10  BFGS
                                                                      gdm is converged!

SCF converged : True
final |[F,P]| : 8.95e-08
final |dE|    : 2.12e-07
final Escf    : -236.165820352222
final Etot    : -154.15507557433

  pxp & ewc             :::        0.960 (  0.05%)
  apply B               :::        0.003 (  0.00%)
  linsrch               :::     1878.988 ( 99.95%)
  grad                  :::        0.031 (  0.00%)
  Total                 :::     1879.982 (100.00%)

Alpha occupied
  -20.550 -11.270 -11.212  -1.352  -1.013  -0.832  -0.693  -0.650 
   -0.571  -0.533  -0.528  -0.489  -0.443 

Alpha virtual
    0.089   0.109   0.122   0.123   0.153   0.170   0.177   0.190 
    0.200   0.220   0.236   0.250   0.283   0.322   0.322   0.381 
    0.407   0.410   0.420   0.433   0.455   0.462   0.464   0.471 
    0.499   0.523   0.573   0.589   0.590   0.592   0.595   0.625 
    0.634   0.642   0.659   0.676   0.696   0.724   0.769   0.782 
    0.789   0.816   0.831   0.839   0.841   0.875   0.905   0.913 
    0.948   0.962   0.978   1.013   1.013   1.034   1.038   1.040 
    1.069   1.108   1.141   1.147   1.147   1.172   1.206   1.220 
    1.261   1.267   1.315   1.321   1.354   1.400   1.436   1.455 
    1.468   1.477   1.497   1.503   1.506   1.550   1.566   1.600 
    1.617   1.619   1.641   1.672   1.681   1.697   1.747   1.768 
    1.773   1.789   1.789   1.824   1.844   1.869   1.877   1.934 
    1.942   1.970   1.973   1.992   2.007   2.037   2.054   2.077 
    2.086   2.116   2.132   2.140   2.200   2.214   2.215   2.242 
    2.257   2.266   2.293   2.322   2.345   2.366   2.372   2.388 
    2.412   2.443   2.454   2.465   2.476   2.477   2.520   2.535 
    2.554   2.609   2.642   2.688   2.691   2.748   2.748   2.808 
    2.818   2.853   2.903   2.932   2.934   2.950   2.995   3.028 
    3.060   3.123   3.139   3.150   3.181   3.213   3.256   3.278 
    3.287   3.296   3.312   3.368   3.391   3.414   3.423   3.461 
    3.475   3.498   3.552   3.571   3.575   3.597   3.628   3.685 
    3.713   3.737   3.764   3.777   3.814   3.829   3.835   3.879 
    3.922   3.932   3.954   3.995   4.037   4.049   4.060   4.091 
    4.103   4.149   4.157   4.169   4.182   4.231   4.238   4.286 
    4.294   4.353   4.355   4.375   4.414   4.419   4.466   4.483 
    4.531   4.563   4.598   4.614   4.662   4.681   4.688   4.697 
    4.706   4.721   4.722   4.764   4.768   4.781   4.793   4.820 
    4.824   4.846   4.855   4.927   4.932   4.980   4.998   5.012 
    5.039   5.083   5.125   5.135   5.147   5.158   5.164   5.208 
    5.260   5.269   5.305   5.351   5.392   5.408   5.422   5.440 
    5.441   5.456   5.489   5.491   5.524   5.542   5.560   5.580 
    5.620   5.622   5.678   5.683   5.699   5.717   5.738   5.748 
    5.783   5.846   5.858   5.883   5.896   5.917   5.935   5.960 
    5.987   6.035   6.042   6.112   6.161   6.208   6.256   6.280 
    6.287   6.314   6.327   6.354   6.423   6.435   6.463   6.500 
    6.618   6.678   6.720   6.776   6.829   6.865   6.961   7.004 
    7.007   7.015   7.056   7.086   7.125   7.135   7.177   7.213 
    7.227   7.246   7.269   7.290   7.307   7.370   7.405   7.449 
    7.478   7.520   7.575   7.640   7.691   7.692   7.734   7.753 
    7.782   7.800   7.837   7.927   7.963   7.976   8.049   8.088 
    8.187   8.214   8.223   8.251   8.329   8.337   8.400   8.407 
    8.598   8.705   8.765   9.082   9.157   9.182   9.235   9.296 
    9.351   9.377   9.432   9.481   9.572   9.575   9.625   9.674 
    9.684   9.819   9.824   9.940   9.945  10.019  10.049  10.108 
   10.118  10.174  10.176  10.201  10.304  10.383  10.427  10.443 
   10.453  10.462  10.495  10.537  10.587  10.614  10.639  10.702 
   10.764  10.771  10.822  10.908  10.926  10.959  11.007  11.009 
   11.109  11.204  11.261  11.423  11.454  11.503  11.530  11.551 
   11.589  11.619  11.621  11.659  11.751  11.770  11.825  11.830 
   11.915  11.994  12.192  12.440  12.486  12.539  12.589  12.616 
   12.624  12.645  12.704  12.720  12.727  12.729  12.751  12.753 
   12.763  12.805  12.827  12.844  12.847  12.863  12.864  12.880 
   12.888  12.912  12.926  12.946  12.977  12.988  13.003  13.046 
   13.049  13.075  13.092  13.116  13.158  13.160  13.169  13.199 
   13.253  13.266  13.284  13.335  13.368  13.440  13.486  13.501 
   13.521  13.585  13.596  13.599  13.601  13.643  13.652  13.724 
   13.759  13.774  13.783  13.821  13.854  13.903  13.903  13.963 
   14.011  14.022  14.077  14.088  14.122  14.126  14.129  14.141 
   14.171  14.221  14.231  14.238  14.271  14.280  14.304  14.324 
   14.358  14.363  14.397  14.407  14.436  14.439  14.450  14.486 
   14.524  14.543  14.576  14.601  14.617  14.633  14.680  14.698 
   14.704  14.723  14.730  14.774  14.803  14.838  14.912  14.916 
   14.954  15.002  15.047  15.047  15.051  15.115  15.141  15.152 
   15.223  15.233  15.278  15.393  15.480  15.546  15.619  15.629 
   15.637  15.681  15.696  15.722  15.887  15.905  15.943  15.966 
   15.990  16.100  16.171  16.183  16.206  16.308  16.335  16.339 
   16.588  16.605  16.761  16.910  16.958  16.979  17.016  17.175 
   17.383  17.496  17.679  17.713  17.736  17.790  17.816  17.862 
   17.890  17.955  18.003  18.054  18.064  18.140  18.321  18.344 
   18.357  18.393  18.438  18.502  18.556  18.605  18.633  18.685 
   18.795  18.839  19.017  19.041  19.064  19.103  19.128  19.135 
   19.231  19.314  19.474  19.489  19.728  19.751  19.864  19.984 
   20.054  20.082  20.247  20.811  20.848  20.913  20.983  21.006 
   21.112  21.129  21.479  22.704  22.961  23.029  23.505  23.526 
   24.060  25.735  26.404  30.915  31.372  32.129  42.348  42.861 
   43.604  66.185  66.432  66.527  66.568  66.707  66.811  67.173 
   68.111  70.718  70.754  70.875  71.169  71.336  71.543  72.164 
   94.230 118.655 118.659 118.672 118.685 118.707 118.712 118.765 
  118.809 118.850 147.492 147.824 148.249 184.249 184.347 184.454 
  184.815 185.429 203.698 225.614 225.630 225.693 225.830 225.961 
  226.067 226.330 347.155 347.453 347.837 386.018 386.018 386.025 
  386.025 386.030 386.031 386.033 386.036 386.036 386.041 386.041 
  449.204 450.035 450.036 450.038 450.043 450.050 450.052 450.067 
  450.079 450.092 473.250 473.328 473.412 473.698 474.180 685.512 
  685.520 685.556 685.636 685.716 685.778 685.921 892.682 892.942 
  893.276 1087.653 1213.417 1213.480 1213.545 1213.768 1214.144 2892.070 
  2892.308 2892.613 4237.087 


  >>> Running RHF-MP2 <<<


RMP2-TIMING
  rmp2                  :::     2039.681 (100.00%)
  Total                 :::     2039.681 (100.00%)

MP2 correlation energy (RHF) : -0.7907936263
MP2 total energy       (RHF) : -154.9458692006


  >>> Running UHF <<<

init D/C      : input mo_coeff
init ov       : zeros
no            : 12 13
nv            : 692 691
ov_size       : 17287
max_cycle     : 1000
conv          : 6
econv         : 9
method        : diis
mom_start     : 0
guess mix     : 0.000000
orb_swap      : [[[0, 12]], []]
init E        : -133.604764678086
init S2       : 0.750000000000014
init |[F,P]|  : 1.72e-02
init |dE|     : 4.67e-02
check file    : None

iter      total energy   |[F,P]|      |dE|         ∆E   S^2   comment
   1    -134.118933095  9.37e-03  2.49e-02  -5.14e-01  0.75  DIIS mom: 11.7/12 12.6/13
   2    -134.400346146  6.83e-04  1.81e-03  -2.81e-01  0.76  DIIS mom: 11.9/12 13.0/13
   3    -134.402684436  1.86e-04  4.69e-04  -2.34e-03  0.76  DIIS mom: 12.0/12 13.0/13
   4    -134.403102930  1.03e-04  2.50e-04  -4.18e-04  0.76  DIIS mom: 12.0/12 13.0/13
   5    -134.403268698  3.97e-05  9.28e-05  -1.66e-04  0.77  DIIS mom: 12.0/12 13.0/13
   6    -134.403294901  1.22e-05  2.93e-05  -2.62e-05  0.77  DIIS mom: 12.0/12 13.0/13
   7    -134.403297393  3.09e-06  7.80e-06  -2.49e-06  0.77  DIIS mom: 12.0/12 13.0/13
   8    -134.403297536  8.30e-07  2.08e-06  -1.43e-07  0.77  DIIS mom: 12.0/12 13.0/13
   9    -134.403297545  2.70e-07  6.50e-07  -9.26e-09  0.77  DIIS mom: 12.0/12 13.0/13
  10    -134.403297546  1.20e-07  2.78e-07  -1.19e-09  0.77  DIIS mom: 12.0/12 13.0/13
  11    -134.403297546  5.78e-08  1.36e-07  -2.66e-10  0.77  DIIS mom: 12.0/12 13.0/13
                                                                      diis is converged!

SCF converged : True
final |[F,P]| : 5.78e-08
final |dE|    : 1.36e-07
final Escf    : -216.414042324153
final Etot    : -134.403297546262
final S2      : 0.770601977157202

  diis prep             :::        0.717 (  0.03%)
  diis extrap           :::        0.225 (  0.01%)
  roothaan              :::        2.717 (  0.10%)
  fock build            :::     2722.164 ( 99.87%)
  Total                 :::     2725.823 (100.00%)

Alpha occupied
  -11.561 -11.424  -1.816  -1.298  -1.131  -1.123  -1.052  -0.975 
   -0.844  -0.767  -0.752  -0.722 

Alpha virtual
  -18.946  -0.132  -0.059  -0.049  -0.046  -0.005   0.004   0.007 
    0.016   0.024   0.033   0.057   0.087   0.110   0.129   0.133 
    0.149   0.171   0.205   0.216   0.234   0.243   0.263   0.263 
    0.266   0.274   0.314   0.333   0.346   0.375   0.385   0.392 
    0.416   0.432   0.446   0.462   0.484   0.485   0.529   0.547 
    0.574   0.576   0.613   0.621   0.644   0.647   0.673   0.695 
    0.709   0.739   0.742   0.749   0.776   0.814   0.820   0.831 
    0.833   0.863   0.892   0.933   0.935   0.946   0.964   0.991 
    1.019   1.027   1.037   1.053   1.075   1.138   1.150   1.154 
    1.191   1.218   1.238   1.246   1.270   1.285   1.316   1.321 
    1.379   1.379   1.386   1.401   1.430   1.449   1.464   1.519 
    1.521   1.542   1.549   1.554   1.585   1.601   1.638   1.651 
    1.712   1.714   1.716   1.758   1.770   1.782   1.802   1.828 
    1.829   1.846   1.873   1.898   1.918   1.975   1.988   1.995 
    2.025   2.030   2.034   2.067   2.090   2.132   2.136   2.143 
    2.152   2.186   2.206   2.213   2.245   2.259   2.268   2.282 
    2.305   2.320   2.342   2.408   2.417   2.447   2.502   2.505 
    2.548   2.561   2.621   2.648   2.675   2.686   2.728   2.756 
    2.780   2.802   2.843   2.856   2.883   2.906   2.939   2.946 
    3.014   3.020   3.038   3.068   3.071   3.120   3.126   3.126 
    3.162   3.187   3.212   3.283   3.310   3.312   3.329   3.381 
    3.412   3.464   3.468   3.500   3.520   3.548   3.563   3.575 
    3.636   3.659   3.664   3.703   3.750   3.774   3.805   3.814 
    3.842   3.851   3.900   3.919   3.935   3.939   3.974   4.010 
    4.037   4.050   4.119   4.121   4.139   4.155   4.186   4.214 
    4.230   4.265   4.310   4.343   4.370   4.394   4.435   4.442 
    4.444   4.447   4.476   4.491   4.495   4.543   4.548   4.565 
    4.585   4.600   4.609   4.609   4.677   4.691   4.730   4.756 
    4.779   4.780   4.841   4.866   4.878   4.903   4.905   4.917 
    4.967   5.015   5.023   5.045   5.061   5.130   5.153   5.179 
    5.186   5.186   5.217   5.231   5.239   5.294   5.306   5.325 
    5.358   5.364   5.384   5.430   5.448   5.463   5.468   5.487 
    5.497   5.529   5.587   5.603   5.652   5.656   5.674   5.699 
    5.700   5.727   5.788   5.795   5.847   5.901   5.967   5.970 
    6.033   6.037   6.065   6.078   6.089   6.134   6.151   6.180 
    6.194   6.307   6.385   6.469   6.491   6.533   6.608   6.640 
    6.664   6.718   6.743   6.772   6.796   6.848   6.855   6.861 
    6.904   6.922   6.978   7.014   7.023   7.059   7.079   7.120 
    7.159   7.194   7.235   7.296   7.360   7.385   7.407   7.480 
    7.493   7.497   7.511   7.555   7.657   7.675   7.705   7.769 
    7.799   7.886   7.939   7.940   7.955   7.991   8.071   8.135 
    8.136   8.252   8.336   8.413   8.789   8.803   8.923   8.929 
    8.965   9.095   9.126   9.153   9.193   9.296   9.315   9.356 
    9.424   9.447   9.560   9.579   9.649   9.677   9.753   9.757 
    9.800   9.808   9.871   9.893   9.914  10.004  10.071  10.174 
   10.177  10.188  10.225  10.231  10.289  10.337  10.346  10.399 
   10.473  10.499  10.526  10.579  10.657  10.663  10.701  10.761 
   10.764  10.873  10.927  10.982  11.183  11.211  11.248  11.291 
   11.317  11.327  11.366  11.380  11.412  11.506  11.522  11.562 
   11.603  11.622  11.682  11.946  12.095  12.146  12.191  12.271 
   12.324  12.325  12.342  12.413  12.438  12.450  12.485  12.496 
   12.504  12.540  12.557  12.567  12.590  12.595  12.597  12.601 
   12.603  12.638  12.647  12.661  12.694  12.702  12.719  12.765 
   12.776  12.801  12.817  12.833  12.863  12.876  12.884  12.897 
   12.908  12.978  13.014  13.021  13.073  13.122  13.189  13.212 
   13.273  13.301  13.320  13.365  13.370  13.381  13.388  13.401 
   13.414  13.431  13.457  13.500  13.511  13.568  13.589  13.607 
   13.724  13.738  13.758  13.782  13.806  13.845  13.867  13.884 
   13.908  13.937  13.961  13.975  13.995  14.003  14.011  14.049 
   14.063  14.088  14.095  14.126  14.132  14.152  14.186  14.190 
   14.235  14.241  14.284  14.310  14.330  14.350  14.377  14.390 
   14.431  14.446  14.461  14.473  14.502  14.526  14.580  14.607 
   14.633  14.667  14.692  14.755  14.796  14.824  14.847  14.880 
   14.933  14.944  14.988  14.997  15.092  15.211  15.257  15.293 
   15.309  15.388  15.443  15.459  15.485  15.596  15.622  15.663 
   15.692  15.753  15.836  15.875  15.895  15.950  15.957  15.995 
   16.078  16.326  16.359  16.361  16.503  16.694  16.739  16.776 
   16.810  16.963  17.278  17.416  17.419  17.458  17.496  17.516 
   17.543  17.594  17.650  17.720  17.815  17.858  17.912  17.997 
   18.082  18.083  18.122  18.179  18.278  18.296  18.328  18.391 
   18.450  18.472  18.596  18.633  18.685  18.711  18.819  18.821 
   18.886  18.966  19.017  19.073  19.075  19.284  19.314  19.376 
   19.512  19.553  19.590  19.761  20.326  20.483  20.637  20.667 
   20.758  20.831  20.898  20.974  22.035  22.265  22.408  22.972 
   22.981  23.359  25.135  25.854  30.025  30.495  31.265  42.029 
   42.567  42.715  64.819  64.953  65.094  65.160  65.243  65.435 
   65.701  66.662  69.433  69.469  69.591  69.883  70.049  70.259 
   70.877  92.653 117.195 117.200 117.211 117.225 117.248 117.254 
  117.302 117.350 117.389 145.367 145.702 146.126 181.880 181.977 
  182.086 182.448 183.062 201.325 223.227 223.243 223.306 223.443 
  223.572 223.680 223.942 344.043 344.343 344.725 383.593 383.594 
  383.600 383.600 383.604 383.606 383.608 383.612 383.612 383.618 
  383.618 445.896 447.118 447.119 447.120 447.126 447.133 447.136 
  447.148 447.161 447.174 469.915 469.993 470.078 470.363 470.845 
  681.873 681.882 681.918 681.998 682.077 682.139 682.282 888.546 
  888.806 889.139 1083.370 1209.131 1209.193 1209.258 1209.481 1209.857 
  2887.079 2887.317 2887.621 4232.026 

Beta occupied
  -23.845 -11.560 -11.424  -1.934  -1.324  -1.195  -1.158  -1.130 
   -1.006  -0.854  -0.769  -0.753  -0.723 

Beta virtual
   -0.140  -0.061  -0.050  -0.047  -0.006  -0.000   0.006   0.014 
    0.024   0.028   0.057   0.087   0.109   0.121   0.133   0.142 
    0.168   0.205   0.216   0.233   0.244   0.263   0.263   0.266 
    0.273   0.309   0.331   0.340   0.376   0.387   0.392   0.416 
    0.432   0.447   0.463   0.485   0.485   0.529   0.542   0.575 
    0.577   0.613   0.621   0.644   0.648   0.674   0.695   0.708 
    0.732   0.743   0.750   0.775   0.815   0.820   0.832   0.832 
    0.862   0.893   0.931   0.936   0.946   0.965   0.989   1.016 
    1.028   1.037   1.050   1.075   1.137   1.140   1.144   1.191 
    1.210   1.239   1.242   1.269   1.286   1.317   1.319   1.378 
    1.379   1.387   1.399   1.431   1.450   1.466   1.520   1.523 
    1.543   1.550   1.554   1.586   1.602   1.639   1.649   1.712 
    1.714   1.715   1.758   1.770   1.781   1.802   1.829   1.829 
    1.848   1.872   1.898   1.918   1.974   1.990   1.995   2.025 
    2.029   2.034   2.065   2.090   2.132   2.135   2.143   2.152 
    2.187   2.206   2.214   2.244   2.259   2.268   2.282   2.305 
    2.318   2.339   2.408   2.415   2.447   2.502   2.504   2.546 
    2.561   2.620   2.646   2.675   2.684   2.727   2.757   2.776 
    2.794   2.842   2.857   2.878   2.880   2.920   2.945   3.010 
    3.012   3.031   3.062   3.067   3.106   3.121   3.128   3.160 
    3.177   3.210   3.283   3.306   3.312   3.328   3.373   3.410 
    3.462   3.468   3.501   3.517   3.548   3.563   3.574   3.636 
    3.658   3.665   3.703   3.751   3.775   3.800   3.814   3.841 
    3.851   3.900   3.920   3.935   3.939   3.973   4.010   4.036 
    4.049   4.120   4.122   4.138   4.155   4.187   4.214   4.231 
    4.266   4.311   4.343   4.370   4.395   4.433   4.443   4.444 
    4.447   4.477   4.491   4.495   4.544   4.548   4.565   4.584 
    4.600   4.609   4.610   4.676   4.692   4.730   4.757   4.778 
    4.780   4.839   4.867   4.877   4.903   4.905   4.916   4.967 
    5.013   5.023   5.046   5.055   5.127   5.153   5.177   5.185 
    5.186   5.217   5.230   5.239   5.293   5.307   5.325   5.357 
    5.363   5.382   5.428   5.448   5.462   5.469   5.487   5.493 
    5.527   5.588   5.599   5.651   5.656   5.673   5.697   5.700 
    5.727   5.787   5.795   5.847   5.898   5.957   5.967   6.032 
    6.037   6.062   6.078   6.089   6.129   6.148   6.177   6.195 
    6.300   6.384   6.467   6.489   6.521   6.597   6.606   6.656 
    6.711   6.742   6.759   6.793   6.826   6.842   6.855   6.904 
    6.919   6.975   7.011   7.022   7.057   7.076   7.118   7.137 
    7.194   7.227   7.296   7.360   7.383   7.405   7.476   7.480 
    7.496   7.510   7.552   7.656   7.670   7.700   7.767   7.792 
    7.878   7.925   7.936   7.950   7.988   8.069   8.131   8.136 
    8.240   8.307   8.393   8.774   8.795   8.912   8.930   8.963 
    9.094   9.126   9.149   9.192   9.291   9.315   9.353   9.424 
    9.447   9.560   9.578   9.641   9.673   9.748   9.751   9.799 
    9.800   9.859   9.887   9.914   9.997  10.069  10.171  10.178 
   10.186  10.225  10.231  10.289  10.337  10.347  10.399  10.473 
   10.499  10.526  10.579  10.658  10.664  10.702  10.761  10.764 
   10.872  10.926  10.982  11.184  11.211  11.247  11.291  11.316 
   11.326  11.366  11.380  11.412  11.506  11.523  11.562  11.601 
   11.622  11.679  11.946  12.097  12.148  12.191  12.273  12.325 
   12.326  12.342  12.414  12.437  12.450  12.485  12.495  12.504 
   12.540  12.556  12.567  12.590  12.595  12.596  12.597  12.601 
   12.638  12.646  12.651  12.692  12.703  12.719  12.765  12.776 
   12.801  12.817  12.833  12.863  12.871  12.883  12.897  12.901 
   12.972  13.014  13.016  13.072  13.122  13.189  13.212  13.270 
   13.301  13.318  13.364  13.369  13.380  13.387  13.400  13.414 
   13.431  13.444  13.499  13.508  13.567  13.588  13.605  13.723 
   13.738  13.753  13.781  13.803  13.842  13.867  13.881  13.908 
   13.937  13.960  13.974  13.983  14.003  14.011  14.025  14.062 
   14.064  14.090  14.093  14.124  14.149  14.184  14.189  14.231 
   14.241  14.282  14.309  14.317  14.343  14.377  14.386  14.429 
   14.434  14.452  14.473  14.497  14.524  14.579  14.603  14.624 
   14.647  14.692  14.755  14.792  14.823  14.841  14.879  14.932 
   14.942  14.988  14.989  15.091  15.184  15.251  15.291  15.308 
   15.387  15.440  15.459  15.485  15.592  15.621  15.662  15.687 
   15.752  15.836  15.849  15.893  15.949  15.957  15.993  16.078 
   16.324  16.354  16.359  16.504  16.694  16.723  16.775  16.810 
   16.956  17.278  17.410  17.415  17.455  17.491  17.515  17.542 
   17.593  17.648  17.719  17.814  17.858  17.911  17.987  18.081 
   18.082  18.121  18.178  18.277  18.294  18.328  18.390  18.450 
   18.470  18.595  18.627  18.677  18.688  18.817  18.818  18.886 
   18.898  19.004  19.065  19.070  19.237  19.304  19.358  19.478 
   19.516  19.572  19.742  20.300  20.451  20.636  20.667  20.757 
   20.814  20.897  20.950  21.984  22.211  22.361  22.947  22.964 
   23.306  25.082  25.833  29.793  30.267  31.050  41.972  42.324 
   42.672  64.500  64.778  64.850  64.914  65.053  65.139  65.527 
   66.474  69.355  69.391  69.513  69.804  69.971  70.181  70.796 
   92.247 117.135 117.140 117.151 117.165 117.187 117.194 117.242 
  117.289 117.329 144.983 145.319 145.744 181.621 181.718 181.827 
  182.189 182.804 200.918 223.059 223.076 223.139 223.275 223.405 
  223.512 223.775 343.665 343.965 344.347 383.509 383.509 383.516 
  383.516 383.520 383.522 383.523 383.527 383.528 383.534 383.534 
  445.531 446.978 446.979 446.980 446.986 446.993 446.996 447.009 
  447.022 447.034 469.650 469.728 469.813 470.099 470.581 681.666 
  681.676 681.712 681.791 681.870 681.933 682.075 888.242 888.503 
  888.836 1083.079 1208.910 1208.972 1209.037 1209.260 1209.637 2886.897 
  2887.135 2887.440 4231.868 


  >>> Running UHF-MP2 <<<

MP2 correlation energy (UHF) : -0.7401645255
MP2 total energy       (UHF) : -135.1434620717

