	*********************************************** 
	***** Beginning CEBE Calculation with MOM ***** 
	*****       Calculation Details:          ***** 
	      Geometry:	 /home/am3939/core/calculations/mols/exp/n/h-n-co.xyz
	      Core Basis:	 ccX-5Z
	      Full Basis:	 cc-pV5Z
	      DIIS (start, space):	 0 50
	      Level shift:	 0
	      Do localization?:	 False
	      Do SFX2C1E?:	 True
	      Freeze orbitals?:	 True
	      Use Cheng orbitals?:	 False
	      Do Special Basis?:	 True
	      Do Special Basis?:	 ccX-5Z
	*********************************************** 
	*********************************************** 

  >>> Running RHF <<<

init D/C      : minao
init ov       : zeros
no            : 11
nv            : 418
ov_size       : 4598
max_cycle     : 1000
conv          : 6
econv         : 9
method        : gdm
scale_stop    : 0
scale_factor  : 1.000000
init E        : -167.758547860986
init |[F,P]|  : 7.38e-03
init |dE|     : 1.91e-02
check file    : None

iter      total energy   |[F,P]|      |dE|         ∆E   comment
   1    -167.803597508  5.29e-03  1.45e-02  -4.50e-02  BFGS
   2    -167.844398454  6.67e-04  1.71e-03  -4.08e-02  BFGS
   3    -167.845057290  3.81e-04  8.55e-04  -6.59e-04  BFGS
   4    -167.845255422  9.80e-05  2.43e-04  -1.98e-04  BFGS
   5    -167.845277297  3.84e-05  9.24e-05  -2.19e-05  BFGS
   6    -167.845284426  1.56e-05  3.99e-05  -7.13e-06  BFGS
   7    -167.845285239  4.82e-06  1.31e-05  -8.12e-07  BFGS
   8    -167.845285333  1.42e-06  3.85e-06  -9.40e-08  BFGS
   9    -167.845285340  4.58e-07  1.08e-06  -7.87e-09  BFGS
  10    -167.845285341  1.01e-07  2.42e-07  -5.35e-10  BFGS
                                                                      gdm is converged!

SCF converged : True
final |[F,P]| : 1.01e-07
final |dE|    : 2.42e-07
final Escf    : -227.193432285124
final Etot    : -167.845285341004

  pxp & ewc             :::        0.220 (  0.24%)
  apply B               :::        0.002 (  0.00%)
  linsrch               :::       91.119 ( 99.75%)
  grad                  :::        0.006 (  0.01%)
  Total                 :::       91.347 (100.00%)

Alpha occupied
  -20.623 -15.592 -11.414  -1.479  -1.266  -0.818  -0.735  -0.661 
   -0.649  -0.490  -0.455 

Alpha virtual
    0.079   0.120   0.131   0.132   0.160   0.198   0.207   0.242 
    0.266   0.277   0.345   0.371   0.411   0.444   0.451   0.471 
    0.490   0.508   0.513   0.563   0.586   0.643   0.647   0.763 
    0.767   0.804   0.809   0.844   0.874   0.911   0.969   0.969 
    1.002   1.066   1.130   1.144   1.164   1.180   1.204   1.289 
    1.317   1.320   1.344   1.349   1.367   1.376   1.425   1.481 
    1.572   1.617   1.638   1.680   1.707   1.733   1.743   1.792 
    1.810   1.859   1.897   1.939   1.952   2.030   2.093   2.099 
    2.116   2.160   2.176   2.267   2.349   2.400   2.407   2.469 
    2.515   2.531   2.534   2.594   2.697   2.751   2.827   2.846 
    2.860   2.902   2.917   2.983   3.025   3.089   3.164   3.185 
    3.195   3.219   3.238   3.292   3.298   3.321   3.375   3.449 
    3.537   3.627   3.676   3.706   3.707   3.770   3.809   3.827 
    3.868   3.875   3.893   3.989   4.031   4.098   4.197   4.220 
    4.255   4.298   4.355   4.369   4.381   4.512   4.617   4.619 
    4.681   4.725   4.801   4.831   4.922   4.929   4.958   4.980 
    5.138   5.149   5.174   5.241   5.361   5.479   5.529   5.561 
    5.692   5.739   5.833   5.849   5.873   5.989   5.990   6.006 
    6.092   6.174   6.199   6.248   6.252   6.440   6.479   6.501 
    6.561   6.653   6.671   6.683   6.792   6.910   6.954   6.958 
    7.018   7.119   7.136   7.174   7.206   7.281   7.412   7.446 
    7.456   7.519   7.543   7.561   7.641   7.645   7.648   7.792 
    7.873   7.922   7.949   8.224   8.402   8.456   8.470   8.494 
    8.586   8.680   8.812   8.892   8.945   9.034   9.149   9.186 
    9.344   9.509   9.540   9.603   9.655   9.844   9.846   9.892 
    9.916  10.002  10.035  10.042  10.125  10.140  10.156  10.372 
   10.453  10.500  10.589  10.892  10.913  11.024  11.134  11.288 
   11.396  11.423  11.547  11.625  11.733  11.852  11.882  12.008 
   12.156  12.361  12.441  12.565  12.584  12.671  12.685  12.717 
   12.876  12.890  12.956  12.971  12.998  13.231  13.397  13.474 
   13.501  13.652  13.781  13.788  13.851  13.908  13.945  14.071 
   14.159  14.230  14.230  14.239  14.340  14.359  14.413  14.470 
   14.481  14.505  14.513  14.542  14.811  14.897  14.963  15.105 
   15.110  15.129  15.369  15.390  15.426  15.524  15.862  16.015 
   16.316  16.334  16.453  16.582  16.609  16.662  16.681  16.756 
   16.845  16.889  17.072  17.117  17.259  17.273  17.550  17.821 
   17.827  18.100  18.247  18.405  18.496  18.496  18.675  18.800 
   18.809  18.831  19.004  19.028  19.041  19.383  19.392  19.473 
   19.726  19.745  20.235  20.238  20.275  20.430  21.096  21.466 
   21.873  21.959  22.192  22.288  22.338  23.650  23.663  23.777 
   23.844  24.768  26.594  26.996  28.429  33.475  40.147  53.887 
   53.926  54.061  54.261  54.351  54.533  54.593  55.027  55.038 
   55.214  55.830  56.029  56.606  57.067  58.222  64.604  71.995 
  100.424 100.425 100.484 100.495 100.526 100.535 100.601 100.666 
  100.680 125.519 125.746 126.576 150.448 150.618 150.895 151.721 
  151.853 155.281 173.376 173.393 173.702 173.853 173.853 174.042 
  174.327 294.382 294.587 295.331 320.664 320.664 320.664 320.665 
  320.665 320.666 320.666 320.668 320.668 320.670 320.670 341.954 
  373.457 373.457 373.476 373.479 373.488 373.491 373.513 373.533 
  373.538 384.160 384.296 384.514 385.184 385.273 529.763 529.773 
  529.955 530.034 530.042 530.149 530.298 754.793 754.971 755.615 
  825.440 976.396 976.503 976.674 977.200 977.269 2440.568 2440.732 
  2441.318 3195.360 


  >>> Running RHF-MP2 <<<


RMP2-TIMING
  rmp2                  :::       70.941 (100.00%)
  Total                 :::       70.941 (100.00%)

MP2 correlation energy (RHF) : -0.7637766523
MP2 total energy       (RHF) : -168.6090619933


  >>> Running UHF <<<

init D/C      : input mo_coeff
init ov       : zeros
no            : 10 11
nv            : 419 418
ov_size       : 8788
max_cycle     : 1000
conv          : 6
econv         : 9
method        : diis
mom_start     : 0
guess mix     : 0.000000
orb_swap      : [[[1, 10]], []]
init E        : -152.253754294645
init S2       : 0.750000000000117
init |[F,P]|  : 2.42e-02
init |dE|     : 5.48e-02
check file    : None

iter      total energy   |[F,P]|      |dE|         ∆E   S^2   comment
   1    -152.628699033  1.45e-02  3.16e-02  -3.75e-01  0.75  DIIS mom: 9.7/10 10.6/11
   2    -152.920824486  1.77e-03  4.86e-03  -2.92e-01  0.76  DIIS mom: 9.9/10 10.9/11
   3    -152.926881926  1.01e-03  2.91e-03  -6.06e-03  0.76  DIIS mom: 10.0/10 11.0/11
   4    -152.930101188  2.70e-04  5.86e-04  -3.22e-03  0.76  DIIS mom: 10.0/10 11.0/11
   5    -152.930518334  1.34e-04  2.76e-04  -4.17e-04  0.77  DIIS mom: 10.0/10 11.0/11
   6    -152.930668048  5.30e-05  1.15e-04  -1.50e-04  0.78  DIIS mom: 10.0/10 11.0/11
   7    -152.930702369  2.53e-05  6.04e-05  -3.43e-05  0.78  DIIS mom: 10.0/10 11.0/11
   8    -152.930713891  1.73e-05  4.28e-05  -1.15e-05  0.78  DIIS mom: 10.0/10 11.0/11
   9    -152.930722254  1.29e-05  3.17e-05  -8.36e-06  0.78  DIIS mom: 10.0/10 11.0/11
  10    -152.930730819  6.24e-06  1.52e-05  -8.56e-06  0.78  DIIS mom: 10.0/10 11.0/11
  11    -152.930732472  3.48e-06  8.50e-06  -1.65e-06  0.78  DIIS mom: 10.0/10 11.0/11
  12    -152.930732870  2.06e-06  5.10e-06  -3.99e-07  0.78  DIIS mom: 10.0/10 11.0/11
  13    -152.930733018  9.96e-07  2.40e-06  -1.47e-07  0.78  DIIS mom: 10.0/10 11.0/11
  14    -152.930733051  2.89e-07  6.62e-07  -3.32e-08  0.78  DIIS mom: 10.0/10 11.0/11
  15    -152.930733053  9.20e-08  2.14e-07  -1.62e-09  0.78  DIIS mom: 10.0/10 11.0/11
  16    -152.930733053  3.27e-08  7.99e-08  -1.22e-10  0.78  DIIS mom: 10.0/10 11.0/11
                                                                      diis is converged!

SCF converged : True
final |[F,P]| : 3.27e-08
final |dE|    : 7.99e-08
final Escf    : -212.278879996754
final Etot    : -152.930733052634
final S2      : 0.781897777697219

  diis prep             :::        0.098 (  0.06%)
  diis extrap           :::        0.111 (  0.07%)
  roothaan              :::        0.736 (  0.46%)
  fock build            :::      157.418 ( 99.40%)
  Total                 :::      158.363 (100.00%)

Alpha occupied
  -20.976 -11.801  -1.809  -1.701  -1.235  -1.058  -1.021  -1.020 
   -0.877  -0.860 

Alpha virtual
  -14.223  -0.161  -0.141  -0.117  -0.068  -0.053  -0.048   0.025 
    0.044   0.051   0.058   0.090   0.146   0.183   0.185   0.215 
    0.256   0.258   0.273   0.275   0.331   0.338   0.394   0.403 
    0.506   0.528   0.554   0.560   0.577   0.638   0.662   0.693 
    0.700   0.743   0.776   0.859   0.884   0.897   0.911   0.938 
    0.998   1.022   1.026   1.052   1.056   1.095   1.102   1.134 
    1.198   1.267   1.334   1.355   1.398   1.412   1.453   1.468 
    1.510   1.538   1.573   1.615   1.664   1.679   1.745   1.799 
    1.823   1.823   1.880   1.883   1.976   2.047   2.093   2.109 
    2.155   2.208   2.250   2.250   2.289   2.399   2.409   2.507 
    2.513   2.528   2.578   2.582   2.669   2.727   2.788   2.850 
    2.885   2.892   2.901   2.941   3.005   3.011   3.017   3.054 
    3.147   3.238   3.308   3.358   3.373   3.401   3.459   3.482 
    3.500   3.547   3.549   3.579   3.663   3.707   3.766   3.871 
    3.903   3.933   3.966   4.023   4.051   4.067   4.201   4.311 
    4.318   4.377   4.409   4.481   4.508   4.600   4.601   4.640 
    4.645   4.806   4.816   4.853   4.925   5.038   5.144   5.200 
    5.221   5.368   5.413   5.448   5.476   5.540   5.637   5.673 
    5.688   5.693   5.789   5.830   5.878   5.899   6.074   6.163 
    6.170   6.237   6.303   6.328   6.352   6.458   6.571   6.597 
    6.629   6.641   6.807   6.819   6.826   6.856   6.951   7.085 
    7.128   7.129   7.213   7.228   7.228   7.301   7.305   7.317 
    7.464   7.533   7.580   7.624   7.878   8.079   8.083   8.127 
    8.141   8.240   8.330   8.453   8.563   8.611   8.684   8.799 
    8.835   8.987   9.136   9.176   9.236   9.282   9.485   9.487 
    9.534   9.561   9.638   9.682   9.683   9.779   9.794   9.829 
   10.032  10.059  10.151  10.209  10.562  10.578  10.680  10.787 
   10.939  11.042  11.071  11.198  11.275  11.347  11.493  11.513 
   11.664  11.800  11.938  12.061  12.158  12.211  12.309  12.320 
   12.358  12.409  12.444  12.567  12.607  12.616  12.873  13.027 
   13.083  13.139  13.300  13.413  13.424  13.476  13.551  13.574 
   13.692  13.779  13.860  13.909  13.909  14.014  14.035  14.056 
   14.056  14.094  14.095  14.133  14.142  14.436  14.522  14.597 
   14.637  14.752  14.762  14.978  15.006  15.045  15.139  15.468 
   15.597  15.929  15.934  16.072  16.219  16.226  16.313  16.318 
   16.388  16.440  16.522  16.641  16.694  16.902  16.922  17.162 
   17.288  17.338  17.706  17.783  18.008  18.162  18.162  18.184 
   18.232  18.477  18.479  18.610  18.691  18.696  19.057  19.057 
   19.063  19.375  19.391  19.755  19.895  19.914  20.027  20.654 
   20.976  21.443  21.614  21.831  21.946  21.987  23.312  23.320 
   23.342  23.425  24.398  25.767  26.185  27.636  32.582  39.767 
   52.576  52.692  52.856  52.982  53.046  53.338  53.418  53.803 
   53.825  53.989  54.487  54.736  55.333  55.807  56.944  64.255 
   70.591  99.031  99.032  99.080  99.094  99.120  99.130  99.198 
   99.254  99.269 123.551 123.772 124.595 148.292 148.462 148.733 
  149.558 149.692 153.185 171.254 171.271 171.576 171.724 171.726 
  171.910 172.196 291.554 291.756 292.495 318.416 318.416 318.419 
  318.420 318.421 318.425 318.425 318.430 318.430 318.437 318.437 
  339.049 370.805 370.806 370.819 370.824 370.830 370.833 370.855 
  370.872 370.877 381.179 381.314 381.529 382.198 382.288 526.556 
  526.566 526.744 526.823 526.831 526.936 527.085 751.101 751.279 
  751.920 821.698 972.612 972.719 972.889 973.414 973.483 2436.174 
  2436.338 2436.923 3190.950 

Beta occupied
  -20.972 -18.505 -11.799  -1.820  -1.769  -1.284  -1.084  -1.068 
   -1.050  -0.889  -0.881 

Beta virtual
   -0.160  -0.149  -0.120  -0.074  -0.053  -0.049   0.025   0.042 
    0.050   0.050   0.086   0.135   0.178   0.188   0.215   0.252 
    0.252   0.273   0.275   0.329   0.336   0.396   0.405   0.506 
    0.528   0.553   0.560   0.579   0.639   0.664   0.680   0.704 
    0.743   0.765   0.853   0.884   0.895   0.905   0.933   0.977 
    1.017   1.020   1.047   1.048   1.096   1.104   1.134   1.201 
    1.270   1.336   1.354   1.399   1.413   1.451   1.470   1.513 
    1.537   1.575   1.616   1.662   1.677   1.746   1.799   1.821 
    1.823   1.881   1.885   1.976   2.047   2.088   2.104   2.148 
    2.200   2.251   2.251   2.282   2.381   2.401   2.478   2.483 
    2.520   2.571   2.579   2.662   2.733   2.789   2.842   2.882 
    2.891   2.897   2.939   3.004   3.012   3.018   3.053   3.147 
    3.237   3.306   3.354   3.367   3.401   3.460   3.481   3.502 
    3.545   3.551   3.576   3.662   3.706   3.769   3.871   3.904 
    3.933   3.966   4.025   4.052   4.066   4.201   4.314   4.320 
    4.378   4.411   4.483   4.509   4.597   4.602   4.640   4.642 
    4.800   4.811   4.851   4.926   5.033   5.135   5.197   5.215 
    5.365   5.400   5.415   5.452   5.534   5.620   5.626   5.686 
    5.689   5.723   5.803   5.863   5.888   6.056   6.164   6.167 
    6.238   6.288   6.322   6.348   6.454   6.565   6.589   6.625 
    6.626   6.810   6.812   6.825   6.846   6.950   7.085   7.129 
    7.131   7.214   7.228   7.229   7.302   7.306   7.314   7.464 
    7.533   7.580   7.623   7.872   8.068   8.078   8.123   8.135 
    8.237   8.328   8.448   8.565   8.612   8.683   8.798   8.834 
    8.982   9.128   9.169   9.237   9.281   9.486   9.487   9.535 
    9.561   9.640   9.683   9.684   9.777   9.796   9.830  10.032 
   10.037  10.147  10.200  10.561  10.576  10.678  10.788  10.936 
   11.043  11.071  11.197  11.271  11.321  11.492  11.506  11.664 
   11.790  11.898  11.996  12.136  12.204  12.306  12.314  12.333 
   12.371  12.382  12.558  12.605  12.617  12.871  13.006  13.067 
   13.133  13.301  13.410  13.423  13.469  13.550  13.567  13.677 
   13.767  13.847  13.911  13.911  14.012  14.022  14.036  14.051 
   14.072  14.086  14.124  14.136  14.428  14.500  14.566  14.591 
   14.747  14.756  14.965  15.002  15.038  15.133  15.460  15.585 
   15.918  15.925  16.066  16.198  16.224  16.312  16.313  16.383 
   16.422  16.518  16.625  16.685  16.899  16.918  17.156  17.249 
   17.320  17.700  17.768  18.000  18.159  18.166  18.167  18.191 
   18.480  18.482  18.605  18.696  18.701  19.043  19.059  19.065 
   19.373  19.391  19.724  19.897  19.916  20.018  20.640  20.956 
   21.422  21.615  21.828  21.951  21.989  23.301  23.313  23.332 
   23.423  24.385  25.554  25.986  27.459  32.286  39.768  52.425 
   52.567  52.776  52.878  52.909  53.249  53.345  53.708  53.725 
   53.894  54.319  54.576  55.048  55.572  56.696  64.256  70.235 
   98.972  98.973  99.022  99.036  99.062  99.071  99.139  99.196 
   99.212 123.214 123.437 124.262 148.061 148.231 148.504 149.329 
  149.464 152.828 171.106 171.123 171.428 171.577 171.579 171.763 
  172.050 291.231 291.433 292.173 318.339 318.340 318.342 318.343 
  318.344 318.348 318.348 318.353 318.353 318.360 318.360 338.729 
  370.680 370.681 370.694 370.699 370.705 370.709 370.731 370.748 
  370.753 380.949 381.085 381.300 381.969 382.059 526.374 526.384 
  526.563 526.642 526.649 526.755 526.904 750.847 751.024 751.666 
  821.442 972.424 972.531 972.700 973.225 973.295 2436.025 2436.188 
  2436.773 3190.811 


  >>> Running UHF-MP2 <<<

MP2 correlation energy (UHF) : -0.7387588182
MP2 total energy       (UHF) : -153.6694918708

