	*********************************************** 
	***** Beginning CEBE Calculation with MOM ***** 
	*****       Calculation Details:          ***** 
	      Geometry:	 /work/morgunov/core/calculations/mols/exp/n/pnh2pyridi-n-e.xyz
	      Core Basis:	 cc-pCV5Z
	      Full Basis:	 cc-pV5Z
	      DIIS (start, space):	 0 50
	      Level shift:	 0
	      Do localization?:	 False
	      Do SFX2C1E?:	 True
	      Freeze orbitals?:	 True
	      Use Cheng orbitals?:	 False
	      Do Special Basis?:	 False
	*********************************************** 
	*********************************************** 

  >>> Running RHF <<<

init D/C      : minao
init ov       : zeros
no            : 25
nv            : 1050
ov_size       : 26250
max_cycle     : 1000
conv          : 6
econv         : 9
method        : gdm
scale_stop    : 0
scale_factor  : 1.000000
init E        : -301.766001637322
init |[F,P]|  : 2.89e-03
init |dE|     : 6.60e-03
check file    : None

iter      total energy   |[F,P]|      |dE|         ∆E   comment
   1    -301.846633650  1.25e-03  2.84e-03  -8.06e-02  BFGS
   2    -301.859161523  4.72e-04  1.09e-03  -1.25e-02  BFGS
   3    -301.860756252  1.07e-04  2.55e-04  -1.59e-03  BFGS
   4    -301.860855589  3.60e-05  8.01e-05  -9.93e-05  BFGS
   5    -301.860869826  9.43e-06  2.16e-05  -1.42e-05  BFGS
   6    -301.860871604  2.97e-06  6.92e-06  -1.78e-06  BFGS
   7    -301.860871694  1.33e-06  3.04e-06  -8.93e-08  BFGS
   8    -301.860871710  2.24e-07  5.13e-07  -1.60e-08  BFGS
   9    -301.860871710  8.19e-08  1.82e-07  -8.63e-10  BFGS
                                                                      gdm is converged!

SCF converged : True
final |[F,P]| : 8.19e-08
final |dE|    : 1.82e-07
final Escf    : -576.955384364392
final Etot    : -301.860871710402

  pxp & ewc             :::        1.714 (  0.04%)
  apply B               :::        0.005 (  0.00%)
  linsrch               :::     4290.784 ( 99.96%)
  grad                  :::        0.067 (  0.00%)
  Total                 :::     4292.570 (100.00%)

Alpha occupied
  -15.580 -15.545 -11.299 -11.270 -11.270 -11.226 -11.226  -1.259 
   -1.228  -1.053  -1.029  -0.860  -0.844  -0.723  -0.715  -0.655 
   -0.626  -0.610  -0.591  -0.558  -0.511  -0.488  -0.412  -0.348 
   -0.334 

Alpha virtual
    0.079   0.097   0.108   0.117   0.122   0.126   0.143   0.168 
    0.183   0.205   0.209   0.221   0.230   0.234   0.242   0.253 
    0.282   0.287   0.299   0.314   0.334   0.347   0.354   0.361 
    0.376   0.378   0.384   0.387   0.389   0.417   0.421   0.423 
    0.435   0.456   0.465   0.473   0.480   0.500   0.505   0.512 
    0.525   0.536   0.550   0.558   0.594   0.599   0.607   0.620 
    0.631   0.649   0.651   0.674   0.680   0.693   0.697   0.701 
    0.717   0.723   0.737   0.755   0.763   0.784   0.789   0.803 
    0.812   0.819   0.835   0.838   0.847   0.853   0.863   0.883 
    0.893   0.904   0.921   0.932   0.935   0.947   0.958   0.967 
    0.981   0.988   1.000   1.008   1.033   1.041   1.042   1.047 
    1.052   1.060   1.081   1.081   1.101   1.106   1.128   1.138 
    1.142   1.146   1.164   1.182   1.186   1.213   1.238   1.241 
    1.253   1.264   1.285   1.298   1.305   1.325   1.343   1.349 
    1.375   1.382   1.405   1.418   1.453   1.465   1.468   1.487 
    1.516   1.527   1.536   1.538   1.563   1.574   1.585   1.587 
    1.593   1.597   1.606   1.627   1.641   1.659   1.668   1.670 
    1.672   1.685   1.692   1.697   1.706   1.709   1.752   1.757 
    1.766   1.771   1.797   1.802   1.818   1.829   1.845   1.859 
    1.866   1.873   1.890   1.896   1.925   1.947   1.954   1.956 
    1.956   1.970   2.004   2.005   2.015   2.035   2.045   2.046 
    2.054   2.067   2.090   2.097   2.109   2.120   2.121   2.129 
    2.129   2.148   2.169   2.173   2.182   2.186   2.207   2.207 
    2.222   2.233   2.248   2.249   2.281   2.292   2.306   2.324 
    2.352   2.352   2.355   2.372   2.375   2.390   2.412   2.442 
    2.447   2.449   2.461   2.486   2.512   2.522   2.525   2.568 
    2.573   2.577   2.603   2.604   2.623   2.625   2.657   2.666 
    2.685   2.705   2.724   2.731   2.773   2.793   2.831   2.832 
    2.839   2.867   2.879   2.880   2.902   2.914   2.917   2.965 
    2.969   2.980   2.998   3.003   3.039   3.042   3.067   3.074 
    3.119   3.149   3.158   3.177   3.192   3.201   3.217   3.229 
    3.234   3.252   3.269   3.271   3.324   3.353   3.359   3.363 
    3.388   3.392   3.402   3.405   3.415   3.442   3.454   3.467 
    3.499   3.515   3.541   3.550   3.554   3.586   3.603   3.604 
    3.641   3.650   3.665   3.666   3.703   3.720   3.727   3.756 
    3.766   3.785   3.801   3.823   3.827   3.834   3.844   3.849 
    3.857   3.878   3.884   3.897   3.906   3.934   3.937   3.957 
    3.973   3.990   4.006   4.032   4.032   4.036   4.074   4.074 
    4.083   4.094   4.095   4.123   4.124   4.155   4.175   4.193 
    4.195   4.204   4.211   4.230   4.250   4.254   4.274   4.294 
    4.303   4.309   4.310   4.341   4.342   4.344   4.366   4.376 
    4.386   4.411   4.413   4.448   4.466   4.495   4.506   4.533 
    4.546   4.566   4.588   4.597   4.608   4.635   4.652   4.666 
    4.671   4.681   4.683   4.712   4.715   4.733   4.753   4.769 
    4.777   4.786   4.799   4.804   4.827   4.843   4.862   4.865 
    4.873   4.876   4.923   4.940   4.942   4.959   4.976   4.979 
    5.004   5.013   5.031   5.034   5.044   5.058   5.069   5.098 
    5.099   5.114   5.123   5.150   5.179   5.189   5.192   5.195 
    5.215   5.229   5.235   5.256   5.282   5.291   5.294   5.335 
    5.348   5.354   5.360   5.367   5.393   5.416   5.438   5.446 
    5.452   5.466   5.483   5.495   5.507   5.507   5.516   5.561 
    5.563   5.594   5.614   5.653   5.667   5.679   5.684   5.707 
    5.715   5.727   5.783   5.790   5.793   5.819   5.836   5.854 
    5.862   5.875   5.897   5.900   5.906   5.950   5.973   5.984 
    6.008   6.008   6.022   6.052   6.054   6.072   6.113   6.131 
    6.158   6.177   6.200   6.204   6.247   6.249   6.287   6.299 
    6.331   6.340   6.352   6.384   6.385   6.417   6.447   6.481 
    6.482   6.542   6.562   6.578   6.595   6.632   6.641   6.647 
    6.691   6.721   6.761   6.783   6.814   6.839   6.841   6.873 
    6.878   6.904   6.960   7.001   7.003   7.022   7.069   7.088 
    7.120   7.141   7.165   7.187   7.208   7.224   7.280   7.287 
    7.321   7.365   7.380   7.420   7.449   7.505   7.534   7.537 
    7.545   7.598   7.635   7.678   7.711   7.722   7.747   7.790 
    7.831   7.873   7.876   7.891   7.913   7.931   7.999   8.012 
    8.048   8.059   8.136   8.159   8.178   8.184   8.235   8.256 
    8.297   8.304   8.354   8.377   8.387   8.405   8.415   8.419 
    8.431   8.460   8.484   8.536   8.542   8.562   8.578   8.578 
    8.643   8.707   8.732   8.736   8.781   8.789   8.832   8.834 
    8.861   8.896   8.908   8.939   8.957   8.991   9.005   9.043 
    9.056   9.069   9.087   9.101   9.115   9.127   9.181   9.184 
    9.230   9.238   9.247   9.253   9.287   9.293   9.353   9.427 
    9.467   9.476   9.495   9.517   9.547   9.572   9.592   9.613 
    9.630   9.669   9.700   9.771   9.816   9.870   9.880   9.933 
    9.953   9.954   9.974  10.005  10.046  10.057  10.063  10.109 
   10.133  10.138  10.197  10.215  10.224  10.272  10.274  10.286 
   10.300  10.314  10.339  10.361  10.365  10.369  10.397  10.442 
   10.450  10.475  10.493  10.495  10.524  10.529  10.551  10.587 
   10.645  10.661  10.669  10.686  10.687  10.748  10.761  10.812 
   10.818  10.875  10.896  10.910  10.928  10.981  10.993  11.033 
   11.038  11.073  11.078  11.123  11.125  11.130  11.152  11.156 
   11.185  11.212  11.218  11.233  11.277  11.293  11.297  11.315 
   11.328  11.373  11.377  11.400  11.459  11.477  11.485  11.508 
   11.518  11.527  11.540  11.558  11.573  11.608  11.620  11.631 
   11.651  11.709  11.718  11.719  11.728  11.753  11.859  11.862 
   11.976  11.988  11.993  12.006  12.027  12.091  12.093  12.115 
   12.126  12.171  12.184  12.193  12.240  12.284  12.320  12.388 
   12.401  12.402  12.444  12.494  12.528  12.556  12.604  12.624 
   12.634  12.668  12.679  12.684  12.698  12.710  12.730  12.753 
   12.780  12.792  12.792  12.802  12.806  12.832  12.840  12.846 
   12.874  12.876  12.882  12.895  12.906  12.923  12.929  12.937 
   12.958  12.993  12.996  13.004  13.008  13.037  13.048  13.109 
   13.118  13.183  13.198  13.202  13.204  13.252  13.257  13.277 
   13.319  13.341  13.343  13.390  13.408  13.410  13.468  13.504 
   13.540  13.551  13.558  13.563  13.576  13.608  13.646  13.655 
   13.686  13.698  13.699  13.716  13.753  13.764  13.793  13.821 
   13.831  13.831  13.856  13.877  13.882  13.890  13.898  13.929 
   13.964  13.969  13.986  13.989  14.016  14.038  14.067  14.114 
   14.126  14.132  14.152  14.177  14.185  14.205  14.221  14.227 
   14.235  14.256  14.258  14.289  14.289  14.323  14.325  14.355 
   14.356  14.429  14.435  14.441  14.444  14.466  14.473  14.503 
   14.506  14.544  14.548  14.558  14.585  14.596  14.598  14.624 
   14.646  14.675  14.723  14.730  14.740  14.812  14.833  14.868 
   14.925  14.931  14.934  14.972  14.977  15.034  15.051  15.061 
   15.085  15.096  15.098  15.141  15.146  15.227  15.245  15.293 
   15.320  15.350  15.384  15.408  15.418  15.455  15.487  15.553 
   15.564  15.611  15.612  15.617  15.650  15.701  15.726  15.793 
   15.802  15.841  15.868  15.912  15.946  15.993  16.078  16.081 
   16.140  16.220  16.239  16.258  16.294  16.345  16.358  16.389 
   16.448  16.475  16.480  16.614  16.643  16.685  16.688  16.711 
   16.801  16.806  16.818  16.829  16.895  16.969  16.994  17.144 
   17.288  17.320  17.353  17.364  17.422  17.473  17.514  17.606 
   17.620  17.676  17.689  17.737  17.791  17.915  17.917  17.932 
   18.024  18.056  18.061  18.078  18.112  18.129  18.144  18.215 
   18.266  18.314  18.371  18.433  18.503  18.583  18.679  18.796 
   18.814  18.871  18.961  19.106  19.303  19.307  19.500  19.728 
   19.744  20.003  20.192  20.564  20.854  20.905  21.003  21.012 
   21.047  21.302  21.353  21.531  21.571  22.983  23.748  25.331 
   26.777  30.020  30.644  31.352  32.098  32.335  32.904  39.741 
   41.212  41.426  42.246  42.721  50.649  50.840  51.058  51.114 
   51.141  51.478  51.854  51.987  52.006  52.564  58.754  58.851 
   59.046  59.145  59.177  59.181  59.186  59.320  59.322  59.482 
   59.570  59.632  59.724  60.046  66.283  66.918  83.158  83.629 
   84.253  84.943  85.062  85.318 150.726 150.856 151.026 151.029 
  151.036 151.300 151.574 151.641 151.681 152.048 172.636 173.212 
  209.066 209.066 209.067 209.072 209.073 209.076 209.079 209.081 
  209.083 209.089 209.090 209.095 209.097 209.097 209.100 209.102 
  209.112 209.112 230.054 230.436 230.972 231.536 231.616 231.821 
  236.351 236.395 236.459 236.519 236.524 236.535 236.557 236.570 
  236.583 236.672 236.687 236.710 236.752 236.894 450.329 450.862 
  456.943 457.046 457.140 457.142 457.156 457.359 457.534 457.579 
  457.622 457.857 644.214 644.532 644.994 645.497 645.570 645.751 
  1576.867 1578.813 


  >>> Running RHF-MP2 <<<


RMP2-TIMING
  rmp2                  :::     4253.984 (100.00%)
  Total                 :::     4253.984 (100.00%)

MP2 correlation energy (RHF) : -1.5830411752
MP2 total energy       (RHF) : -303.4439128856


  >>> Running UHF <<<

init D/C      : input mo_coeff
init ov       : zeros
no            : 24 25
nv            : 1051 1050
ov_size       : 51474
max_cycle     : 1000
conv          : 6
econv         : 9
method        : diis
mom_start     : 0
guess mix     : 0.000000
orb_swap      : [[[1, 24]], []]
init E        : -286.316151009225
init S2       : 0.75000000000027
init |[F,P]|  : 8.03e-03
init |dE|     : 2.29e-02
check file    : None

iter      total energy   |[F,P]|      |dE|         ∆E   S^2   comment
   1    -286.626032468  5.59e-03  1.47e-02  -3.10e-01  0.75  DIIS mom: 23.6/24 24.5/25
   2    -287.032247276  6.11e-04  1.49e-03  -4.06e-01  0.76  DIIS mom: 23.9/24 24.9/25
   3    -287.039096519  2.68e-04  6.00e-04  -6.85e-03  0.76  DIIS mom: 24.0/24 25.0/25
   4    -287.040683202  1.08e-04  2.62e-04  -1.59e-03  0.77  DIIS mom: 24.0/24 25.0/25
   5    -287.041416077  5.51e-05  1.29e-04  -7.33e-04  0.78  DIIS mom: 24.0/24 25.0/25
   6    -287.041650705  2.87e-05  6.31e-05  -2.35e-04  0.78  DIIS mom: 24.0/24 25.0/25
   7    -287.041725720  1.88e-05  3.96e-05  -7.50e-05  0.79  DIIS mom: 24.0/24 25.0/25
   8    -287.041775406  1.24e-05  2.53e-05  -4.97e-05  0.79  DIIS mom: 24.0/24 25.0/25
   9    -287.041805284  7.66e-06  1.52e-05  -2.99e-05  0.80  DIIS mom: 24.0/24 25.0/25
  10    -287.041815008  5.97e-06  1.17e-05  -9.72e-06  0.80  DIIS mom: 24.0/24 25.0/25
  11    -287.041821477  4.87e-06  9.48e-06  -6.47e-06  0.80  DIIS mom: 24.0/24 25.0/25
  12    -287.041826786  3.76e-06  7.34e-06  -5.31e-06  0.80  DIIS mom: 24.0/24 25.0/25
  13    -287.041831984  2.20e-06  4.47e-06  -5.20e-06  0.80  DIIS mom: 24.0/24 25.0/25
  14    -287.041833404  1.16e-06  2.39e-06  -1.42e-06  0.80  DIIS mom: 24.0/24 25.0/25
  15    -287.041833689  4.67e-07  1.01e-06  -2.85e-07  0.80  DIIS mom: 24.0/24 25.0/25
  16    -287.041833716  1.84e-07  3.94e-07  -2.65e-08  0.80  DIIS mom: 24.0/24 25.0/25
  17    -287.041833718  9.01e-08  1.84e-07  -2.49e-09  0.80  DIIS mom: 24.0/24 25.0/25
  18    -287.041833719  4.53e-08  9.33e-08  -5.65e-10  0.80  DIIS mom: 24.0/24 25.0/25
                                                                      diis is converged!

SCF converged : True
final |[F,P]| : 4.53e-08
final |dE|    : 9.33e-08
final Escf    : -562.136346372842
final Etot    : -287.041833718851
final S2      : 0.802079521722774

  diis prep             :::        1.796 (  0.02%)
  diis extrap           :::        1.577 (  0.02%)
  roothaan              :::        6.910 (  0.08%)
  fock build            :::     9005.594 ( 99.89%)
  Total                 :::     9015.877 (100.00%)

Alpha occupied
  -15.778 -11.541 -11.541 -11.529 -11.441 -11.441  -1.562  -1.441 
   -1.283  -1.271  -1.113  -1.070  -0.955  -0.945  -0.874  -0.852 
   -0.851  -0.841  -0.812  -0.737  -0.731  -0.716  -0.570  -0.566 

Alpha virtual
  -14.073  -0.126  -0.083  -0.055  -0.036  -0.035  -0.008   0.005 
    0.018   0.036   0.040   0.047   0.053   0.078   0.081   0.090 
    0.104   0.124   0.134   0.142   0.152   0.168   0.178   0.191 
    0.197   0.200   0.214   0.215   0.224   0.232   0.250   0.252 
    0.257   0.267   0.269   0.283   0.300   0.303   0.311   0.326 
    0.345   0.349   0.360   0.371   0.378   0.416   0.422   0.425 
    0.441   0.446   0.460   0.469   0.498   0.498   0.523   0.523 
    0.529   0.542   0.546   0.556   0.566   0.577   0.607   0.615 
    0.622   0.633   0.640   0.649   0.653   0.666   0.671   0.682 
    0.689   0.714   0.722   0.733   0.746   0.753   0.758   0.772 
    0.781   0.794   0.806   0.818   0.820   0.848   0.857   0.863 
    0.864   0.877   0.879   0.899   0.902   0.927   0.931   0.944 
    0.946   0.959   0.960   0.973   0.999   1.012   1.027   1.029 
    1.047   1.047   1.057   1.085   1.111   1.114   1.123   1.125 
    1.162   1.187   1.190   1.224   1.226   1.270   1.270   1.279 
    1.286   1.319   1.334   1.344   1.353   1.367   1.374   1.393 
    1.398   1.402   1.406   1.417   1.438   1.448   1.465   1.467 
    1.467   1.474   1.493   1.499   1.508   1.513   1.519   1.556 
    1.567   1.570   1.570   1.597   1.616   1.633   1.634   1.646 
    1.661   1.664   1.678   1.690   1.700   1.722   1.731   1.743 
    1.760   1.771   1.775   1.811   1.814   1.821   1.842   1.856 
    1.863   1.864   1.876   1.899   1.907   1.915   1.927   1.933 
    1.938   1.944   1.952   1.974   1.978   1.992   1.999   2.019 
    2.019   2.033   2.036   2.052   2.058   2.083   2.092   2.098 
    2.130   2.156   2.158   2.161   2.170   2.180   2.193   2.208 
    2.240   2.246   2.256   2.264   2.286   2.302   2.315   2.329 
    2.367   2.371   2.376   2.391   2.400   2.418   2.429   2.459 
    2.466   2.476   2.506   2.525   2.534   2.575   2.590   2.621 
    2.632   2.636   2.668   2.676   2.689   2.693   2.708   2.710 
    2.752   2.765   2.774   2.798   2.801   2.833   2.840   2.867 
    2.871   2.903   2.928   2.955   2.959   2.982   2.988   3.012 
    3.018   3.025   3.037   3.051   3.054   3.113   3.139   3.150 
    3.157   3.174   3.178   3.193   3.202   3.207   3.233   3.240 
    3.259   3.296   3.309   3.338   3.339   3.344   3.371   3.379 
    3.398   3.420   3.425   3.448   3.456   3.504   3.511   3.519 
    3.542   3.554   3.580   3.587   3.598   3.602   3.618   3.624 
    3.638   3.647   3.661   3.673   3.674   3.705   3.716   3.727 
    3.755   3.769   3.775   3.783   3.814   3.819   3.831   3.850 
    3.856   3.865   3.880   3.880   3.896   3.913   3.927   3.968 
    3.971   3.984   4.004   4.012   4.019   4.038   4.050   4.066 
    4.079   4.093   4.096   4.111   4.123   4.126   4.143   4.158 
    4.160   4.172   4.205   4.214   4.227   4.255   4.282   4.303 
    4.330   4.333   4.356   4.366   4.392   4.408   4.419   4.447 
    4.459   4.463   4.473   4.481   4.504   4.513   4.524   4.541 
    4.559   4.565   4.575   4.583   4.602   4.628   4.633   4.654 
    4.656   4.660   4.670   4.718   4.721   4.732   4.751   4.775 
    4.781   4.798   4.809   4.816   4.824   4.835   4.861   4.861 
    4.891   4.891   4.904   4.931   4.945   4.977   4.987   4.992 
    5.002   5.014   5.015   5.021   5.050   5.073   5.075   5.093 
    5.129   5.135   5.135   5.149   5.155   5.193   5.204   5.226 
    5.235   5.249   5.253   5.280   5.291   5.303   5.308   5.313 
    5.351   5.352   5.383   5.398   5.449   5.463   5.474   5.475 
    5.493   5.495   5.512   5.569   5.575   5.595   5.604   5.624 
    5.652   5.655   5.665   5.674   5.691   5.694   5.728   5.734 
    5.749   5.778   5.787   5.822   5.835   5.843   5.868   5.897 
    5.919   5.949   5.960   5.985   5.988   6.031   6.040   6.073 
    6.100   6.110   6.124   6.137   6.160   6.168   6.197   6.226 
    6.272   6.272   6.315   6.330   6.367   6.371   6.421   6.426 
    6.434   6.472   6.512   6.552   6.577   6.596   6.599   6.627 
    6.641   6.661   6.689   6.743   6.778   6.794   6.821   6.860 
    6.878   6.906   6.926   6.957   6.980   7.015   7.023   7.068 
    7.085   7.117   7.138   7.147   7.206   7.237   7.265   7.309 
    7.319   7.330   7.376   7.416   7.459   7.462   7.474   7.499 
    7.573   7.596   7.642   7.655   7.676   7.699   7.713   7.776 
    7.795   7.823   7.840   7.913   7.938   7.951   7.973   7.988 
    8.051   8.068   8.079   8.083   8.149   8.159   8.180   8.191 
    8.203   8.203   8.243   8.274   8.322   8.325   8.344   8.351 
    8.367   8.431   8.488   8.502   8.509   8.550   8.567   8.606 
    8.606   8.624   8.644   8.697   8.710   8.736   8.750   8.778 
    8.813   8.820   8.852   8.867   8.870   8.884   8.900   8.951 
    8.959   8.998   9.007   9.008   9.016   9.063   9.087   9.111 
    9.195   9.244   9.244   9.269   9.281   9.312   9.343   9.350 
    9.384   9.400   9.441   9.470   9.540   9.562   9.637   9.649 
    9.710   9.719   9.726   9.736   9.780   9.810   9.814   9.840 
    9.878   9.900   9.906   9.959   9.983   9.998  10.042  10.045 
   10.058  10.074  10.085  10.107  10.117  10.126  10.129  10.151 
   10.198  10.207  10.237  10.253  10.267  10.290  10.297  10.310 
   10.358  10.414  10.423  10.426  10.443  10.465  10.514  10.524 
   10.553  10.585  10.594  10.656  10.693  10.696  10.754  10.760 
   10.793  10.808  10.832  10.857  10.895  10.896  10.904  10.923 
   10.928  10.962  10.977  10.987  11.004  11.055  11.063  11.082 
   11.087  11.100  11.146  11.151  11.176  11.235  11.252  11.260 
   11.279  11.288  11.308  11.316  11.337  11.343  11.358  11.395 
   11.400  11.441  11.484  11.496  11.507  11.511  11.532  11.614 
   11.635  11.707  11.745  11.757  11.774  11.794  11.871  11.872 
   11.887  11.887  11.943  11.957  11.961  12.019  12.062  12.105 
   12.154  12.185  12.192  12.228  12.269  12.300  12.340  12.404 
   12.404  12.425  12.434  12.446  12.454  12.480  12.489  12.515 
   12.548  12.560  12.576  12.578  12.593  12.594  12.618  12.620 
   12.644  12.663  12.668  12.679  12.679  12.700  12.704  12.725 
   12.732  12.744  12.770  12.781  12.789  12.797  12.820  12.830 
   12.885  12.913  12.932  12.969  12.990  12.993  13.033  13.045 
   13.084  13.085  13.096  13.113  13.166  13.196  13.201  13.250 
   13.279  13.291  13.320  13.337  13.339  13.361  13.394  13.448 
   13.450  13.469  13.493  13.503  13.508  13.545  13.571  13.576 
   13.597  13.612  13.636  13.649  13.650  13.671  13.686  13.690 
   13.724  13.753  13.774  13.776  13.795  13.812  13.836  13.873 
   13.898  13.918  13.920  13.938  13.979  13.982  13.985  14.003 
   14.017  14.022  14.042  14.043  14.080  14.084  14.111  14.124 
   14.158  14.161  14.196  14.204  14.223  14.224  14.254  14.263 
   14.266  14.301  14.312  14.319  14.344  14.376  14.377  14.386 
   14.413  14.418  14.472  14.491  14.518  14.532  14.605  14.614 
   14.652  14.696  14.724  14.727  14.752  14.762  14.769  14.791 
   14.848  14.863  14.864  14.884  14.923  14.929  15.014  15.014 
   15.069  15.092  15.115  15.124  15.149  15.197  15.243  15.265 
   15.308  15.339  15.347  15.373  15.389  15.421  15.482  15.496 
   15.567  15.581  15.638  15.642  15.683  15.734  15.773  15.854 
   15.864  15.919  15.989  16.033  16.036  16.086  16.134  16.145 
   16.180  16.209  16.253  16.290  16.384  16.397  16.441  16.450 
   16.466  16.498  16.503  16.585  16.641  16.704  16.759  16.807 
   16.920  17.092  17.116  17.138  17.152  17.215  17.225  17.273 
   17.305  17.406  17.457  17.467  17.499  17.538  17.558  17.680 
   17.705  17.733  17.742  17.794  17.864  17.888  17.912  17.930 
   18.000  18.021  18.043  18.107  18.156  18.224  18.261  18.385 
   18.461  18.589  18.682  18.735  18.896  19.087  19.091  19.264 
   19.457  19.484  19.539  19.699  20.380  20.643  20.717  20.788 
   20.816  20.859  21.085  21.133  21.345  21.386  22.797  23.562 
   24.586  26.582  29.044  30.369  30.445  31.124  32.139  32.711 
   39.508  40.977  41.177  41.995  42.490  49.431  49.623  49.838 
   50.624  50.766  50.916  50.944  51.280  51.805  52.369  57.596 
   57.695  57.983  58.021  58.022  58.304  58.547  58.847  58.978 
   59.123  59.125  59.373  59.438  59.851  64.841  66.719  81.440 
   82.526  83.214  83.429  84.865  85.123 148.576 148.706 148.873 
  149.414 149.521 150.831 150.839 151.102 151.446 151.852 170.313 
  173.012 207.040 207.041 207.045 207.049 207.050 207.052 207.052 
  207.053 207.054 208.868 208.869 208.870 208.875 208.876 208.878 
  208.882 208.885 208.887 227.411 228.322 228.885 230.238 231.420 
  231.625 233.905 233.950 234.071 234.074 234.109 234.216 234.296 
  236.262 236.337 236.373 236.386 236.490 236.513 236.698 447.082 
  450.663 453.735 453.839 453.947 454.321 454.410 456.943 456.946 
  457.162 457.383 457.660 640.647 641.423 641.926 644.335 645.374 
  645.555 1572.796 1578.608 

Beta occupied
  -18.359 -15.777 -11.537 -11.537 -11.528 -11.442 -11.442  -1.643 
   -1.440  -1.293  -1.275  -1.130  -1.075  -0.976  -0.955  -0.914 
   -0.894  -0.858  -0.856  -0.810  -0.757  -0.741  -0.722  -0.580 
   -0.570 

Beta virtual
   -0.129  -0.073  -0.055  -0.036  -0.035  -0.008   0.003   0.017 
    0.036   0.040   0.045   0.049   0.077   0.081   0.090   0.102 
    0.122   0.131   0.142   0.154   0.167   0.175   0.191   0.196 
    0.200   0.214   0.214   0.221   0.231   0.250   0.254   0.255 
    0.263   0.266   0.280   0.298   0.301   0.313   0.322   0.343 
    0.349   0.362   0.368   0.377   0.415   0.419   0.420   0.442 
    0.446   0.462   0.471   0.493   0.494   0.523   0.524   0.529 
    0.541   0.546   0.552   0.566   0.578   0.607   0.616   0.617 
    0.631   0.642   0.647   0.655   0.665   0.671   0.681   0.690 
    0.715   0.723   0.735   0.748   0.754   0.757   0.774   0.781 
    0.791   0.804   0.817   0.820   0.845   0.856   0.864   0.864 
    0.878   0.880   0.899   0.901   0.927   0.930   0.943   0.947 
    0.958   0.961   0.974   0.998   1.011   1.018   1.029   1.043 
    1.049   1.059   1.082   1.109   1.111   1.122   1.123   1.162 
    1.187   1.191   1.224   1.225   1.271   1.271   1.279   1.285 
    1.315   1.333   1.344   1.353   1.367   1.372   1.393   1.395 
    1.400   1.406   1.417   1.439   1.448   1.462   1.467   1.468 
    1.475   1.491   1.498   1.508   1.512   1.520   1.554   1.565 
    1.570   1.570   1.593   1.617   1.634   1.634   1.646   1.660 
    1.665   1.678   1.690   1.697   1.718   1.728   1.742   1.762 
    1.771   1.775   1.810   1.814   1.822   1.842   1.857   1.864 
    1.865   1.876   1.899   1.905   1.916   1.928   1.933   1.940 
    1.944   1.952   1.974   1.977   1.991   1.999   2.019   2.020 
    2.034   2.035   2.052   2.058   2.083   2.093   2.098   2.131 
    2.156   2.158   2.160   2.169   2.180   2.192   2.207   2.238 
    2.246   2.255   2.264   2.286   2.300   2.316   2.328   2.365 
    2.370   2.377   2.391   2.397   2.418   2.428   2.460   2.464 
    2.474   2.503   2.525   2.534   2.575   2.587   2.612   2.633 
    2.636   2.669   2.677   2.682   2.692   2.708   2.710   2.745 
    2.763   2.773   2.799   2.801   2.832   2.841   2.866   2.872 
    2.903   2.922   2.953   2.956   2.982   2.988   3.012   3.017 
    3.025   3.030   3.049   3.050   3.114   3.135   3.149   3.157 
    3.172   3.177   3.193   3.201   3.206   3.231   3.238   3.260 
    3.296   3.309   3.337   3.339   3.341   3.360   3.373   3.398 
    3.414   3.424   3.448   3.454   3.503   3.511   3.520   3.543 
    3.554   3.577   3.585   3.592   3.595   3.618   3.624   3.638 
    3.647   3.659   3.668   3.672   3.704   3.714   3.727   3.755 
    3.768   3.773   3.781   3.812   3.814   3.832   3.849   3.849 
    3.864   3.878   3.881   3.895   3.914   3.930   3.966   3.967 
    3.984   4.004   4.013   4.019   4.037   4.050   4.066   4.077 
    4.090   4.095   4.111   4.124   4.125   4.143   4.159   4.159 
    4.171   4.206   4.213   4.228   4.255   4.282   4.303   4.329 
    4.332   4.354   4.366   4.392   4.408   4.414   4.446   4.458 
    4.463   4.473   4.481   4.504   4.513   4.524   4.539   4.558 
    4.563   4.572   4.582   4.602   4.627   4.633   4.653   4.654 
    4.659   4.670   4.716   4.719   4.729   4.752   4.775   4.781 
    4.798   4.809   4.814   4.823   4.835   4.861   4.861   4.889 
    4.890   4.904   4.931   4.944   4.977   4.983   4.991   5.002 
    5.014   5.014   5.018   5.049   5.069   5.074   5.093   5.129 
    5.132   5.134   5.149   5.154   5.194   5.201   5.224   5.232 
    5.249   5.252   5.280   5.291   5.303   5.308   5.313   5.350 
    5.351   5.382   5.396   5.448   5.463   5.473   5.474   5.491 
    5.492   5.511   5.569   5.569   5.594   5.603   5.622   5.651 
    5.654   5.661   5.671   5.690   5.692   5.721   5.728   5.742 
    5.774   5.785   5.823   5.834   5.843   5.868   5.896   5.919 
    5.949   5.960   5.985   5.988   6.030   6.039   6.072   6.098 
    6.109   6.121   6.134   6.158   6.168   6.196   6.225   6.266 
    6.272   6.315   6.322   6.367   6.369   6.418   6.425   6.434 
    6.469   6.510   6.551   6.577   6.590   6.594   6.627   6.637 
    6.659   6.688   6.742   6.776   6.794   6.820   6.859   6.878 
    6.905   6.926   6.957   6.980   7.015   7.022   7.065   7.085 
    7.117   7.134   7.143   7.206   7.234   7.257   7.306   7.313 
    7.330   7.373   7.415   7.444   7.458   7.462   7.493   7.573 
    7.590   7.635   7.655   7.676   7.699   7.711   7.771   7.794 
    7.823   7.839   7.913   7.936   7.950   7.964   7.980   8.050 
    8.066   8.066   8.082   8.147   8.158   8.179   8.190   8.202 
    8.202   8.239   8.274   8.322   8.325   8.344   8.349   8.367 
    8.431   8.489   8.502   8.504   8.549   8.560   8.604   8.605 
    8.622   8.636   8.694   8.711   8.736   8.750   8.779   8.812 
    8.819   8.851   8.852   8.870   8.884   8.900   8.944   8.959 
    8.993   9.007   9.007   9.016   9.062   9.087   9.106   9.196 
    9.241   9.244   9.268   9.280   9.302   9.343   9.345   9.384 
    9.400   9.440   9.469   9.540   9.541   9.635   9.649   9.704 
    9.716   9.726   9.734   9.780   9.811   9.815   9.839   9.878 
    9.901   9.907   9.952   9.982   9.999  10.040  10.046  10.059 
   10.073  10.086  10.108  10.111  10.117  10.130  10.147  10.196 
   10.199  10.232  10.252  10.267  10.276  10.297  10.305  10.358 
   10.375  10.423  10.426  10.442  10.464  10.507  10.515  10.542 
   10.584  10.594  10.656  10.693  10.696  10.754  10.760  10.795 
   10.805  10.828  10.857  10.894  10.895  10.905  10.917  10.928 
   10.961  10.972  10.988  11.004  11.054  11.062  11.080  11.087 
   11.100  11.143  11.151  11.176  11.235  11.251  11.257  11.277 
   11.289  11.307  11.313  11.329  11.336  11.354  11.395  11.399 
   11.440  11.483  11.492  11.506  11.508  11.529  11.607  11.622 
   11.690  11.736  11.757  11.774  11.792  11.867  11.872  11.887 
   11.887  11.940  11.958  11.961  12.018  12.061  12.104  12.154 
   12.184  12.189  12.228  12.268  12.299  12.339  12.400  12.400 
   12.419  12.424  12.445  12.445  12.478  12.484  12.505  12.540 
   12.559  12.572  12.578  12.593  12.593  12.611  12.619  12.644 
   12.662  12.667  12.677  12.678  12.700  12.702  12.723  12.731 
   12.739  12.767  12.781  12.785  12.796  12.818  12.830  12.879 
   12.912  12.922  12.969  12.990  12.992  13.033  13.045  13.076 
   13.083  13.095  13.112  13.164  13.196  13.201  13.249  13.272 
   13.288  13.317  13.334  13.336  13.361  13.394  13.447  13.450 
   13.468  13.492  13.503  13.508  13.544  13.570  13.573  13.594 
   13.608  13.636  13.648  13.649  13.671  13.685  13.690  13.724 
   13.753  13.774  13.775  13.795  13.812  13.835  13.872  13.898 
   13.917  13.919  13.937  13.979  13.982  13.985  14.002  14.017 
   14.022  14.041  14.043  14.080  14.083  14.108  14.124  14.157 
   14.161  14.191  14.202  14.220  14.222  14.254  14.262  14.263 
   14.301  14.309  14.317  14.343  14.376  14.376  14.386  14.413 
   14.417  14.472  14.484  14.517  14.532  14.601  14.614  14.652 
   14.692  14.723  14.726  14.752  14.758  14.760  14.783  14.846 
   14.861  14.864  14.883  14.922  14.928  15.012  15.014  15.063 
   15.091  15.108  15.115  15.146  15.196  15.243  15.260  15.303 
   15.330  15.346  15.370  15.387  15.419  15.481  15.491  15.566 
   15.576  15.636  15.642  15.680  15.733  15.772  15.852  15.863 
   15.918  15.985  16.032  16.035  16.086  16.133  16.144  16.174 
   16.208  16.249  16.290  16.381  16.392  16.423  16.428  16.461 
   16.497  16.503  16.584  16.641  16.705  16.758  16.808  16.918 
   17.091  17.113  17.138  17.152  17.181  17.224  17.271  17.305 
   17.400  17.445  17.467  17.488  17.499  17.554  17.674  17.695 
   17.731  17.742  17.788  17.858  17.888  17.908  17.930  17.984 
   17.994  18.042  18.106  18.155  18.212  18.224  18.386  18.461 
   18.588  18.682  18.734  18.895  19.087  19.090  19.253  19.417 
   19.470  19.535  19.668  20.380  20.643  20.718  20.788  20.817 
   20.859  21.084  21.131  21.345  21.386  22.796  23.562  24.275 
   26.583  28.732  30.074  30.446  30.838  32.139  32.711  39.506 
   40.976  41.177  41.995  42.489  49.275  49.467  49.683  50.472 
   50.614  50.916  50.945  51.281  51.806  52.370  57.514  57.612 
   57.901  57.940  57.940  58.221  58.468  58.848  58.979  59.123 
   59.126  59.374  59.438  59.851  64.398  66.719  81.032  82.125 
   82.817  83.430  84.866  85.124 148.321 148.451 148.618 149.161 
  149.268 150.831 150.839 151.102 151.446 151.852 169.884 173.012 
  206.932 206.932 206.937 206.940 206.942 206.943 206.944 206.944 
  206.946 208.868 208.869 208.870 208.875 208.876 208.879 208.882 
  208.886 208.887 227.027 227.941 228.505 230.238 231.420 231.626 
  233.717 233.761 233.882 233.886 233.919 234.028 234.108 236.262 
  236.337 236.373 236.386 236.490 236.513 236.698 446.736 450.663 
  453.472 453.575 453.684 454.059 454.147 456.943 456.946 457.162 
  457.383 457.660 640.354 641.131 641.633 644.335 645.374 645.555 
  1572.580 1578.608 


  >>> Running UHF-MP2 <<<

MP2 correlation energy (UHF) : -1.5395152874
MP2 total energy       (UHF) : -288.5813490063

