	*********************************************** 
	***** Beginning CEBE Calculation with MOM ***** 
	*****       Calculation Details:          ***** 
	      Geometry:	 /work/morgunov/core/calculations/mols/exp/o/ch2chcho.xyz
	      Core Basis:	 cc-pCV5Z
	      Full Basis:	 cc-pV5Z
	      DIIS (start, space):	 0 50
	      Level shift:	 0
	      Do localization?:	 False
	      Do SFX2C1E?:	 True
	      Freeze orbitals?:	 True
	      Use Cheng orbitals?:	 False
	      Do Special Basis?:	 False
	*********************************************** 
	*********************************************** 

  >>> Running RHF <<<

init D/C      : minao
init ov       : zeros
no            : 15
nv            : 623
ov_size       : 9345
max_cycle     : 1000
conv          : 6
econv         : 9
method        : gdm
scale_stop    : 0
scale_factor  : 1.000000
init E        : -190.709859686155
init |[F,P]|  : 5.86e-03
init |dE|     : 1.54e-02
check file    : None

iter      total energy   |[F,P]|      |dE|         ∆E   comment
   1    -190.757978805  5.40e-03  1.45e-02  -4.81e-02  BFGS
   2    -190.846823272  5.23e-04  1.28e-03  -8.88e-02  BFGS
   3    -190.848291228  1.58e-04  3.81e-04  -1.47e-03  BFGS
   4    -190.848530322  8.65e-05  2.23e-04  -2.39e-04  BFGS
   5    -190.848570666  3.67e-05  8.90e-05  -4.03e-05  BFGS
   6    -190.848579333  1.06e-05  2.64e-05  -8.67e-06  BFGS
   7    -190.848579803  3.09e-06  7.43e-06  -4.71e-07  BFGS
   8    -190.848579850  8.28e-07  1.94e-06  -4.64e-08  BFGS
   9    -190.848579855  2.42e-07  5.86e-07  -4.82e-09  BFGS
  10    -190.848579855  9.54e-08  2.28e-07  -3.45e-10  BFGS
                                                                      gdm is converged!

SCF converged : True
final |[F,P]| : 9.54e-08
final |dE|    : 2.28e-07
final Escf    : -293.793487785858
final Etot    : -190.848579854897

  pxp & ewc             :::        0.574 (  0.08%)
  apply B               :::        0.004 (  0.00%)
  linsrch               :::      716.748 ( 99.91%)
  grad                  :::        0.050 (  0.01%)
  Total                 :::      717.375 (100.00%)

Alpha occupied
  -20.556 -11.336 -11.273 -11.258  -1.387  -1.088  -0.887  -0.789 
   -0.671  -0.668  -0.604  -0.563  -0.541  -0.434  -0.400 

Alpha virtual
    0.070   0.089   0.100   0.122   0.148   0.153   0.180   0.211 
    0.217   0.242   0.252   0.262   0.312   0.330   0.332   0.353 
    0.358   0.386   0.391   0.398   0.429   0.452   0.466   0.479 
    0.488   0.519   0.539   0.554   0.562   0.568   0.599   0.624 
    0.654   0.658   0.685   0.711   0.726   0.742   0.744   0.763 
    0.767   0.812   0.815   0.847   0.864   0.868   0.916   0.921 
    0.922   0.948   0.964   0.980   0.981   0.995   1.016   1.031 
    1.049   1.066   1.083   1.090   1.111   1.137   1.201   1.259 
    1.284   1.297   1.320   1.344   1.354   1.383   1.399   1.420 
    1.433   1.457   1.479   1.499   1.523   1.526   1.528   1.548 
    1.569   1.571   1.590   1.625   1.633   1.662   1.673   1.686 
    1.710   1.738   1.744   1.756   1.788   1.789   1.842   1.864 
    1.889   1.899   1.901   1.970   1.976   2.003   2.015   2.044 
    2.051   2.059   2.073   2.094   2.096   2.124   2.145   2.156 
    2.157   2.195   2.205   2.221   2.233   2.244   2.293   2.322 
    2.332   2.372   2.386   2.416   2.436   2.476   2.491   2.518 
    2.540   2.609   2.692   2.696   2.726   2.757   2.763   2.781 
    2.846   2.860   2.947   2.962   2.970   3.008   3.029   3.053 
    3.068   3.099   3.132   3.155   3.162   3.192   3.238   3.255 
    3.272   3.276   3.308   3.345   3.393   3.395   3.403   3.408 
    3.468   3.480   3.482   3.548   3.584   3.593   3.603   3.625 
    3.653   3.685   3.715   3.727   3.751   3.783   3.798   3.811 
    3.821   3.852   3.856   3.898   3.916   3.955   3.962   4.001 
    4.002   4.031   4.048   4.067   4.092   4.094   4.153   4.154 
    4.211   4.232   4.235   4.238   4.321   4.329   4.352   4.368 
    4.383   4.406   4.438   4.445   4.488   4.520   4.566   4.578 
    4.598   4.614   4.634   4.644   4.665   4.700   4.713   4.756 
    4.773   4.781   4.816   4.828   4.848   4.883   4.900   4.933 
    4.950   4.970   5.027   5.056   5.071   5.086   5.120   5.127 
    5.132   5.166   5.220   5.237   5.245   5.280   5.303   5.317 
    5.335   5.336   5.386   5.416   5.470   5.489   5.493   5.556 
    5.564   5.596   5.642   5.669   5.688   5.745   5.771   5.780 
    5.805   5.891   5.917   5.935   5.975   6.018   6.022   6.080 
    6.141   6.143   6.251   6.275   6.320   6.357   6.414   6.449 
    6.470   6.523   6.601   6.604   6.678   6.719   6.846   6.847 
    6.915   6.927   6.965   7.041   7.077   7.141   7.162   7.233 
    7.260   7.271   7.292   7.314   7.352   7.385   7.400   7.420 
    7.464   7.528   7.563   7.580   7.613   7.660   7.675   7.691 
    7.724   7.752   7.816   7.865   7.979   8.039   8.066   8.111 
    8.163   8.204   8.268   8.323   8.352   8.355   8.478   8.492 
    8.517   8.530   8.576   8.684   8.707   8.798   8.818   8.836 
    8.871   8.910   8.939   8.988   9.021   9.032   9.091   9.205 
    9.210   9.260   9.287   9.328   9.343   9.349   9.407   9.479 
    9.569   9.610   9.622   9.765   9.773   9.813   9.825   9.847 
    9.950  10.053  10.076  10.099  10.102  10.117  10.124  10.135 
   10.205  10.214  10.252  10.254  10.280  10.308  10.351  10.354 
   10.416  10.440  10.533  10.557  10.632  10.664  10.676  10.717 
   10.749  10.777  10.801  10.842  10.842  10.914  10.948  10.952 
   10.990  11.039  11.080  11.173  11.183  11.222  11.239  11.285 
   11.314  11.329  11.456  11.523  11.529  11.567  11.587  11.615 
   11.727  11.793  11.830  11.889  12.036  12.146  12.217  12.295 
   12.415  12.453  12.565  12.596  12.665  12.699  12.703  12.727 
   12.744  12.754  12.784  12.786  12.795  12.804  12.831  12.835 
   12.844  12.867  12.937  12.939  13.002  13.040  13.086  13.110 
   13.147  13.224  13.231  13.246  13.320  13.357  13.408  13.433 
   13.505  13.527  13.550  13.595  13.603  13.658  13.678  13.753 
   13.783  13.788  13.859  13.908  13.934  13.956  13.995  13.996 
   14.033  14.055  14.068  14.100  14.192  14.197  14.205  14.215 
   14.237  14.263  14.292  14.292  14.295  14.309  14.345  14.354 
   14.390  14.417  14.458  14.465  14.483  14.494  14.538  14.561 
   14.584  14.598  14.661  14.727  14.788  14.800  14.811  14.832 
   14.917  14.987  15.031  15.036  15.130  15.169  15.286  15.321 
   15.431  15.443  15.463  15.534  15.577  15.702  15.738  15.852 
   15.868  15.965  15.972  16.086  16.120  16.195  16.258  16.300 
   16.370  16.533  16.573  16.723  16.962  17.059  17.350  17.359 
   17.413  17.454  17.455  17.591  17.718  17.873  17.884  17.932 
   18.024  18.050  18.102  18.342  18.399  18.581  18.586  18.654 
   18.860  18.891  18.910  18.935  19.071  19.080  19.134  19.201 
   19.408  19.413  19.489  19.524  19.636  19.708  19.762  19.773 
   19.979  20.728  20.753  20.802  20.956  21.309  21.440  21.808 
   21.850  22.009  22.990  23.337  23.692  30.241  38.396  38.763 
   39.896  40.281  41.663  42.133  61.082  61.165  61.670  61.886 
   62.109  71.759  71.778  71.979  72.051  72.401  72.619  72.648 
   82.699 107.581 107.890 109.105 181.221 181.279 181.653 181.806 
  181.948 220.347 245.749 245.751 245.754 245.755 245.758 245.762 
  245.764 245.774 245.776 291.457 291.465 291.545 291.572 291.706 
  291.785 291.800 298.726 298.986 300.036 556.530 556.569 556.833 
  556.936 557.029 583.829 837.389 837.600 838.484 2073.153 


  >>> Running RHF-MP2 <<<


RMP2-TIMING
  rmp2                  :::      551.411 (100.00%)
  Total                 :::      551.411 (100.00%)

MP2 correlation energy (RHF) : -0.9375055015
MP2 total energy       (RHF) : -191.7860853564


  >>> Running UHF <<<

init D/C      : input mo_coeff
init ov       : zeros
no            : 14 15
nv            : 624 623
ov_size       : 18081
max_cycle     : 1000
conv          : 6
econv         : 9
method        : diis
mom_start     : 0
guess mix     : 0.000000
orb_swap      : [[[0, 14]], []]
init E        : -170.292976096239
init S2       : 0.750000000000123
init |[F,P]|  : 1.44e-02
init |dE|     : 4.57e-02
check file    : None

iter      total energy   |[F,P]|      |dE|         ∆E   S^2   comment
   1    -170.791436837  8.31e-03  2.60e-02  -4.98e-01  0.75  DIIS mom: 13.6/14 14.5/15
   2    -171.127881473  7.43e-04  2.09e-03  -3.36e-01  0.76  DIIS mom: 13.9/14 14.9/15
   3    -171.132666063  2.34e-04  6.17e-04  -4.78e-03  0.76  DIIS mom: 14.0/14 15.0/15
   4    -171.133517002  1.18e-04  3.17e-04  -8.51e-04  0.77  DIIS mom: 14.0/14 15.0/15
   5    -171.133840457  4.66e-05  1.14e-04  -3.23e-04  0.77  DIIS mom: 14.0/14 15.0/15
   6    -171.133893516  3.13e-05  6.57e-05  -5.31e-05  0.77  DIIS mom: 14.0/14 15.0/15
   7    -171.133926918  2.75e-05  5.26e-05  -3.34e-05  0.77  DIIS mom: 14.0/14 15.0/15
   8    -171.133959260  2.65e-05  4.81e-05  -3.23e-05  0.78  DIIS mom: 14.0/14 15.0/15
   9    -171.133988783  2.62e-05  4.72e-05  -2.95e-05  0.78  DIIS mom: 14.0/14 15.0/15
  10    -171.134045410  2.56e-05  4.60e-05  -5.66e-05  0.78  DIIS mom: 14.0/14 15.0/15
  11    -171.134366715  2.42e-05  5.47e-05  -3.21e-04  0.83  DIIS mom: 14.0/14 15.0/15
  12    -171.134338933  1.75e-05  3.35e-05   2.78e-05  0.82  DIIS mom: 14.0/14 15.0/15
  13    -171.134352265  4.08e-05  9.25e-05  -1.33e-05  0.91  DIIS mom: 14.0/14 15.0/15
  14    -171.134384114  1.78e-05  3.82e-05  -3.18e-05  0.83  DIIS mom: 14.0/14 15.0/15
  15    -171.134427875  1.27e-06  2.28e-06  -4.38e-05  0.86  DIIS mom: 14.0/14 15.0/15
  16    -171.134427597  2.85e-06  6.25e-06   2.78e-07  0.87  DIIS mom: 14.0/14 15.0/15
  17    -171.134428292  1.73e-07  3.43e-07  -6.95e-07  0.86  DIIS mom: 14.0/14 15.0/15
  18    -171.134428296  7.90e-08  1.78e-07  -4.60e-09  0.86  DIIS mom: 14.0/14 15.0/15
  19    -171.134428297  2.75e-08  5.92e-08  -2.60e-10  0.86  DIIS mom: 14.0/14 15.0/15
                                                                      diis is converged!

SCF converged : True
final |[F,P]| : 2.75e-08
final |dE|    : 5.92e-08
final Escf    : -274.079336227567
final Etot    : -171.134428296606
final S2      : 0.864686569566006

  diis prep             :::        0.507 (  0.03%)
  diis extrap           :::        0.488 (  0.03%)
  roothaan              :::        2.138 (  0.15%)
  fock build            :::     1467.296 ( 99.79%)
  Total                 :::     1470.429 (100.00%)

Alpha occupied
  -11.673 -11.525 -11.491  -1.797  -1.338  -1.173  -1.080  -1.034 
   -0.966  -0.965  -0.864  -0.833  -0.763  -0.655 

Alpha virtual
  -18.870  -0.202  -0.072  -0.055  -0.051  -0.039  -0.000   0.006 
    0.025   0.041   0.070   0.071   0.077   0.134   0.136   0.140 
    0.160   0.176   0.210   0.214   0.222   0.222   0.245   0.264 
    0.272   0.301   0.308   0.331   0.341   0.367   0.368   0.408 
    0.419   0.441   0.447   0.474   0.513   0.524   0.545   0.547 
    0.548   0.574   0.589   0.607   0.637   0.651   0.664   0.705 
    0.705   0.716   0.736   0.760   0.775   0.777   0.785   0.804 
    0.816   0.852   0.859   0.878   0.887   0.913   0.920   0.990 
    1.035   1.048   1.078   1.088   1.106   1.131   1.159   1.168 
    1.183   1.210   1.232   1.266   1.276   1.296   1.305   1.319 
    1.324   1.343   1.353   1.365   1.394   1.414   1.421   1.443 
    1.462   1.469   1.511   1.526   1.531   1.563   1.575   1.618 
    1.639   1.663   1.663   1.671   1.736   1.747   1.757   1.792 
    1.819   1.826   1.834   1.844   1.875   1.883   1.908   1.930 
    1.935   1.936   1.970   1.978   2.000   2.012   2.026   2.061 
    2.104   2.113   2.139   2.158   2.178   2.215   2.240   2.245 
    2.286   2.300   2.384   2.460   2.465   2.481   2.512   2.524 
    2.560   2.599   2.623   2.707   2.727   2.729   2.752   2.792 
    2.818   2.824   2.866   2.897   2.902   2.916   2.927   2.991 
    3.007   3.016   3.039   3.060   3.078   3.144   3.147   3.158 
    3.166   3.237   3.240   3.249   3.296   3.340   3.342   3.368 
    3.373   3.412   3.448   3.478   3.485   3.509   3.536   3.557 
    3.565   3.566   3.592   3.614   3.642   3.682   3.722   3.724 
    3.753   3.770   3.804   3.828   3.830   3.853   3.859   3.895 
    3.923   3.963   3.985   3.993   4.001   4.055   4.063   4.110 
    4.129   4.140   4.169   4.179   4.219   4.253   4.262   4.293 
    4.333   4.354   4.362   4.378   4.398   4.408   4.447   4.447 
    4.521   4.538   4.541   4.565   4.584   4.596   4.619   4.639 
    4.700   4.708   4.731   4.792   4.807   4.827   4.861   4.887 
    4.895   4.900   4.919   4.965   5.014   5.027   5.032   5.071 
    5.072   5.090   5.117   5.151   5.169   5.229   5.250   5.256 
    5.304   5.322   5.333   5.403   5.420   5.445   5.489   5.505 
    5.543   5.575   5.638   5.659   5.708   5.730   5.765   5.779 
    5.833   5.862   5.868   6.001   6.033   6.051   6.108   6.163 
    6.208   6.229   6.285   6.348   6.373   6.401   6.465   6.575 
    6.585   6.667   6.688   6.725   6.807   6.822   6.880   6.920 
    6.967   6.975   7.004   7.033   7.039   7.066   7.142   7.159 
    7.170   7.223   7.266   7.271   7.328   7.364   7.385   7.422 
    7.453   7.458   7.497   7.511   7.595   7.720   7.760   7.808 
    7.877   7.920   7.957   7.998   8.064   8.079   8.082   8.194 
    8.238   8.247   8.255   8.296   8.374   8.398   8.527   8.554 
    8.568   8.624   8.637   8.674   8.734   8.746   8.761   8.827 
    8.923   8.955   8.999   9.008   9.063   9.073   9.092   9.152 
    9.229   9.248   9.295   9.374   9.500   9.507   9.542   9.566 
    9.594   9.647   9.784   9.789   9.822   9.830   9.850   9.856 
    9.867   9.920   9.959  10.000  10.012  10.018  10.058  10.088 
   10.105  10.131  10.173  10.270  10.280  10.322  10.386  10.424 
   10.449  10.465  10.505  10.531  10.547  10.589  10.638  10.670 
   10.694  10.747  10.773  10.828  10.920  10.922  10.965  10.991 
   10.999  11.034  11.075  11.207  11.249  11.271  11.315  11.328 
   11.378  11.468  11.490  11.546  11.638  11.778  11.911  11.960 
   12.042  12.165  12.165  12.285  12.358  12.422  12.423  12.471 
   12.498  12.499  12.525  12.539  12.542  12.575  12.577  12.602 
   12.604  12.626  12.635  12.701  12.708  12.712  12.764  12.814 
   12.818  12.891  12.943  13.008  13.012  13.084  13.128  13.130 
   13.195  13.239  13.266  13.317  13.344  13.369  13.435  13.436 
   13.443  13.527  13.565  13.619  13.636  13.669  13.694  13.719 
   13.772  13.783  13.801  13.819  13.830  13.888  13.928  13.961 
   13.980  13.986  14.000  14.005  14.019  14.021  14.076  14.084 
   14.121  14.137  14.163  14.178  14.228  14.261  14.266  14.271 
   14.298  14.304  14.336  14.394  14.484  14.503  14.530  14.556 
   14.588  14.679  14.736  14.801  14.810  14.889  14.913  15.032 
   15.054  15.181  15.206  15.218  15.289  15.336  15.424  15.449 
   15.529  15.643  15.693  15.701  15.834  15.870  15.938  16.032 
   16.045  16.138  16.209  16.275  16.406  16.664  16.778  17.080 
   17.134  17.139  17.229  17.236  17.377  17.500  17.601  17.632 
   17.677  17.802  17.832  17.877  18.120  18.136  18.259  18.276 
   18.379  18.530  18.563  18.639  18.675  18.691  18.732  18.843 
   18.955  19.061  19.132  19.163  19.190  19.272  19.363  19.398 
   19.435  19.567  20.342  20.443  20.515  20.731  20.872  21.183 
   21.205  21.324  21.374  22.374  22.711  23.065  29.377  37.270 
   37.621  38.906  39.966  41.262  41.889  59.764  59.848  60.349 
   60.551  60.777  70.509  70.529  70.718  70.792  71.141  71.347 
   71.374  81.054 105.617 105.912 107.126 178.844 178.902 179.272 
  179.417 179.560 217.682 243.534 243.536 243.539 243.540 243.541 
  243.545 243.545 243.547 243.548 288.717 288.725 288.799 288.827 
  288.959 289.033 289.047 295.696 295.948 296.996 552.902 552.942 
  553.204 553.302 553.396 580.083 833.285 833.492 834.375 2068.433 

Beta occupied
  -23.772 -11.673 -11.520 -11.493  -1.906  -1.341  -1.211  -1.116 
   -1.077  -1.072  -0.987  -0.864  -0.849  -0.770  -0.653 

Beta virtual
   -0.207  -0.072  -0.059  -0.051  -0.041  -0.001   0.004   0.026 
    0.040   0.068   0.076   0.076   0.133   0.136   0.136   0.160 
    0.177   0.208   0.213   0.213   0.221   0.244   0.262   0.277 
    0.298   0.302   0.330   0.341   0.367   0.368   0.406   0.417 
    0.438   0.447   0.470   0.512   0.526   0.540   0.548   0.551 
    0.574   0.585   0.605   0.631   0.651   0.664   0.703   0.711 
    0.716   0.739   0.759   0.775   0.780   0.785   0.803   0.815 
    0.853   0.860   0.879   0.885   0.913   0.918   0.989   1.036 
    1.052   1.080   1.087   1.105   1.131   1.156   1.167   1.182 
    1.211   1.234   1.264   1.272   1.297   1.300   1.318   1.324 
    1.342   1.355   1.368   1.391   1.412   1.421   1.440   1.464 
    1.466   1.510   1.525   1.528   1.557   1.575   1.619   1.638 
    1.658   1.659   1.669   1.735   1.740   1.750   1.793   1.811 
    1.824   1.835   1.844   1.875   1.883   1.908   1.930   1.935 
    1.935   1.970   1.980   1.999   2.014   2.024   2.060   2.104 
    2.115   2.142   2.160   2.174   2.215   2.242   2.246   2.287 
    2.298   2.381   2.460   2.463   2.481   2.512   2.525   2.563 
    2.595   2.624   2.701   2.726   2.728   2.748   2.793   2.820 
    2.821   2.865   2.895   2.900   2.914   2.926   2.990   3.005 
    3.013   3.034   3.062   3.077   3.142   3.145   3.157   3.166 
    3.238   3.239   3.248   3.290   3.339   3.342   3.368   3.372 
    3.414   3.447   3.480   3.487   3.508   3.534   3.556   3.566 
    3.567   3.591   3.615   3.642   3.685   3.721   3.722   3.754 
    3.770   3.805   3.829   3.829   3.852   3.857   3.885   3.924 
    3.957   3.983   3.993   4.001   4.042   4.057   4.108   4.126 
    4.140   4.163   4.179   4.218   4.220   4.253   4.291   4.333 
    4.340   4.362   4.377   4.394   4.407   4.432   4.444   4.518 
    4.535   4.538   4.563   4.573   4.594   4.615   4.640   4.699 
    4.708   4.727   4.788   4.808   4.825   4.862   4.884   4.894 
    4.900   4.921   4.966   5.014   5.022   5.027   5.069   5.071 
    5.087   5.116   5.149   5.166   5.228   5.248   5.258   5.292 
    5.320   5.333   5.404   5.420   5.442   5.482   5.503   5.541 
    5.573   5.635   5.660   5.709   5.727   5.766   5.780   5.833 
    5.860   5.864   6.000   6.033   6.050   6.108   6.164   6.209 
    6.230   6.286   6.347   6.374   6.394   6.462   6.575   6.584 
    6.666   6.688   6.724   6.806   6.817   6.878   6.915   6.965 
    6.969   7.001   7.029   7.035   7.063   7.142   7.158   7.170 
    7.222   7.259   7.270   7.327   7.363   7.382   7.418   7.453 
    7.455   7.493   7.505   7.592   7.716   7.751   7.807   7.877 
    7.920   7.958   7.991   8.058   8.075   8.077   8.186   8.236 
    8.241   8.254   8.288   8.356   8.395   8.525   8.550   8.572 
    8.622   8.641   8.674   8.725   8.748   8.762   8.826   8.920 
    8.955   8.987   9.008   9.059   9.069   9.092   9.153   9.225 
    9.228   9.290   9.374   9.494   9.505   9.542   9.566   9.595 
    9.629   9.775   9.788   9.814   9.830   9.844   9.858   9.864 
    9.910   9.960  10.001  10.013  10.016  10.060  10.086  10.106 
   10.115  10.168  10.260  10.270  10.307  10.387  10.424  10.450 
   10.464  10.505  10.530  10.547  10.588  10.639  10.658  10.692 
   10.749  10.771  10.826  10.919  10.926  10.959  10.988  10.992 
   11.033  11.076  11.205  11.246  11.271  11.312  11.329  11.378 
   11.465  11.479  11.541  11.637  11.777  11.912  11.960  12.040 
   12.160  12.164  12.276  12.361  12.404  12.421  12.470  12.497 
   12.498  12.525  12.539  12.541  12.575  12.577  12.601  12.602 
   12.626  12.631  12.642  12.704  12.710  12.757  12.808  12.813 
   12.885  12.935  13.008  13.012  13.082  13.123  13.130  13.194 
   13.237  13.266  13.314  13.344  13.366  13.383  13.435  13.437 
   13.526  13.555  13.568  13.618  13.668  13.684  13.716  13.771 
   13.782  13.797  13.801  13.830  13.870  13.928  13.960  13.977 
   13.985  13.999  14.002  14.017  14.020  14.076  14.079  14.121 
   14.133  14.161  14.167  14.226  14.250  14.260  14.271  14.296 
   14.304  14.337  14.389  14.473  14.503  14.529  14.556  14.588 
   14.679  14.735  14.801  14.809  14.886  14.910  15.027  15.051 
   15.168  15.203  15.218  15.287  15.333  15.423  15.424  15.517 
   15.643  15.692  15.698  15.831  15.868  15.934  16.032  16.044 
   16.137  16.204  16.255  16.399  16.661  16.775  17.079  17.134 
   17.139  17.229  17.236  17.377  17.500  17.601  17.631  17.677 
   17.802  17.832  17.878  18.120  18.133  18.248  18.267  18.376 
   18.515  18.559  18.630  18.657  18.691  18.716  18.841  18.954 
   19.049  19.118  19.157  19.182  19.251  19.351  19.386  19.431 
   19.549  20.315  20.440  20.515  20.730  20.849  21.141  21.180 
   21.284  21.314  22.316  22.656  23.002  29.005  36.913  37.269 
   38.593  39.958  41.241  41.890  59.598  59.682  60.185  60.388 
   60.613  70.423  70.442  70.633  70.706  71.056  71.262  71.290 
   80.537 105.152 105.450 106.669 178.557 178.615 178.986 179.132 
  179.275 217.185 243.417 243.419 243.423 243.424 243.425 243.428 
  243.429 243.430 243.432 288.504 288.512 288.586 288.614 288.746 
  288.820 288.834 295.259 295.511 296.562 552.595 552.635 552.897 
  552.996 553.090 579.684 832.950 833.157 834.041 2068.187 


  >>> Running UHF-MP2 <<<

MP2 correlation energy (UHF) : -0.8688712039
MP2 total energy       (UHF) : -172.0032995006

