	*********************************************** 
	***** Beginning CEBE Calculation with MOM ***** 
	*****       Calculation Details:          ***** 
	      Geometry:	 /work/morgunov/rev2calcs/mols/exp/o/hnc-o.xyz
	      Core Basis:	 pcX-4
	      Full Basis:	 pc-4
	      DIIS (start, space):	 0 50
	      Level shift:	 0
	      Do localization?:	 False
	      Do SFX2C1E?:	 True
	      Freeze orbitals?:	 True
	      Use Cheng orbitals?:	 False
	      Do Special Basis?:	 True
	      Do Special Basis?:	 pcX-4
	*********************************************** 
	*********************************************** 

  >>> Running RHF <<<

init D/C      : minao
init ov       : zeros
no            : 11
nv            : 401
ov_size       : 4411
max_cycle     : 1000
conv          : 6
econv         : 9
method        : gdm
scale_stop    : 0
scale_factor  : 1.000000
init E        : -167.758813027606
init |[F,P]|  : 9.23e-03
init |dE|     : 1.95e-02
check file    : None

iter      total energy   |[F,P]|      |dE|         ∆E   comment
   1    -167.803874746  6.89e-03  1.48e-02  -4.51e-02  BFGS
   2    -167.844661229  7.98e-04  1.75e-03  -4.08e-02  BFGS
   3    -167.845321342  4.27e-04  8.73e-04  -6.60e-04  BFGS
   4    -167.845519777  1.13e-04  2.48e-04  -1.98e-04  BFGS
   5    -167.845541710  4.61e-05  9.47e-05  -2.19e-05  BFGS
   6    -167.845548854  1.90e-05  4.09e-05  -7.14e-06  BFGS
   7    -167.845549669  5.98e-06  1.34e-05  -8.15e-07  BFGS
   8    -167.845549763  1.79e-06  3.95e-06  -9.42e-08  BFGS
   9    -167.845549771  5.26e-07  1.10e-06  -7.91e-09  BFGS
  10    -167.845549772  1.16e-07  2.48e-07  -5.36e-10  BFGS
                                                                      gdm is converged!

SCF converged : True
final |[F,P]| : 1.16e-07
final |dE|    : 2.48e-07
final Escf    : -227.193696715743
final Etot    : -167.845549771623

  pxp & ewc             :::        0.174 (  0.06%)
  apply B               :::        0.002 (  0.00%)
  linsrch               :::      277.640 ( 99.93%)
  grad                  :::        0.007 (  0.00%)
  Total                 :::      277.822 (100.00%)

Alpha occupied
  -20.623 -15.592 -11.415  -1.480  -1.266  -0.818  -0.735  -0.661 
   -0.649  -0.490  -0.455 

Alpha virtual
    0.040   0.084   0.085   0.095   0.114   0.143   0.156   0.167 
    0.186   0.208   0.213   0.222   0.247   0.262   0.265   0.300 
    0.330   0.358   0.368   0.370   0.421   0.425   0.447   0.469 
    0.483   0.498   0.540   0.568   0.576   0.590   0.625   0.626 
    0.679   0.715   0.731   0.739   0.755   0.782   0.793   0.839 
    0.855   0.865   0.866   0.888   0.921   0.978   0.983   1.048 
    1.056   1.110   1.128   1.135   1.160   1.182   1.229   1.284 
    1.306   1.321   1.345   1.363   1.381   1.429   1.507   1.536 
    1.587   1.617   1.617   1.704   1.712   1.750   1.779   1.796 
    1.825   1.847   1.872   1.886   1.919   1.952   1.966   1.994 
    2.078   2.106   2.132   2.146   2.163   2.215   2.225   2.279 
    2.282   2.305   2.360   2.380   2.411   2.413   2.428   2.499 
    2.646   2.673   2.764   2.828   2.876   2.925   2.952   2.991 
    3.061   3.077   3.212   3.307   3.309   3.337   3.351   3.421 
    3.470   3.477   3.500   3.540   3.591   3.658   3.696   3.810 
    3.840   3.874   3.920   4.081   4.088   4.100   4.141   4.149 
    4.182   4.198   4.243   4.267   4.295   4.334   4.368   4.494 
    4.521   4.531   4.561   4.564   4.593   4.638   4.719   4.768 
    4.812   4.825   4.848   4.860   4.867   4.902   4.966   5.049 
    5.107   5.130   5.180   5.241   5.389   5.411   5.507   5.561 
    5.571   5.615   5.650   5.729   5.818   5.920   5.931   5.962 
    6.128   6.149   6.206   6.312   6.407   6.422   6.448   6.521 
    6.578   6.634   6.750   6.770   6.838   6.901   6.915   6.987 
    7.003   7.048   7.090   7.151   7.319   7.416   7.515   7.571 
    7.743   7.831   7.855   8.063   8.292   8.458   8.503   8.535 
    8.537   8.607   8.728   8.768   8.794   8.962   9.153   9.187 
    9.239   9.333   9.577   9.697   9.860   9.992  10.018  10.044 
   10.180  10.296  10.468  10.541  10.563  10.652  10.655  10.687 
   10.740  10.781  10.834  10.850  11.009  11.021  11.072  11.134 
   11.139  11.254  11.277  11.316  11.421  11.497  11.611  11.669 
   11.841  11.874  11.883  11.889  11.894  11.908  11.973  12.022 
   12.054  12.056  12.145  12.183  12.259  12.286  12.325  12.328 
   12.421  12.430  12.547  12.613  12.634  12.634  12.648  12.719 
   12.811  12.856  12.869  12.873  13.048  13.074  13.186  13.239 
   13.253  13.271  13.465  13.574  13.616  13.710  13.813  13.844 
   13.955  14.030  14.243  14.333  14.385  14.472  14.525  14.769 
   14.887  14.997  15.259  15.292  15.419  15.443  15.599  15.736 
   15.982  16.039  16.100  16.155  16.236  16.261  16.836  16.868 
   16.920  16.980  17.101  17.195  17.233  17.385  17.463  17.543 
   17.697  17.727  17.727  17.846  18.013  18.019  18.028  18.109 
   18.150  18.428  18.606  18.866  18.880  18.993  19.022  19.325 
   19.491  19.549  19.606  19.980  20.185  20.393  21.052  21.175 
   21.244  21.368  21.935  22.292  23.807  23.823  23.948  24.201 
   24.704  25.147  25.166  25.747  26.174  26.668  26.738  26.808 
   27.425  27.816  28.487  29.763  30.378  32.694  32.738  34.243 
   34.359  37.224  41.965  49.058  49.134  49.466  50.417  50.447 
   61.191  65.298  65.325  66.316  68.026  68.041  68.911  68.919 
   70.933  78.976  91.641  91.793  93.777 108.374 139.814 175.263 
  175.288 176.323 320.387 536.664 536.684 537.514 747.148 1796.261 
  2112.478 2112.493 2113.090 4514.481 12060.454 35044.647 114859.371 454594.938 
  2579392.612 


  >>> Running RHF-MP2 <<<


RMP2-TIMING
  rmp2                  :::      169.530 (100.00%)
  Total                 :::      169.530 (100.00%)

MP2 correlation energy (RHF) : -0.7809911387
MP2 total energy       (RHF) : -168.6265409104


  >>> Running UHF <<<

init D/C      : input mo_coeff
init ov       : zeros
no            : 10 11
nv            : 402 401
ov_size       : 8431
max_cycle     : 1000
conv          : 6
econv         : 9
method        : diis
mom_start     : 0
guess mix     : 0.000000
orb_swap      : [[[0, 10]], []]
init E        : -147.22220920108
init S2       : 0.750000000000021
init |[F,P]|  : 2.62e-02
init |dE|     : 6.68e-02
check file    : None

iter      total energy   |[F,P]|      |dE|         ∆E   S^2   comment
   1    -147.691007957  1.49e-02  3.75e-02  -4.69e-01  0.75  DIIS mom: 9.6/10 10.6/11
   2    -148.019851890  2.22e-03  4.89e-03  -3.29e-01  0.76  DIIS mom: 9.9/10 10.9/11
   3    -148.027420518  1.09e-03  2.23e-03  -7.57e-03  0.76  DIIS mom: 10.0/10 11.0/11
   4    -148.029594600  2.42e-04  5.59e-04  -2.17e-03  0.76  DIIS mom: 10.0/10 11.0/11
   5    -148.029902651  1.21e-04  2.66e-04  -3.08e-04  0.77  DIIS mom: 10.0/10 11.0/11
   6    -148.030018980  6.60e-05  1.28e-04  -1.16e-04  0.77  DIIS mom: 10.0/10 11.0/11
   7    -148.030069814  5.40e-05  9.70e-05  -5.08e-05  0.77  DIIS mom: 10.0/10 11.0/11
   8    -148.030112904  4.93e-05  8.72e-05  -4.31e-05  0.77  DIIS mom: 10.0/10 11.0/11
   9    -148.030214060  3.78e-05  6.76e-05  -1.01e-04  0.78  DIIS mom: 10.0/10 11.0/11
  10    -148.030325011  1.61e-05  3.32e-05  -1.11e-04  0.80  DIIS mom: 10.0/10 11.0/11
  11    -148.030327879  6.02e-06  1.16e-05  -2.87e-06  0.80  DIIS mom: 10.0/10 11.0/11
  12    -148.030328565  3.02e-06  5.65e-06  -6.86e-07  0.80  DIIS mom: 10.0/10 11.0/11
  13    -148.030328688  1.62e-06  2.94e-06  -1.23e-07  0.80  DIIS mom: 10.0/10 11.0/11
  14    -148.030328725  1.05e-06  1.86e-06  -3.71e-08  0.80  DIIS mom: 10.0/10 11.0/11
  15    -148.030328748  4.80e-07  8.90e-07  -2.25e-08  0.80  DIIS mom: 10.0/10 11.0/11
  16    -148.030328752  2.14e-07  4.17e-07  -4.12e-09  0.80  DIIS mom: 10.0/10 11.0/11
  17    -148.030328752  3.53e-08  7.54e-08  -3.46e-10  0.80  DIIS mom: 10.0/10 11.0/11
                                                                      diis is converged!

SCF converged : True
final |[F,P]| : 3.53e-08
final |dE|    : 7.54e-08
final Escf    : -207.378475696483
final Etot    : -148.030328752363
final S2      : 0.80058325224503

  diis prep             :::        0.118 (  0.02%)
  diis extrap           :::        0.149 (  0.03%)
  roothaan              :::        0.523 (  0.10%)
  fock build            :::      501.337 ( 99.84%)
  Total                 :::      502.128 (100.00%)

Alpha occupied
  -15.949 -11.794  -1.945  -1.595  -1.222  -1.129  -1.118  -1.095 
   -0.850  -0.818 

Alpha virtual
  -19.003  -0.170  -0.136  -0.117  -0.080  -0.072  -0.066  -0.031 
   -0.007   0.005   0.013   0.027   0.052   0.055   0.072   0.079 
    0.087   0.128   0.165   0.166   0.171   0.214   0.222   0.236 
    0.255   0.271   0.294   0.328   0.349   0.362   0.378   0.407 
    0.422   0.457   0.471   0.495   0.495   0.531   0.562   0.571 
    0.611   0.619   0.629   0.634   0.644   0.680   0.720   0.723 
    0.803   0.815   0.835   0.880   0.898   0.912   0.931   0.972 
    1.040   1.049   1.080   1.107   1.112   1.126   1.180   1.226 
    1.284   1.328   1.346   1.349   1.419   1.444   1.458   1.476 
    1.494   1.552   1.561   1.571   1.608   1.627   1.655   1.685 
    1.701   1.794   1.797   1.845   1.847   1.877   1.909   1.929 
    1.992   2.007   2.013   2.066   2.095   2.127   2.138   2.143 
    2.238   2.369   2.395   2.474   2.534   2.591   2.633   2.664 
    2.702   2.761   2.791   2.931   3.015   3.016   3.047   3.063 
    3.150   3.163   3.177   3.204   3.237   3.329   3.346   3.412 
    3.503   3.523   3.573   3.639   3.770   3.778   3.802   3.816 
    3.836   3.861   3.863   3.926   3.947   3.980   4.018   4.069 
    4.132   4.172   4.202   4.237   4.246   4.280   4.326   4.405 
    4.408   4.456   4.457   4.503   4.511   4.516   4.554   4.642 
    4.727   4.791   4.810   4.855   4.947   5.072   5.081   5.138 
    5.225   5.245   5.279   5.329   5.417   5.503   5.599   5.619 
    5.646   5.807   5.850   5.901   5.990   6.080   6.091   6.132 
    6.194   6.265   6.312   6.437   6.456   6.526   6.578   6.584 
    6.653   6.674   6.721   6.760   6.818   6.990   7.086   7.195 
    7.244   7.391   7.516   7.529   7.727   7.962   8.131   8.170 
    8.199   8.204   8.282   8.385   8.432   8.435   8.640   8.826 
    8.864   8.928   9.031   9.204   9.360   9.497   9.587   9.604 
    9.708   9.873   9.961  10.113  10.188  10.210  10.268  10.285 
   10.294  10.304  10.336  10.384  10.439  10.627  10.671  10.715 
   10.788  10.793  10.837  10.921  10.923  11.017  11.029  11.267 
   11.288  11.500  11.520  11.521  11.544  11.549  11.569  11.637 
   11.683  11.723  11.730  11.795  11.843  11.910  11.936  11.973 
   11.987  12.087  12.092  12.220  12.248  12.302  12.302  12.316 
   12.377  12.508  12.516  12.531  12.546  12.643  12.727  12.828 
   12.834  12.884  12.899  13.068  13.245  13.248  13.352  13.428 
   13.479  13.589  13.686  13.896  13.974  14.043  14.125  14.153 
   14.426  14.546  14.619  14.907  14.946  15.068  15.099  15.244 
   15.407  15.648  15.683  15.770  15.811  15.898  15.917  16.501 
   16.524  16.598  16.612  16.767  16.895  16.928  17.047  17.128 
   17.193  17.353  17.354  17.359  17.504  17.635  17.640  17.705 
   17.791  17.808  18.085  18.247  18.483  18.494  18.620  18.668 
   18.965  19.078  19.146  19.214  19.677  19.848  20.057  20.676 
   20.808  20.845  21.059  21.616  21.960  23.063  23.084  23.643 
   23.892  24.303  24.407  24.444  24.966  25.744  25.867  25.993 
   26.349  27.070  27.083  28.114  29.032  30.005  32.323  32.366 
   33.865  33.978  36.845  41.658  48.703  48.780  49.115  50.069 
   50.100  59.919  63.792  63.822  64.798  66.448  66.463  67.325 
   67.335  69.365  78.590  91.327  91.480  93.464 108.024 137.786 
  172.717 172.742 173.768 317.439 532.851 532.872 533.697 743.297 
  1791.674 2107.570 2107.585 2108.180 4509.385 12055.057 35039.096 114853.752 
  454589.294 2579386.960 

Beta occupied
  -23.903 -15.939 -11.796  -2.052  -1.584  -1.303  -1.206  -1.201 
   -1.108  -0.833  -0.809 

Beta virtual
   -0.184  -0.141  -0.126  -0.082  -0.072  -0.067  -0.033  -0.006 
    0.007   0.008   0.026   0.052   0.055   0.070   0.078   0.080 
    0.128   0.162   0.162   0.170   0.209   0.224   0.235   0.254 
    0.270   0.293   0.327   0.352   0.364   0.375   0.408   0.420 
    0.454   0.474   0.490   0.496   0.531   0.565   0.570   0.610 
    0.618   0.628   0.633   0.641   0.678   0.718   0.721   0.800 
    0.809   0.824   0.875   0.900   0.909   0.931   0.973   1.040 
    1.050   1.082   1.108   1.116   1.127   1.180   1.226   1.286 
    1.333   1.350   1.353   1.423   1.444   1.459   1.463   1.479 
    1.541   1.551   1.573   1.603   1.630   1.647   1.683   1.696 
    1.789   1.791   1.845   1.846   1.879   1.907   1.924   1.988 
    2.003   2.011   2.067   2.096   2.128   2.139   2.145   2.240 
    2.370   2.396   2.473   2.535   2.591   2.636   2.665   2.703 
    2.757   2.797   2.929   3.015   3.018   3.048   3.063   3.140 
    3.159   3.182   3.205   3.235   3.329   3.343   3.411   3.499 
    3.519   3.573   3.638   3.767   3.777   3.799   3.813   3.832 
    3.858   3.863   3.925   3.946   3.977   4.016   4.050   4.092 
    4.163   4.194   4.234   4.244   4.280   4.326   4.356   4.398 
    4.415   4.451   4.501   4.506   4.513   4.549   4.638   4.728 
    4.792   4.806   4.855   4.951   5.069   5.080   5.117   5.217 
    5.245   5.272   5.329   5.421   5.505   5.601   5.619   5.644 
    5.808   5.851   5.903   5.985   6.082   6.094   6.132   6.191 
    6.267   6.313   6.440   6.458   6.529   6.579   6.581   6.650 
    6.674   6.723   6.759   6.816   6.996   7.091   7.198   7.246 
    7.379   7.518   7.531   7.725   7.964   8.134   8.169   8.198 
    8.203   8.281   8.377   8.424   8.435   8.642   8.825   8.862 
    8.928   9.032   9.192   9.355   9.488   9.564   9.593   9.710 
    9.875   9.959  10.079  10.171  10.183  10.200  10.226  10.254 
   10.293  10.322  10.363  10.421  10.607  10.670  10.709  10.774 
   10.785  10.794  10.894  10.894  10.978  11.017  11.268  11.277 
   11.497  11.519  11.520  11.544  11.547  11.574  11.639  11.683 
   11.726  11.730  11.794  11.842  11.909  11.935  11.973  11.987 
   12.090  12.094  12.219  12.244  12.301  12.301  12.315  12.375 
   12.508  12.514  12.526  12.531  12.617  12.729  12.814  12.818 
   12.881  12.893  13.046  13.241  13.244  13.344  13.420  13.477 
   13.585  13.684  13.895  13.972  14.042  14.122  14.146  14.425 
   14.547  14.614  14.907  14.952  15.069  15.100  15.243  15.411 
   15.648  15.680  15.774  15.812  15.899  15.919  16.502  16.525 
   16.600  16.605  16.768  16.896  16.928  17.051  17.128  17.194 
   17.344  17.345  17.366  17.502  17.627  17.632  17.704  17.791 
   17.812  18.088  18.244  18.477  18.486  18.618  18.666  18.960 
   19.068  19.137  19.207  19.677  19.846  20.058  20.671  20.805 
   20.834  21.060  21.617  21.957  22.996  23.018  23.643  23.892 
   24.274  24.328  24.376  24.724  25.616  25.639  25.890  26.350 
   26.891  27.075  28.105  28.924  30.003  32.320  32.364  33.864 
   33.977  36.843  41.658  48.708  48.784  49.119  50.071  50.102 
   59.513  63.404  63.434  64.429  66.239  66.254  67.118  67.127 
   69.153  78.589  91.327  91.480  93.464 108.026 137.343 172.240 
  172.266 173.296 317.035 532.435 532.456 533.282 742.981 1791.462 
  2107.333 2107.348 2107.943 4509.263 12054.996 35039.070 114853.742 454589.291 
  2579386.959 


  >>> Running UHF-MP2 <<<

MP2 correlation energy (UHF) : -0.7380353475
MP2 total energy       (UHF) : -148.7683640999

