	*********************************************** 
	***** Beginning CEBE Calculation with MOM ***** 
	*****       Calculation Details:          ***** 
	      Geometry:	 /work/morgunov/core/calculations/mols/exp/n/h2n-conh2.xyz
	      Core Basis:	 cc-pCV5Z
	      Full Basis:	 cc-pV5Z
	      DIIS (start, space):	 0 50
	      Level shift:	 0
	      Do localization?:	 True
	      Atoms that were localized?:	 ['N']
	      Do SFX2C1E?:	 True
	      Freeze orbitals?:	 True
	      Use Cheng orbitals?:	 False
	      Do Special Basis?:	 False
	*********************************************** 
	*********************************************** 

  >>> Running RHF <<<

init D/C      : minao
init ov       : zeros
no            : 16
nv            : 676
ov_size       : 10816
max_cycle     : 1000
conv          : 6
econv         : 9
method        : gdm
scale_stop    : 0
scale_factor  : 1.000000
init E        : -223.965344790565
init |[F,P]|  : 5.29e-03
init |dE|     : 1.51e-02
check file    : None

iter      total energy   |[F,P]|      |dE|         ∆E   comment
   1    -224.024657412  4.26e-03  1.26e-02  -5.93e-02  BFGS
   2    -224.099052216  4.06e-04  1.05e-03  -7.44e-02  BFGS
   3    -224.100124039  1.18e-04  2.90e-04  -1.07e-03  BFGS
   4    -224.100281534  6.02e-05  1.60e-04  -1.57e-04  BFGS
   5    -224.100301966  2.51e-05  6.35e-05  -2.04e-05  BFGS
   6    -224.100305609  5.11e-06  1.26e-05  -3.64e-06  BFGS
   7    -224.100305815  1.32e-06  3.30e-06  -2.06e-07  BFGS
   8    -224.100305830  5.19e-07  1.23e-06  -1.50e-08  BFGS
   9    -224.100305832  1.52e-07  3.85e-07  -1.76e-09  BFGS
  10    -224.100305832  4.00e-08  1.06e-07  -1.31e-10  BFGS
                                                                      gdm is converged!

SCF converged : True
final |[F,P]| : 4.00e-08
final |dE|    : 1.06e-07
final Escf    : -347.942070819242
final Etot    : -224.100305831951

  pxp & ewc             :::        0.679 (  0.06%)
  apply B               :::        0.004 (  0.00%)
  linsrch               :::     1145.919 ( 99.94%)
  grad                  :::        0.027 (  0.00%)
  Total                 :::     1146.629 (100.00%)

Alpha occupied
  -20.508 -15.582 -15.582 -11.377  -1.389  -1.233  -1.179  -0.822 
   -0.745  -0.732  -0.638  -0.607  -0.601  -0.444  -0.436  -0.419 

Alpha virtual
    0.076   0.105   0.124   0.149   0.204   0.220   0.221   0.244 
    0.276   0.282   0.298   0.304   0.362   0.366   0.368   0.387 
    0.401   0.413   0.427   0.443   0.462   0.509   0.520   0.562 
    0.589   0.613   0.631   0.643   0.670   0.674   0.701   0.702 
    0.727   0.734   0.773   0.773   0.795   0.802   0.807   0.842 
    0.893   0.906   0.928   0.942   0.967   0.987   0.987   1.003 
    1.041   1.045   1.062   1.097   1.122   1.124   1.164   1.166 
    1.170   1.181   1.225   1.308   1.348   1.363   1.384   1.408 
    1.453   1.491   1.491   1.528   1.536   1.563   1.568   1.586 
    1.589   1.616   1.665   1.691   1.732   1.747   1.754   1.775 
    1.792   1.838   1.848   1.870   1.900   1.905   1.922   1.963 
    1.970   1.978   1.993   2.020   2.040   2.057   2.078   2.088 
    2.098   2.132   2.151   2.162   2.185   2.199   2.210   2.233 
    2.235   2.276   2.293   2.295   2.355   2.375   2.386   2.400 
    2.441   2.450   2.486   2.499   2.541   2.543   2.558   2.613 
    2.637   2.686   2.704   2.742   2.766   2.806   2.810   2.835 
    2.883   2.896   2.930   2.961   2.986   3.001   3.052   3.094 
    3.138   3.144   3.163   3.247   3.251   3.264   3.323   3.358 
    3.366   3.420   3.476   3.484   3.508   3.526   3.542   3.575 
    3.603   3.647   3.675   3.732   3.732   3.776   3.798   3.845 
    3.847   3.889   3.919   3.957   3.993   3.994   4.024   4.042 
    4.062   4.092   4.092   4.132   4.138   4.174   4.177   4.192 
    4.201   4.277   4.280   4.301   4.335   4.365   4.408   4.480 
    4.488   4.521   4.524   4.543   4.576   4.586   4.612   4.751 
    4.759   4.769   4.786   4.828   4.836   4.847   4.885   4.894 
    4.920   4.948   4.960   4.992   5.028   5.050   5.052   5.083 
    5.114   5.146   5.164   5.166   5.177   5.203   5.244   5.261 
    5.283   5.305   5.314   5.368   5.380   5.452   5.456   5.487 
    5.553   5.573   5.618   5.676   5.685   5.722   5.736   5.749 
    5.765   5.774   5.791   5.796   5.843   5.846   5.885   5.964 
    5.976   5.987   6.008   6.024   6.108   6.123   6.155   6.168 
    6.172   6.238   6.281   6.310   6.322   6.343   6.385   6.418 
    6.436   6.476   6.532   6.646   6.648   6.692   6.795   6.813 
    6.858   6.884   6.966   7.026   7.055   7.071   7.116   7.129 
    7.129   7.176   7.214   7.279   7.283   7.334   7.391   7.420 
    7.442   7.474   7.496   7.505   7.603   7.629   7.657   7.714 
    7.760   7.789   7.831   7.873   7.951   8.030   8.038   8.071 
    8.153   8.181   8.346   8.357   8.370   8.418   8.436   8.445 
    8.484   8.499   8.665   8.670   8.749   8.782   8.783   8.872 
    8.885   8.920   8.971   9.018   9.025   9.120   9.214   9.261 
    9.306   9.347   9.409   9.464   9.541   9.661   9.745   9.934 
    9.973  10.010  10.047  10.146  10.188  10.211  10.303  10.322 
   10.387  10.489  10.524  10.658  10.802  10.847  10.887  10.893 
   11.034  11.052  11.252  11.318  11.324  11.340  11.458  11.480 
   11.519  11.596  11.610  11.625  11.690  11.710  11.726  11.738 
   11.794  11.819  11.886  11.919  11.964  12.063  12.095  12.119 
   12.143  12.391  12.441  12.528  12.531  12.567  12.595  12.604 
   12.673  12.701  12.721  12.739  12.740  12.754  12.773  12.790 
   12.802  12.815  12.828  12.837  12.884  12.896  12.930  12.977 
   12.984  13.046  13.073  13.127  13.154  13.163  13.237  13.264 
   13.334  13.384  13.428  13.439  13.471  13.510  13.567  13.605 
   13.608  13.637  13.672  13.676  13.684  13.703  13.737  13.738 
   13.763  13.799  13.855  13.907  13.925  13.925  13.972  14.000 
   14.003  14.037  14.047  14.063  14.118  14.128  14.158  14.233 
   14.251  14.252  14.280  14.315  14.329  14.335  14.351  14.355 
   14.376  14.417  14.417  14.476  14.504  14.557  14.575  14.582 
   14.634  14.733  14.739  14.784  14.838  14.861  14.862  14.956 
   14.962  14.996  15.061  15.138  15.217  15.258  15.278  15.397 
   15.421  15.514  15.550  15.604  15.724  15.762  15.834  15.856 
   15.933  16.018  16.033  16.116  16.119  16.172  16.180  16.238 
   16.271  16.294  16.428  16.458  16.539  16.551  16.583  16.613 
   16.651  16.693  16.715  16.778  16.781  16.843  16.901  16.919 
   16.995  16.995  17.019  17.099  17.142  17.154  17.271  17.384 
   17.405  17.464  17.538  17.684  17.702  17.822  17.833  17.913 
   17.952  17.971  18.043  18.055  18.273  18.346  18.371  18.381 
   18.446  18.510  18.556  18.618  18.628  18.654  18.797  18.968 
   19.017  19.164  19.179  19.209  19.280  19.499  19.577  19.594 
   19.805  19.821  19.851  20.080  20.355  20.360  20.624  20.656 
   20.918  20.938  21.001  21.121  21.130  21.305  21.422  21.532 
   21.684  21.764  22.157  22.369  22.516  22.816  22.878  23.510 
   23.729  23.736  23.879  24.176  26.642  26.720  30.307  30.341 
   31.971  32.246  32.923  32.985  41.421  50.960  50.991  51.079 
   51.099  51.452  51.505  52.082  52.124  52.441  52.503  59.044 
   59.051  59.123  59.138  59.244  59.247  59.268  59.292  59.442 
   59.468  59.628  59.651  60.002  60.016  64.051  66.765  66.845 
   83.357  83.389  84.767  84.918  85.349  85.384 150.921 150.945 
  150.997 151.009 151.277 151.324 151.704 151.730 151.955 151.998 
  173.063 173.148 209.064 209.064 209.064 209.065 209.065 209.065 
  209.068 209.068 209.072 209.072 209.073 209.073 209.077 209.077 
  209.079 209.079 209.080 209.080 230.208 230.233 231.361 231.493 
  231.832 231.859 236.456 236.460 236.507 236.513 236.535 236.540 
  236.551 236.557 236.651 236.685 236.701 236.716 236.874 236.874 
  450.710 450.794 457.063 457.080 457.116 457.124 457.339 457.374 
  457.635 457.652 457.791 457.821 644.336 644.357 645.342 645.462 
  645.770 645.795 1578.292 1578.590 


  >>> Running RHF-MP2 <<<


RMP2-TIMING
  rmp2                  :::      778.855 (100.00%)
  Total                 :::      778.855 (100.00%)

MP2 correlation energy (RHF) : -1.0776297248
MP2 total energy       (RHF) : -225.1779355568


  >>> Running UHF <<<

init D/C      : input mo_coeff
init ov       : zeros
no            : 15 16
nv            : 677 676
ov_size       : 20971
max_cycle     : 1000
conv          : 6
econv         : 9
method        : diis
mom_start     : 0
guess mix     : 0.000000
orb_swap      : [[[1, 15]], []]
init E        : -208.611276605612
init S2       : 0.749999999999917
init |[F,P]|  : 1.98e-02
init |dE|     : 4.28e-02
check file    : None

iter      total energy   |[F,P]|      |dE|         ∆E   S^2   comment
   1    -208.931012858  7.66e-03  1.93e-02  -3.20e-01  0.75  DIIS mom: 14.7/15 15.6/16
   2    -209.168089708  2.20e-03  5.44e-03  -2.37e-01  0.76  DIIS mom: 14.9/15 15.9/16
   3    -209.191484775  3.42e-04  1.00e-03  -2.34e-02  0.76  DIIS mom: 15.0/15 16.0/16
   4    -209.192466132  1.76e-04  4.84e-04  -9.81e-04  0.76  DIIS mom: 15.0/15 16.0/16
   5    -209.192842888  8.26e-05  1.92e-04  -3.77e-04  0.77  DIIS mom: 15.0/15 16.0/16
   6    -209.192984958  3.24e-05  7.50e-05  -1.42e-04  0.77  DIIS mom: 15.0/15 16.0/16
   7    -209.193002663  1.02e-05  2.38e-05  -1.77e-05  0.77  DIIS mom: 15.0/15 16.0/16
   8    -209.193004837  4.02e-06  1.03e-05  -2.17e-06  0.77  DIIS mom: 15.0/15 16.0/16
   9    -209.193005289  2.68e-06  6.96e-06  -4.52e-07  0.77  DIIS mom: 15.0/15 16.0/16
  10    -209.193005652  2.14e-06  5.56e-06  -3.63e-07  0.77  DIIS mom: 15.0/15 16.0/16
  11    -209.193006104  1.58e-06  4.12e-06  -4.52e-07  0.77  DIIS mom: 15.0/15 16.0/16
  12    -209.193006553  7.49e-07  1.93e-06  -4.49e-07  0.77  DIIS mom: 15.0/15 16.0/16
  13    -209.193006640  3.06e-07  7.89e-07  -8.67e-08  0.77  DIIS mom: 15.0/15 16.0/16
  14    -209.193006648  1.29e-07  3.30e-07  -8.66e-09  0.77  DIIS mom: 15.0/15 16.0/16
  15    -209.193006649  5.23e-08  1.35e-07  -9.68e-10  0.77  DIIS mom: 15.0/15 16.0/16
                                                                      diis is converged!

SCF converged : True
final |[F,P]| : 5.23e-08
final |dE|    : 1.35e-07
final Escf    : -333.034771636693
final Etot    : -209.193006649402
final S2      : 0.7741065061943

  diis prep             :::        0.454 (  0.02%)
  diis extrap           :::        0.444 (  0.02%)
  roothaan              :::        2.001 (  0.11%)
  fock build            :::     1823.958 ( 99.84%)
  Total                 :::     1826.857 (100.00%)

Alpha occupied
  -20.769 -15.810 -11.666  -1.686  -1.581  -1.438  -1.180  -1.137 
   -0.989  -0.962  -0.908  -0.859  -0.775  -0.701  -0.645 

Alpha virtual
  -14.216  -0.131  -0.083  -0.057  -0.035  -0.014   0.011   0.033 
    0.039   0.079   0.091   0.100   0.103   0.131   0.145   0.175 
    0.177   0.188   0.209   0.222   0.240   0.271   0.275   0.331 
    0.334   0.366   0.398   0.415   0.434   0.447   0.464   0.469 
    0.488   0.496   0.519   0.550   0.566   0.570   0.589   0.593 
    0.625   0.664   0.677   0.716   0.723   0.733   0.751   0.764 
    0.780   0.791   0.823   0.844   0.868   0.876   0.901   0.911 
    0.923   0.950   0.966   0.999   1.075   1.101   1.131   1.156 
    1.179   1.216   1.249   1.263   1.281   1.295   1.322   1.328 
    1.348   1.352   1.387   1.416   1.461   1.490   1.507   1.525 
    1.542   1.557   1.600   1.611   1.620   1.654   1.668   1.684 
    1.710   1.734   1.743   1.757   1.781   1.795   1.820   1.839 
    1.848   1.867   1.897   1.900   1.922   1.936   1.963   1.967 
    1.988   1.996   2.017   2.049   2.071   2.098   2.122   2.144 
    2.154   2.183   2.198   2.233   2.246   2.283   2.302   2.306 
    2.366   2.392   2.418   2.453   2.493   2.521   2.527   2.557 
    2.575   2.624   2.659   2.670   2.702   2.727   2.746   2.796 
    2.825   2.885   2.892   2.916   2.991   3.002   3.019   3.077 
    3.107   3.129   3.148   3.210   3.230   3.256   3.267   3.280 
    3.315   3.350   3.358   3.384   3.447   3.491   3.513   3.539 
    3.562   3.592   3.628   3.666   3.693   3.724   3.735   3.754 
    3.767   3.792   3.819   3.828   3.871   3.882   3.906   3.929 
    3.937   3.952   4.013   4.028   4.042   4.069   4.108   4.157 
    4.206   4.220   4.236   4.282   4.294   4.307   4.338   4.360 
    4.457   4.498   4.525   4.551   4.569   4.577   4.592   4.613 
    4.632   4.660   4.683   4.687   4.720   4.764   4.788   4.794 
    4.803   4.846   4.878   4.903   4.906   4.919   4.957   4.964 
    4.988   5.007   5.017   5.070   5.087   5.113   5.175   5.195 
    5.232   5.274   5.314   5.340   5.389   5.423   5.428   5.459 
    5.485   5.489   5.509   5.525   5.541   5.571   5.582   5.620 
    5.688   5.696   5.723   5.736   5.763   5.830   5.853   5.874 
    5.889   5.907   5.964   6.011   6.031   6.050   6.076   6.121 
    6.150   6.171   6.206   6.245   6.373   6.386   6.427   6.511 
    6.532   6.545   6.635   6.690   6.728   6.762   6.798   6.821 
    6.847   6.884   6.908   6.930   7.004   7.011   7.081   7.106 
    7.163   7.166   7.203   7.231   7.257   7.307   7.361   7.398 
    7.440   7.501   7.513   7.566   7.625   7.668   7.742   7.755 
    7.784   7.872   7.920   8.030   8.057   8.077   8.149   8.155 
    8.175   8.202   8.249   8.362   8.394   8.465   8.505   8.512 
    8.562   8.636   8.648   8.677   8.725   8.765   8.844   8.934 
    8.989   9.033   9.070   9.133   9.190   9.262   9.379   9.486 
    9.598   9.701   9.736   9.776   9.826   9.906   9.936  10.021 
   10.044  10.116  10.202  10.241  10.377  10.490  10.547  10.594 
   10.612  10.642  10.784  10.937  10.993  11.006  11.075  11.159 
   11.193  11.234  11.291  11.308  11.335  11.398  11.431  11.448 
   11.451  11.503  11.547  11.594  11.629  11.646  11.729  11.766 
   11.853  11.894  12.093  12.123  12.169  12.197  12.285  12.330 
   12.337  12.374  12.380  12.401  12.428  12.434  12.451  12.479 
   12.502  12.520  12.550  12.573  12.587  12.604  12.627  12.634 
   12.652  12.734  12.782  12.787  12.820  12.844  12.930  12.946 
   12.983  13.033  13.082  13.111  13.126  13.203  13.221  13.269 
   13.284  13.306  13.332  13.351  13.386  13.402  13.426  13.445 
   13.476  13.496  13.510  13.561  13.599  13.633  13.650  13.680 
   13.686  13.717  13.742  13.777  13.813  13.831  13.843  13.872 
   13.900  13.918  13.964  13.980  14.033  14.069  14.080  14.087 
   14.093  14.107  14.128  14.140  14.202  14.237  14.256  14.274 
   14.331  14.355  14.419  14.443  14.487  14.500  14.593  14.597 
   14.648  14.672  14.749  14.764  14.834  14.914  14.965  15.002 
   15.091  15.141  15.218  15.264  15.297  15.425  15.456  15.502 
   15.581  15.641  15.738  15.750  15.774  15.842  15.850  15.914 
   15.921  15.996  16.023  16.055  16.132  16.194  16.223  16.286 
   16.331  16.343  16.359  16.434  16.455  16.513  16.560  16.593 
   16.647  16.664  16.682  16.734  16.785  16.850  16.888  16.929 
   17.046  17.085  17.175  17.223  17.320  17.411  17.450  17.492 
   17.507  17.639  17.684  17.721  17.792  17.854  17.963  18.038 
   18.057  18.133  18.202  18.247  18.290  18.371  18.394  18.508 
   18.624  18.715  18.772  18.937  18.955  19.023  19.251  19.326 
   19.344  19.549  19.568  19.594  19.815  19.965  20.138  20.209 
   20.422  20.451  20.675  20.708  20.740  20.867  20.927  21.146 
   21.169  21.378  21.502  21.899  22.113  22.245  22.321  22.631 
   23.231  23.262  23.513  23.625  23.922  25.911  26.459  29.244 
   30.096  31.029  31.899  31.911  32.731  41.129  49.653  49.766 
   50.156  50.737  50.792  50.866  51.137  51.259  51.882  52.243 
   57.783  57.867  57.979  58.011  58.192  58.355  58.729  58.821 
   58.909  59.022  59.053  59.236  59.405  59.782  63.790  65.260 
   66.579  81.548  83.003  83.154  83.544  84.616  85.141 148.678 
  148.747 149.045 149.461 149.714 150.706 150.775 151.072 151.493 
  151.746 170.678 172.879 206.909 206.912 206.912 206.913 206.918 
  206.921 206.923 206.924 206.926 208.835 208.835 208.837 208.840 
  208.845 208.845 208.849 208.852 208.853 227.474 228.675 229.097 
  229.995 231.199 231.619 233.908 233.960 233.987 234.002 234.116 
  234.152 234.319 236.230 236.283 236.310 236.325 236.442 236.479 
  236.646 447.401 450.525 453.763 453.810 454.048 454.335 454.492 
  456.844 456.892 457.128 457.418 457.576 640.679 641.731 642.113 
  644.119 645.174 645.555 1574.256 1578.218 

Beta occupied
  -20.767 -18.497 -15.810 -11.665  -1.757  -1.604  -1.440  -1.221 
   -1.186  -1.035  -0.989  -0.912  -0.859  -0.785  -0.701  -0.642 

Beta virtual
   -0.140  -0.090  -0.056  -0.036  -0.015   0.008   0.034   0.040 
    0.078   0.089   0.098   0.105   0.124   0.136   0.174   0.178 
    0.186   0.193   0.222   0.241   0.267   0.275   0.331   0.333 
    0.366   0.395   0.414   0.433   0.447   0.465   0.469   0.487 
    0.496   0.518   0.550   0.567   0.573   0.590   0.595   0.626 
    0.665   0.673   0.711   0.718   0.724   0.750   0.763   0.778 
    0.791   0.822   0.841   0.866   0.876   0.897   0.907   0.921 
    0.949   0.966   0.997   1.071   1.099   1.130   1.155   1.178 
    1.214   1.245   1.262   1.277   1.296   1.320   1.326   1.348 
    1.352   1.387   1.418   1.462   1.491   1.508   1.526   1.543 
    1.557   1.602   1.612   1.620   1.654   1.669   1.684   1.711 
    1.732   1.744   1.758   1.781   1.796   1.819   1.839   1.848 
    1.867   1.897   1.900   1.922   1.935   1.962   1.966   1.986 
    1.994   2.016   2.048   2.069   2.092   2.121   2.139   2.150 
    2.181   2.197   2.231   2.245   2.284   2.299   2.304   2.366 
    2.392   2.410   2.449   2.491   2.519   2.526   2.551   2.572 
    2.623   2.654   2.666   2.696   2.724   2.743   2.795   2.819 
    2.883   2.891   2.914   2.990   3.002   3.018   3.078   3.106 
    3.129   3.142   3.203   3.229   3.255   3.266   3.275   3.309 
    3.347   3.353   3.368   3.442   3.491   3.512   3.538   3.560 
    3.590   3.628   3.666   3.694   3.720   3.733   3.743   3.764 
    3.789   3.819   3.827   3.869   3.880   3.906   3.929   3.937 
    3.951   4.010   4.027   4.041   4.067   4.108   4.157   4.206 
    4.217   4.237   4.282   4.290   4.304   4.334   4.360   4.453 
    4.498   4.526   4.550   4.568   4.577   4.593   4.612   4.632 
    4.659   4.676   4.686   4.717   4.762   4.783   4.794   4.802 
    4.840   4.874   4.902   4.906   4.918   4.956   4.960   4.986 
    5.004   5.015   5.069   5.085   5.113   5.170   5.196   5.232 
    5.272   5.312   5.337   5.387   5.422   5.427   5.455   5.484 
    5.487   5.507   5.524   5.539   5.567   5.582   5.620   5.685 
    5.692   5.721   5.735   5.763   5.829   5.848   5.864   5.889 
    5.904   5.960   6.007   6.026   6.049   6.075   6.120   6.146 
    6.171   6.204   6.241   6.373   6.385   6.426   6.506   6.525 
    6.539   6.634   6.685   6.725   6.760   6.793   6.815   6.844 
    6.881   6.903   6.925   7.000   7.009   7.081   7.099   7.159 
    7.164   7.202   7.230   7.257   7.298   7.361   7.395   7.435 
    7.498   7.512   7.564   7.625   7.666   7.734   7.747   7.781 
    7.871   7.917   8.018   8.049   8.066   8.145   8.151   8.174 
    8.200   8.249   8.352   8.391   8.462   8.503   8.508   8.557 
    8.636   8.645   8.674   8.721   8.765   8.841   8.932   8.989 
    9.033   9.071   9.132   9.186   9.259   9.374   9.486   9.546 
    9.698   9.735   9.772   9.802   9.903   9.935  10.018  10.042 
   10.112  10.188  10.234  10.375  10.437  10.538  10.582  10.605 
   10.636  10.772  10.911  10.967  10.995  11.075  11.156  11.191 
   11.233  11.288  11.302  11.326  11.392  11.431  11.445  11.448 
   11.497  11.544  11.589  11.620  11.636  11.716  11.758  11.851 
   11.894  12.090  12.098  12.158  12.196  12.283  12.329  12.337 
   12.375  12.380  12.401  12.422  12.434  12.451  12.478  12.501 
   12.520  12.550  12.573  12.586  12.604  12.627  12.635  12.652 
   12.731  12.782  12.787  12.819  12.842  12.930  12.945  12.983 
   13.031  13.079  13.104  13.122  13.200  13.221  13.266  13.280 
   13.305  13.332  13.349  13.386  13.402  13.426  13.444  13.475 
   13.496  13.509  13.559  13.596  13.632  13.649  13.679  13.686 
   13.714  13.742  13.776  13.812  13.830  13.842  13.871  13.897 
   13.915  13.961  13.979  14.031  14.068  14.080  14.087  14.093 
   14.106  14.126  14.139  14.202  14.236  14.254  14.272  14.331 
   14.355  14.415  14.439  14.483  14.497  14.587  14.596  14.647 
   14.669  14.744  14.761  14.829  14.910  14.962  15.001  15.089 
   15.139  15.214  15.260  15.294  15.421  15.453  15.496  15.581 
   15.638  15.734  15.749  15.771  15.838  15.848  15.912  15.920 
   15.996  16.017  16.053  16.119  16.188  16.223  16.278  16.328 
   16.339  16.358  16.431  16.453  16.510  16.557  16.588  16.645 
   16.659  16.676  16.733  16.779  16.847  16.886  16.921  17.038 
   17.082  17.170  17.215  17.315  17.391  17.446  17.483  17.498 
   17.636  17.680  17.720  17.783  17.833  17.946  18.034  18.049 
   18.130  18.188  18.246  18.289  18.372  18.394  18.506  18.592 
   18.715  18.770  18.938  18.957  19.024  19.251  19.326  19.345 
   19.548  19.568  19.595  19.816  19.959  20.138  20.197  20.395 
   20.426  20.660  20.708  20.740  20.839  20.921  21.141  21.157 
   21.375  21.501  21.900  22.114  22.216  22.286  22.631  23.206 
   23.260  23.513  23.625  23.922  25.680  26.458  28.942  30.095 
   30.756  31.644  31.896  32.731  41.128  49.500  49.614  50.003 
   50.626  50.754  50.864  50.992  51.254  51.882  52.243  57.704 
   57.787  57.900  57.932  58.112  58.276  58.646  58.821  58.908 
   59.022  59.053  59.235  59.405  59.782  63.790  64.824  66.578 
   81.143  82.614  83.124  83.173  84.616  85.141 148.424 148.493 
  148.792 149.209 149.462 150.706 150.775 151.072 151.493 151.746 
  170.251 172.879 206.801 206.804 206.804 206.806 206.810 206.813 
  206.815 206.816 206.818 208.835 208.835 208.837 208.840 208.845 
  208.845 208.849 208.852 208.853 227.091 228.296 228.720 229.995 
  231.199 231.619 233.720 233.771 233.799 233.814 233.927 233.963 
  234.131 236.230 236.283 236.310 236.326 236.442 236.479 236.646 
  447.057 450.524 453.500 453.547 453.785 454.072 454.230 456.844 
  456.892 457.128 457.418 457.576 640.386 641.439 641.821 644.119 
  645.174 645.555 1574.040 1578.218 

  SA 0  : 0 (0.99)    SB 0  : 0 (0.99)
  SA 1  : 2 (0.99)    SB 1  : 1 (0.99)
  SA 2  : 3 (1.00)    SB 2  : 2 (0.99)
  SA 3  : 4 (0.14) 5 (0.31) 7 (0.14) 8 (0.11) 15 (0.14)    SB 3  : 3 (1.00)
  SA 4  : 4 (0.21) 7 (0.11) 8 (0.15) 15 (0.21)    SB 4  : 5 (0.30) 6 (0.12) 7 (0.22) 8 (0.21)
  SA 5  : 5 (0.22) 6 (0.20) 9 (0.20) 10 (0.22)    SB 5  : 4 (0.30) 11 (0.11) 13 (0.10) 15 (0.30)
  SA 6  : 5 (0.27) 6 (0.18) 8 (0.32)    SB 6  : 5 (0.26) 6 (0.17) 9 (0.19) 10 (0.22)
  SA 7  : 7 (0.53) 8 (0.36)    SB 7  : 5 (0.24) 6 (0.22) 8 (0.35)
  SA 8  : 6 (0.21) 10 (0.45) 13 (0.15)    SB 8  : 7 (0.55) 8 (0.31)
  SA 9  : 12 (0.76)    SB 9  : 12 (0.83)
  SA 10 : 6 (0.14) 9 (0.64) 10 (0.12)    SB 10 : 6 (0.25) 10 (0.45) 13 (0.16)
  SA 11 : 4 (0.16) 11 (0.35) 13 (0.21)    SB 11 : 6 (0.11) 9 (0.67) 10 (0.15)
  SA 12 : 4 (0.24) 14 (0.31) 15 (0.30)    SB 12 : 4 (0.16) 11 (0.38) 13 (0.20)
  SA 13 : 11 (0.40) 13 (0.45)    SB 13 : 4 (0.26) 14 (0.34) 15 (0.31)
  SA 14 : 4 (0.18) 14 (0.60) 15 (0.16)    SB 14 : 11 (0.40) 13 (0.46)
  SB 15 : 4 (0.19) 14 (0.58) 15 (0.17)

The transition for spin alpha is from 13 (0.01) to 1 (1.00).



  >>> Running UHF-MP2 <<<

MP2 correlation energy (UHF) : -1.0557079526
MP2 total energy       (UHF) : -210.2487146020

