	*********************************************** 
	***** Beginning CEBE Calculation with MOM ***** 
	*****       Calculation Details:          ***** 
	      Geometry:	 /work/morgunov/core/calculations/mols/exp/c/c2h6-c-o.xyz
	      Core Basis:	 cc-pCV5Z
	      Full Basis:	 cc-pV5Z
	      Do localization?:	 False
	      Do SFX2C1E?:	 True
	      Freeze orbitals?:	 True
	      Use Cheng orbitals?:	 False
	      Do Special Basis?:	 False
	*********************************************** 
	*********************************************** 

  >>> Running RHF <<<

init D/C      : minao
init ov       : zeros
no            : 16
nv            : 840
ov_size       : 13440
max_cycle     : 1000
conv          : 6
econv         : 9
method        : gdm
scale_stop    : 0
scale_factor  : 1.000000
init E        : -191.917097151245
init |[F,P]|  : 4.41e-03
init |dE|     : 1.29e-02
check file    : None

iter      total energy   |[F,P]|      |dE|         ∆E   comment
   1    -191.967218168  3.85e-03  1.18e-02  -5.01e-02  BFGS
   2    -192.049576076  3.59e-04  9.36e-04  -8.24e-02  BFGS
   3    -192.050911237  1.05e-04  2.84e-04  -1.34e-03  BFGS
   4    -192.051131802  4.85e-05  1.32e-04  -2.21e-04  BFGS
   5    -192.051156337  2.16e-05  5.81e-05  -2.45e-05  BFGS
   6    -192.051161113  3.79e-06  9.16e-06  -4.78e-06  BFGS
   7    -192.051161269  1.18e-06  2.93e-06  -1.56e-07  BFGS
   8    -192.051161281  3.10e-07  8.05e-07  -1.22e-08  BFGS
   9    -192.051161282  8.17e-08  2.03e-07  -6.71e-10  BFGS
                                                                      gdm is converged!

SCF converged : True
final |[F,P]| : 8.17e-08
final |dE|    : 2.03e-07
final Escf    : -312.124088259751
final Etot    : -192.051161281726

  pxp & ewc             :::        1.013 (  0.02%)
  apply B               :::        0.003 (  0.00%)
  linsrch               :::     4574.693 ( 99.98%)
  grad                  :::        0.036 (  0.00%)
  Total                 :::     4575.745 (100.00%)

Alpha occupied
  -20.541 -11.329 -11.232 -11.232  -1.383  -1.048  -0.971  -0.743 
   -0.647  -0.639  -0.628  -0.564  -0.563  -0.540  -0.488  -0.415 

Alpha virtual
    0.082   0.112   0.113   0.137   0.156   0.157   0.158   0.165 
    0.199   0.212   0.227   0.235   0.245   0.280   0.282   0.331 
    0.356   0.386   0.390   0.404   0.407   0.421   0.430   0.439 
    0.442   0.490   0.519   0.519   0.535   0.554   0.556   0.565 
    0.596   0.598   0.613   0.619   0.651   0.664   0.670   0.673 
    0.689   0.719   0.749   0.761   0.780   0.791   0.816   0.836 
    0.839   0.865   0.873   0.899   0.901   0.916   0.917   0.922 
    0.928   0.960   0.997   1.020   1.031   1.041   1.042   1.053 
    1.072   1.086   1.109   1.128   1.130   1.157   1.178   1.194 
    1.222   1.253   1.274   1.291   1.296   1.356   1.367   1.416 
    1.417   1.470   1.485   1.487   1.505   1.510   1.525   1.529 
    1.543   1.573   1.579   1.591   1.595   1.607   1.641   1.650 
    1.659   1.706   1.728   1.765   1.801   1.805   1.806   1.834 
    1.844   1.865   1.868   1.877   1.882   1.899   1.930   1.970 
    1.977   1.991   2.006   2.021   2.035   2.036   2.071   2.082 
    2.085   2.096   2.118   2.159   2.178   2.183   2.194   2.197 
    2.209   2.232   2.238   2.276   2.289   2.302   2.304   2.347 
    2.393   2.400   2.412   2.440   2.461   2.467   2.478   2.479 
    2.494   2.519   2.538   2.554   2.619   2.656   2.668   2.672 
    2.701   2.711   2.741   2.742   2.801   2.803   2.829   2.855 
    2.886   2.896   2.944   2.975   2.989   2.994   3.036   3.075 
    3.092   3.145   3.171   3.185   3.215   3.252   3.259   3.268 
    3.283   3.295   3.328   3.368   3.372   3.401   3.432   3.447 
    3.483   3.491   3.522   3.575   3.590   3.639   3.669   3.690 
    3.709   3.710   3.728   3.745   3.777   3.801   3.863   3.883 
    3.899   3.940   3.969   3.971   3.989   3.996   4.007   4.020 
    4.069   4.070   4.088   4.118   4.125   4.140   4.150   4.157 
    4.174   4.213   4.218   4.221   4.251   4.280   4.284   4.300 
    4.330   4.330   4.342   4.390   4.401   4.417   4.422   4.464 
    4.473   4.476   4.508   4.511   4.575   4.634   4.648   4.676 
    4.676   4.701   4.726   4.737   4.739   4.767   4.774   4.795 
    4.810   4.831   4.836   4.865   4.870   4.899   4.903   4.942 
    4.985   4.996   5.003   5.031   5.040   5.060   5.073   5.121 
    5.177   5.192   5.202   5.243   5.249   5.267   5.307   5.333 
    5.342   5.347   5.367   5.389   5.406   5.451   5.485   5.493 
    5.498   5.504   5.540   5.578   5.580   5.609   5.627   5.631 
    5.647   5.661   5.676   5.738   5.745   5.770   5.773   5.853 
    5.856   5.868   5.891   5.902   5.907   5.918   5.927   5.941 
    5.961   5.980   6.037   6.042   6.052   6.138   6.156   6.162 
    6.214   6.236   6.255   6.276   6.288   6.309   6.363   6.456 
    6.468   6.497   6.521   6.603   6.614   6.626   6.680   6.698 
    6.734   6.756   6.827   6.857   6.864   6.970   7.043   7.049 
    7.126   7.137   7.155   7.165   7.193   7.216   7.229   7.258 
    7.305   7.337   7.387   7.396   7.404   7.416   7.483   7.563 
    7.580   7.583   7.619   7.633   7.683   7.689   7.761   7.798 
    7.822   7.828   7.829   7.906   7.946   7.993   8.016   8.117 
    8.126   8.192   8.200   8.224   8.236   8.272   8.301   8.364 
    8.467   8.559   8.628   8.665   8.674   8.701   8.787   8.817 
    8.855   8.958   8.977   9.017   9.201   9.205   9.213   9.243 
    9.271   9.377   9.429   9.450   9.454   9.488   9.581   9.606 
    9.687   9.696   9.742   9.786   9.851   9.857   9.914   9.958 
    9.976   9.984  10.026  10.030  10.092  10.138  10.176  10.215 
   10.241  10.282  10.355  10.371  10.397  10.432  10.453  10.464 
   10.484  10.567  10.571  10.588  10.632  10.661  10.726  10.730 
   10.794  10.848  10.848  10.891  10.937  10.971  11.002  11.006 
   11.072  11.081  11.098  11.181  11.196  11.259  11.265  11.268 
   11.302  11.308  11.354  11.355  11.387  11.484  11.526  11.554 
   11.600  11.600  11.657  11.681  11.808  11.810  11.875  11.907 
   11.952  11.972  12.223  12.350  12.507  12.544  12.566  12.572 
   12.583  12.658  12.664  12.712  12.733  12.739  12.747  12.772 
   12.790  12.801  12.808  12.827  12.829  12.836  12.868  12.880 
   12.890  12.928  12.930  12.937  12.950  12.959  12.987  13.042 
   13.062  13.071  13.096  13.108  13.120  13.147  13.203  13.216 
   13.230  13.271  13.292  13.323  13.331  13.436  13.460  13.463 
   13.479  13.501  13.565  13.566  13.575  13.597  13.599  13.663 
   13.682  13.699  13.701  13.712  13.755  13.767  13.807  13.864 
   13.977  14.000  14.065  14.067  14.089  14.125  14.127  14.143 
   14.179  14.184  14.190  14.207  14.239  14.266  14.299  14.304 
   14.320  14.331  14.340  14.349  14.366  14.401  14.434  14.435 
   14.439  14.441  14.470  14.505  14.520  14.537  14.538  14.560 
   14.566  14.577  14.640  14.655  14.689  14.703  14.714  14.730 
   14.778  14.781  14.798  14.880  14.912  14.942  14.942  14.964 
   14.978  15.027  15.073  15.074  15.160  15.214  15.215  15.242 
   15.278  15.361  15.409  15.579  15.603  15.628  15.629  15.802 
   15.837  15.875  15.903  15.993  16.012  16.064  16.108  16.110 
   16.145  16.181  16.203  16.212  16.228  16.285  16.440  16.518 
   16.659  16.814  16.893  16.920  16.923  16.975  17.036  17.125 
   17.529  17.572  17.662  17.699  17.716  17.798  17.855  17.934 
   17.997  18.015  18.029  18.066  18.189  18.200  18.321  18.436 
   18.439  18.481  18.483  18.510  18.560  18.572  18.614  18.619 
   18.631  18.660  18.710  18.723  18.761  18.767  18.783  18.837 
   18.954  18.985  18.989  19.189  19.254  19.476  19.511  19.565 
   19.575  19.807  19.864  19.962  20.435  20.447  20.472  20.509 
   20.521  20.567  20.604  20.710  21.348  21.578  21.697  22.260 
   22.392  22.451  22.476  23.066  23.566  23.595  23.921  24.019 
   24.085  24.329  24.397  24.568  24.572  25.187  35.757  36.142 
   36.338  36.621  36.648  36.706  36.728  36.863  37.167  37.275 
   37.351  37.514  37.528  37.570  37.581  47.104  47.161  47.256 
   47.289  47.323  47.438  47.439  47.560  47.653  47.655  47.672 
   47.693  47.727  47.807  47.836  47.845  47.863  47.946  47.999 
   48.571  48.582  50.764  51.875  51.912  59.386  60.768  60.942 
   61.230  61.278  61.308  61.329  61.424  61.450  64.415 107.766 
  107.989 108.189 108.344 108.355 108.400 108.424 108.532 108.740 
  108.832 108.834 108.969 108.983 109.007 109.014 130.395 131.477 
  131.478 165.290 166.452 166.598 166.839 166.878 166.882 166.928 
  167.003 167.046 167.468 167.469 167.472 167.475 167.476 167.479 
  167.485 167.504 167.514 167.578 167.578 167.578 167.580 167.582 
  167.583 167.584 167.584 167.584 167.585 167.587 167.587 167.600 
  167.602 167.611 167.613 167.617 167.617 188.310 188.334 188.362 
  188.395 188.445 188.460 188.503 188.558 188.582 188.584 188.592 
  188.598 188.613 188.653 188.665 188.667 188.676 188.682 188.692 
  188.971 188.975 329.532 329.686 329.803 329.957 329.964 329.992 
  330.012 330.070 330.215 330.257 330.281 330.400 330.410 330.425 
  330.431 337.949 338.971 338.974 465.214 466.199 466.340 466.565 
  466.585 466.598 466.629 466.707 466.738 1175.592 1179.340 1179.352 


  >>> Running RHF-MP2 <<<


RMP2-TIMING
  rmp2                  :::     3214.048 (100.00%)
  Total                 :::     3214.048 (100.00%)

MP2 correlation energy (RHF) : -1.0092995817
MP2 total energy       (RHF) : -193.0604608634


  >>> Running UHF <<<

init D/C      : input mo_coeff
init ov       : zeros
no            : 15 16
nv            : 841 840
ov_size       : 26055
max_cycle     : 1000
conv          : 6
econv         : 9
method        : diis
mom_start     : 0
guess mix     : 0.000000
orb_swap      : [[[1, 15]], []]
init E        : -180.722164348078
init S2       : 0.750000000000151
init |[F,P]|  : 8.34e-03
init |dE|     : 2.58e-02
check file    : None

iter      total energy   |[F,P]|      |dE|         ∆E   S^2   comment
   1    -180.967350427  5.92e-03  1.67e-02  -2.45e-01  0.76  DIIS mom: 14.7/15 15.6/16
   2    -181.044860619  4.72e-03  1.36e-02  -7.75e-02  0.76  DIIS mom: 14.8/15 15.8/16
   3    -181.054293519  4.60e-03  1.39e-02  -9.43e-03  0.77  DIIS mom: 14.8/15 15.8/16
   4    -181.075405313  4.25e-03  1.31e-02  -2.11e-02  0.77  DIIS mom: 14.8/15 15.8/16
   5    -181.079833245  4.23e-03  1.30e-02  -4.43e-03  0.79  DIIS mom: 14.8/15 15.8/16
   6    -181.097686744  3.97e-03  1.25e-02  -1.79e-02  0.79  DIIS mom: 14.8/15 15.9/16
   7    -181.106512600  3.92e-03  1.21e-02  -8.83e-03  0.81  DIIS mom: 14.9/15 15.8/16
   8    -181.125636433  3.65e-03  1.15e-02  -1.91e-02  0.82  DIIS mom: 14.9/15 15.9/16
   9    -181.138963286  3.52e-03  1.09e-02  -1.33e-02  0.84  DIIS mom: 14.9/15 15.9/16
  10    -181.159273783  3.22e-03  1.01e-02  -2.03e-02  0.86  DIIS mom: 14.9/15 15.9/16
  11    -181.175809756  3.02e-03  9.37e-03  -1.65e-02  0.89  DIIS mom: 14.9/15 15.9/16
  12    -181.195891249  2.69e-03  8.45e-03  -2.01e-02  0.91  DIIS mom: 14.9/15 15.9/16
  13    -181.213023403  2.43e-03  7.54e-03  -1.71e-02  0.94  DIIS mom: 14.9/15 15.9/16
  14    -181.230441072  2.08e-03  6.51e-03  -1.74e-02  0.97  DIIS mom: 14.9/15 16.0/16
  15    -181.264922305  2.49e-04  6.85e-04  -3.45e-02  0.83  DIIS mom: 15.0/15 16.0/16
  16    -181.258891478  8.12e-04  2.59e-03   6.03e-03  0.84  DIIS mom: 15.0/15 16.0/16
  17    -181.276393187  4.18e-04  1.26e-03  -1.75e-02  1.06  DIIS mom: 15.0/15 16.0/16
  18    -181.241693601  7.07e-04  2.28e-03   3.47e-02  0.87  DIIS mom: 14.8/15 15.7/16
  19    -181.265280091  8.38e-04  2.42e-03  -2.36e-02  1.62  DIIS mom: 14.6/15 15.4/16
  20    -181.266087956  8.54e-04  2.51e-03  -8.08e-04  1.60  DIIS mom: 15.0/15 16.0/16
  21    -181.273084078  8.96e-04  3.09e-03  -7.00e-03  1.24  DIIS mom: 15.0/15 16.0/16
  22    -181.250447984  3.05e-04  9.43e-04   2.26e-02  0.87  DIIS mom: 14.8/15 15.7/16
  23    -181.282308868  2.92e-04  8.78e-04  -3.19e-02  1.23  DIIS mom: 14.7/15 15.8/16
  24    -181.280000263  3.95e-04  1.13e-03   2.31e-03  1.19  DIIS mom: 15.0/15 16.0/16
  25    -181.276688119  4.47e-04  1.26e-03   3.31e-03  1.07  DIIS mom: 15.0/15 16.0/16
  26    -181.282947103  1.53e-04  4.15e-04  -6.26e-03  1.43  DIIS mom: 15.0/15 16.0/16
  27    -181.261599139  8.21e-04  2.46e-03   2.13e-02  1.67  DIIS mom: 15.0/15 16.0/16
  28    -181.284291299  9.78e-05  2.86e-04  -2.27e-02  1.30  DIIS mom: 15.0/15 16.0/16
  29    -181.284461755  3.48e-05  1.01e-04  -1.70e-04  1.33  DIIS mom: 15.0/15 16.0/16
  30    -181.283939105  9.79e-05  2.86e-04   5.23e-04  1.38  DIIS mom: 15.0/15 16.0/16
  31    -181.284507641  1.06e-05  3.34e-05  -5.69e-04  1.31  DIIS mom: 15.0/15 16.0/16
  32    -181.284507627  8.70e-06  2.46e-05   1.36e-08  1.32  DIIS mom: 15.0/15 16.0/16
  33    -181.284510159  3.89e-06  1.08e-05  -2.53e-06  1.32  DIIS mom: 15.0/15 16.0/16
  34    -181.284509869  2.59e-06  7.39e-06   2.91e-07  1.32  DIIS mom: 15.0/15 16.0/16
  35    -181.284510242  1.52e-06  4.27e-06  -3.73e-07  1.32  DIIS mom: 15.0/15 16.0/16
  36    -181.284510418  9.33e-08  2.53e-07  -1.76e-07  1.31  DIIS mom: 15.0/15 16.0/16
  37    -181.284510418  1.09e-07  3.16e-07   1.11e-10  1.31  DIIS mom: 15.0/15 16.0/16
                                                                      diis is converged!

SCF converged : True
final |[F,P]| : 1.09e-07
final |dE|    : 3.16e-07
final Escf    : -301.357437396001
final Etot    : -181.284510417975
final S2      : 1.3144311171303

  diis prep             :::        2.445 (  0.01%)
  diis extrap           :::        3.034 (  0.01%)
  roothaan              :::        9.230 (  0.04%)
  fock build            :::    20664.752 ( 99.93%)
  Total                 :::    20679.461 (100.00%)

Alpha occupied
  -20.945 -11.495 -11.495  -1.803  -1.338  -1.237  -1.069  -0.972 
   -0.969  -0.955  -0.820  -0.818  -0.788  -0.785  -0.757 

Alpha virtual
  -10.172  -0.162  -0.079  -0.036  -0.031  -0.017  -0.015   0.003 
    0.019   0.025   0.029   0.053   0.060   0.060   0.100   0.116 
    0.165   0.167   0.175   0.195   0.207   0.218   0.222   0.244 
    0.247   0.253   0.264   0.281   0.323   0.335   0.356   0.358 
    0.363   0.398   0.404   0.414   0.425   0.455   0.466   0.469 
    0.473   0.489   0.510   0.531   0.542   0.574   0.587   0.597 
    0.613   0.639   0.649   0.674   0.677   0.677   0.699   0.708 
    0.714   0.736   0.765   0.797   0.809   0.821   0.839   0.841 
    0.850   0.862   0.881   0.902   0.913   0.930   0.937   0.964 
    0.992   1.026   1.046   1.065   1.080   1.086   1.092   1.157 
    1.166   1.201   1.248   1.258   1.262   1.273   1.283   1.287 
    1.295   1.318   1.334   1.367   1.378   1.384   1.386   1.420 
    1.428   1.430   1.477   1.514   1.537   1.579   1.586   1.590 
    1.602   1.615   1.637   1.644   1.654   1.664   1.667   1.691 
    1.721   1.726   1.772   1.781   1.798   1.814   1.818   1.846 
    1.850   1.852   1.859   1.884   1.947   1.971   1.972   1.981 
    1.982   1.990   2.016   2.021   2.061   2.066   2.070   2.091 
    2.128   2.145   2.175   2.191   2.225   2.227   2.242   2.261 
    2.265   2.287   2.304   2.306   2.337   2.365   2.416   2.424 
    2.439   2.450   2.477   2.489   2.492   2.561   2.576   2.596 
    2.620   2.642   2.668   2.690   2.724   2.741   2.748   2.810 
    2.827   2.845   2.904   2.924   2.931   2.983   3.000   3.013 
    3.018   3.043   3.053   3.059   3.096   3.096   3.105   3.170 
    3.172   3.199   3.255   3.286   3.336   3.342   3.405   3.430 
    3.448   3.470   3.474   3.477   3.510   3.529   3.548   3.609 
    3.627   3.647   3.698   3.708   3.718   3.738   3.740   3.762 
    3.776   3.830   3.835   3.847   3.885   3.894   3.902   3.905 
    3.921   3.934   3.956   3.967   3.996   4.005   4.033   4.043 
    4.069   4.086   4.097   4.103   4.148   4.153   4.168   4.193 
    4.215   4.224   4.228   4.254   4.284   4.333   4.377   4.404 
    4.451   4.453   4.484   4.491   4.502   4.516   4.523   4.530 
    4.547   4.589   4.594   4.597   4.627   4.631   4.634   4.671 
    4.710   4.761   4.764   4.779   4.799   4.815   4.835   4.842 
    4.860   4.922   4.947   4.960   4.971   4.995   5.023   5.067 
    5.097   5.098   5.120   5.136   5.155   5.160   5.203   5.244 
    5.253   5.259   5.274   5.289   5.345   5.354   5.381   5.393 
    5.397   5.414   5.425   5.446   5.489   5.493   5.514   5.542 
    5.616   5.617   5.621   5.633   5.651   5.663   5.676   5.683 
    5.708   5.714   5.734   5.783   5.792   5.801   5.859   5.893 
    5.915   5.972   5.992   5.999   6.023   6.035   6.069   6.102 
    6.184   6.216   6.226   6.245   6.346   6.350   6.361   6.404 
    6.444   6.471   6.506   6.536   6.580   6.590   6.699   6.787 
    6.809   6.833   6.864   6.897   6.933   6.944   6.967   6.980 
    6.988   7.030   7.050   7.052   7.128   7.133   7.178   7.187 
    7.274   7.310   7.326   7.333   7.342   7.402   7.430   7.502 
    7.528   7.541   7.549   7.551   7.596   7.637   7.667   7.741 
    7.814   7.816   7.941   7.956   7.958   7.996   7.998   8.043 
    8.108   8.160   8.283   8.293   8.317   8.407   8.416   8.443 
    8.492   8.520   8.655   8.690   8.751   8.942   8.948   8.961 
    8.993   9.019   9.118   9.153   9.168   9.178   9.195   9.309 
    9.341   9.415   9.419   9.466   9.502   9.511   9.525   9.648 
    9.696   9.704   9.727   9.758   9.767   9.810   9.865   9.908 
    9.958   9.976  10.015  10.080  10.100  10.133  10.145  10.181 
   10.188  10.203  10.264  10.304  10.327  10.343  10.366  10.449 
   10.472  10.498  10.548  10.550  10.604  10.666  10.704  10.736 
   10.741  10.763  10.808  10.813  10.871  10.920  10.936  10.936 
   10.993  11.029  11.053  11.069  11.094  11.111  11.151  11.272 
   11.279  11.306  11.308  11.383  11.399  11.501  11.561  11.604 
   11.625  11.633  11.665  11.941  11.993  12.072  12.303  12.328 
   12.333  12.344  12.434  12.440  12.481  12.504  12.504  12.510 
   12.545  12.549  12.566  12.580  12.602  12.604  12.606  12.628 
   12.636  12.644  12.675  12.694  12.702  12.702  12.717  12.733 
   12.802  12.815  12.824  12.857  12.869  12.877  12.896  12.916 
   12.924  12.929  13.002  13.011  13.023  13.059  13.154  13.209 
   13.232  13.237  13.259  13.330  13.333  13.344  13.365  13.368 
   13.419  13.430  13.467  13.468  13.472  13.524  13.530  13.578 
   13.635  13.638  13.779  13.840  13.845  13.850  13.894  13.903 
   13.909  13.929  13.933  13.935  13.951  13.964  13.970  13.986 
   14.039  14.047  14.067  14.089  14.112  14.124  14.128  14.136 
   14.161  14.189  14.209  14.214  14.233  14.250  14.259  14.300 
   14.315  14.325  14.330  14.399  14.414  14.449  14.454  14.471 
   14.471  14.500  14.538  14.562  14.602  14.673  14.711  14.714 
   14.723  14.749  14.798  14.799  14.846  14.849  14.901  14.928 
   15.001  15.007  15.107  15.177  15.351  15.374  15.383  15.391 
   15.577  15.611  15.619  15.672  15.674  15.714  15.770  15.838 
   15.855  15.902  15.918  15.940  15.976  15.991  15.999  16.206 
   16.263  16.305  16.409  16.533  16.690  16.690  16.694  16.794 
   16.806  17.307  17.351  17.435  17.475  17.490  17.567  17.622 
   17.707  17.769  17.788  17.800  17.839  17.940  17.963  17.988 
   18.171  18.211  18.216  18.242  18.251  18.255  18.269  18.320 
   18.373  18.379  18.415  18.472  18.473  18.512  18.528  18.533 
   18.583  18.608  18.666  18.760  18.809  18.875  18.978  19.143 
   19.168  19.194  19.443  19.471  19.560  19.921  20.045  20.215 
   20.243  20.277  20.285  20.316  20.331  20.951  20.964  21.039 
   21.992  21.998  22.082  22.155  22.341  23.160  23.320  23.526 
   23.598  23.668  24.081  24.150  24.319  24.323  24.574  34.633 
   35.016  35.232  35.812  36.107  36.354  36.380  36.462  36.474 
   36.893  36.990  37.259  37.272  37.314  37.326  45.990  46.054 
   46.076  46.163  46.226  46.366  46.664  47.224  47.284  47.363 
   47.393  47.402  47.412  47.412  47.505  47.563  47.567  47.570 
   47.600  48.298  48.319  49.493  51.588  51.611  57.822  59.320 
   59.775  60.708  60.925  60.970  61.021  61.166  61.172  63.993 
  105.836 106.054 106.265 106.629 106.883 108.075 108.087 108.139 
  108.165 108.471 108.524 108.709 108.723 108.746 108.754 128.344 
  131.159 131.215 162.938 164.193 164.586 165.527 165.527 165.527 
  165.529 165.530 165.531 165.535 165.545 165.552 166.359 166.529 
  166.577 166.618 166.743 166.752 167.315 167.315 167.315 167.316 
  167.318 167.318 167.320 167.320 167.321 167.321 167.326 167.326 
  167.337 167.339 167.352 167.353 167.357 167.357 186.074 186.098 
  186.103 186.154 186.184 186.237 186.389 188.253 188.291 188.300 
  188.315 188.324 188.326 188.331 188.353 188.396 188.399 188.399 
  188.412 188.708 188.713 326.706 326.856 326.974 327.252 327.410 
  329.690 329.698 329.733 329.753 329.954 329.999 330.138 330.149 
  330.163 330.169 335.129 338.648 338.711 462.083 463.149 463.496 
  466.098 466.239 466.301 466.337 466.446 466.453 1172.168 1178.934 
  1179.091 

Beta occupied
  -20.912 -13.868 -11.491 -11.491  -1.773  -1.381  -1.249  -1.078 
   -1.005  -0.991  -0.975  -0.818  -0.797  -0.785  -0.772  -0.748 

Beta virtual
   -0.148  -0.078  -0.038  -0.028  -0.021  -0.016   0.001   0.017 
    0.023   0.027   0.050   0.055   0.058   0.094   0.116   0.160 
    0.165   0.167   0.186   0.191   0.205   0.225   0.245   0.247 
    0.252   0.268   0.280   0.320   0.334   0.351   0.351   0.358 
    0.392   0.402   0.414   0.426   0.452   0.455   0.465   0.472 
    0.489   0.509   0.527   0.538   0.565   0.567   0.588   0.602 
    0.617   0.646   0.670   0.677   0.686   0.702   0.712   0.714 
    0.734   0.768   0.794   0.808   0.825   0.836   0.840   0.850 
    0.865   0.881   0.904   0.914   0.931   0.938   0.962   0.992 
    1.024   1.046   1.062   1.083   1.087   1.098   1.156   1.168 
    1.198   1.245   1.256   1.262   1.274   1.283   1.287   1.292 
    1.318   1.340   1.362   1.371   1.375   1.384   1.419   1.420 
    1.429   1.478   1.514   1.532   1.571   1.584   1.587   1.614 
    1.621   1.633   1.646   1.649   1.664   1.668   1.688   1.696 
    1.724   1.767   1.778   1.804   1.814   1.820   1.838   1.849 
    1.851   1.861   1.875   1.945   1.968   1.970   1.977   1.981 
    1.990   2.017   2.020   2.055   2.065   2.070   2.089   2.127 
    2.133   2.175   2.190   2.217   2.226   2.235   2.259   2.262 
    2.283   2.296   2.304   2.336   2.365   2.411   2.420   2.438 
    2.439   2.468   2.492   2.495   2.558   2.577   2.596   2.617 
    2.642   2.669   2.687   2.726   2.735   2.755   2.809   2.820 
    2.851   2.903   2.923   2.929   2.979   3.006   3.012   3.017 
    3.033   3.052   3.054   3.091   3.097   3.124   3.169   3.186 
    3.204   3.252   3.283   3.334   3.342   3.406   3.430   3.442 
    3.468   3.474   3.479   3.510   3.521   3.544   3.612   3.626 
    3.636   3.688   3.704   3.718   3.736   3.737   3.757   3.775 
    3.823   3.834   3.843   3.883   3.891   3.893   3.902   3.910 
    3.934   3.950   3.958   3.995   4.000   4.030   4.038   4.069 
    4.081   4.090   4.099   4.149   4.151   4.169   4.191   4.210 
    4.220   4.227   4.253   4.282   4.331   4.364   4.394   4.450 
    4.453   4.484   4.492   4.496   4.516   4.524   4.529   4.550 
    4.583   4.594   4.602   4.625   4.632   4.632   4.670   4.709 
    4.760   4.760   4.774   4.795   4.815   4.834   4.834   4.848 
    4.922   4.945   4.959   4.963   4.980   5.023   5.063   5.095 
    5.098   5.119   5.134   5.146   5.160   5.199   5.247   5.250 
    5.254   5.275   5.293   5.342   5.353   5.381   5.391   5.395 
    5.411   5.422   5.442   5.485   5.491   5.506   5.541   5.606 
    5.611   5.620   5.632   5.648   5.653   5.675   5.683   5.703 
    5.708   5.733   5.785   5.792   5.801   5.866   5.893   5.913 
    5.972   5.987   5.998   6.031   6.034   6.069   6.097   6.167 
    6.219   6.227   6.244   6.347   6.349   6.359   6.403   6.437 
    6.468   6.505   6.530   6.575   6.591   6.701   6.790   6.808 
    6.820   6.861   6.895   6.931   6.945   6.958   6.979   7.006 
    7.028   7.042   7.072   7.132   7.133   7.177   7.183   7.263 
    7.299   7.312   7.340   7.341   7.411   7.431   7.484   7.521 
    7.534   7.544   7.559   7.579   7.643   7.668   7.740   7.810 
    7.823   7.939   7.955   7.955   7.982   7.994   8.042   8.104 
    8.147   8.258   8.284   8.334   8.384   8.402   8.422   8.464 
    8.539   8.642   8.695   8.748   8.941   8.943   8.961   8.993 
    9.021   9.117   9.153   9.162   9.179   9.199   9.306   9.336 
    9.411   9.413   9.469   9.495   9.512   9.522   9.648   9.691 
    9.700   9.726   9.753   9.762   9.811   9.860   9.906   9.954 
    9.974  10.012  10.069  10.099  10.119  10.139  10.176  10.181 
   10.196  10.256  10.301  10.323  10.334  10.358  10.448  10.468 
   10.483  10.533  10.543  10.596  10.659  10.698  10.731  10.738 
   10.751  10.803  10.806  10.853  10.900  10.920  10.934  10.987 
   11.023  11.045  11.068  11.094  11.110  11.138  11.268  11.274 
   11.298  11.304  11.371  11.399  11.495  11.558  11.598  11.611 
   11.634  11.658  11.939  11.968  12.023  12.304  12.328  12.334 
   12.345  12.433  12.439  12.479  12.502  12.503  12.509  12.543 
   12.548  12.565  12.580  12.602  12.603  12.604  12.623  12.634 
   12.640  12.671  12.692  12.700  12.701  12.715  12.731  12.790 
   12.813  12.820  12.855  12.867  12.868  12.890  12.909  12.922 
   12.926  12.994  13.005  13.015  13.056  13.149  13.208  13.223 
   13.236  13.257  13.327  13.333  13.343  13.362  13.367  13.416 
   13.424  13.465  13.466  13.470  13.523  13.529  13.578  13.615 
   13.634  13.778  13.838  13.844  13.847  13.890  13.902  13.911 
   13.933  13.947  13.951  13.952  13.963  13.963  13.987  14.038 
   14.043  14.078  14.087  14.111  14.121  14.128  14.132  14.136 
   14.189  14.209  14.213  14.233  14.241  14.260  14.299  14.314 
   14.326  14.329  14.398  14.408  14.446  14.454  14.470  14.470 
   14.496  14.539  14.562  14.598  14.673  14.710  14.714  14.721 
   14.750  14.798  14.800  14.845  14.855  14.894  14.933  14.999 
   15.004  15.105  15.176  15.350  15.373  15.382  15.391  15.576 
   15.611  15.623  15.674  15.675  15.718  15.790  15.837  15.855 
   15.904  15.917  15.939  15.974  15.992  16.004  16.207  16.259 
   16.301  16.440  16.538  16.689  16.692  16.695  16.794  16.806 
   17.306  17.350  17.434  17.474  17.489  17.567  17.621  17.707 
   17.769  17.788  17.799  17.838  17.945  17.962  17.993  18.179 
   18.210  18.243  18.251  18.251  18.260  18.278  18.320  18.374 
   18.380  18.418  18.471  18.482  18.517  18.528  18.534  18.605 
   18.608  18.675  18.759  18.841  18.872  18.906  19.162  19.193 
   19.200  19.453  19.499  19.573  19.830  19.860  20.215  20.242 
   20.276  20.285  20.310  20.331  20.859  20.940  20.974  21.988 
   22.033  22.052  22.116  22.246  23.191  23.317  23.525  23.563 
   23.658  24.081  24.150  24.320  24.324  24.503  34.488  34.874 
   35.088  35.686  35.979  36.355  36.381  36.459  36.475  36.893 
   36.988  37.260  37.273  37.314  37.326  45.902  45.969  45.987 
   46.073  46.138  46.290  46.577  47.212  47.286  47.362  47.393 
   47.402  47.412  47.412  47.504  47.564  47.568  47.571  47.601 
   48.296  48.320  49.137  51.579  51.612  57.457  58.980  59.442 
   60.706  60.920  60.971  61.021  61.167  61.172  63.998 105.611 
  105.830 106.040 106.410 106.663 108.075 108.088 108.139 108.166 
  108.471 108.524 108.709 108.723 108.747 108.754 127.979 131.156 
  131.216 162.600 163.862 164.257 165.425 165.425 165.425 165.428 
  165.429 165.431 165.435 165.447 165.452 166.359 166.527 166.577 
  166.619 166.744 166.752 167.315 167.315 167.316 167.316 167.318 
  167.319 167.321 167.321 167.321 167.322 167.326 167.326 167.337 
  167.339 167.352 167.354 167.357 167.358 185.907 185.931 185.936 
  185.987 186.017 186.073 186.224 188.254 188.292 188.300 188.315 
  188.325 188.326 188.331 188.353 188.397 188.399 188.400 188.413 
  188.708 188.713 326.476 326.626 326.743 327.023 327.181 329.690 
  329.698 329.733 329.753 329.954 330.000 330.138 330.149 330.163 
  330.169 334.836 338.646 338.712 461.826 462.894 463.241 466.098 
  466.238 466.302 466.337 466.446 466.453 1171.988 1178.930 1179.091 


  >>> Running UHF-MP2 <<<

MP2 correlation energy (UHF) : -0.9356786508
MP2 total energy       (UHF) : -182.2201890688

