	*********************************************** 
	***** Beginning CEBE Calculation with MOM ***** 
	*****       Calculation Details:          ***** 
	      Geometry:	 /work/morgunov/rev2calcs/mols/exp/o/ipr-oh.xyz
	      Core Basis:	 pcX-4
	      Full Basis:	 pc-4
	      DIIS (start, space):	 0 50
	      Level shift:	 0
	      Do localization?:	 False
	      Do SFX2C1E?:	 True
	      Freeze orbitals?:	 True
	      Use Cheng orbitals?:	 False
	      Do Special Basis?:	 True
	      Do Special Basis?:	 pcX-4
	*********************************************** 
	*********************************************** 

  >>> Running RHF <<<

init D/C      : minao
init ov       : zeros
no            : 17
nv            : 945
ov_size       : 16065
max_cycle     : 1000
conv          : 6
econv         : 9
method        : gdm
scale_stop    : 0
scale_factor  : 1.000000
init E        : -193.13938247962
init |[F,P]|  : 3.97e-03
init |dE|     : 8.73e-03
check file    : None

iter      total energy   |[F,P]|      |dE|         ∆E   comment
   1    -193.195628053  2.17e-03  4.96e-03  -5.62e-02  BFGS
   2    -193.212937441  2.73e-04  6.21e-04  -1.73e-02  BFGS
   3    -193.213229821  7.14e-05  1.58e-04  -2.92e-04  BFGS
   4    -193.213253132  1.85e-05  4.05e-05  -2.33e-05  BFGS
   5    -193.213254612  5.41e-06  1.22e-05  -1.48e-06  BFGS
   6    -193.213254750  1.17e-06  2.74e-06  -1.37e-07  BFGS
   7    -193.213254761  3.07e-07  7.07e-07  -1.09e-08  BFGS
   8    -193.213254761  1.13e-07  2.28e-07  -6.34e-10  BFGS
                                                                      gdm is converged!

SCF converged : True
final |[F,P]| : 1.13e-07
final |dE|    : 2.28e-07
final Escf    : -329.038678275849
final Etot    : -193.213254761261

  pxp & ewc             :::        0.788 (  0.02%)
  apply B               :::        0.002 (  0.00%)
  linsrch               :::     5096.523 ( 99.98%)
  grad                  :::        0.037 (  0.00%)
  Total                 :::     5097.351 (100.00%)

Alpha occupied
  -20.549 -11.274 -11.212 -11.205  -1.359  -1.047  -0.940  -0.799 
   -0.700  -0.629  -0.607  -0.548  -0.535  -0.530  -0.511  -0.472 
   -0.437 

Alpha virtual
    0.047   0.061   0.064   0.071   0.092   0.093   0.101   0.106 
    0.111   0.131   0.137   0.138   0.140   0.148   0.165   0.174 
    0.183   0.208   0.219   0.222   0.246   0.253   0.256   0.260 
    0.275   0.284   0.292   0.299   0.301   0.308   0.322   0.328 
    0.335   0.348   0.357   0.364   0.378   0.388   0.394   0.412 
    0.418   0.441   0.457   0.464   0.476   0.482   0.486   0.494 
    0.499   0.512   0.514   0.525   0.532   0.552   0.557   0.561 
    0.566   0.570   0.577   0.590   0.609   0.626   0.635   0.638 
    0.641   0.647   0.650   0.656   0.670   0.676   0.686   0.692 
    0.694   0.707   0.716   0.721   0.729   0.737   0.750   0.759 
    0.765   0.773   0.782   0.811   0.834   0.836   0.842   0.861 
    0.872   0.883   0.890   0.911   0.919   0.923   0.938   0.963 
    0.979   1.006   1.015   1.047   1.063   1.067   1.076   1.090 
    1.103   1.112   1.116   1.138   1.157   1.172   1.186   1.193 
    1.197   1.210   1.217   1.229   1.239   1.246   1.271   1.279 
    1.291   1.310   1.323   1.327   1.337   1.343   1.360   1.368 
    1.371   1.389   1.401   1.412   1.413   1.436   1.446   1.455 
    1.462   1.490   1.497   1.507   1.521   1.526   1.530   1.542 
    1.554   1.559   1.566   1.575   1.575   1.581   1.590   1.597 
    1.613   1.620   1.630   1.640   1.651   1.683   1.688   1.701 
    1.720   1.724   1.746   1.759   1.773   1.779   1.804   1.805 
    1.821   1.831   1.845   1.864   1.877   1.900   1.921   1.966 
    1.984   1.994   1.998   2.024   2.029   2.061   2.074   2.085 
    2.091   2.108   2.116   2.143   2.156   2.186   2.213   2.228 
    2.235   2.268   2.291   2.296   2.316   2.331   2.335   2.367 
    2.396   2.404   2.413   2.439   2.444   2.468   2.484   2.501 
    2.515   2.526   2.545   2.557   2.566   2.587   2.593   2.611 
    2.643   2.652   2.659   2.664   2.685   2.707   2.723   2.737 
    2.748   2.760   2.777   2.797   2.818   2.827   2.844   2.866 
    2.877   2.891   2.919   2.933   2.957   2.972   2.982   3.013 
    3.028   3.065   3.074   3.095   3.109   3.130   3.141   3.216 
    3.231   3.254   3.259   3.288   3.295   3.330   3.356   3.369 
    3.377   3.390   3.409   3.429   3.457   3.460   3.481   3.493 
    3.515   3.532   3.549   3.552   3.580   3.619   3.640   3.661 
    3.671   3.686   3.712   3.718   3.729   3.737   3.763   3.789 
    3.813   3.816   3.843   3.849   3.874   3.891   3.895   3.909 
    3.945   3.962   3.973   3.987   4.031   4.067   4.073   4.081 
    4.100   4.110   4.127   4.140   4.152   4.170   4.195   4.209 
    4.232   4.250   4.256   4.267   4.292   4.309   4.321   4.333 
    4.343   4.370   4.380   4.392   4.414   4.427   4.447   4.455 
    4.466   4.469   4.499   4.507   4.520   4.525   4.557   4.582 
    4.602   4.626   4.642   4.662   4.666   4.686   4.694   4.711 
    4.735   4.766   4.787   4.800   4.826   4.840   4.855   4.868 
    4.883   4.904   4.919   4.940   4.965   4.978   4.989   5.010 
    5.016   5.052   5.068   5.082   5.086   5.105   5.108   5.132 
    5.143   5.156   5.179   5.199   5.220   5.250   5.265   5.288 
    5.313   5.330   5.339   5.354   5.372   5.379   5.416   5.438 
    5.458   5.481   5.491   5.502   5.525   5.556   5.580   5.589 
    5.597   5.635   5.655   5.671   5.691   5.713   5.736   5.746 
    5.751   5.778   5.789   5.829   5.852   5.861   5.868   5.911 
    5.928   5.955   5.973   5.987   6.011   6.034   6.056   6.078 
    6.087   6.118   6.143   6.152   6.172   6.228   6.237   6.253 
    6.269   6.323   6.363   6.373   6.392   6.429   6.469   6.492 
    6.526   6.552   6.574   6.596   6.617   6.631   6.640   6.734 
    6.754   6.790   6.818   6.843   6.862   6.904   6.921   6.952 
    6.970   6.981   7.028   7.069   7.104   7.123   7.152   7.201 
    7.236   7.262   7.270   7.302   7.324   7.351   7.364   7.386 
    7.396   7.425   7.437   7.460   7.475   7.538   7.560   7.642 
    7.699   7.714   7.808   7.859   7.879   7.889   7.955   7.988 
    8.011   8.084   8.129   8.178   8.207   8.232   8.244   8.335 
    8.368   8.398   8.483   8.536   8.561   8.618   8.654   8.742 
    8.815   8.826   8.889   8.946   9.055   9.208   9.230   9.262 
    9.279   9.325   9.372   9.389   9.398   9.422   9.445   9.460 
    9.476   9.482   9.499   9.520   9.533   9.551   9.557   9.564 
    9.597   9.622   9.634   9.659   9.698   9.709   9.727   9.768 
    9.786   9.824   9.854   9.881   9.903   9.922   9.929   9.997 
   10.061  10.086  10.125  10.147  10.164  10.196  10.232  10.250 
   10.285  10.299  10.343  10.360  10.370  10.388  10.401  10.436 
   10.514  10.588  10.611  10.661  10.975  11.036  11.056  11.076 
   11.144  11.191  11.226  11.247  11.288  11.309  11.345  11.348 
   11.378  11.387  11.404  11.459  11.508  11.531  11.598  11.671 
   11.676  11.693  11.720  11.730  11.739  11.743  11.756  11.792 
   11.799  11.884  11.914  11.934  11.972  11.990  12.015  12.043 
   12.049  12.061  12.151  12.210  12.242  12.281  12.335  12.343 
   12.376  12.395  12.410  12.424  12.444  12.460  12.483  12.493 
   12.514  12.553  12.565  12.615  12.659  12.668  12.684  12.704 
   12.710  12.725  12.741  12.759  12.790  12.805  12.814  12.842 
   12.847  12.874  12.882  12.905  12.946  12.969  13.000  13.014 
   13.035  13.060  13.111  13.114  13.136  13.155  13.179  13.206 
   13.217  13.243  13.251  13.267  13.277  13.305  13.310  13.315 
   13.321  13.355  13.367  13.376  13.402  13.426  13.443  13.453 
   13.459  13.480  13.483  13.502  13.519  13.537  13.562  13.564 
   13.580  13.585  13.615  13.634  13.689  13.717  13.776  13.790 
   13.830  13.859  13.874  13.886  13.905  13.950  13.986  13.998 
   14.042  14.053  14.090  14.107  14.154  14.197  14.216  14.243 
   14.277  14.309  14.333  14.345  14.355  14.389  14.397  14.473 
   14.539  14.546  14.618  14.646  14.704  14.725  14.773  14.809 
   14.846  14.871  14.932  14.971  15.025  15.116  15.143  15.173 
   15.191  15.221  15.306  15.383  15.391  15.426  15.450  15.485 
   15.565  15.588  15.613  15.726  15.755  15.794  15.908  16.002 
   16.052  16.141  16.167  16.246  16.315  16.348  16.457  16.464 
   16.486  16.505  16.630  16.673  16.712  16.858  16.899  16.901 
   16.929  16.946  17.243  17.251  17.254  17.259  17.264  17.274 
   17.278  17.283  17.297  17.302  17.319  17.321  17.330  17.333 
   17.339  17.359  17.386  17.431  17.717  17.760  17.780  17.783 
   17.801  17.817  17.825  17.887  17.902  17.946  17.951  17.957 
   17.976  17.982  18.007  18.074  18.162  18.256  18.338  18.541 
   18.605  18.627  18.734  18.870  18.950  18.986  19.120  19.129 
   19.149  19.160  19.189  19.210  19.322  19.380  19.382  19.407 
   19.421  19.463  19.516  19.623  19.689  19.721  20.075  20.348 
   20.375  20.419  20.429  20.445  20.466  20.541  20.569  20.576 
   20.653  20.665  20.732  20.795  20.805  20.818  20.827  21.111 
   21.285  21.312  21.336  21.373  21.374  21.478  21.726  21.736 
   21.820  21.843  21.993  22.091  22.113  22.293  22.480  22.563 
   22.599  22.618  23.901  24.025  24.273  24.278  24.315  24.332 
   24.398  24.436  24.506  24.564  24.630  24.705  24.739  24.772 
   24.773  24.801  24.818  24.845  24.859  25.697  26.202  26.301 
   26.307  26.355  26.387  26.392  26.413  26.474  26.723  26.991 
   28.450  29.198  30.082  33.496  33.542  33.652  33.669  33.702 
   33.754  34.208  34.483  34.508  34.700  34.911  35.028  35.096 
   35.127  35.138  41.853  41.940  41.963  42.025  42.126  42.195 
   42.317  42.386  61.658  65.509  66.165  66.567  68.509  68.624 
   68.682  69.462  70.724  78.804  80.354  81.146  91.715  91.782 
   91.843  91.971  91.996  92.018  92.073  92.117  92.152  92.177 
   92.280  92.306  92.324  92.332  92.349  92.370  93.263  93.297 
   93.308  93.323  93.343  93.349  93.391  94.477 140.211 175.449 
  176.100 176.520 320.760 536.822 537.348 537.689 747.504 1796.602 
  2112.606 2112.986 2113.231 4514.807 12060.765 35044.942 114859.648 454595.193 
  2579392.836 


  >>> Running RHF-MP2 <<<


RMP2-TIMING
  rmp2                  :::     3858.939 (100.00%)
  Total                 :::     3858.939 (100.00%)

MP2 correlation energy (RHF) : -1.0349204364
MP2 total energy       (RHF) : -194.2481751977


  >>> Running UHF <<<

init D/C      : input mo_coeff
init ov       : zeros
no            : 16 17
nv            : 946 945
ov_size       : 31201
max_cycle     : 1000
conv          : 6
econv         : 9
method        : diis
mom_start     : 0
guess mix     : 0.000000
orb_swap      : [[[0, 16]], []]
init E        : -172.664155033198
init S2       : 0.750000000000094
init |[F,P]|  : 1.25e-02
init |dE|     : 3.49e-02
check file    : None

iter      total energy   |[F,P]|      |dE|         ∆E   S^2   comment
   1    -173.183189070  6.64e-03  1.84e-02  -5.19e-01  0.75  DIIS mom: 15.7/16 16.6/17
   2    -173.462381719  5.52e-04  1.45e-03  -2.79e-01  0.76  DIIS mom: 15.9/16 17.0/17
   3    -173.464980640  1.45e-04  3.52e-04  -2.60e-03  0.76  DIIS mom: 16.0/16 17.0/17
   4    -173.465366417  8.14e-05  1.94e-04  -3.86e-04  0.76  DIIS mom: 16.0/16 17.0/17
   5    -173.465535790  3.22e-05  7.43e-05  -1.69e-04  0.77  DIIS mom: 16.0/16 17.0/17
   6    -173.465566441  9.78e-06  2.24e-05  -3.07e-05  0.77  DIIS mom: 16.0/16 17.0/17
   7    -173.465569006  2.74e-06  6.46e-06  -2.57e-06  0.77  DIIS mom: 16.0/16 17.0/17
   8    -173.465569167  9.51e-07  2.20e-06  -1.60e-07  0.77  DIIS mom: 16.0/16 17.0/17
   9    -173.465569185  3.20e-07  6.89e-07  -1.85e-08  0.77  DIIS mom: 16.0/16 17.0/17
  10    -173.465569187  1.49e-07  2.96e-07  -2.02e-09  0.77  DIIS mom: 16.0/16 17.0/17
  11    -173.465569188  6.56e-08  1.26e-07  -5.56e-10  0.77  DIIS mom: 16.0/16 17.0/17
                                                                      diis is converged!

SCF converged : True
final |[F,P]| : 6.56e-08
final |dE|    : 1.26e-07
final Escf    : -309.290992702358
final Etot    : -173.465569187771
final S2      : 0.769750180736954

  diis prep             :::        0.616 (  0.01%)
  diis extrap           :::        0.366 (  0.00%)
  roothaan              :::        2.197 (  0.03%)
  fock build            :::     7356.516 ( 99.96%)
  Total                 :::     7359.696 (100.00%)

Alpha occupied
  -11.549 -11.421 -11.407  -1.815  -1.315  -1.175  -1.127  -1.086 
   -1.037  -0.939  -0.825  -0.771  -0.764  -0.737  -0.703  -0.696 

Alpha virtual
  -18.938  -0.128  -0.071  -0.066  -0.061  -0.036  -0.031  -0.029 
   -0.027  -0.019  -0.006   0.009   0.016   0.018   0.019   0.023 
    0.037   0.041   0.070   0.076   0.078   0.086   0.091   0.097 
    0.108   0.111   0.118   0.131   0.140   0.145   0.148   0.160 
    0.171   0.177   0.181   0.184   0.197   0.201   0.226   0.233 
    0.239   0.253   0.262   0.279   0.284   0.307   0.312   0.320 
    0.321   0.331   0.339   0.347   0.356   0.367   0.369   0.380 
    0.389   0.396   0.401   0.405   0.412   0.430   0.441   0.457 
    0.462   0.465   0.476   0.478   0.484   0.488   0.509   0.517 
    0.522   0.523   0.540   0.541   0.552   0.559   0.563   0.568 
    0.584   0.594   0.598   0.611   0.621   0.642   0.650   0.654 
    0.666   0.695   0.705   0.708   0.729   0.741   0.743   0.753 
    0.765   0.779   0.803   0.811   0.843   0.864   0.875   0.876 
    0.894   0.911   0.914   0.927   0.944   0.955   0.971   0.975 
    0.986   1.016   1.021   1.034   1.039   1.047   1.054   1.062 
    1.084   1.095   1.107   1.120   1.127   1.141   1.151   1.165 
    1.170   1.179   1.184   1.204   1.215   1.222   1.233   1.245 
    1.264   1.279   1.295   1.302   1.318   1.322   1.341   1.345 
    1.355   1.362   1.373   1.383   1.385   1.392   1.396   1.404 
    1.408   1.420   1.430   1.437   1.443   1.461   1.479   1.491 
    1.514   1.523   1.538   1.550   1.565   1.567   1.578   1.583 
    1.600   1.614   1.637   1.648   1.651   1.655   1.695   1.709 
    1.737   1.744   1.780   1.790   1.798   1.811   1.838   1.847 
    1.858   1.884   1.900   1.905   1.922   1.939   1.956   1.991 
    1.993   2.005   2.041   2.074   2.088   2.105   2.110   2.113 
    2.140   2.160   2.188   2.202   2.215   2.236   2.256   2.263 
    2.289   2.295   2.296   2.322   2.335   2.363   2.367   2.393 
    2.397   2.418   2.436   2.450   2.465   2.476   2.496   2.516 
    2.516   2.529   2.548   2.566   2.572   2.594   2.604   2.623 
    2.640   2.665   2.674   2.695   2.715   2.730   2.746   2.753 
    2.776   2.792   2.830   2.844   2.859   2.875   2.880   2.914 
    2.975   3.005   3.011   3.035   3.064   3.080   3.115   3.116 
    3.139   3.153   3.157   3.180   3.192   3.214   3.249   3.261 
    3.276   3.287   3.306   3.313   3.326   3.366   3.370   3.418 
    3.445   3.455   3.469   3.482   3.494   3.503   3.528   3.550 
    3.559   3.584   3.604   3.610   3.627   3.661   3.668   3.684 
    3.700   3.709   3.747   3.756   3.768   3.804   3.825   3.844 
    3.852   3.860   3.888   3.899   3.909   3.916   3.940   3.959 
    3.994   3.999   4.017   4.028   4.057   4.075   4.086   4.094 
    4.104   4.121   4.143   4.154   4.179   4.191   4.208   4.231 
    4.238   4.250   4.256   4.271   4.288   4.290   4.300   4.316 
    4.328   4.376   4.403   4.411   4.424   4.429   4.447   4.454 
    4.469   4.482   4.530   4.547   4.560   4.584   4.594   4.614 
    4.635   4.648   4.669   4.690   4.705   4.735   4.756   4.758 
    4.770   4.786   4.815   4.848   4.852   4.860   4.872   4.885 
    4.906   4.920   4.933   4.945   4.970   4.992   5.015   5.020 
    5.062   5.072   5.094   5.112   5.114   5.138   5.159   5.180 
    5.210   5.229   5.247   5.270   5.277   5.296   5.331   5.356 
    5.369   5.372   5.392   5.425   5.439   5.466   5.486   5.509 
    5.515   5.522   5.536   5.561   5.586   5.615   5.617   5.641 
    5.676   5.690   5.719   5.748   5.753   5.761   5.809   5.821 
    5.829   5.859   5.868   5.906   5.920   5.926   5.991   6.009 
    6.018   6.044   6.059   6.105   6.123   6.179   6.193   6.218 
    6.258   6.264   6.319   6.335   6.350   6.365   6.398   6.406 
    6.470   6.512   6.538   6.560   6.591   6.621   6.666   6.690 
    6.729   6.742   6.746   6.812   6.832   6.852   6.880   6.915 
    6.947   6.977   7.006   7.046   7.087   7.097   7.115   7.127 
    7.178   7.181   7.195   7.222   7.242   7.256   7.296   7.317 
    7.386   7.430   7.459   7.563   7.580   7.609   7.641   7.681 
    7.730   7.755   7.807   7.868   7.889   7.949   8.014   8.026 
    8.093   8.146   8.150   8.240   8.283   8.322   8.335   8.375 
    8.474   8.525   8.549   8.623   8.714   8.748   8.983   9.007 
    9.026   9.058   9.065   9.085   9.117   9.189   9.196   9.222 
    9.240   9.253   9.270   9.284   9.305   9.319   9.330   9.340 
    9.347   9.369   9.384   9.409   9.430   9.447   9.484   9.497 
    9.542   9.575   9.608   9.618   9.632   9.678   9.693   9.702 
    9.724   9.758   9.862   9.880   9.933   9.937   9.952   9.983 
   10.010  10.035  10.056  10.074  10.120  10.136  10.150  10.161 
   10.194  10.252  10.306  10.329  10.387  10.583  10.652  10.793 
   10.810  10.829  10.908  10.945  10.974  11.030  11.044  11.075 
   11.133  11.139  11.159  11.175  11.204  11.219  11.237  11.257 
   11.311  11.432  11.467  11.476  11.488  11.517  11.528  11.534 
   11.558  11.576  11.612  11.649  11.699  11.718  11.773  11.785 
   11.796  11.817  11.839  11.896  11.931  11.998  12.008  12.030 
   12.063  12.097  12.127  12.132  12.163  12.165  12.188  12.234 
   12.256  12.265  12.282  12.320  12.330  12.373  12.388  12.423 
   12.439  12.467  12.498  12.522  12.536  12.561  12.568  12.591 
   12.602  12.611  12.643  12.648  12.677  12.715  12.721  12.734 
   12.758  12.777  12.817  12.840  12.857  12.875  12.898  12.936 
   12.958  12.983  12.996  12.998  13.023  13.036  13.050  13.054 
   13.074  13.093  13.111  13.118  13.127  13.144  13.180  13.191 
   13.204  13.227  13.231  13.257  13.270  13.287  13.297  13.319 
   13.339  13.352  13.368  13.381  13.392  13.434  13.448  13.507 
   13.561  13.572  13.632  13.640  13.651  13.660  13.705  13.757 
   13.765  13.810  13.815  13.841  13.852  13.927  13.945  13.972 
   13.979  14.013  14.057  14.060  14.070  14.112  14.120  14.146 
   14.205  14.241  14.278  14.354  14.439  14.457  14.500  14.514 
   14.557  14.598  14.630  14.696  14.714  14.717  14.827  14.901 
   14.950  14.977  14.993  15.006  15.143  15.163  15.187  15.233 
   15.247  15.325  15.360  15.366  15.435  15.522  15.573  15.680 
   15.742  15.773  15.898  15.929  15.964  16.048  16.059  16.250 
   16.259  16.283  16.305  16.374  16.433  16.474  16.578  16.685 
   16.697  16.729  16.746  16.867  16.900  17.033  17.040  17.048 
   17.060  17.069  17.072  17.084  17.085  17.116  17.120  17.131 
   17.134  17.136  17.155  17.184  17.232  17.381  17.439  17.512 
   17.526  17.544  17.585  17.591  17.617  17.626  17.681  17.744 
   17.749  17.761  17.775  17.780  17.783  17.809  17.868  18.081 
   18.153  18.257  18.278  18.448  18.507  18.745  18.787  18.880 
   18.911  18.925  18.951  18.960  18.970  19.002  19.078  19.176 
   19.183  19.200  19.211  19.230  19.300  19.485  19.523  19.672 
   20.023  20.040  20.136  20.188  20.231  20.246  20.333  20.365 
   20.369  20.429  20.452  20.467  20.586  20.605  20.620  20.630 
   20.869  21.029  21.051  21.123  21.136  21.175  21.179  21.303 
   21.379  21.521  21.616  21.730  21.884  21.899  21.937  22.277 
   22.359  22.398  22.416  23.658  23.699  23.806  23.828  23.876 
   24.058  24.116  24.126  24.152  24.220  24.236  24.280  24.367 
   24.534  24.565  24.569  24.589  24.613  24.647  24.974  25.701 
   25.945  25.973  26.078  26.125  26.131  26.155  26.189  26.207 
   26.219  27.697  28.536  29.389  33.232  33.286  33.442  33.462 
   33.488  33.531  33.951  34.263  34.286  34.435  34.640  34.824 
   34.886  34.916  34.932  41.635  41.674  41.738  41.767  41.828 
   41.956  42.113  42.187  60.378  63.990  64.650  65.051  66.916 
   67.031  67.093  67.887  69.148  78.544  80.148  80.918  91.375 
   91.512  91.585  91.662  91.771  91.793  91.819  91.871  91.895 
   91.927  92.071  92.101  92.118  92.128  92.138  92.167  93.021 
   93.092  93.104  93.121  93.141  93.147  93.176  94.014 138.174 
  172.891 173.544 173.963 317.804 533.000 533.527 533.868 743.646 
  1792.008 2107.691 2108.071 2108.315 4509.705 12055.362 35039.385 114854.023 
  454589.543 2579387.178 

Beta occupied
  -23.838 -11.548 -11.421 -11.407  -1.931  -1.337  -1.213  -1.155 
   -1.143  -1.108  -0.957  -0.829  -0.775  -0.767  -0.737  -0.704 
   -0.697 

Beta virtual
   -0.135  -0.071  -0.066  -0.062  -0.037  -0.032  -0.030  -0.027 
   -0.019  -0.008   0.008   0.014   0.018   0.019   0.023   0.036 
    0.040   0.067   0.070   0.076   0.086   0.090   0.095   0.107 
    0.110   0.119   0.130   0.140   0.146   0.148   0.159   0.170 
    0.177   0.181   0.184   0.196   0.201   0.226   0.233   0.238 
    0.253   0.261   0.278   0.283   0.306   0.311   0.319   0.321 
    0.330   0.339   0.347   0.356   0.366   0.368   0.379   0.388 
    0.395   0.401   0.406   0.412   0.430   0.438   0.454   0.462 
    0.465   0.475   0.478   0.484   0.488   0.510   0.517   0.522 
    0.523   0.540   0.541   0.552   0.560   0.562   0.567   0.583 
    0.594   0.599   0.611   0.621   0.643   0.651   0.655   0.668 
    0.695   0.705   0.707   0.729   0.739   0.743   0.753   0.764 
    0.779   0.801   0.812   0.842   0.862   0.874   0.876   0.894 
    0.910   0.914   0.927   0.944   0.952   0.970   0.975   0.985 
    1.016   1.022   1.034   1.039   1.047   1.054   1.060   1.085 
    1.095   1.107   1.120   1.128   1.142   1.150   1.166   1.170 
    1.179   1.185   1.205   1.212   1.223   1.233   1.244   1.263 
    1.279   1.295   1.301   1.317   1.322   1.340   1.345   1.355 
    1.362   1.373   1.383   1.385   1.392   1.396   1.404   1.408 
    1.421   1.430   1.437   1.443   1.461   1.477   1.490   1.513 
    1.522   1.537   1.549   1.564   1.566   1.577   1.580   1.597 
    1.614   1.635   1.645   1.651   1.654   1.694   1.708   1.733 
    1.738   1.780   1.789   1.797   1.810   1.838   1.845   1.858 
    1.884   1.898   1.906   1.921   1.936   1.953   1.987   1.991 
    2.005   2.040   2.073   2.088   2.099   2.110   2.113   2.139 
    2.160   2.189   2.203   2.215   2.235   2.256   2.262   2.289 
    2.295   2.296   2.322   2.334   2.363   2.366   2.393   2.397 
    2.419   2.435   2.450   2.465   2.476   2.496   2.512   2.516 
    2.529   2.547   2.566   2.573   2.595   2.604   2.623   2.639 
    2.665   2.674   2.695   2.715   2.730   2.746   2.753   2.776 
    2.792   2.827   2.845   2.860   2.875   2.881   2.915   2.973 
    3.005   3.012   3.035   3.064   3.080   3.113   3.117   3.138 
    3.152   3.157   3.179   3.193   3.213   3.249   3.259   3.275 
    3.287   3.306   3.313   3.327   3.366   3.369   3.418   3.445 
    3.452   3.468   3.482   3.492   3.503   3.528   3.550   3.558 
    3.583   3.602   3.609   3.626   3.661   3.669   3.684   3.700 
    3.708   3.747   3.755   3.768   3.798   3.815   3.842   3.851 
    3.859   3.886   3.897   3.906   3.915   3.940   3.958   3.993 
    3.996   4.015   4.026   4.056   4.073   4.085   4.095   4.103 
    4.121   4.142   4.149   4.178   4.188   4.205   4.227   4.236 
    4.248   4.255   4.265   4.284   4.289   4.291   4.314   4.327 
    4.374   4.400   4.405   4.416   4.427   4.443   4.454   4.468 
    4.476   4.530   4.534   4.557   4.583   4.592   4.613   4.632 
    4.645   4.668   4.686   4.704   4.733   4.754   4.756   4.767 
    4.785   4.809   4.847   4.850   4.859   4.871   4.885   4.906 
    4.919   4.933   4.943   4.970   4.992   5.011   5.020   5.060 
    5.072   5.093   5.111   5.113   5.137   5.159   5.178   5.208 
    5.228   5.246   5.269   5.277   5.295   5.330   5.356   5.367 
    5.372   5.388   5.424   5.438   5.465   5.485   5.508   5.513 
    5.522   5.535   5.560   5.582   5.613   5.615   5.641   5.675 
    5.689   5.717   5.743   5.753   5.760   5.809   5.820   5.824 
    5.857   5.867   5.903   5.919   5.925   5.991   6.009   6.017 
    6.043   6.057   6.104   6.122   6.179   6.193   6.217   6.257 
    6.264   6.319   6.335   6.347   6.364   6.397   6.406   6.466 
    6.510   6.537   6.559   6.590   6.620   6.666   6.690   6.727 
    6.742   6.746   6.808   6.831   6.852   6.880   6.915   6.946 
    6.968   7.006   7.045   7.086   7.097   7.114   7.127   7.178 
    7.180   7.195   7.223   7.241   7.256   7.296   7.316   7.385 
    7.430   7.459   7.562   7.581   7.606   7.640   7.679   7.729 
    7.754   7.805   7.867   7.889   7.949   8.011   8.025   8.091 
    8.147   8.148   8.238   8.278   8.322   8.335   8.375   8.474 
    8.525   8.553   8.623   8.714   8.744   8.983   9.008   9.026 
    9.058   9.065   9.085   9.117   9.189   9.194   9.221   9.240 
    9.253   9.270   9.283   9.305   9.318   9.329   9.339   9.346 
    9.367   9.383   9.408   9.429   9.446   9.483   9.496   9.540 
    9.573   9.606   9.616   9.632   9.676   9.686   9.701   9.722 
    9.750   9.859   9.877   9.922   9.933   9.951   9.977  10.005 
   10.031  10.053  10.064  10.114  10.131  10.148  10.158  10.192 
   10.243  10.298  10.319  10.385  10.520  10.605  10.769  10.808 
   10.827  10.893  10.938  10.968  11.023  11.041  11.061  11.109 
   11.120  11.149  11.174  11.196  11.212  11.221  11.255  11.302 
   11.413  11.460  11.475  11.487  11.516  11.527  11.534  11.556 
   11.575  11.593  11.646  11.697  11.712  11.773  11.780  11.795 
   11.817  11.838  11.891  11.924  11.983  12.004  12.029  12.063 
   12.075  12.117  12.128  12.162  12.164  12.176  12.234  12.255 
   12.264  12.282  12.320  12.325  12.366  12.389  12.423  12.438 
   12.467  12.498  12.522  12.536  12.560  12.567  12.589  12.602 
   12.611  12.643  12.648  12.676  12.713  12.719  12.734  12.757 
   12.776  12.816  12.839  12.856  12.873  12.897  12.935  12.956 
   12.983  12.996  12.997  13.021  13.035  13.048  13.053  13.072 
   13.091  13.110  13.116  13.127  13.143  13.176  13.190  13.203 
   13.226  13.230  13.257  13.270  13.286  13.296  13.318  13.336 
   13.352  13.368  13.380  13.390  13.432  13.446  13.503  13.560 
   13.571  13.632  13.639  13.650  13.659  13.704  13.756  13.765 
   13.810  13.814  13.839  13.851  13.926  13.942  13.971  13.976 
   14.012  14.056  14.056  14.066  14.111  14.120  14.145  14.201 
   14.240  14.277  14.352  14.439  14.455  14.500  14.514  14.556 
   14.597  14.630  14.696  14.713  14.717  14.826  14.901  14.950 
   14.977  14.993  15.006  15.140  15.163  15.187  15.233  15.246 
   15.324  15.359  15.364  15.430  15.522  15.573  15.680  15.732 
   15.773  15.896  15.928  15.961  16.048  16.057  16.249  16.259 
   16.283  16.305  16.366  16.433  16.474  16.577  16.685  16.697 
   16.729  16.746  16.869  16.901  17.033  17.040  17.048  17.060 
   17.069  17.072  17.084  17.085  17.116  17.120  17.131  17.135 
   17.136  17.155  17.184  17.232  17.380  17.437  17.510  17.525 
   17.542  17.585  17.591  17.617  17.626  17.680  17.744  17.749 
   17.761  17.774  17.779  17.783  17.809  17.863  18.078  18.148 
   18.252  18.272  18.444  18.502  18.745  18.787  18.877  18.911 
   18.920  18.950  18.960  18.970  19.000  19.071  19.176  19.183 
   19.195  19.211  19.229  19.297  19.485  19.523  19.657  20.024 
   20.040  20.135  20.188  20.231  20.246  20.333  20.365  20.369 
   20.428  20.452  20.466  20.586  20.605  20.620  20.630  20.868 
   21.021  21.045  21.122  21.134  21.175  21.179  21.294  21.371 
   21.519  21.616  21.726  21.884  21.895  21.932  22.277  22.359 
   22.398  22.416  23.590  23.697  23.784  23.798  23.843  24.030 
   24.104  24.120  24.151  24.220  24.234  24.279  24.364  24.532 
   24.563  24.568  24.588  24.612  24.647  24.891  25.464  25.802 
   25.880  25.952  26.106  26.126  26.153  26.187  26.205  26.217 
   27.550  28.423  29.289  33.232  33.287  33.442  33.462  33.488 
   33.532  33.951  34.263  34.286  34.434  34.639  34.824  34.886 
   34.916  34.932  41.635  41.674  41.738  41.767  41.828  41.956 
   42.113  42.187  59.975  63.604  64.278  64.679  66.708  66.825 
   66.882  67.675  68.939  78.542  80.148  80.918  91.376  91.512 
   91.585  91.664  91.771  91.793  91.819  91.871  91.895  91.927 
   92.071  92.101  92.118  92.128  92.138  92.167  93.021  93.093 
   93.104  93.121  93.141  93.147  93.176  94.015 137.733 172.415 
  173.070 173.491 317.401 532.584 533.112 533.452 743.330 1791.797 
  2107.454 2107.834 2108.079 4509.582 12055.301 35039.358 114854.013 454589.540 
  2579387.177 


  >>> Running UHF-MP2 <<<

MP2 correlation energy (UHF) : -0.9860522508
MP2 total energy       (UHF) : -174.4516214386

