	*********************************************** 
	***** Beginning CEBE Calculation with MOM ***** 
	*****       Calculation Details:          ***** 
	      Geometry:	 /home/am3939/core/calculations/mols/exp/c/c2-h4.xyz
	      Core Basis:	 pcX-4
	      Full Basis:	 pc-4
	      DIIS (start, space):	 0 50
	      Level shift:	 0
	      Do localization?:	 True
	      Atoms that were localized?:	 ['C']
	      Do SFX2C1E?:	 True
	      Freeze orbitals?:	 True
	      Use Cheng orbitals?:	 False
	      Do Special Basis?:	 True
	      Do Special Basis?:	 pcX-4
	*********************************************** 
	*********************************************** 

  >>> Running RHF <<<

init D/C      : minao
init ov       : zeros
no            : 8
nv            : 506
ov_size       : 4048
max_cycle     : 1000
conv          : 6
econv         : 9
method        : gdm
scale_stop    : 0
scale_factor  : 1.000000
init E        : -78.0490026998485
init |[F,P]|  : 3.55e-03
init |dE|     : 7.42e-03
check file    : None

iter      total energy   |[F,P]|      |dE|         ∆E   comment
   1     -78.068454374  9.17e-04  1.91e-03  -1.95e-02  BFGS
   2     -78.070008071  1.72e-04  3.85e-04  -1.55e-03  BFGS
   3     -78.070043285  4.84e-05  1.03e-04  -3.52e-05  BFGS
   4     -78.070046861  8.07e-06  1.80e-05  -3.58e-06  BFGS
   5     -78.070047110  2.22e-06  4.74e-06  -2.49e-07  BFGS
   6     -78.070047122  5.06e-07  1.07e-06  -1.22e-08  BFGS
   7     -78.070047123  7.20e-08  1.55e-07  -5.03e-10  BFGS
                                                                      gdm is converged!

SCF converged : True
final |[F,P]| : 7.20e-08
final |dE|    : 1.55e-07
final Escf    : -111.335137603726
final Etot    : -78.0700471225368

  pxp & ewc             :::        0.254 (  0.32%)
  apply B               :::        0.001 (  0.00%)
  linsrch               :::       77.875 ( 99.66%)
  grad                  :::        0.009 (  0.01%)
  Total                 :::       78.138 (100.00%)

Alpha occupied
  -11.233 -11.231  -1.032  -0.792  -0.643  -0.586  -0.509  -0.376 

Alpha virtual
    0.059   0.063   0.081   0.098   0.100   0.106   0.112   0.142 
    0.163   0.173   0.186   0.214   0.218   0.259   0.261   0.279 
    0.280   0.313   0.326   0.343   0.349   0.351   0.373   0.395 
    0.403   0.420   0.421   0.456   0.487   0.493   0.500   0.511 
    0.526   0.560   0.565   0.566   0.579   0.582   0.604   0.608 
    0.653   0.657   0.664   0.686   0.708   0.742   0.764   0.771 
    0.778   0.870   0.877   0.893   0.932   0.970   0.977   1.004 
    1.022   1.022   1.085   1.112   1.133   1.155   1.157   1.194 
    1.211   1.215   1.228   1.240   1.259   1.293   1.302   1.309 
    1.340   1.358   1.371   1.386   1.389   1.431   1.449   1.489 
    1.506   1.507   1.525   1.532   1.550   1.576   1.576   1.615 
    1.627   1.682   1.699   1.710   1.762   1.816   1.899   1.917 
    1.923   1.934   1.942   1.987   2.072   2.121   2.129   2.162 
    2.228   2.235   2.259   2.260   2.276   2.295   2.363   2.380 
    2.422   2.450   2.459   2.478   2.490   2.586   2.590   2.591 
    2.594   2.635   2.677   2.745   2.760   2.865   2.932   2.959 
    3.014   3.072   3.072   3.103   3.114   3.142   3.198   3.238 
    3.268   3.434   3.452   3.480   3.517   3.545   3.566   3.597 
    3.614   3.637   3.637   3.655   3.698   3.712   3.715   3.816 
    3.825   3.835   3.889   3.952   3.970   4.023   4.030   4.060 
    4.148   4.151   4.163   4.173   4.239   4.249   4.252   4.256 
    4.389   4.392   4.401   4.411   4.441   4.506   4.515   4.570 
    4.588   4.625   4.658   4.706   4.710   4.746   4.766   4.774 
    4.812   4.820   4.866   4.926   4.957   4.971   4.982   4.985 
    5.052   5.121   5.130   5.152   5.174   5.188   5.193   5.241 
    5.268   5.366   5.466   5.493   5.528   5.550   5.583   5.613 
    5.676   5.773   5.793   5.864   5.882   5.882   5.927   6.015 
    6.019   6.082   6.189   6.218   6.278   6.411   6.444   6.463 
    6.541   6.551   6.665   6.687   6.720   6.753   6.928   6.948 
    7.029   7.104   7.111   7.203   7.208   7.231   7.338   7.349 
    7.506   7.593   7.632   7.680   7.686   7.872   7.948   8.192 
    8.199   8.811   8.826   8.844   8.940   9.048   9.102   9.183 
    9.262   9.264   9.302   9.353   9.362   9.404   9.404   9.411 
    9.439   9.558   9.598   9.677   9.751   9.811   9.818   9.909 
    9.967   9.983  10.045  10.382  10.457  10.526  10.648  10.992 
   11.007  11.017  11.042  11.106  11.188  11.210  11.240  11.245 
   11.329  11.395  11.398  11.413  11.434  11.603  11.610  11.712 
   11.761  11.764  11.788  11.920  11.939  11.985  12.002  12.028 
   12.128  12.159  12.181  12.182  12.183  12.216  12.318  12.353 
   12.358  12.400  12.534  12.545  12.599  12.628  12.696  12.752 
   12.806  12.877  12.902  12.906  12.926  12.983  12.992  12.998 
   13.048  13.055  13.101  13.158  13.185  13.243  13.291  13.299 
   13.372  13.415  13.416  13.470  13.598  13.608  13.625  13.714 
   13.715  13.809  13.822  13.877  13.891  13.892  13.930  14.124 
   14.194  14.213  14.319  14.334  14.383  14.438  14.459  14.493 
   14.631  14.672  14.723  14.755  14.957  15.087  15.297  15.712 
   15.749  15.804  15.812  15.842  15.859  15.954  15.997  16.128 
   16.212  16.688  16.800  16.869  16.989  17.228  17.243  17.244 
   17.254  17.269  17.282  17.303  17.327  17.497  17.522  17.675 
   17.688  17.701  17.726  17.766  17.770  17.900  18.054  18.852 
   18.907  18.968  18.980  19.073  19.136  19.162  19.403  19.406 
   19.673  19.795  20.303  20.618  20.649  20.706  20.745  20.746 
   20.756  20.794  21.083  21.355  21.408  22.022  23.981  23.993 
   24.026  24.124  24.265  24.505  24.619  24.715  25.849  26.118 
   26.132  26.589  29.145  29.726  33.029  33.226  33.266  33.618 
   33.640  34.363  34.485  34.623  35.390  35.496  35.590  35.851 
   37.156  37.489  38.019  38.815  41.530  41.649  42.008  42.095 
   62.037  62.618  91.769  91.776  91.798  91.862  91.960  92.105 
   92.186  92.242  93.108  93.183  93.271  93.503  94.250  94.437 
   95.329  95.384  95.933  96.105 136.234 136.777 288.541 288.691 
  289.375 289.419 289.891 290.006 310.585 311.103 739.020 739.514 
  1137.695 1137.801 1138.281 1138.320 1138.663 1138.733 1850.884 1851.352 
  4946.359 4946.801 14407.739 14408.152 47393.172 47393.553 188467.984 188468.325 
  1077044.098 1077044.383 


  >>> Running RHF-MP2 <<<


RMP2-TIMING
  rmp2                  :::       74.296 (100.00%)
  Total                 :::       74.296 (100.00%)

MP2 correlation energy (RHF) : -0.4651467072
MP2 total energy       (RHF) : -78.5351938297


  >>> Running UHF <<<

init D/C      : input mo_coeff
init ov       : zeros
no            : 7 8
nv            : 507 506
ov_size       : 7597
max_cycle     : 1000
conv          : 6
econv         : 9
method        : diis
mom_start     : 0
guess mix     : 0.000000
orb_swap      : [[[0, 7]], []]
init E        : -71.8757902099907
init S2       : 0.750000000000043
init |[F,P]|  : 9.91e-02
init |dE|     : 1.81e-01
check file    : None

iter      total energy   |[F,P]|      |dE|         ∆E   S^2   comment
   1     -67.368961308  8.64e-03  2.27e-02   4.51e+00  0.75  DIIS mom: 6.4/7 7.8/8
   2     -67.393765741  1.25e-03  3.22e-03  -2.48e-02  0.76  DIIS mom: 7.0/7 8.0/8
   3     -67.397385333  6.46e-04  1.36e-03  -3.62e-03  0.76  DIIS mom: 7.0/7 8.0/8
   4     -67.399022365  3.98e-04  8.53e-04  -1.64e-03  0.77  DIIS mom: 7.0/7 8.0/8
   5     -67.400431799  2.96e-04  5.87e-04  -1.41e-03  0.78  DIIS mom: 7.0/7 8.0/8
   6     -67.401853510  2.37e-04  4.69e-04  -1.42e-03  0.81  DIIS mom: 7.0/7 8.0/8
   7     -67.403195667  1.78e-04  3.55e-04  -1.34e-03  0.85  DIIS mom: 7.0/7 8.0/8
   8     -67.404487325  7.44e-05  1.61e-04  -1.29e-03  0.94  DIIS mom: 7.0/7 8.0/8
   9     -67.404574648  2.26e-05  4.84e-05  -8.73e-05  0.96  DIIS mom: 7.0/7 8.0/8
  10     -67.404583395  1.16e-05  2.55e-05  -8.75e-06  0.98  DIIS mom: 7.0/7 8.0/8
  11     -67.404584296  5.06e-06  1.11e-05  -9.01e-07  0.97  DIIS mom: 7.0/7 8.0/8
  12     -67.404584631  9.92e-07  2.13e-06  -3.35e-07  0.97  DIIS mom: 7.0/7 8.0/8
  13     -67.404584638  2.70e-07  5.76e-07  -6.72e-09  0.97  DIIS mom: 7.0/7 8.0/8
  14     -67.404584639  1.01e-07  2.17e-07  -5.60e-10  0.97  DIIS mom: 7.0/7 8.0/8
                                                                      diis is converged!

SCF converged : True
final |[F,P]| : 1.01e-07
final |dE|    : 2.17e-07
final Escf    : -100.669675119876
final Etot    : -67.4045846386863
final S2      : 0.973426188431395

  diis prep             :::        0.135 (  0.07%)
  diis extrap           :::        0.119 (  0.07%)
  roothaan              :::        1.052 (  0.58%)
  fock build            :::      180.572 ( 99.28%)
  Total                 :::      181.878 (100.00%)

Alpha occupied
  -11.593  -1.400  -1.126  -0.991  -0.945  -0.832  -0.729 

Alpha virtual
  -10.082  -0.162  -0.108  -0.083  -0.082  -0.061  -0.041  -0.034 
   -0.006  -0.006   0.010   0.016   0.049   0.049   0.060   0.064 
    0.088   0.106   0.133   0.135   0.144   0.154   0.156   0.173 
    0.199   0.200   0.213   0.233   0.241   0.280   0.288   0.290 
    0.313   0.338   0.339   0.364   0.366   0.369   0.377   0.384 
    0.403   0.444   0.461   0.467   0.468   0.510   0.513   0.541 
    0.547   0.572   0.622   0.657   0.665   0.698   0.724   0.731 
    0.777   0.778   0.784   0.813   0.840   0.877   0.892   0.922 
    0.949   0.969   0.972   0.981   1.001   1.026   1.052   1.066 
    1.068   1.111   1.117   1.131   1.155   1.157   1.194   1.218 
    1.264   1.267   1.286   1.287   1.298   1.325   1.328   1.334 
    1.352   1.381   1.427   1.467   1.471   1.542   1.567   1.612 
    1.647   1.654   1.654   1.672   1.727   1.805   1.837   1.862 
    1.901   1.944   1.964   1.990   1.997   2.004   2.023   2.094 
    2.096   2.149   2.167   2.187   2.200   2.223   2.272   2.305 
    2.318   2.321   2.366   2.398   2.419   2.473   2.574   2.650 
    2.688   2.737   2.792   2.799   2.802   2.812   2.834   2.923 
    2.966   2.993   3.162   3.181   3.206   3.235   3.260   3.286 
    3.319   3.321   3.348   3.348   3.380   3.421   3.435   3.443 
    3.528   3.539   3.554   3.585   3.681   3.698   3.737   3.746 
    3.785   3.849   3.866   3.876   3.884   3.957   3.972   3.973 
    3.976   4.080   4.109   4.121   4.124   4.144   4.221   4.226 
    4.280   4.287   4.323   4.366   4.407   4.408   4.463   4.465 
    4.471   4.508   4.514   4.576   4.637   4.663   4.678   4.680 
    4.690   4.762   4.804   4.814   4.856   4.866   4.874   4.907 
    4.947   4.966   5.069   5.156   5.179   5.239   5.248   5.272 
    5.303   5.363   5.447   5.496   5.534   5.556   5.580   5.587 
    5.693   5.719   5.777   5.866   5.895   5.972   6.092   6.113 
    6.167   6.210   6.246   6.360   6.395   6.413   6.433   6.635 
    6.637   6.699   6.790   6.791   6.901   6.905   6.914   7.033 
    7.048   7.179   7.261   7.299   7.349   7.349   7.545   7.630 
    7.845   7.893   8.443   8.507   8.541   8.639   8.743   8.796 
    8.883   8.956   8.958   8.993   9.047   9.058   9.102   9.103 
    9.103   9.128   9.247   9.289   9.370   9.444   9.497   9.516 
    9.600   9.657   9.675   9.728  10.066  10.094  10.213  10.300 
   10.650  10.652  10.669  10.708  10.746  10.840  10.872  10.887 
   10.891  10.989  11.038  11.063  11.073  11.086  11.264  11.274 
   11.354  11.359  11.408  11.444  11.577  11.598  11.604  11.613 
   11.676  11.717  11.720  11.779  11.793  11.835  11.876  11.979 
   11.992  12.032  12.053  12.145  12.222  12.241  12.248  12.343 
   12.441  12.481  12.525  12.548  12.592  12.600  12.660  12.673 
   12.681  12.692  12.712  12.761  12.814  12.858  12.910  12.963 
   12.983  13.013  13.028  13.088  13.134  13.253  13.265  13.286 
   13.363  13.365  13.433  13.512  13.534  13.552  13.569  13.615 
   13.766  13.830  13.885  13.989  13.991  14.034  14.074  14.119 
   14.139  14.186  14.273  14.338  14.397  14.627  14.755  14.926 
   15.352  15.404  15.410  15.428  15.463  15.544  15.618  15.677 
   15.777  15.848  16.293  16.450  16.471  16.619  16.911  16.925 
   16.931  16.938  16.970  16.983  17.002  17.013  17.163  17.189 
   17.303  17.377  17.395  17.411  17.459  17.464  17.587  17.728 
   18.455  18.539  18.631  18.671  18.763  18.831  18.851  19.093 
   19.094  19.336  19.352  19.989  20.303  20.328  20.379  20.412 
   20.425  20.443  20.483  20.750  21.022  21.083  21.694  23.654 
   23.657  23.723  23.800  23.947  24.178  24.299  24.397  25.508 
   25.790  25.794  26.258  28.462  29.221  32.102  32.128  32.836 
   32.892  33.057  33.452  33.512  34.200  34.562  34.785  34.793 
   35.376  36.365  36.549  37.487  38.155  41.197  41.314  41.680 
   41.765  60.906  62.053  91.408  91.425  91.492  91.521  91.632 
   91.756  91.854  91.916  92.423  92.764  92.816  92.943  93.167 
   93.656  93.778  93.988  95.332  95.472 134.469 136.194 285.763 
  286.752 286.825 288.261 289.304 289.393 308.134 310.517 735.970 
  738.933 1134.094 1134.806 1134.859 1137.394 1138.129 1138.186 1847.396 
  1850.780 4942.597 4946.240 14403.826 14407.604 47389.183 47393.019 188463.954 
  188467.810 1077040.034 1077043.893 

Beta occupied
  -13.762 -11.581  -1.472  -1.155  -1.026  -0.969  -0.850  -0.837 

Beta virtual
   -0.151  -0.114  -0.086  -0.084  -0.058  -0.041  -0.035  -0.006 
   -0.002   0.010   0.018   0.036   0.054   0.059   0.063   0.089 
    0.107   0.130   0.131   0.147   0.152   0.158   0.175   0.191 
    0.205   0.214   0.233   0.247   0.278   0.282   0.289   0.313 
    0.333   0.338   0.354   0.368   0.369   0.379   0.385   0.401 
    0.442   0.456   0.469   0.469   0.514   0.518   0.534   0.546 
    0.573   0.626   0.657   0.663   0.686   0.726   0.729   0.769 
    0.773   0.779   0.786   0.859   0.875   0.881   0.923   0.952 
    0.965   0.969   0.982   1.001   1.027   1.052   1.068   1.070 
    1.114   1.118   1.124   1.154   1.157   1.195   1.218   1.267 
    1.267   1.287   1.288   1.294   1.320   1.326   1.335   1.355 
    1.382   1.429   1.468   1.468   1.542   1.567   1.616   1.648 
    1.649   1.652   1.673   1.727   1.799   1.830   1.864   1.900 
    1.940   1.960   1.988   1.999   2.002   2.024   2.092   2.093 
    2.134   2.149   2.176   2.199   2.225   2.258   2.287   2.316 
    2.322   2.368   2.387   2.390   2.471   2.574   2.650   2.690 
    2.739   2.787   2.790   2.801   2.803   2.836   2.921   2.968 
    2.996   3.164   3.183   3.208   3.236   3.263   3.286   3.316 
    3.322   3.337   3.347   3.383   3.421   3.435   3.444   3.523 
    3.538   3.555   3.578   3.681   3.698   3.735   3.748   3.785 
    3.835   3.860   3.877   3.884   3.956   3.974   3.975   3.977 
    4.080   4.107   4.119   4.122   4.139   4.220   4.225   4.279 
    4.288   4.325   4.362   4.406   4.409   4.449   4.463   4.471 
    4.508   4.511   4.575   4.631   4.662   4.663   4.677   4.687 
    4.759   4.781   4.799   4.851   4.855   4.873   4.908   4.947 
    4.962   5.067   5.145   5.170   5.238   5.239   5.271   5.290 
    5.350   5.430   5.492   5.506   5.552   5.556   5.577   5.687 
    5.714   5.774   5.838   5.894   5.972   6.081   6.103   6.163 
    6.201   6.242   6.358   6.394   6.394   6.432   6.630   6.636 
    6.684   6.779   6.784   6.893   6.899   6.912   7.033   7.045 
    7.172   7.243   7.274   7.332   7.341   7.537   7.628   7.827 
    7.889   8.416   8.509   8.543   8.640   8.744   8.798   8.884 
    8.958   8.961   8.993   9.048   9.060   9.103   9.104   9.104 
    9.128   9.247   9.290   9.370   9.445   9.498   9.516   9.599 
    9.657   9.675   9.726  10.065  10.090  10.211  10.298  10.640 
   10.645  10.665  10.695  10.727  10.841  10.867  10.875  10.883 
   10.984  11.035  11.057  11.070  11.074  11.260  11.268  11.332 
   11.332  11.405  11.438  11.557  11.575  11.588  11.600  11.661 
   11.697  11.697  11.777  11.786  11.844  11.873  11.965  11.987 
   12.037  12.051  12.112  12.220  12.222  12.230  12.340  12.442 
   12.479  12.512  12.539  12.595  12.595  12.658  12.671  12.673 
   12.681  12.709  12.757  12.805  12.850  12.907  12.957  12.984 
   12.999  13.022  13.083  13.132  13.226  13.258  13.282  13.354 
   13.358  13.409  13.512  13.531  13.548  13.567  13.614  13.745 
   13.796  13.885  13.959  13.977  14.029  14.053  14.095  14.117 
   14.127  14.261  14.332  14.403  14.623  14.752  14.913  15.304 
   15.339  15.402  15.426  15.449  15.545  15.615  15.676  15.770 
   15.831  16.276  16.422  16.465  16.601  16.913  16.927  16.932 
   16.940  16.970  16.983  17.002  17.011  17.154  17.190  17.289 
   17.379  17.395  17.411  17.460  17.464  17.586  17.725  18.409 
   18.539  18.632  18.671  18.763  18.831  18.850  19.093  19.094 
   19.302  19.350  19.989  20.302  20.326  20.374  20.405  20.424 
   20.443  20.482  20.745  21.017  21.081  21.691  23.658  23.659 
   23.723  23.802  23.948  24.181  24.301  24.398  25.501  25.787 
   25.793  26.257  28.243  29.190  31.974  31.987  32.741  32.897 
   33.044  33.305  33.388  34.201  34.278  34.709  34.761  35.376 
   36.213  36.318  37.470  38.097  41.199  41.315  41.681  41.765 
   60.608  62.038  91.408  91.427  91.491  91.522  91.632  91.757 
   91.854  91.915  92.062  92.765  92.793  92.941  93.160  93.314 
   93.468  93.990  95.324  95.459 134.162 136.189 285.442 286.436 
  286.510 288.261 289.302 289.390 307.873 310.515 735.783 738.932 
  1133.910 1134.623 1134.676 1137.395 1138.129 1138.185 1847.282 1850.780 
  4942.538 4946.240 14403.800 14407.604 47389.173 47393.019 188463.951 188467.810 
  1077040.033 1077043.893 

  SA 0  : 1 (0.47) 7 (0.53)    SB 0  : 0 (0.52) 2 (0.48)
  SA 1  : 0 (0.13) 1 (0.19) 2 (0.19) 3 (0.10) 5 (0.10) 7 (0.13)    SB 1  : 1 (0.47) 7 (0.53)
  SA 2  : 3 (0.28) 4 (0.22) 5 (0.28) 6 (0.22)    SB 2  : 0 (0.12) 1 (0.16) 2 (0.16) 3 (0.18) 5 (0.18) 7 (0.12)
  SA 3  : 3 (0.34) 4 (0.16) 5 (0.34) 6 (0.16)    SB 3  : 3 (0.22) 4 (0.21) 5 (0.22) 6 (0.21)
  SA 4  : 3 (0.12) 4 (0.20) 5 (0.12) 6 (0.20)    SB 4  : 3 (0.38) 5 (0.38)
  SA 5  : 3 (0.15) 4 (0.34) 5 (0.15) 6 (0.34)    SB 5  : 4 (0.26) 6 (0.26)
  SA 6  : 0 (0.25) 1 (0.25) 2 (0.25) 7 (0.25)    SB 6  : 0 (0.19) 1 (0.19) 2 (0.19) 7 (0.19) 18 (0.10)
  SB 7  : 4 (0.40) 6 (0.40)

The transition for spin alpha is from 6 (0.47) 4 (0.53) to 1 (0.99).



  >>> Running UHF-MP2 <<<

MP2 correlation energy (UHF) : -0.4335182379
MP2 total energy       (UHF) : -67.8381028766

