	*********************************************** 
	***** Beginning CEBE Calculation with MOM ***** 
	*****       Calculation Details:          ***** 
	      Geometry:	 /home/am3939/core/calculations/mols/exp/f/cf3ocf3.xyz
	      Core Basis:	 ccX-QZ
	      Full Basis:	 cc-pVQZ
	      DIIS (start, space):	 0 50
	      Level shift:	 0
	      Do localization?:	 True
	      Atoms that were localized?:	 ['F']
	      Do SFX2C1E?:	 True
	      Freeze orbitals?:	 True
	      Use Cheng orbitals?:	 False
	      Do Special Basis?:	 True
	      Do Special Basis?:	 ccX-QZ
	*********************************************** 
	*********************************************** 

  >>> Running RHF <<<

init D/C      : minao
init ov       : zeros
no            : 37
nv            : 848
ov_size       : 31376
max_cycle     : 1000
conv          : 6
econv         : 9
method        : gdm
scale_stop    : 0
scale_factor  : 1.000000
init E        : -747.261337778324
init |[F,P]|  : 7.11e-03
init |dE|     : 1.61e-02
check file    : None

iter      total energy   |[F,P]|      |dE|         ∆E   comment
   1    -747.504610053  4.75e-03  1.03e-02  -2.43e-01  BFGS
   2    -747.622691519  4.48e-04  1.09e-03  -1.18e-01  BFGS
   3    -747.624667630  1.49e-04  3.46e-04  -1.98e-03  BFGS
   4    -747.624885086  4.04e-05  1.12e-04  -2.17e-04  BFGS
   5    -747.624900551  1.29e-05  3.21e-05  -1.55e-05  BFGS
   6    -747.624901929  3.14e-06  7.96e-06  -1.38e-06  BFGS
   7    -747.624902016  5.53e-07  1.23e-06  -8.73e-08  BFGS
   8    -747.624902019  2.04e-07  4.73e-07  -3.09e-09  BFGS
   9    -747.624902020  8.45e-08  1.88e-07  -3.08e-10  BFGS
                                                                      gdm is converged!

SCF converged : True
final |[F,P]| : 8.45e-08
final |dE|    : 1.88e-07
final Escf    : -1312.68924175528
final Etot    : -747.624902019651

  pxp & ewc             :::        0.655 (  0.30%)
  apply B               :::        0.003 (  0.00%)
  linsrch               :::      216.285 ( 99.68%)
  grad                  :::        0.026 (  0.01%)
  Total                 :::      216.968 (100.00%)

Alpha occupied
  -26.372 -26.372 -26.372 -26.372 -26.372 -26.372 -20.676 -11.599 
  -11.599  -1.793  -1.778  -1.682  -1.681  -1.678  -1.675  -1.508 
   -1.063  -0.978  -0.915  -0.895  -0.892  -0.867  -0.858  -0.801 
   -0.768  -0.755  -0.747  -0.737  -0.711  -0.709  -0.694  -0.693 
   -0.688  -0.682  -0.678  -0.642  -0.612 

Alpha virtual
    0.141   0.163   0.175   0.181   0.205   0.211   0.217   0.239 
    0.241   0.276   0.278   0.293   0.295   0.304   0.340   0.343 
    0.344   0.345   0.347   0.385   0.392   0.396   0.399   0.421 
    0.437   0.441   0.461   0.467   0.481   0.533   0.533   0.541 
    0.544   0.618   0.634   0.650   0.730   0.766   0.803   0.810 
    0.812   0.813   0.829   0.832   0.840   0.857   0.867   0.885 
    0.900   0.911   0.915   0.918   0.926   0.937   0.937   0.972 
    0.973   0.976   0.989   0.994   0.999   1.006   1.022   1.032 
    1.048   1.055   1.087   1.130   1.160   1.177   1.180   1.217 
    1.453   1.532   1.544   1.592   1.593   1.610   1.640   1.657 
    1.668   1.680   1.703   1.705   1.713   1.842   1.846   1.862 
    1.919   1.927   1.930   1.945   1.975   1.981   1.994   2.030 
    2.057   2.059   2.071   2.129   2.149   2.166   2.190   2.215 
    2.227   2.230   2.252   2.293   2.302   2.322   2.328   2.348 
    2.349   2.369   2.373   2.379   2.381   2.383   2.391   2.420 
    2.433   2.436   2.436   2.455   2.460   2.484   2.505   2.508 
    2.512   2.520   2.539   2.566   2.589   2.592   2.613   2.641 
    2.659   2.659   2.694   2.714   2.717   2.799   2.822   2.848 
    2.856   2.858   3.034   3.049   3.068   3.097   3.142   3.176 
    3.187   3.205   3.252   3.279   3.313   3.340   3.523   3.642 
    3.673   3.695   3.817   3.870   3.878   3.892   3.954   3.974 
    4.058   4.113   4.209   4.219   4.341   4.347   4.382   4.397 
    4.427   4.437   4.443   4.444   4.460   4.476   4.477   4.485 
    4.500   4.508   4.513   4.523   4.565   4.579   4.628   4.669 
    4.690   4.777   4.780   4.782   4.844   4.850   4.881   4.923 
    4.954   5.091   5.094   5.103   5.119   5.140   5.200   5.236 
    5.253   5.254   5.281   5.318   5.373   5.394   5.414   5.420 
    5.438   5.475   5.497   5.511   5.572   5.578   5.578   5.599 
    5.626   5.631   5.665   5.673   5.696   5.708   5.717   5.720 
    5.757   5.791   5.805   5.810   5.823   5.826   5.828   5.837 
    5.844   5.866   5.873   5.912   5.914   5.934   5.934   5.945 
    5.948   5.965   5.987   6.034   6.053   6.098   6.099   6.103 
    6.107   6.127   6.178   6.186   6.190   6.192   6.200   6.247 
    6.263   6.330   6.338   6.357   6.386   6.424   6.519   6.566 
    6.597   6.632   6.644   6.650   6.672   6.700   6.732   6.754 
    6.768   6.839   6.851   6.851   6.927   6.956   6.970   7.003 
    7.016   7.056   7.090   7.131   7.264   7.299   7.360   7.379 
    7.454   7.456   7.547   7.579   7.582   7.598   7.650   7.659 
    7.694   7.697   7.751   7.798   7.849   7.991   8.056   8.216 
    8.216   8.303   8.304   8.438   8.482   8.970   8.972   9.072 
    9.132   9.170   9.213   9.442   9.491  10.011  10.130  10.366 
   10.416  10.426  10.786  10.791  11.024  11.509  11.775  11.777 
   11.800  11.877  11.878  11.889  11.890  11.898  11.901  11.902 
   11.902  11.902  11.903  11.904  11.906  11.906  11.907  11.907 
   11.911  11.912  11.919  11.954  11.968  12.031  12.033  12.045 
   12.078  12.101  12.114  12.126  12.132  12.179  12.189  12.195 
   12.211  12.279  12.312  12.318  12.378  12.447  12.458  12.504 
   12.560  12.645  12.659  12.677  12.690  12.737  12.742  12.746 
   12.761  12.768  12.782  12.853  12.862  12.876  12.889  12.895 
   12.898  12.974  12.987  13.087  13.184  13.289  13.310  13.346 
   13.359  13.379  13.384  13.386  13.449  13.463  13.476  13.507 
   13.517  13.528  13.540  13.603  13.667  13.780  13.783  13.810 
   13.814  14.039  14.486  15.181  15.184  15.195  15.205  15.206 
   15.215  15.222  15.230  15.244  15.253  15.310  15.327  15.400 
   15.409  15.487  15.488  15.500  15.525  15.658  15.670  15.676 
   15.699  15.707  15.737  16.149  16.199  16.215  16.220  16.223 
   16.244  16.246  16.261  16.282  16.311  16.330  16.390  16.466 
   16.481  16.485  16.491  16.500  16.534  16.561  16.561  16.586 
   16.587  16.634  16.673  16.688  16.740  16.740  16.767  16.799 
   16.807  16.811  16.875  16.891  16.895  16.920  16.927  16.948 
   16.950  16.976  16.986  16.992  16.999  17.029  17.104  17.136 
   17.167  17.185  17.218  17.818  17.936  18.120  18.186  18.194 
   18.239  24.788  25.155  30.151  30.155  30.172  30.173  30.179 
   30.208  30.218  30.228  30.250  30.263  30.281  30.288  30.497 
   30.520  30.530  30.535  30.550  30.563  41.683  41.784  41.841 
   41.842  41.852  41.960  44.233  64.573  64.579  64.582  64.590 
   64.598  64.613  64.658  64.668  64.671  64.684  64.686  64.692 
   64.781  64.786  64.792  64.794  64.814  64.820  64.830  64.869 
   64.873  64.897  64.912  64.930  65.128  65.150  65.153  65.172 
   65.177  65.193  69.945  69.949  69.965  69.965  69.969  69.994 
   70.008  70.018  70.033  70.045  70.058  70.073  70.191  70.205 
   70.301  70.303  70.318  70.326  85.988  85.989  85.991  85.992 
   85.993  85.995  85.996  85.997  85.998  86.001  86.017  86.019 
   86.023  86.024  86.038  86.039  86.042  86.046  86.076  86.078 
   86.080  86.089  86.089  86.091  86.176  86.194  86.197  86.201 
   86.204  86.208  86.214  86.214  86.216  86.220  86.221  86.236 
   86.281  86.285  86.287  86.291  86.327  86.364  99.591  99.645 
   99.707  99.709  99.720  99.817 170.365 170.369 170.383 170.383 
  170.386 170.407 170.423 170.431 170.442 170.455 170.463 170.479 
  170.576 170.589 170.671 170.673 170.687 170.694 221.787 221.790 
  221.792 221.797 221.802 221.812 221.842 221.849 221.852 221.860 
  221.861 221.865 221.924 221.927 221.930 221.933 221.942 221.948 
  221.952 221.982 221.987 222.003 222.013 222.025 222.155 222.173 
  222.173 222.188 222.190 222.201 236.803 236.855 236.914 236.916 
  236.927 237.016 249.350 249.350 249.350 249.350 249.350 249.350 
  249.351 249.351 249.351 249.351 249.351 249.351 249.351 249.352 
  249.352 249.352 249.352 249.352 249.355 249.355 249.355 249.355 
  249.355 249.355 249.355 249.355 249.356 249.356 249.356 249.356 
  249.363 249.363 249.363 249.363 249.363 249.363 249.363 249.363 
  249.364 249.364 249.364 249.364 249.375 249.375 249.375 249.375 
  249.375 249.375 249.375 249.375 249.376 249.376 249.376 249.376 
  364.202 364.203 364.203 364.204 364.204 364.205 364.205 364.206 
  364.206 364.207 364.213 364.214 364.214 364.214 364.220 364.220 
  364.221 364.223 364.234 364.235 364.236 364.239 364.239 364.240 
  364.273 364.280 364.281 364.283 364.284 364.285 364.287 364.287 
  364.288 364.289 364.289 364.297 364.313 364.314 364.315 364.317 
  364.331 364.346 450.027 450.030 450.042 450.042 450.045 450.062 
  450.077 450.084 450.092 450.104 450.110 450.126 450.212 450.224 
  450.299 450.300 450.312 450.318 602.330 602.382 602.438 602.440 
  602.452 602.540 703.860 703.862 703.863 703.866 703.870 703.877 
  703.897 703.902 703.904 703.909 703.910 703.913 703.956 703.957 
  703.960 703.962 703.967 703.971 703.974 703.995 703.999 704.010 
  704.017 704.025 704.116 704.128 704.128 704.139 704.140 704.147 
  1483.444 1483.448 1483.458 1483.458 1483.460 1483.476 1483.490 1483.496 
  1483.503 1483.515 1483.519 1483.534 1483.617 1483.627 1483.696 1483.697 
  1483.708 1483.713 2392.439 2392.535 2392.635 2392.639 2392.662 2392.820 


  >>> Running RHF-MP2 <<<


RMP2-TIMING
  rmp2                  :::      400.696 (100.00%)
  Total                 :::      400.696 (100.00%)

MP2 correlation energy (RHF) : -2.6942860606
MP2 total energy       (RHF) : -750.3191880803


  >>> Running RHF-CCSD <<<


******** <class 'pyscf.cc.ccsd.CCSD'> ********
CC2 = 0
CCSD nocc = 37, nmo = 885
frozen orbitals 0
max_cycle = 50
direct = 0
conv_tol = 1e-08
conv_tol_normt = 1e-06
diis_space = 6
diis_start_cycle = 0
diis_start_energy_diff = 1e+09
max_memory 4000 MB (current use 583 MB)
MO integrals int2e_sph are saved in <HDF5 file "tmpks198t5j" (mode r+)>/eri_mo
num. MO ints = 1.2958272e+11, required disk 1036661.8 MB
step1: tmpfile /tmp/tmpul6zskj0  1129043.1 MB
step1: (ij,kl) = (359976,392055), mem cache 3415.6237 MB, iobuf 800 MB
    CPU time for Initializing ao2mo.outcore.half_e1      0.21 sec, wall time      0.03 sec
    CPU time for AO->MO transformation for int2e_sph 1 pass  24501.15 sec, wall time   1886.06 sec
step2: kl-pair (ao 392055, mo 359976), mem 501.8304 MB, ioblock 460.76928 MB
    CPU time for AO->MO transformation for int2e_sph 2 pass  22392.39 sec, wall time   2800.02 sec
    CPU time for AO->MO transformation for int2e_sph   46893.54 sec, wall time   4686.08 sec
step1: tmpfile /tmp/tmpg3y_kya8  102702.73 MB
step1: (ij,kl) = (32745,392055), mem cache 3190.9622 MB, iobuf 800 MB
    CPU time for Initializing ao2mo.outcore.half_e1      0.22 sec, wall time      0.04 sec
    CPU time for CCSD integral transformation  53895.75 sec, wall time   5292.01 sec
Init t2, MP2 energy = -750.319188080264  E_corr(MP2) -2.69428606062046
    CPU time for init mp2     11.04 sec, wall time     11.31 sec
Init E_corr(CCSD) = -2.69428606066612
cycle = 1  E_corr(CCSD) = -2.63255828421023  dE = 0.0617277765  norm(t1,t2) = 0.0892852
    CPU time for CCSD iter 113368.48 sec, wall time   8806.28 sec
cycle = 2  E_corr(CCSD) = -2.6842048556148  dE = -0.0516465714  norm(t1,t2) = 0.0261148
    CPU time for CCSD iter 113204.03 sec, wall time   8774.43 sec
cycle = 3  E_corr(CCSD) = -2.68024294048196  dE = 0.00396191513  norm(t1,t2) = 0.0152908
    CPU time for CCSD iter 110758.45 sec, wall time   8789.10 sec
cycle = 4  E_corr(CCSD) = -2.68261669686128  dE = -0.00237375638  norm(t1,t2) = 0.00456459
    CPU time for CCSD iter 112413.96 sec, wall time   8807.12 sec
cycle = 5  E_corr(CCSD) = -2.68315891394157  dE = -0.00054221708  norm(t1,t2) = 0.0011624
    CPU time for CCSD iter 114607.30 sec, wall time   8824.45 sec
cycle = 6  E_corr(CCSD) = -2.68301730535085  dE = 0.000141608591  norm(t1,t2) = 0.000399272
    CPU time for CCSD iter 114358.38 sec, wall time   8855.78 sec
cycle = 7  E_corr(CCSD) = -2.68294633123651  dE = 7.09741143e-05  norm(t1,t2) = 0.000114164
    CPU time for CCSD iter 114829.41 sec, wall time   8867.58 sec
cycle = 8  E_corr(CCSD) = -2.68296021750664  dE = -1.38862701e-05  norm(t1,t2) = 3.40766e-05
    CPU time for CCSD iter 115019.94 sec, wall time   8889.71 sec
cycle = 9  E_corr(CCSD) = -2.6829650578493  dE = -4.84034266e-06  norm(t1,t2) = 1.21698e-05
    CPU time for CCSD iter 105648.71 sec, wall time   8898.38 sec
cycle = 10  E_corr(CCSD) = -2.68296336559958  dE = 1.69224972e-06  norm(t1,t2) = 4.29356e-06
    CPU time for CCSD iter 106661.20 sec, wall time   8977.70 sec
cycle = 11  E_corr(CCSD) = -2.68296342400099  dE = -5.84014068e-08  norm(t1,t2) = 1.27879e-06
    CPU time for CCSD iter 109879.11 sec, wall time   9140.06 sec
cycle = 12  E_corr(CCSD) = -2.68296338678619  dE = 3.72147957e-08  norm(t1,t2) = 5.18426e-07
    CPU time for CCSD iter 108779.56 sec, wall time   9192.66 sec
cycle = 13  E_corr(CCSD) = -2.68296339578876  dE = -9.00256181e-09  norm(t1,t2) = 2.28447e-07
    CPU time for CCSD iter 112964.16 sec, wall time   9213.51 sec
    CPU time for CCSD 1452492.69 sec, wall time 116036.77 sec
CCSD converged
E(CCSD) = -750.3078654154327  E_corr = -2.682963395788755

TIMESTAMP: Starting to do the (T) correction at 2024-05-25 14:35:13
MO integrals int2e_sph are saved in <HDF5 file "tmpwfys3z91" (mode r+)>/eri_mo
num. MO ints = 1.2958272e+11, required disk 1036661.8 MB
step1: tmpfile /tmp/tmpd_uybkz4  1129043.1 MB
step1: (ij,kl) = (359976,392055), mem cache 2000 MB, iobuf 800 MB
    CPU time for Initializing ao2mo.outcore.half_e1      0.24 sec, wall time      0.06 sec
    CPU time for AO->MO transformation for int2e_sph 1 pass  26492.04 sec, wall time   1990.97 sec
step2: kl-pair (ao 392055, mo 359976), mem 501.8304 MB, ioblock 460.76928 MB
    CPU time for AO->MO transformation for int2e_sph 2 pass  24487.49 sec, wall time   7061.76 sec
    CPU time for AO->MO transformation for int2e_sph   50979.52 sec, wall time   9052.73 sec
step1: tmpfile /tmp/tmpt0vq_n5f  102702.73 MB
step1: (ij,kl) = (32745,392055), mem cache 2000 MB, iobuf 800 MB
    CPU time for Initializing ao2mo.outcore.half_e1      0.28 sec, wall time      0.04 sec
    CPU time for CCSD integral transformation  58368.09 sec, wall time   9679.80 sec
max_memory 0 MB (10986 MB in use)
    CPU time for CCSD(T) 2268598.77 sec, wall time 158914.55 sec
CCSD(T) correction = -0.0825639414587521
CCSD correlation energy    (RHF) : -2.6829633958
CCSD total energy          (RHF) : -750.3078654154

CCSD(T) correlation energy (RHF) : -2.7655273372
CCSD(T) total energy       (RHF) : -750.3904293569

T1 Diagnostic              (RHF) : 0.00995


  >>> Running UHF <<<

init D/C      : input mo_coeff
init ov       : zeros
no            : 36 37
nv            : 849 848
ov_size       : 61940
max_cycle     : 1000
conv          : 6
econv         : 9
method        : diis
mom_start     : 0
guess mix     : 0.000000
orb_swap      : [[[0, 36]], []]
init E        : -721.460738249143
init S2       : 0.750000000000249
init |[F,P]|  : 2.05e-02
init |dE|     : 3.91e-02
check file    : None

iter      total energy   |[F,P]|      |dE|         ∆E   S^2   comment
   1    -721.896798636  5.65e-03  1.33e-02  -4.36e-01  0.75  DIIS mom: 35.7/36 36.7/37
   2    -722.105500826  1.66e-03  3.69e-03  -2.09e-01  0.76  DIIS mom: 35.9/36 37.0/37
   3    -722.125370733  1.46e-04  3.50e-04  -1.99e-02  0.76  DIIS mom: 36.0/36 37.0/37
   4    -722.125727170  7.34e-05  1.72e-04  -3.56e-04  0.76  DIIS mom: 36.0/36 37.0/37
   5    -722.125832478  2.85e-05  6.43e-05  -1.05e-04  0.76  DIIS mom: 36.0/36 37.0/37
   6    -722.125858543  7.89e-06  1.77e-05  -2.61e-05  0.76  DIIS mom: 36.0/36 37.0/37
   7    -722.125860569  3.27e-06  7.41e-06  -2.03e-06  0.76  DIIS mom: 36.0/36 37.0/37
   8    -722.125861098  1.43e-06  3.19e-06  -5.29e-07  0.76  DIIS mom: 36.0/36 37.0/37
   9    -722.125861200  7.13e-07  1.58e-06  -1.02e-07  0.76  DIIS mom: 36.0/36 37.0/37
  10    -722.125861226  3.37e-07  7.48e-07  -2.63e-08  0.76  DIIS mom: 36.0/36 37.0/37
  11    -722.125861233  1.31e-07  2.95e-07  -6.92e-09  0.76  DIIS mom: 36.0/36 37.0/37
  12    -722.125861234  4.66e-08  1.06e-07  -9.89e-10  0.76  DIIS mom: 36.0/36 37.0/37
                                                                      diis is converged!

SCF converged : True
final |[F,P]| : 4.66e-08
final |dE|    : 1.06e-07
final Escf    : -1287.19020096989
final Etot    : -722.125861234261
final S2      : 0.761429101402925

  diis prep             :::        0.303 (  0.09%)
  diis extrap           :::        0.213 (  0.07%)
  roothaan              :::        1.848 (  0.57%)
  fock build            :::      320.159 ( 99.27%)
  Total                 :::      322.523 (100.00%)

Alpha occupied
  -26.643 -26.641 -26.562 -26.547 -26.538 -20.927 -11.920 -11.789 
   -2.293  -2.011  -1.965  -1.942  -1.860  -1.847  -1.753  -1.488 
   -1.392  -1.391  -1.267  -1.170  -1.117  -1.108  -1.061  -1.050 
   -1.017  -1.010  -0.980  -0.953  -0.950  -0.927  -0.897  -0.880 
   -0.873  -0.866  -0.856  -0.845 

Alpha virtual
  -24.628  -0.070  -0.011  -0.005   0.004   0.015   0.049   0.054 
    0.061   0.070   0.072   0.092   0.103   0.113   0.122   0.136 
    0.136   0.149   0.159   0.166   0.177   0.194   0.205   0.217 
    0.236   0.254   0.258   0.268   0.278   0.286   0.325   0.343 
    0.357   0.365   0.399   0.423   0.449   0.513   0.527   0.539 
    0.584   0.601   0.617   0.620   0.630   0.637   0.651   0.668 
    0.678   0.687   0.698   0.728   0.729   0.735   0.743   0.748 
    0.763   0.772   0.780   0.796   0.800   0.812   0.814   0.829 
    0.845   0.867   0.877   0.893   0.926   0.946   0.963   0.972 
    1.013   1.216   1.291   1.298   1.316   1.352   1.372   1.398 
    1.418   1.452   1.467   1.476   1.488   1.517   1.592   1.612 
    1.643   1.659   1.682   1.701   1.730   1.748   1.752   1.760 
    1.777   1.799   1.835   1.877   1.883   1.920   1.925   1.958 
    1.967   1.979   1.993   2.008   2.010   2.020   2.069   2.079 
    2.104   2.112   2.140   2.146   2.166   2.172   2.177   2.191 
    2.196   2.213   2.226   2.235   2.251   2.253   2.267   2.273 
    2.278   2.296   2.301   2.339   2.353   2.359   2.369   2.383 
    2.401   2.438   2.454   2.461   2.464   2.504   2.559   2.589 
    2.602   2.620   2.642   2.798   2.811   2.828   2.861   2.884 
    2.920   2.942   2.986   3.023   3.047   3.102   3.109   3.286 
    3.390   3.432   3.465   3.568   3.630   3.645   3.652   3.713 
    3.737   3.824   3.876   3.975   3.978   4.035   4.062   4.093 
    4.140   4.172   4.179   4.183   4.195   4.223   4.232   4.234 
    4.257   4.264   4.287   4.299   4.326   4.338   4.369   4.401 
    4.432   4.457   4.494   4.537   4.547   4.564   4.621   4.676 
    4.683   4.705   4.776   4.811   4.874   4.892   4.923   4.939 
    4.959   4.970   5.041   5.044   5.087   5.094   5.127   5.148 
    5.167   5.201   5.220   5.244   5.248   5.276   5.291   5.302 
    5.319   5.347   5.369   5.377   5.401   5.430   5.446   5.450 
    5.484   5.495   5.507   5.549   5.563   5.571   5.580   5.593 
    5.600   5.616   5.625   5.649   5.657   5.678   5.701   5.722 
    5.725   5.738   5.753   5.754   5.780   5.800   5.816   5.838 
    5.854   5.865   5.890   5.910   5.950   5.957   5.964   5.995 
    6.006   6.028   6.096   6.103   6.121   6.132   6.205   6.253 
    6.322   6.328   6.367   6.379   6.384   6.433   6.482   6.485 
    6.492   6.511   6.605   6.612   6.623   6.681   6.705   6.725 
    6.745   6.766   6.828   6.842   6.903   6.985   7.016   7.136 
    7.153   7.179   7.191   7.253   7.334   7.338   7.366   7.404 
    7.409   7.426   7.495   7.525   7.581   7.614   7.717   7.836 
    7.912   7.966   8.082   8.089   8.193   8.256   8.642   8.761 
    8.781   8.887   8.922   9.011   9.201   9.250   9.766   9.886 
   10.125  10.165  10.191  10.544  10.548  10.778  11.264  11.443 
   11.446  11.448  11.469  11.538  11.564  11.578  11.628  11.650 
   11.651  11.652  11.653  11.679  11.704  11.711  11.714  11.716 
   11.729  11.733  11.736  11.743  11.744  11.746  11.748  11.761 
   11.791  11.822  11.841  11.858  11.882  11.899  11.928  11.952 
   11.982  12.011  12.016  12.033  12.112  12.134  12.187  12.214 
   12.259  12.275  12.332  12.360  12.391  12.453  12.468  12.497 
   12.498  12.517  12.528  12.558  12.583  12.585  12.616  12.683 
   12.694  12.711  12.717  12.729  12.760  12.783  12.846  12.942 
   13.041  13.054  13.081  13.119  13.177  13.187  13.198  13.207 
   13.249  13.254  13.312  13.325  13.359  13.423  13.475  13.538 
   13.618  13.632  13.797  14.237  14.686  14.696  14.895  14.909 
   14.951  15.007  15.012  15.021  15.030  15.042  15.057  15.065 
   15.076  15.144  15.216  15.231  15.305  15.313  15.333  15.378 
   15.414  15.494  15.513  15.547  15.713  15.744  15.775  15.808 
   15.918  15.962  15.986  16.011  16.033  16.047  16.058  16.069 
   16.111  16.125  16.180  16.200  16.215  16.234  16.276  16.305 
   16.321  16.331  16.373  16.381  16.392  16.417  16.429  16.472 
   16.481  16.515  16.560  16.574  16.588  16.618  16.654  16.672 
   16.710  16.715  16.734  16.754  16.777  16.789  16.814  16.841 
   16.876  16.912  16.983  17.020  17.334  17.690  17.762  17.927 
   17.978  18.050  24.521  24.911  29.193  29.250  29.550  29.901 
   29.935  29.948  29.982  29.997  30.002  30.023  30.060  30.084 
   30.100  30.250  30.278  30.336  30.360  30.377  40.736  41.473 
   41.582  41.604  41.660  41.750  43.984  62.963  62.984  63.170 
   63.176  63.495  64.322  64.355  64.383  64.404  64.409  64.421 
   64.424  64.491  64.496  64.513  64.522  64.546  64.576  64.615 
   64.617  64.631  64.646  64.657  64.721  64.740  64.875  64.905 
   64.960  64.984  65.013  68.434  68.484  68.735  69.690  69.720 
   69.733  69.770  69.783  69.790  69.810  69.845  69.864  69.880 
   69.963  70.021  70.042  70.126  70.143  84.417  84.420  84.478 
   84.489  84.615  84.619  84.723  85.727  85.729  85.737  85.745 
   85.771  85.788  85.800  85.805  85.809  85.820  85.823  85.823 
   85.826  85.845  85.848  85.859  85.868  85.901  85.906  85.916 
   85.923  85.927  85.932  85.943  86.011  86.014  86.023  86.032 
   86.038  86.042  86.047  86.053  86.098  86.117  86.171  97.916 
   99.364  99.452  99.467  99.526  99.608 167.898 167.941 168.154 
  170.108 170.134 170.145 170.181 170.196 170.208 170.224 170.257 
  170.272 170.287 170.341 170.403 170.412 170.495 170.512 218.947 
  218.962 219.084 219.088 219.302 221.528 221.551 221.568 221.586 
  221.611 221.622 221.627 221.660 221.670 221.675 221.677 221.690 
  221.702 221.723 221.754 221.762 221.769 221.779 221.826 221.840 
  221.898 221.919 221.982 222.002 222.024 234.087 236.573 236.661 
  236.673 236.733 236.809 246.991 246.992 246.992 246.994 246.994 
  247.000 247.001 247.010 247.010 249.077 249.078 249.078 249.079 
  249.079 249.081 249.083 249.084 249.085 249.085 249.093 249.093 
  249.094 249.094 249.107 249.107 249.108 249.108 249.160 249.161 
  249.161 249.165 249.165 249.173 249.173 249.175 249.176 249.176 
  249.180 249.180 249.184 249.185 249.185 249.185 249.185 249.189 
  249.189 249.189 249.189 249.198 249.198 249.201 249.201 249.211 
  249.211 360.967 360.968 360.989 360.993 361.042 361.043 361.083 
  363.936 363.936 363.939 363.943 363.951 363.956 363.962 363.970 
  364.009 364.010 364.012 364.015 364.016 364.018 364.027 364.029 
  364.033 364.036 364.041 364.043 364.045 364.048 364.056 364.058 
  364.065 364.067 364.095 364.100 364.109 364.112 364.119 364.119 
  364.128 364.144 364.164 446.267 446.304 446.492 449.768 449.790 
  449.800 449.832 449.854 449.868 449.880 449.909 449.922 449.935 
  449.975 450.035 450.043 450.122 450.138 598.304 602.099 602.188 
  602.198 602.257 602.334 699.615 699.624 699.709 699.712 699.860 
  703.598 703.613 703.625 703.638 703.680 703.688 703.689 703.695 
  703.703 703.720 703.725 703.729 703.734 703.738 703.781 703.788 
  703.792 703.800 703.834 703.843 703.856 703.871 703.939 703.956 
  703.974 1478.327 1478.359 1478.534 1483.185 1483.205 1483.215 1483.243 
  1483.270 1483.284 1483.295 1483.320 1483.333 1483.344 1483.378 1483.434 
  1483.447 1483.518 1483.535 2387.249 2392.231 2392.337 2392.410 2392.455 
  2392.596 

Beta occupied
  -30.141 -26.642 -26.641 -26.562 -26.547 -26.538 -20.926 -11.920 
  -11.789  -2.421  -2.014  -1.965  -1.940  -1.860  -1.847  -1.753 
   -1.567  -1.481  -1.481  -1.272  -1.173  -1.118  -1.110  -1.062 
   -1.049  -1.020  -1.010  -0.978  -0.952  -0.950  -0.927  -0.897 
   -0.880  -0.873  -0.865  -0.856  -0.845 

Beta virtual
   -0.079  -0.017  -0.013  -0.006   0.012   0.049   0.054   0.061 
    0.069   0.072   0.091   0.101   0.114   0.122   0.135   0.136 
    0.148   0.158   0.165   0.177   0.194   0.205   0.217   0.236 
    0.254   0.258   0.268   0.278   0.286   0.324   0.343   0.356 
    0.364   0.396   0.422   0.449   0.512   0.524   0.530   0.578 
    0.600   0.616   0.620   0.630   0.638   0.649   0.668   0.678 
    0.687   0.699   0.728   0.729   0.735   0.743   0.748   0.763 
    0.771   0.780   0.796   0.800   0.813   0.814   0.829   0.844 
    0.867   0.877   0.893   0.925   0.946   0.962   0.972   1.013 
    1.216   1.292   1.300   1.321   1.352   1.373   1.399   1.416 
    1.452   1.467   1.476   1.488   1.517   1.591   1.612   1.642 
    1.660   1.683   1.701   1.730   1.749   1.751   1.759   1.777 
    1.799   1.835   1.878   1.881   1.906   1.924   1.949   1.963 
    1.972   1.979   2.001   2.006   2.013   2.063   2.077   2.101 
    2.108   2.139   2.146   2.166   2.170   2.178   2.187   2.196 
    2.212   2.226   2.233   2.251   2.252   2.266   2.273   2.277 
    2.295   2.300   2.338   2.353   2.358   2.368   2.383   2.400 
    2.437   2.454   2.460   2.464   2.505   2.559   2.585   2.602 
    2.620   2.642   2.795   2.812   2.829   2.862   2.884   2.918 
    2.942   2.986   3.021   3.047   3.102   3.110   3.286   3.388 
    3.432   3.465   3.567   3.628   3.646   3.652   3.714   3.738 
    3.825   3.877   3.975   3.978   4.035   4.065   4.097   4.142 
    4.173   4.179   4.182   4.195   4.224   4.232   4.234   4.257 
    4.264   4.287   4.299   4.326   4.339   4.369   4.401   4.433 
    4.457   4.491   4.537   4.547   4.564   4.621   4.675   4.683 
    4.704   4.774   4.811   4.873   4.892   4.922   4.936   4.958 
    4.969   5.040   5.043   5.086   5.092   5.122   5.145   5.162 
    5.191   5.202   5.223   5.247   5.259   5.272   5.288   5.293 
    5.335   5.366   5.370   5.398   5.426   5.434   5.448   5.483 
    5.494   5.506   5.542   5.560   5.565   5.577   5.584   5.596 
    5.615   5.623   5.647   5.656   5.666   5.698   5.718   5.724 
    5.735   5.752   5.753   5.779   5.797   5.815   5.836   5.853 
    5.865   5.888   5.909   5.947   5.957   5.963   5.994   6.006 
    6.025   6.093   6.101   6.119   6.132   6.202   6.243   6.318 
    6.328   6.364   6.378   6.383   6.431   6.477   6.484   6.491 
    6.510   6.603   6.611   6.621   6.680   6.700   6.725   6.742 
    6.767   6.827   6.841   6.902   6.978   7.015   7.136   7.152 
    7.179   7.191   7.252   7.334   7.338   7.366   7.404   7.409 
    7.426   7.495   7.525   7.581   7.614   7.714   7.836   7.910 
    7.966   8.082   8.089   8.193   8.256   8.636   8.757   8.781 
    8.886   8.922   9.011   9.201   9.250   9.767   9.886  10.125 
   10.166  10.191  10.544  10.549  10.778  11.264  11.444  11.447 
   11.450  11.470  11.538  11.564  11.578  11.628  11.650  11.651 
   11.653  11.653  11.679  11.704  11.711  11.714  11.716  11.729 
   11.733  11.736  11.743  11.744  11.746  11.748  11.761  11.790 
   11.821  11.842  11.857  11.882  11.898  11.928  11.952  11.981 
   12.010  12.016  12.032  12.111  12.131  12.185  12.209  12.246 
   12.273  12.316  12.358  12.384  12.452  12.461  12.486  12.497 
   12.503  12.508  12.556  12.582  12.585  12.609  12.639  12.658 
   12.687  12.698  12.718  12.726  12.766  12.843  12.932  12.963 
   13.051  13.073  13.119  13.175  13.186  13.197  13.207  13.249 
   13.254  13.312  13.325  13.359  13.419  13.475  13.538  13.618 
   13.632  13.797  14.236  14.674  14.684  14.888  14.903  14.951 
   15.007  15.007  15.020  15.029  15.042  15.055  15.065  15.073 
   15.144  15.216  15.231  15.301  15.313  15.332  15.375  15.412 
   15.494  15.512  15.546  15.695  15.727  15.731  15.768  15.867 
   15.920  15.963  15.987  16.009  16.032  16.056  16.063  16.108 
   16.122  16.170  16.181  16.196  16.230  16.261  16.305  16.313 
   16.324  16.372  16.374  16.390  16.416  16.426  16.470  16.473 
   16.511  16.559  16.573  16.587  16.618  16.654  16.671  16.709 
   16.715  16.734  16.754  16.776  16.789  16.814  16.839  16.875 
   16.911  16.982  17.019  17.269  17.683  17.757  17.927  17.978 
   18.050  24.519  24.910  28.945  29.003  29.304  29.902  29.935 
   29.948  29.982  29.998  30.002  30.023  30.060  30.084  30.100 
   30.251  30.278  30.336  30.360  30.377  40.348  41.472  41.583 
   41.604  41.660  41.750  43.984  62.769  62.791  62.976  62.982 
   63.301  64.322  64.355  64.383  64.404  64.409  64.421  64.424 
   64.491  64.496  64.513  64.523  64.547  64.576  64.615  64.617 
   64.631  64.646  64.657  64.721  64.740  64.875  64.905  64.960 
   64.984  65.013  68.055  68.106  68.358  69.691  69.720  69.733 
   69.770  69.783  69.790  69.810  69.845  69.864  69.880  69.963 
   70.021  70.043  70.126  70.143  84.322  84.324  84.382  84.393 
   84.519  84.523  84.627  85.727  85.729  85.737  85.746  85.772 
   85.788  85.801  85.805  85.809  85.820  85.823  85.823  85.826 
   85.845  85.848  85.859  85.868  85.901  85.906  85.916  85.923 
   85.927  85.932  85.943  86.012  86.014  86.024  86.032  86.038 
   86.042  86.047  86.053  86.098  86.117  86.171  97.422  99.364 
   99.452  99.467  99.526  99.608 167.421 167.464 167.678 170.108 
  170.134 170.145 170.181 170.196 170.208 170.224 170.257 170.272 
  170.287 170.341 170.403 170.412 170.495 170.512 218.612 218.626 
  218.748 218.753 218.967 221.528 221.551 221.568 221.587 221.611 
  221.622 221.627 221.660 221.670 221.675 221.677 221.690 221.702 
  221.723 221.754 221.762 221.769 221.779 221.826 221.840 221.898 
  221.919 221.982 222.002 222.024 233.566 236.573 236.661 236.673 
  236.733 236.809 246.879 246.879 246.880 246.882 246.882 246.889 
  246.889 246.898 246.898 249.077 249.078 249.078 249.079 249.079 
  249.081 249.083 249.084 249.085 249.085 249.093 249.093 249.094 
  249.094 249.107 249.107 249.108 249.108 249.160 249.161 249.161 
  249.165 249.165 249.173 249.173 249.175 249.176 249.176 249.180 
  249.180 249.184 249.185 249.185 249.185 249.185 249.189 249.189 
  249.189 249.189 249.198 249.198 249.201 249.201 249.211 249.211 
  360.728 360.729 360.750 360.754 360.803 360.805 360.844 363.936 
  363.936 363.939 363.943 363.951 363.956 363.962 363.970 364.009 
  364.010 364.012 364.015 364.016 364.018 364.027 364.029 364.033 
  364.036 364.041 364.043 364.045 364.048 364.056 364.058 364.065 
  364.067 364.095 364.100 364.109 364.112 364.119 364.119 364.128 
  364.144 364.164 445.790 445.826 446.015 449.768 449.790 449.800 
  449.832 449.854 449.868 449.880 449.909 449.922 449.935 449.975 
  450.035 450.043 450.122 450.138 597.820 602.099 602.188 602.198 
  602.257 602.334 699.268 699.277 699.362 699.365 699.513 703.598 
  703.613 703.625 703.638 703.680 703.688 703.689 703.695 703.703 
  703.720 703.725 703.729 703.734 703.738 703.781 703.788 703.792 
  703.800 703.834 703.843 703.856 703.871 703.939 703.956 703.974 
  1477.976 1478.009 1478.183 1483.185 1483.205 1483.215 1483.243 1483.270 
  1483.284 1483.295 1483.320 1483.333 1483.344 1483.378 1483.434 1483.447 
  1483.518 1483.535 2386.945 2392.231 2392.337 2392.410 2392.455 2392.596 

  SA 0  : 2 (0.99)    SB 0  : 0 (0.99)
  SA 1  : 5 (0.99)    SB 1  : 2 (0.99)
  SA 2  : 1 (0.99)    SB 2  : 5 (0.99)
  SA 3  : 3 (0.99)    SB 3  : 1 (0.99)
  SA 4  : 4 (0.99)    SB 4  : 3 (0.99)
  SA 5  : 6 (0.99)    SB 5  : 4 (0.99)
  SA 6  : 7 (1.00)    SB 6  : 6 (0.99)
  SA 7  : 8 (1.00)    SB 7  : 7 (1.00)
  SA 8  : 9 (0.38) 28 (0.19) 29 (0.19) 34 (0.20)    SB 8  : 8 (1.00)
  SA 9  : 11 (0.22) 17 (0.21)    SB 9  : 9 (0.35) 28 (0.21) 29 (0.21) 34 (0.21)
  SA 10 : 10 (0.13) 12 (0.19) 14 (0.14)    SB 10 : 11 (0.22) 17 (0.21)
  SA 11 : 11 (0.18) 17 (0.19) 21 (0.12) 22 (0.11) 35 (0.10)    SB 11 : 10 (0.13) 12 (0.19) 14 (0.14)
  SA 12 : 12 (0.20) 14 (0.11) 18 (0.13) 24 (0.11) 33 (0.13)    SB 12 : 11 (0.18) 17 (0.19) 21 (0.12) 22 (0.11) 35 (0.10)
  SA 13 : 10 (0.22) 13 (0.14) 14 (0.14) 26 (0.11) 36 (0.12)    SB 13 : 12 (0.20) 14 (0.11) 18 (0.13) 24 (0.11) 33 (0.13)
  SA 14 : 15 (0.34) 16 (0.27) 19 (0.13) 20 (0.12)    SB 14 : 10 (0.22) 13 (0.14) 14 (0.14) 26 (0.11) 36 (0.12)
  SA 15 : 9 (0.54) 28 (0.12) 29 (0.12) 34 (0.10)    SB 15 : 15 (0.34) 16 (0.26) 19 (0.13) 20 (0.12)
  SA 16 : 29 (0.24) 34 (0.61)    SB 16 : 9 (0.57) 28 (0.11) 29 (0.11)
  SA 17 : 28 (0.54) 29 (0.39)    SB 17 : 28 (0.62) 29 (0.21) 34 (0.11)
  SA 18 : 15 (0.23) 16 (0.27)    SB 18 : 29 (0.41) 34 (0.52)
  SA 19 : 17 (0.19) 21 (0.13) 22 (0.12)    SB 19 : 15 (0.24) 16 (0.28)
  SA 20 : 12 (0.14)    SB 20 : 17 (0.20) 21 (0.13) 22 (0.13)
  SA 21 : 11 (0.24) 17 (0.11) 35 (0.18)    SB 21 : 12 (0.14)
  SA 22 : 12 (0.18) 13 (0.13) 14 (0.13) 24 (0.13) 30 (0.14)    SB 22 : 11 (0.24) 17 (0.11) 35 (0.18)
  SA 23 : 10 (0.19) 33 (0.14) 36 (0.12)    SB 23 : 12 (0.18) 13 (0.13) 14 (0.13) 24 (0.13) 30 (0.14)
  SA 24 : 21 (0.15) 22 (0.14) 27 (0.30) 31 (0.26)    SB 24 : 10 (0.18) 33 (0.14) 36 (0.12)
  SA 25 : 25 (0.11) 31 (0.18) 35 (0.28)    SB 25 : 21 (0.13) 22 (0.14) 27 (0.29) 31 (0.30)
  SA 26 : 25 (0.38) 27 (0.28) 31 (0.18)    SB 26 : 25 (0.12) 31 (0.12) 35 (0.27)
  SA 27 : 21 (0.32) 22 (0.36)    SB 27 : 25 (0.38) 27 (0.28) 31 (0.19)
  SA 28 : 15 (0.10) 18 (0.15) 20 (0.16) 24 (0.18)    SB 28 : 21 (0.33) 22 (0.35)
  SA 29 : 23 (0.22) 33 (0.22)    SB 29 : 18 (0.15) 20 (0.15) 24 (0.17)
  SA 30 : 10 (0.16) 26 (0.17) 30 (0.15)    SB 30 : 23 (0.22) 33 (0.22)
  SA 31 : 14 (0.12) 18 (0.22) 32 (0.29)    SB 31 : 10 (0.16) 26 (0.17) 30 (0.15)
  SA 32 : 16 (0.16) 26 (0.28) 36 (0.11)    SB 32 : 14 (0.12) 18 (0.23) 32 (0.29)
  SA 33 : 20 (0.18) 24 (0.15) 26 (0.11) 33 (0.12) 36 (0.14)    SB 33 : 16 (0.16) 26 (0.29) 36 (0.12)
  SA 34 : 13 (0.28) 30 (0.21) 32 (0.14) 36 (0.16)    SB 34 : 20 (0.18) 24 (0.16) 26 (0.10) 33 (0.12) 36 (0.13)
  SA 35 : 19 (0.41) 20 (0.18) 23 (0.17)    SB 35 : 13 (0.28) 30 (0.21) 32 (0.13) 36 (0.17)
  SB 36 : 19 (0.41) 20 (0.19) 23 (0.16)

The transition for spin alpha is from 35 (0.01) to 1 (1.00).



  >>> Running UHF-MP2 <<<

MP2 correlation energy (UHF) : -2.6437172495
MP2 total energy       (UHF) : -724.7695784838


  >>> Running UHF-CCSD <<<


******** <class 'pyscf.cc.uccsd.UCCSD'> ********
CC2 = 0
CCSD nocc = (36, 37), nmo = (884, 885)
frozen orbitals [[36], []]
max_cycle = 50
direct = 0
conv_tol = 1e-08
conv_tol_normt = 1e-06
diis_space = 20
diis_start_cycle = 0
diis_start_energy_diff = 1e+09
max_memory 4000 MB (current use 3316 MB)
