	*********************************************** 
	***** Beginning CEBE Calculation with MOM ***** 
	*****       Calculation Details:          ***** 
	      Geometry:	 /work/morgunov/core/calculations/mols/exp/c/c-cl2h2.xyz
	      Core Basis:	 cc-pCV5Z
	      Full Basis:	 cc-pV5Z
	      Do SFX2C1E?:	 True
	      Freeze orbitals?:	 True
	      Use Cheng orbitals?:	 False
	      Do Special Basis?:	 False
	*********************************************** 
	*********************************************** 

  >>> Running RHF <<<

init D/C      : minao
init ov       : zeros
no            : 21
nv            : 424
ov_size       : 8904
max_cycle     : 1000
conv          : 6
econv         : 9
method        : gdm
scale_stop    : 0
scale_factor  : 1.000000
init E        : -958.004902563841
init |[F,P]|  : 5.95e-03
init |dE|     : 1.14e-02
check file    : None

iter      total energy   |[F,P]|      |dE|         ∆E   comment
   1    -958.053593309  4.41e-03  8.81e-03  -4.87e-02  BFGS
   2    -958.090536054  3.73e-04  7.72e-04  -3.69e-02  BFGS
   3    -958.091233339  1.23e-04  2.62e-04  -6.97e-04  BFGS
   4    -958.091358400  3.58e-05  7.50e-05  -1.25e-04  BFGS
   5    -958.091362410  1.36e-05  2.70e-05  -4.01e-06  BFGS
   6    -958.091362994  1.53e-06  4.59e-06  -5.83e-07  BFGS
   7    -958.091363008  5.36e-07  1.35e-06  -1.40e-08  BFGS
   8    -958.091363009  1.47e-07  3.11e-07  -1.74e-09  BFGS
   9    -958.091363009  4.65e-08  1.08e-07  -1.14e-10  BFGS
                                                                      gdm is converged!

SCF converged : True
final |[F,P]| : 4.65e-08
final |dE|    : 1.08e-07
final Escf    : -1092.82208285125
final Etot    : -958.091363009419

  pxp & ewc             :::        0.226 (  0.05%)
  apply B               :::        0.003 (  0.00%)
  linsrch               :::      454.707 ( 99.95%)
  grad                  :::        0.009 (  0.00%)
  Total                 :::      454.945 (100.00%)

Alpha occupied
  -104.848 -104.848 -11.363 -10.573 -10.573  -8.040  -8.040  -8.038 
   -8.038  -8.038  -8.038  -1.193  -1.096  -0.895  -0.678  -0.617 
   -0.586  -0.474  -0.471  -0.447  -0.446 

Alpha virtual
    0.088   0.123   0.133   0.140   0.201   0.226   0.245   0.263 
    0.279   0.298   0.306   0.306   0.350   0.362   0.394   0.401 
    0.410   0.458   0.462   0.469   0.499   0.526   0.577   0.586 
    0.590   0.676   0.677   0.682   0.700   0.727   0.768   0.823 
    0.832   0.838   0.847   0.884   0.924   0.977   1.003   1.019 
    1.037   1.086   1.106   1.109   1.140   1.141   1.195   1.203 
    1.224   1.235   1.276   1.279   1.285   1.299   1.314   1.315 
    1.417   1.438   1.441   1.460   1.460   1.465   1.501   1.505 
    1.520   1.553   1.558   1.606   1.633   1.636   1.647   1.649 
    1.674   1.683   1.708   1.733   1.767   1.840   1.865   1.877 
    1.895   1.987   2.002   2.061   2.086   2.128   2.148   2.170 
    2.182   2.216   2.235   2.268   2.320   2.322   2.351   2.361 
    2.409   2.567   2.622   2.636   2.679   2.686   2.720   2.735 
    2.760   2.774   2.775   2.847   2.847   2.853   2.856   2.915 
    2.939   2.946   2.952   2.978   3.028   3.044   3.062   3.068 
    3.127   3.141   3.144   3.157   3.210   3.239   3.243   3.314 
    3.348   3.364   3.367   3.420   3.460   3.466   3.480   3.568 
    3.619   3.630   3.664   3.727   3.785   3.867   3.903   3.949 
    3.952   3.980   4.005   4.058   4.062   4.086   4.089   4.122 
    4.159   4.163   4.187   4.191   4.300   4.334   4.375   4.379 
    4.394   4.446   4.464   4.477   4.531   4.547   4.597   4.686 
    4.731   4.761   4.772   4.800   4.835   4.841   4.842   4.894 
    4.990   5.051   5.060   5.239   5.270   5.271   5.325   5.330 
    5.364   5.367   5.458   5.537   5.543   5.637   5.644   5.685 
    5.779   5.784   5.918   5.962   6.078   6.188   6.194   6.205 
    6.206   6.224   6.225   6.226   6.233   6.246   6.264   6.295 
    6.317   6.323   6.336   6.341   6.347   6.362   6.370   6.371 
    6.385   6.422   6.426   6.430   6.446   6.457   6.477   6.515 
    6.551   6.571   6.604   6.612   6.656   6.751   6.875   6.954 
    7.010   7.024   7.030   7.040   7.077   7.139   7.165   7.172 
    7.223   7.258   7.259   7.331   7.333   7.364   7.408   7.475 
    7.506   7.548   7.548   7.564   7.622   7.645   7.648   7.683 
    7.707   7.794   7.822   7.848   7.856   7.885   8.009   8.067 
    8.301   8.504   8.521   9.010   9.015   9.063   9.168   9.311 
    9.496   9.562   9.691   9.908   9.923   9.975  10.267  10.278 
   10.328  10.393  10.453  10.473  10.531  10.620  10.672  10.696 
   10.740  10.741  10.768  10.786  10.875  11.033  11.182  11.260 
   11.274  11.382  11.563  11.579  11.623  11.625  11.645  11.816 
   12.421  12.435  12.609  12.679  12.702  12.781  12.787  12.793 
   12.859  12.869  12.900  12.946  13.009  13.028  13.092  13.167 
   13.422  13.475  13.514  13.574  13.725  13.744  13.981  14.037 
   14.080  14.094  14.102  14.248  14.313  14.442  14.448  14.459 
   14.487  14.623  14.641  14.804  14.824  15.103  15.109  15.381 
   15.602  15.863  16.027  16.096  16.890  17.438  17.610  17.615 
   17.860  18.046  18.184  18.218  18.383  18.428  18.524  20.179 
   20.359  21.084  22.264  23.206  24.164  36.080  36.223  36.234 
   36.911  37.238  38.126  38.153  38.179  38.227  39.381  39.490 
   47.046  47.161  47.228  47.230  47.406  47.537  48.141  50.847 
   60.081  60.523  61.096  81.711  82.155 107.955 108.051 108.091 
  108.510 108.727 130.504 165.856 166.222 166.700 167.435 167.435 
  167.441 167.444 167.445 167.447 167.454 167.464 167.472 188.252 
  188.294 188.325 188.326 188.400 188.467 188.719 329.647 329.713 
  329.740 330.021 330.189 338.038 465.681 466.004 466.423 1176.253 


  >>> Running RHF-MP2 <<<


RMP2-TIMING
  rmp2                  :::      322.917 (100.00%)
  Total                 :::      322.917 (100.00%)

MP2 correlation energy (RHF) : -1.0227529220
MP2 total energy       (RHF) : -959.1141159314


  >>> Running UHF <<<

init D/C      : input mo_coeff
init ov       : zeros
no            : 20 21
nv            : 425 424
ov_size       : 17404
max_cycle     : 1000
conv          : 6
econv         : 9
method        : diis
mom_start     : 0
guess mix     : 0.000000
orb_swap      : [[[2, 20]], []]
init E        : -946.72801050958
init S2       : 0.750000000000021
init |[F,P]|  : 1.57e-02
init |dE|     : 3.17e-02
check file    : None

iter      total energy   |[F,P]|      |dE|         ∆E   S^2   comment
   1    -946.945386778  1.11e-02  2.14e-02  -2.17e-01  0.76  DIIS mom: 19.6/20 20.6/21
   2    -947.284443018  1.40e-03  3.08e-03  -3.39e-01  0.76  DIIS mom: 19.9/20 20.9/21
   3    -947.293113878  3.75e-04  7.96e-04  -8.67e-03  0.77  DIIS mom: 20.0/20 21.0/21
   4    -947.294409024  2.32e-04  4.42e-04  -1.30e-03  0.78  DIIS mom: 20.0/20 21.0/21
   5    -947.295580625  1.37e-04  2.70e-04  -1.17e-03  0.79  DIIS mom: 20.0/20 21.0/21
   6    -947.296243717  5.97e-05  1.29e-04  -6.63e-04  0.82  DIIS mom: 20.0/20 21.0/21
   7    -947.296392897  2.76e-05  6.30e-05  -1.49e-04  0.84  DIIS mom: 20.0/20 21.0/21
   8    -947.296417822  1.26e-05  2.72e-05  -2.49e-05  0.84  DIIS mom: 20.0/20 21.0/21
   9    -947.296423144  5.36e-06  1.07e-05  -5.32e-06  0.84  DIIS mom: 20.0/20 21.0/21
  10    -947.296423877  1.66e-06  3.84e-06  -7.33e-07  0.85  DIIS mom: 20.0/20 21.0/21
  11    -947.296423957  8.45e-07  2.11e-06  -8.04e-08  0.85  DIIS mom: 20.0/20 21.0/21
  12    -947.296423988  5.60e-07  1.40e-06  -3.10e-08  0.85  DIIS mom: 20.0/20 21.0/21
  13    -947.296424010  2.50e-07  6.17e-07  -2.19e-08  0.85  DIIS mom: 20.0/20 21.0/21
  14    -947.296424015  4.49e-08  1.13e-07  -4.58e-09  0.85  DIIS mom: 20.0/20 21.0/21
  15    -947.296424015  1.77e-08  4.33e-08  -6.32e-11  0.85  DIIS mom: 20.0/20 21.0/21
                                                                      diis is converged!

SCF converged : True
final |[F,P]| : 1.77e-08
final |dE|    : 4.33e-08
final Escf    : -1082.02714385674
final Etot    : -947.2964240149
final S2      : 0.845656054380491

  diis prep             :::        0.183 (  0.02%)
  diis extrap           :::        0.153 (  0.02%)
  roothaan              :::        0.688 (  0.09%)
  fock build            :::      804.160 ( 99.87%)
  Total                 :::      805.185 (100.00%)

Alpha occupied
  -105.128 -105.128 -10.849 -10.849  -8.320  -8.320  -8.313  -8.313 
   -8.313  -8.313  -1.488  -1.364  -1.210  -1.016  -0.921  -0.882 
   -0.728  -0.724  -0.708  -0.698 

Alpha virtual
  -10.186  -0.134  -0.100  -0.092  -0.067  -0.007   0.000   0.054 
    0.059   0.084   0.117   0.118   0.119   0.156   0.159   0.159 
    0.164   0.174   0.234   0.243   0.259   0.265   0.314   0.349 
    0.368   0.380   0.446   0.447   0.460   0.476   0.495   0.543 
    0.579   0.588   0.590   0.597   0.660   0.692   0.748   0.767 
    0.778   0.797   0.850   0.874   0.890   0.908   0.911   0.965 
    0.977   1.003   1.004   1.048   1.050   1.062   1.070   1.081 
    1.089   1.187   1.195   1.199   1.219   1.221   1.225   1.262 
    1.270   1.284   1.315   1.317   1.355   1.392   1.395   1.398 
    1.413   1.429   1.435   1.463   1.487   1.522   1.595   1.615 
    1.627   1.642   1.734   1.753   1.812   1.834   1.873   1.905 
    1.909   1.931   1.965   1.977   2.007   2.073   2.073   2.095 
    2.099   2.136   2.316   2.374   2.378   2.425   2.432   2.487 
    2.496   2.510   2.510   2.527   2.552   2.556   2.599   2.604 
    2.677   2.683   2.691   2.712   2.726   2.778   2.788   2.798 
    2.824   2.870   2.887   2.899   2.905   2.955   2.977   2.980 
    3.046   3.099   3.100   3.100   3.161   3.199   3.202   3.220 
    3.310   3.345   3.380   3.401   3.459   3.521   3.590   3.644 
    3.686   3.691   3.714   3.742   3.798   3.802   3.817   3.827 
    3.857   3.888   3.904   3.924   3.933   4.031   4.064   4.112 
    4.117   4.131   4.184   4.185   4.212   4.265   4.280   4.331 
    4.417   4.452   4.485   4.500   4.539   4.554   4.560   4.575 
    4.626   4.721   4.778   4.783   4.936   4.980   4.981   5.035 
    5.048   5.075   5.088   5.173   5.249   5.256   5.346   5.363 
    5.395   5.478   5.513   5.635   5.672   5.756   5.877   5.938 
    5.941   5.950   5.981   5.985   5.986   5.987   5.993   5.995 
    6.014   6.033   6.058   6.064   6.079   6.079   6.108   6.117 
    6.120   6.121   6.134   6.155   6.159   6.166   6.167   6.206 
    6.228   6.281   6.306   6.326   6.344   6.386   6.478   6.607 
    6.641   6.760   6.762   6.778   6.785   6.818   6.882   6.890 
    6.901   6.964   6.982   6.993   7.054   7.054   7.085   7.133 
    7.199   7.237   7.240   7.261   7.284   7.355   7.356   7.368 
    7.387   7.431   7.512   7.521   7.575   7.591   7.617   7.739 
    7.758   7.976   8.104   8.169   8.640   8.683   8.738   8.893 
    9.033   9.212   9.274   9.411   9.619   9.649   9.671   9.953 
    9.960  10.015  10.070  10.157  10.168  10.219  10.329  10.378 
   10.399  10.461  10.464  10.473  10.497  10.594  10.691  10.822 
   10.909  10.921  11.048  11.229  11.239  11.317  11.321  11.332 
   11.496  12.037  12.128  12.206  12.286  12.363  12.405  12.445 
   12.471  12.480  12.525  12.545  12.566  12.633  12.655  12.663 
   12.857  13.107  13.154  13.206  13.263  13.409  13.434  13.659 
   13.714  13.760  13.772  13.794  13.929  14.000  14.092  14.093 
   14.136  14.170  14.303  14.321  14.475  14.499  14.768  14.779 
   15.074  15.284  15.553  15.713  15.736  16.537  17.106  17.276 
   17.278  17.514  17.597  17.817  17.867  18.031  18.057  18.170 
   19.641  19.873  20.538  21.396  22.437  23.411  34.975  35.124 
   35.127  35.810  36.142  37.848  37.878  37.903  37.952  39.091 
   39.197  45.890  46.008  46.071  46.072  46.247  46.380  46.984 
   49.517  58.540  58.986  59.558  81.443  81.888 106.044 106.138 
  106.181 106.599 106.818 128.424 163.530 163.897 164.377 165.518 
  165.519 165.523 165.526 165.526 165.529 165.535 165.545 165.549 
  186.012 186.055 186.084 186.086 186.159 186.227 186.479 326.844 
  326.910 326.937 327.218 327.386 335.184 462.577 462.900 463.319 
  1172.715 

Beta occupied
  -105.127 -105.127 -13.862 -10.848 -10.848  -8.312  -8.312  -8.312 
   -8.312  -8.311  -8.311  -1.547  -1.355  -1.246  -1.063  -0.968 
   -0.919  -0.729  -0.722  -0.709  -0.697 

Beta virtual
   -0.157  -0.128  -0.104  -0.075  -0.010  -0.005   0.058   0.063 
    0.090   0.117   0.118   0.121   0.142   0.147   0.159   0.160 
    0.181   0.238   0.243   0.258   0.265   0.318   0.350   0.372 
    0.382   0.434   0.439   0.465   0.482   0.505   0.540   0.575 
    0.577   0.578   0.601   0.665   0.689   0.740   0.760   0.779 
    0.788   0.850   0.876   0.890   0.909   0.910   0.959   0.977 
    1.004   1.004   1.049   1.052   1.061   1.070   1.080   1.091 
    1.191   1.194   1.203   1.214   1.223   1.228   1.264   1.270 
    1.285   1.311   1.312   1.350   1.395   1.395   1.396   1.416 
    1.421   1.435   1.461   1.486   1.522   1.590   1.613   1.630 
    1.644   1.720   1.751   1.806   1.829   1.869   1.894   1.905 
    1.931   1.962   1.975   2.003   2.074   2.075   2.085   2.099 
    2.133   2.318   2.375   2.376   2.414   2.422   2.487   2.491 
    2.504   2.508   2.531   2.534   2.541   2.597   2.605   2.673 
    2.677   2.689   2.713   2.726   2.783   2.789   2.791   2.825 
    2.873   2.881   2.901   2.907   2.960   2.974   2.978   3.039 
    3.094   3.098   3.102   3.158   3.186   3.205   3.222   3.306 
    3.331   3.382   3.399   3.453   3.520   3.578   3.645   3.687 
    3.689   3.712   3.739   3.785   3.801   3.811   3.824   3.859 
    3.887   3.904   3.921   3.934   4.023   4.056   4.108   4.114 
    4.133   4.176   4.180   4.209   4.264   4.279   4.330   4.413 
    4.447   4.476   4.497   4.538   4.552   4.552   4.573   4.626 
    4.720   4.776   4.786   4.918   4.970   4.977   5.013   5.048 
    5.074   5.088   5.167   5.238   5.257   5.329   5.363   5.380 
    5.470   5.515   5.630   5.660   5.713   5.864   5.940   5.943 
    5.946   5.981   5.984   5.985   5.987   5.993   5.995   6.001 
    6.034   6.062   6.068   6.081   6.083   6.109   6.113   6.117 
    6.120   6.124   6.160   6.162   6.163   6.170   6.209   6.226 
    6.283   6.309   6.325   6.344   6.388   6.480   6.609   6.622 
    6.758   6.761   6.777   6.784   6.817   6.883   6.892   6.901 
    6.965   6.982   6.994   7.054   7.056   7.084   7.135   7.196 
    7.222   7.236   7.258   7.282   7.351   7.355   7.368   7.372 
    7.431   7.508   7.509   7.575   7.589   7.620   7.740   7.744 
    7.933   8.042   8.135   8.574   8.636   8.733   8.889   9.028 
    9.204   9.264   9.403   9.608   9.644   9.656   9.939   9.943 
   10.005  10.060  10.147  10.157  10.208  10.322  10.369  10.387 
   10.446  10.462  10.470  10.495  10.589  10.673  10.800  10.891 
   10.899  11.031  11.211  11.226  11.300  11.314  11.329  11.481 
   12.005  12.118  12.191  12.254  12.348  12.403  12.426  12.459 
   12.481  12.511  12.524  12.548  12.628  12.653  12.662  12.858 
   13.108  13.154  13.207  13.263  13.411  13.436  13.661  13.717 
   13.762  13.776  13.796  13.930  14.002  14.080  14.081  14.136 
   14.171  14.305  14.322  14.475  14.494  14.756  14.778  15.074 
   15.285  15.553  15.713  15.724  16.534  17.108  17.276  17.277 
   17.507  17.511  17.802  17.863  18.017  18.041  18.158  19.511 
   19.803  20.423  21.156  22.263  23.249  34.842  34.992  34.996 
   35.680  36.013  37.848  37.879  37.904  37.953  39.096  39.201 
   45.811  45.929  45.992  45.993  46.169  46.300  46.899  49.143 
   58.191  58.640  59.216  81.444  81.889 105.823 105.919 105.961 
  106.380 106.599 128.058 163.196 163.565 164.048 165.420 165.421 
  165.426 165.428 165.428 165.431 165.437 165.447 165.450 185.847 
  185.890 185.920 185.921 185.995 186.063 186.315 326.615 326.681 
  326.708 326.989 327.158 334.890 462.322 462.645 463.065 1172.531 


  >>> Running UHF-MP2 <<<

MP2 correlation energy (UHF) : -1.0063571418
MP2 total energy       (UHF) : -948.3027811567

