	*********************************************** 
	***** Beginning CEBE Calculation with MOM ***** 
	*****       Calculation Details:          ***** 
	      Geometry:	 /home/am3939/core/calculations/mols/exp/f/ch3nhf.xyz
	      Core Basis:	 ccX-5Z
	      Full Basis:	 cc-pV5Z
	      DIIS (start, space):	 0 50
	      Level shift:	 0
	      Do localization?:	 False
	      Do SFX2C1E?:	 True
	      Freeze orbitals?:	 True
	      Use Cheng orbitals?:	 False
	      Do Special Basis?:	 True
	      Do Special Basis?:	 ccX-5Z
	*********************************************** 
	*********************************************** 

  >>> Running RHF <<<

init D/C      : minao
init ov       : zeros
no            : 13
nv            : 581
ov_size       : 7553
max_cycle     : 1000
conv          : 6
econv         : 9
method        : gdm
scale_stop    : 0
scale_factor  : 1.000000
init E        : -194.016975043915
init |[F,P]|  : 5.26e-03
init |dE|     : 1.34e-02
check file    : None

iter      total energy   |[F,P]|      |dE|         ∆E   comment
   1    -194.065041777  3.56e-03  9.31e-03  -4.81e-02  BFGS
   2    -194.089858777  4.50e-04  1.16e-03  -2.48e-02  BFGS
   3    -194.090465435  1.44e-04  3.77e-04  -6.07e-04  BFGS
   4    -194.090567147  4.71e-05  1.18e-04  -1.02e-04  BFGS
   5    -194.090580687  1.93e-05  4.86e-05  -1.35e-05  BFGS
   6    -194.090583118  6.57e-06  1.70e-05  -2.43e-06  BFGS
   7    -194.090583392  3.04e-06  7.26e-06  -2.74e-07  BFGS
   8    -194.090583446  1.05e-06  2.52e-06  -5.43e-08  BFGS
   9    -194.090583452  2.96e-07  7.34e-07  -5.57e-09  BFGS
  10    -194.090583452  7.59e-08  1.83e-07  -4.36e-10  BFGS
                                                                      gdm is converged!

SCF converged : True
final |[F,P]| : 7.59e-08
final |dE|    : 1.83e-07
final Escf    : -273.931898523143
final Etot    : -194.090583452223

  pxp & ewc             :::        0.329 (  0.19%)
  apply B               :::        0.001 (  0.00%)
  linsrch               :::      176.420 ( 99.81%)
  grad                  :::        0.009 (  0.00%)
  Total                 :::      176.759 (100.00%)

Alpha occupied
  -26.288 -15.650 -11.263  -1.592  -1.173  -0.920  -0.730  -0.686 
   -0.668  -0.601  -0.563  -0.555  -0.438 

Alpha virtual
    0.087   0.115   0.132   0.143   0.169   0.185   0.210   0.226 
    0.231   0.272   0.276   0.323   0.363   0.387   0.388   0.423 
    0.427   0.453   0.470   0.473   0.540   0.563   0.576   0.598 
    0.604   0.626   0.664   0.700   0.710   0.747   0.753   0.779 
    0.790   0.810   0.825   0.846   0.871   0.895   0.908   0.948 
    0.952   0.982   1.021   1.053   1.056   1.081   1.099   1.114 
    1.159   1.190   1.227   1.244   1.324   1.389   1.431   1.432 
    1.448   1.470   1.512   1.559   1.570   1.600   1.605   1.628 
    1.681   1.698   1.708   1.767   1.784   1.803   1.833   1.849 
    1.864   1.894   1.904   1.918   1.927   1.946   1.982   1.987 
    2.001   2.035   2.050   2.069   2.097   2.125   2.172   2.186 
    2.207   2.252   2.283   2.318   2.332   2.364   2.384   2.417 
    2.440   2.457   2.487   2.548   2.565   2.601   2.611   2.650 
    2.700   2.744   2.792   2.807   2.832   2.873   2.887   2.928 
    2.942   3.012   3.065   3.134   3.186   3.195   3.221   3.233 
    3.261   3.327   3.379   3.391   3.455   3.486   3.538   3.590 
    3.619   3.661   3.690   3.716   3.768   3.833   3.869   3.877 
    3.908   3.958   4.006   4.011   4.045   4.066   4.105   4.138 
    4.149   4.167   4.195   4.221   4.223   4.246   4.262   4.292 
    4.301   4.329   4.353   4.390   4.406   4.456   4.473   4.490 
    4.515   4.548   4.639   4.649   4.681   4.709   4.722   4.732 
    4.749   4.803   4.809   4.830   4.872   4.891   4.917   4.928 
    4.980   5.010   5.041   5.076   5.091   5.143   5.171   5.219 
    5.261   5.294   5.329   5.393   5.416   5.451   5.464   5.488 
    5.550   5.584   5.602   5.614   5.660   5.699   5.719   5.725 
    5.807   5.833   5.867   5.919   5.945   5.975   6.009   6.040 
    6.057   6.092   6.127   6.181   6.221   6.250   6.294   6.307 
    6.328   6.383   6.503   6.516   6.611   6.666   6.709   6.732 
    6.853   6.954   6.967   6.998   7.066   7.106   7.147   7.186 
    7.210   7.256   7.405   7.447   7.499   7.501   7.617   7.649 
    7.658   7.718   7.749   7.769   7.873   7.925   7.949   7.982 
    7.990   8.100   8.196   8.265   8.302   8.382   8.389   8.496 
    8.644   8.732   8.836   8.926   9.089   9.148   9.211   9.243 
    9.282   9.449   9.511   9.548   9.570   9.573   9.611   9.627 
    9.718   9.783   9.837   9.873   9.940  10.053  10.084  10.151 
   10.296  10.357  10.410  10.424  10.455  10.499  10.511  10.545 
   10.560  10.656  10.728  10.730  10.756  10.763  10.820  10.931 
   10.974  11.089  11.133  11.217  11.287  11.408  11.447  11.485 
   11.511  11.518  11.618  11.643  11.712  11.807  11.843  11.955 
   11.969  12.194  12.258  12.340  12.448  12.466  12.548  12.654 
   12.658  12.693  12.741  12.755  12.760  12.793  12.823  12.838 
   12.848  12.861  12.877  12.892  12.910  12.969  12.997  13.009 
   13.046  13.063  13.090  13.104  13.179  13.266  13.298  13.407 
   13.426  13.461  13.499  13.592  13.601  13.618  13.658  13.708 
   13.716  13.743  13.772  13.835  13.904  13.953  13.985  14.020 
   14.075  14.089  14.104  14.117  14.133  14.163  14.195  14.251 
   14.274  14.286  14.316  14.378  14.393  14.424  14.432  14.453 
   14.530  14.541  14.586  14.658  14.678  14.734  14.758  14.867 
   14.895  14.989  14.993  15.018  15.084  15.138  15.145  15.178 
   15.270  15.319  15.399  15.474  15.515  15.547  15.611  15.739 
   15.771  15.866  15.925  15.957  15.979  16.124  16.171  16.186 
   16.338  16.377  16.448  16.550  16.705  16.781  16.810  16.875 
   16.922  16.963  17.160  17.368  17.497  17.532  17.587  17.617 
   17.735  17.933  17.986  18.021  18.092  18.304  18.368  18.380 
   18.381  18.393  18.396  18.398  18.432  18.449  18.455  18.546 
   18.623  18.661  18.693  18.748  18.783  18.857  18.936  18.967 
   19.009  19.033  19.098  19.131  19.246  19.334  19.425  20.046 
   20.834  20.880  20.890  20.919  20.983  21.674  23.135  23.802 
   23.806  23.867  23.873  24.154  24.204  24.450  24.735  24.771 
   24.815  25.297  25.304  25.487  25.548  25.871  25.981  26.588 
   28.343  28.388  28.865  28.942  30.439  39.701  39.735  40.104 
   42.808  52.202  54.327  83.958  83.984  84.224  84.282  85.039 
   85.314  85.346  85.640  93.684  93.686  93.741  93.764  93.862 
   93.905  94.153 118.779 145.133 145.133 145.146 145.146 145.149 
  145.154 145.208 145.212 145.239 190.281 190.308 190.576 231.251 
  231.270 231.452 231.499 232.059 257.997 297.557 297.559 297.588 
  297.601 297.655 297.679 297.808 414.685 414.687 414.687 414.691 
  414.691 414.698 414.698 414.708 414.708 414.721 414.721 448.064 
  448.088 448.331 547.379 547.379 547.382 547.383 547.387 547.387 
  547.399 547.400 547.409 570.277 592.492 592.507 592.652 592.689 
  593.129 896.477 896.478 896.497 896.504 896.537 896.551 896.626 
  1152.580 1152.600 1152.815 1383.745 1517.665 1517.677 1517.793 1517.822 
  1518.165 3735.217 3735.236 3735.434 5407.261 


  >>> Running RHF-MP2 <<<


RMP2-TIMING
  rmp2                  :::      157.393 (100.00%)
  Total                 :::      157.393 (100.00%)

MP2 correlation energy (RHF) : -0.8498315536
MP2 total energy       (RHF) : -194.9404150058


  >>> Running UHF <<<

init D/C      : input mo_coeff
init ov       : zeros
no            : 12 13
nv            : 582 581
ov_size       : 14537
max_cycle     : 1000
conv          : 6
econv         : 9
method        : diis
mom_start     : 0
guess mix     : 0.000000
orb_swap      : [[[0, 12]], []]
init E        : -167.802983287476
init S2       : 0.750000000000101
init |[F,P]|  : 2.08e-02
init |dE|     : 5.93e-02
check file    : None

iter      total energy   |[F,P]|      |dE|         ∆E   S^2   comment
   1    -168.454735667  9.76e-03  2.91e-02  -6.52e-01  0.75  DIIS mom: 11.7/12 12.7/13
   2    -168.711895344  8.36e-04  2.28e-03  -2.57e-01  0.76  DIIS mom: 12.0/12 13.0/13
   3    -168.715158458  2.15e-04  5.91e-04  -3.26e-03  0.76  DIIS mom: 12.0/12 13.0/13
   4    -168.715689430  1.13e-04  3.03e-04  -5.31e-04  0.76  DIIS mom: 12.0/12 13.0/13
   5    -168.715913906  5.38e-05  1.39e-04  -2.24e-04  0.76  DIIS mom: 12.0/12 13.0/13
   6    -168.716001747  3.89e-05  1.01e-04  -8.78e-05  0.77  DIIS mom: 12.0/12 13.0/13
   7    -168.716073290  3.21e-05  8.31e-05  -7.15e-05  0.77  DIIS mom: 12.0/12 13.0/13
   8    -168.716133375  2.82e-05  7.32e-05  -6.01e-05  0.77  DIIS mom: 12.0/12 13.0/13
   9    -168.716226996  2.18e-05  5.65e-05  -9.36e-05  0.77  DIIS mom: 12.0/12 13.0/13
  10    -168.716332035  8.33e-06  2.20e-05  -1.05e-04  0.79  DIIS mom: 12.0/12 13.0/13
  11    -168.716338960  3.45e-06  8.87e-06  -6.93e-06  0.79  DIIS mom: 12.0/12 13.0/13
  12    -168.716339765  1.39e-06  3.60e-06  -8.05e-07  0.79  DIIS mom: 12.0/12 13.0/13
  13    -168.716339840  4.16e-07  1.02e-06  -7.43e-08  0.79  DIIS mom: 12.0/12 13.0/13
  14    -168.716339844  1.50e-07  3.35e-07  -3.90e-09  0.79  DIIS mom: 12.0/12 13.0/13
  15    -168.716339844  4.92e-08  1.05e-07  -3.87e-10  0.79  DIIS mom: 12.0/12 13.0/13
                                                                      diis is converged!

SCF converged : True
final |[F,P]| : 4.92e-08
final |dE|    : 1.05e-07
final Escf    : -248.557654914832
final Etot    : -168.716339843912
final S2      : 0.794446778084335

  diis prep             :::        0.143 (  0.05%)
  diis extrap           :::        0.141 (  0.05%)
  roothaan              :::        1.062 (  0.36%)
  fock build            :::      296.568 ( 99.55%)
  Total                 :::      297.915 (100.00%)

Alpha occupied
  -15.981 -11.505  -2.112  -1.522  -1.263  -1.242  -1.225  -1.122 
   -0.936  -0.860  -0.822  -0.747 

Alpha virtual
  -24.467  -0.120  -0.099  -0.054  -0.032  -0.030   0.001   0.015 
    0.026   0.036   0.051   0.085   0.120   0.154   0.166   0.185 
    0.217   0.227   0.243   0.254   0.261   0.322   0.344   0.349 
    0.377   0.401   0.417   0.436   0.473   0.485   0.507   0.519 
    0.543   0.547   0.592   0.608   0.626   0.650   0.680   0.695 
    0.722   0.748   0.772   0.795   0.809   0.820   0.842   0.872 
    0.893   0.917   0.954   0.994   1.022   1.076   1.140   1.173 
    1.184   1.207   1.230   1.271   1.303   1.314   1.345   1.360 
    1.388   1.426   1.440   1.454   1.502   1.523   1.523   1.535 
    1.548   1.595   1.620   1.651   1.663   1.665   1.691   1.740 
    1.751   1.767   1.776   1.805   1.818   1.857   1.898   1.919 
    1.941   1.965   2.018   2.040   2.065   2.079   2.097   2.132 
    2.171   2.195   2.222   2.250   2.288   2.308   2.342   2.361 
    2.398   2.434   2.497   2.534   2.557   2.578   2.610   2.614 
    2.660   2.673   2.748   2.797   2.862   2.911   2.928   2.958 
    2.975   2.992   3.033   3.063   3.097   3.182   3.228   3.251 
    3.308   3.358   3.378   3.419   3.427   3.494   3.562   3.585 
    3.605   3.618   3.685   3.724   3.749   3.755   3.769   3.788 
    3.802   3.811   3.827   3.861   3.901   3.914   3.956   3.961 
    3.972   3.995   4.047   4.069   4.096   4.140   4.171   4.188 
    4.193   4.249   4.293   4.357   4.385   4.431   4.456   4.461 
    4.484   4.500   4.558   4.570   4.591   4.621   4.627   4.664 
    4.682   4.712   4.745   4.786   4.814   4.832   4.876   4.902 
    4.950   4.998   5.041   5.065   5.139   5.161   5.200   5.222 
    5.230   5.283   5.327   5.347   5.351   5.395   5.437   5.452 
    5.458   5.544   5.559   5.614   5.657   5.676   5.701   5.755 
    5.765   5.789   5.829   5.852   5.921   5.952   5.990   5.993 
    6.020   6.057   6.098   6.208   6.221   6.307   6.362   6.412 
    6.449   6.556   6.668   6.686   6.730   6.800   6.841   6.885 
    6.936   6.955   6.977   7.106   7.190   7.225   7.241   7.302 
    7.325   7.359   7.391   7.437   7.498   7.564   7.601   7.629 
    7.698   7.721   7.833   7.919   7.931   7.998   8.073   8.111 
    8.165   8.292   8.402   8.433   8.507   8.653   8.682   8.737 
    8.791   8.994   9.081   9.138   9.216   9.258   9.306   9.343 
    9.352   9.398   9.473   9.535   9.599   9.667   9.749   9.793 
    9.861   9.988  10.041  10.088  10.126  10.148  10.170  10.185 
   10.224  10.259  10.289  10.306  10.360  10.408  10.430  10.480 
   10.603  10.691  10.808  10.834  10.853  10.987  11.090  11.138 
   11.229  11.231  11.270  11.326  11.376  11.431  11.527  11.568 
   11.621  11.651  11.848  11.903  12.023  12.151  12.172  12.263 
   12.389  12.416  12.427  12.499  12.504  12.518  12.536  12.570 
   12.575  12.588  12.596  12.600  12.616  12.640  12.716  12.752 
   12.755  12.791  12.818  12.828  12.859  12.928  13.003  13.041 
   13.161  13.168  13.221  13.252  13.327  13.343  13.372  13.376 
   13.429  13.434  13.468  13.498  13.552  13.621  13.666  13.685 
   13.775  13.808  13.814  13.849  13.865  13.882  13.902  13.937 
   13.993  14.010  14.029  14.036  14.117  14.145  14.176  14.186 
   14.210  14.280  14.285  14.335  14.388  14.426  14.479  14.504 
   14.585  14.630  14.720  14.738  14.762  14.817  14.841  14.855 
   14.886  14.954  15.026  15.116  15.178  15.227  15.250  15.353 
   15.440  15.523  15.603  15.654  15.707  15.723  15.840  15.878 
   15.923  16.044  16.064  16.202  16.252  16.337  16.472  16.496 
   16.583  16.658  16.708  16.878  17.058  17.218  17.273  17.332 
   17.356  17.457  17.676  17.733  17.763  17.804  17.948  17.974 
   17.978  17.979  17.999  18.031  18.052  18.133  18.143  18.177 
   18.210  18.248  18.288  18.321  18.330  18.384  18.388  18.435 
   18.542  18.683  18.759  18.814  18.858  18.887  18.968  19.062 
   19.536  20.516  20.577  20.645  20.679  20.737  21.363  22.819 
   23.327  23.331  23.405  23.410  23.687  23.729  23.754  24.268 
   24.303  24.339  24.695  24.701  24.901  24.963  25.304  25.415 
   26.018  27.471  27.518  28.023  28.099  29.630  38.693  38.728 
   39.122  42.566  51.875  53.206  82.304  82.331  82.587  82.645 
   83.412  83.771  83.803  84.121  92.193  92.195  92.262  92.286 
   92.392  92.434  92.686 117.008 143.541 143.542 143.544 143.544 
  143.566 143.570 143.629 143.633 143.662 187.873 187.900 188.185 
  228.605 228.624 228.816 228.863 229.428 255.328 294.827 294.828 
  294.865 294.878 294.937 294.960 295.092 412.202 412.203 412.203 
  412.205 412.205 412.209 412.209 412.214 412.214 412.220 412.220 
  444.538 444.562 444.814 544.156 544.156 544.159 544.159 544.163 
  544.164 544.182 544.184 544.193 566.545 588.751 588.767 588.918 
  588.954 589.397 892.343 892.343 892.366 892.374 892.409 892.422 
  892.499 1147.891 1147.912 1148.131 1378.904 1512.836 1512.848 1512.967 
  1512.996 1513.340 3729.561 3729.580 3729.781 5401.531 

Beta occupied
  -29.984 -15.982 -11.505  -2.251  -1.546  -1.342  -1.335  -1.299 
   -1.141  -0.940  -0.858  -0.826  -0.750 

Beta virtual
   -0.137  -0.099  -0.054  -0.035  -0.030  -0.001   0.013   0.026 
    0.035   0.051   0.085   0.123   0.151   0.166   0.186   0.218 
    0.226   0.243   0.254   0.262   0.318   0.341   0.349   0.374 
    0.401   0.416   0.433   0.468   0.481   0.506   0.516   0.542 
    0.547   0.592   0.608   0.627   0.650   0.683   0.696   0.722 
    0.748   0.774   0.795   0.811   0.821   0.842   0.872   0.894 
    0.919   0.955   0.995   1.022   1.079   1.141   1.176   1.185 
    1.205   1.227   1.271   1.305   1.313   1.340   1.361   1.385 
    1.415   1.441   1.454   1.486   1.507   1.521   1.527   1.543 
    1.593   1.619   1.651   1.662   1.664   1.690   1.740   1.751 
    1.767   1.775   1.805   1.818   1.856   1.898   1.921   1.941 
    1.964   2.016   2.040   2.063   2.080   2.097   2.134   2.172 
    2.197   2.222   2.249   2.288   2.309   2.343   2.361   2.398 
    2.437   2.498   2.534   2.558   2.577   2.609   2.616   2.660 
    2.673   2.749   2.797   2.862   2.913   2.928   2.959   2.975 
    2.993   3.035   3.064   3.095   3.182   3.228   3.252   3.306 
    3.359   3.380   3.419   3.428   3.493   3.562   3.584   3.605 
    3.616   3.684   3.709   3.734   3.741   3.754   3.762   3.788 
    3.801   3.820   3.849   3.879   3.900   3.954   3.958   3.967 
    3.991   4.047   4.067   4.084   4.137   4.168   4.186   4.192 
    4.246   4.294   4.357   4.386   4.431   4.455   4.458   4.483 
    4.500   4.558   4.570   4.591   4.621   4.627   4.665   4.682 
    4.711   4.745   4.784   4.813   4.831   4.876   4.901   4.950 
    4.998   5.042   5.063   5.139   5.161   5.201   5.222   5.230 
    5.284   5.327   5.347   5.351   5.396   5.437   5.452   5.458 
    5.545   5.557   5.614   5.657   5.677   5.702   5.756   5.765 
    5.789   5.830   5.852   5.921   5.952   5.990   5.993   6.020 
    6.057   6.099   6.207   6.219   6.307   6.363   6.409   6.449 
    6.556   6.668   6.687   6.731   6.800   6.842   6.885   6.937 
    6.955   6.978   7.108   7.190   7.224   7.242   7.305   7.328 
    7.361   7.391   7.438   7.498   7.565   7.603   7.630   7.698 
    7.721   7.834   7.921   7.931   7.997   8.068   8.108   8.158 
    8.263   8.360   8.406   8.470   8.616   8.650   8.690   8.777 
    8.994   9.079   9.136   9.207   9.252   9.305   9.342   9.351 
    9.396   9.471   9.534   9.588   9.662   9.747   9.781   9.859 
    9.936  10.011  10.079  10.123  10.141  10.164  10.180  10.210 
   10.246  10.285  10.289  10.355  10.400  10.422  10.478  10.595 
   10.688  10.806  10.821  10.852  10.984  11.089  11.137  11.228 
   11.231  11.269  11.324  11.376  11.430  11.527  11.568  11.615 
   11.649  11.833  11.902  12.022  12.147  12.171  12.262  12.389 
   12.416  12.427  12.499  12.504  12.518  12.536  12.569  12.575 
   12.588  12.596  12.600  12.616  12.640  12.716  12.752  12.755 
   12.790  12.818  12.828  12.859  12.928  13.003  13.040  13.161 
   13.168  13.222  13.252  13.327  13.343  13.372  13.376  13.429 
   13.434  13.468  13.498  13.552  13.621  13.666  13.684  13.775 
   13.808  13.815  13.849  13.866  13.882  13.902  13.938  13.993 
   14.010  14.030  14.037  14.118  14.145  14.176  14.186  14.211 
   14.281  14.285  14.335  14.388  14.426  14.479  14.505  14.585 
   14.631  14.721  14.738  14.763  14.817  14.842  14.856  14.885 
   14.954  15.025  15.117  15.178  15.226  15.250  15.353  15.440 
   15.523  15.603  15.654  15.707  15.723  15.839  15.877  15.923 
   16.042  16.064  16.201  16.251  16.331  16.472  16.496  16.582 
   16.658  16.708  16.877  17.058  17.217  17.273  17.333  17.355 
   17.456  17.673  17.731  17.762  17.803  17.944  17.974  17.978 
   17.979  17.992  18.022  18.031  18.055  18.098  18.135  18.153 
   18.181  18.270  18.295  18.311  18.379  18.387  18.424  18.542 
   18.676  18.759  18.813  18.856  18.887  18.967  19.055  19.481 
   20.517  20.575  20.645  20.678  20.736  21.361  22.819  23.319 
   23.323  23.396  23.397  23.457  23.692  23.740  24.254  24.289 
   24.322  24.674  24.680  24.879  24.941  25.282  25.393  25.992 
   27.398  27.446  27.950  28.027  29.562  38.429  38.464  38.859 
   42.566  51.874  52.815  82.109  82.136  82.391  82.448  83.216 
   83.406  83.439  83.756  92.104  92.105  92.171  92.196  92.301 
   92.343  92.594 116.551 143.477 143.477 143.480 143.480 143.501 
  143.505 143.564 143.568 143.596 187.442 187.470 187.755 228.316 
  228.335 228.527 228.574 229.140 254.870 294.637 294.638 294.674 
  294.688 294.746 294.769 294.901 412.117 412.117 412.118 412.120 
  412.120 412.124 412.124 412.129 412.129 412.135 412.135 444.115 
  444.139 444.392 544.001 544.001 544.004 544.004 544.007 544.009 
  544.027 544.028 544.037 566.136 588.454 588.469 588.620 588.657 
  589.100 892.113 892.113 892.135 892.143 892.178 892.192 892.268 
  1147.553 1147.574 1147.793 1378.577 1512.588 1512.600 1512.718 1512.747 
  1513.091 3729.360 3729.379 3729.579 5401.354 


  >>> Running UHF-MP2 <<<

MP2 correlation energy (UHF) : -0.7692361566
MP2 total energy       (UHF) : -169.4855760005

