	*********************************************** 
	***** Beginning CEBE Calculation with MOM ***** 
	*****       Calculation Details:          ***** 
	      Geometry:	 /work/morgunov/core/calculations/mols/exp/n/2pyrido-n-earo.xyz
	      Core Basis:	 cc-pCV5Z
	      Full Basis:	 cc-pV5Z
	      DIIS (start, space):	 0 50
	      Level shift:	 0
	      Do localization?:	 False
	      Do SFX2C1E?:	 True
	      Freeze orbitals?:	 True
	      Use Cheng orbitals?:	 False
	      Do Special Basis?:	 False
	*********************************************** 
	*********************************************** 

  >>> Running RHF <<<

init D/C      : minao
init ov       : zeros
no            : 25
nv            : 941
ov_size       : 23525
max_cycle     : 1000
conv          : 6
econv         : 9
method        : gdm
scale_stop    : 0
scale_factor  : 1.000000
init E        : -321.599297345667
init |[F,P]|  : 3.54e-03
init |dE|     : 8.38e-03
check file    : None

iter      total energy   |[F,P]|      |dE|         ∆E   comment
   1    -321.689629874  1.66e-03  4.07e-03  -9.03e-02  BFGS
   2    -321.708741404  3.03e-04  7.29e-04  -1.91e-02  BFGS
   3    -321.709328914  8.38e-05  2.07e-04  -5.88e-04  BFGS
   4    -321.709386557  2.93e-05  6.81e-05  -5.76e-05  BFGS
   5    -321.709393887  9.01e-06  2.18e-05  -7.33e-06  BFGS
   6    -321.709394742  3.50e-06  8.39e-06  -8.55e-07  BFGS
   7    -321.709394839  1.19e-06  2.88e-06  -9.66e-08  BFGS
   8    -321.709394851  3.72e-07  8.45e-07  -1.18e-08  BFGS
   9    -321.709394852  1.71e-07  3.94e-07  -1.62e-09  BFGS
  10    -321.709394852  6.49e-08  1.50e-07  -3.72e-10  BFGS
                                                                      gdm is converged!

SCF converged : True
final |[F,P]| : 6.49e-08
final |dE|    : 1.50e-07
final Escf    : -598.075023136388
final Etot    : -321.709394852497

  pxp & ewc             :::        1.395 (  0.05%)
  apply B               :::        0.006 (  0.00%)
  linsrch               :::     3015.729 ( 99.95%)
  grad                  :::        0.054 (  0.00%)
  Total                 :::     3017.184 (100.00%)

Alpha occupied
  -20.592 -15.562 -11.340 -11.282 -11.263 -11.236 -11.233  -1.425 
   -1.256  -1.095  -1.028  -0.880  -0.854  -0.748  -0.709  -0.667 
   -0.623  -0.614  -0.598  -0.573  -0.535  -0.512  -0.435  -0.392 
   -0.332 

Alpha virtual
    0.091   0.097   0.103   0.107   0.128   0.131   0.141   0.186 
    0.200   0.205   0.215   0.234   0.237   0.246   0.250   0.273 
    0.287   0.303   0.313   0.340   0.346   0.358   0.361   0.372 
    0.376   0.398   0.402   0.415   0.424   0.426   0.435   0.452 
    0.468   0.475   0.494   0.499   0.505   0.516   0.517   0.530 
    0.550   0.558   0.581   0.588   0.604   0.612   0.616   0.632 
    0.640   0.680   0.691   0.710   0.726   0.729   0.735   0.739 
    0.768   0.775   0.787   0.797   0.816   0.817   0.838   0.850 
    0.862   0.865   0.874   0.876   0.891   0.919   0.928   0.934 
    0.944   0.960   0.960   0.967   0.992   1.003   1.004   1.008 
    1.022   1.031   1.044   1.056   1.072   1.074   1.077   1.098 
    1.103   1.123   1.147   1.169   1.171   1.175   1.183   1.221 
    1.230   1.244   1.264   1.278   1.298   1.305   1.322   1.347 
    1.369   1.379   1.384   1.386   1.419   1.430   1.454   1.465 
    1.483   1.486   1.515   1.520   1.537   1.543   1.571   1.589 
    1.598   1.612   1.615   1.618   1.631   1.642   1.643   1.650 
    1.660   1.666   1.669   1.690   1.692   1.700   1.709   1.733 
    1.750   1.771   1.773   1.793   1.798   1.818   1.858   1.861 
    1.879   1.890   1.918   1.919   1.931   1.947   1.951   1.972 
    1.983   1.993   1.994   1.998   2.027   2.036   2.036   2.049 
    2.078   2.080   2.095   2.111   2.129   2.143   2.147   2.153 
    2.156   2.180   2.180   2.205   2.223   2.232   2.248   2.257 
    2.283   2.285   2.310   2.316   2.326   2.335   2.351   2.368 
    2.377   2.381   2.411   2.424   2.439   2.459   2.478   2.515 
    2.522   2.534   2.544   2.544   2.565   2.579   2.611   2.628 
    2.643   2.665   2.671   2.701   2.737   2.738   2.762   2.784 
    2.815   2.843   2.861   2.864   2.907   2.936   2.941   2.945 
    2.961   2.985   3.014   3.032   3.037   3.093   3.093   3.104 
    3.119   3.126   3.146   3.157   3.161   3.168   3.186   3.189 
    3.237   3.246   3.269   3.293   3.297   3.312   3.327   3.348 
    3.351   3.377   3.384   3.412   3.424   3.456   3.464   3.479 
    3.500   3.513   3.516   3.536   3.545   3.584   3.597   3.597 
    3.627   3.635   3.654   3.661   3.694   3.710   3.715   3.732 
    3.757   3.774   3.775   3.788   3.801   3.813   3.813   3.835 
    3.847   3.865   3.904   3.921   3.924   3.936   3.955   3.965 
    3.983   3.995   4.001   4.010   4.032   4.050   4.055   4.074 
    4.082   4.106   4.115   4.118   4.150   4.164   4.172   4.181 
    4.194   4.194   4.232   4.236   4.258   4.267   4.279   4.279 
    4.310   4.322   4.339   4.364   4.368   4.383   4.423   4.430 
    4.432   4.448   4.459   4.483   4.490   4.548   4.562   4.587 
    4.587   4.607   4.616   4.626   4.657   4.665   4.679   4.684 
    4.706   4.721   4.737   4.740   4.752   4.756   4.772   4.801 
    4.812   4.822   4.848   4.857   4.875   4.890   4.943   4.949 
    4.957   4.967   4.987   4.991   5.020   5.034   5.056   5.065 
    5.066   5.091   5.107   5.108   5.110   5.153   5.158   5.179 
    5.191   5.206   5.213   5.249   5.259   5.281   5.281   5.289 
    5.300   5.314   5.348   5.354   5.374   5.394   5.400   5.438 
    5.463   5.464   5.514   5.527   5.546   5.553   5.572   5.574 
    5.593   5.622   5.651   5.672   5.686   5.695   5.699   5.730 
    5.781   5.793   5.810   5.821   5.832   5.862   5.879   5.904 
    5.919   5.922   5.960   5.979   5.994   6.016   6.019   6.083 
    6.093   6.105   6.107   6.175   6.183   6.195   6.251   6.276 
    6.310   6.375   6.380   6.397   6.402   6.467   6.499   6.505 
    6.518   6.532   6.557   6.611   6.652   6.668   6.684   6.709 
    6.725   6.729   6.761   6.770   6.820   6.845   6.869   6.894 
    6.925   6.958   6.988   6.997   7.023   7.047   7.079   7.108 
    7.137   7.165   7.202   7.244   7.257   7.275   7.316   7.337 
    7.357   7.404   7.423   7.449   7.518   7.538   7.539   7.553 
    7.576   7.615   7.643   7.699   7.714   7.748   7.766   7.790 
    7.799   7.842   7.879   7.883   7.929   7.973   7.988   8.015 
    8.050   8.069   8.079   8.126   8.152   8.170   8.227   8.262 
    8.271   8.289   8.342   8.345   8.369   8.397   8.406   8.429 
    8.445   8.453   8.483   8.527   8.556   8.583   8.648   8.661 
    8.694   8.758   8.766   8.785   8.807   8.842   8.872   8.876 
    8.901   8.933   8.952   8.956   8.968   8.973   9.023   9.040 
    9.068   9.089   9.104   9.142   9.164   9.175   9.226   9.227 
    9.233   9.282   9.361   9.394   9.403   9.408   9.427   9.450 
    9.490   9.535   9.538   9.553   9.570   9.608   9.630   9.647 
    9.669   9.693   9.744   9.839   9.857   9.872   9.915   9.919 
    9.974   9.976  10.032  10.033  10.054  10.055  10.090  10.112 
   10.155  10.193  10.194  10.219  10.223  10.228  10.236  10.259 
   10.269  10.277  10.316  10.326  10.352  10.382  10.410  10.439 
   10.447  10.485  10.495  10.510  10.520  10.537  10.546  10.618 
   10.649  10.663  10.672  10.691  10.721  10.734  10.764  10.812 
   10.861  10.896  10.915  10.930  10.937  10.947  10.959  11.026 
   11.033  11.056  11.080  11.106  11.144  11.159  11.177  11.182 
   11.206  11.214  11.227  11.244  11.248  11.304  11.307  11.321 
   11.371  11.380  11.400  11.430  11.453  11.490  11.517  11.556 
   11.560  11.584  11.598  11.628  11.667  11.691  11.692  11.736 
   11.783  11.815  11.869  11.876  11.975  12.004  12.014  12.043 
   12.067  12.096  12.121  12.163  12.211  12.283  12.292  12.343 
   12.369  12.386  12.421  12.443  12.466  12.487  12.535  12.560 
   12.590  12.640  12.650  12.667  12.676  12.719  12.753  12.756 
   12.782  12.791  12.798  12.803  12.805  12.825  12.825  12.862 
   12.879  12.889  12.894  12.916  12.935  12.963  12.980  12.990 
   13.002  13.018  13.026  13.064  13.067  13.086  13.145  13.178 
   13.183  13.228  13.254  13.263  13.291  13.323  13.356  13.390 
   13.464  13.487  13.513  13.544  13.547  13.576  13.607  13.618 
   13.633  13.661  13.679  13.694  13.716  13.737  13.757  13.771 
   13.808  13.832  13.876  13.882  13.891  13.926  13.934  13.976 
   13.996  13.999  14.021  14.033  14.037  14.081  14.125  14.135 
   14.212  14.214  14.228  14.231  14.240  14.241  14.262  14.294 
   14.297  14.326  14.339  14.368  14.376  14.405  14.429  14.443 
   14.459  14.474  14.485  14.504  14.517  14.537  14.571  14.587 
   14.625  14.637  14.675  14.739  14.751  14.789  14.835  14.864 
   14.885  14.899  14.962  14.969  14.971  15.016  15.066  15.078 
   15.080  15.100  15.175  15.219  15.264  15.289  15.327  15.367 
   15.375  15.420  15.422  15.470  15.483  15.557  15.567  15.591 
   15.615  15.659  15.698  15.716  15.767  15.797  15.857  15.874 
   15.897  15.984  16.049  16.054  16.088  16.113  16.197  16.241 
   16.266  16.270  16.375  16.435  16.482  16.549  16.602  16.665 
   16.722  16.746  16.772  16.854  16.881  16.888  16.913  17.086 
   17.168  17.350  17.460  17.519  17.586  17.624  17.689  17.747 
   17.797  17.857  17.909  17.911  17.962  17.966  18.025  18.043 
   18.104  18.132  18.168  18.177  18.221  18.326  18.490  18.535 
   18.553  18.624  18.813  18.823  18.855  18.903  19.043  19.065 
   19.170  19.217  19.265  19.381  19.421  19.564  19.585  19.655 
   19.770  19.777  19.894  19.977  20.039  20.235  20.278  20.320 
   20.478  20.836  21.054  21.178  21.253  21.422  21.470  21.597 
   22.695  23.145  23.237  23.521  23.703  24.235  25.311  25.571 
   26.096  30.019  31.343  32.088  39.714  41.060  41.373  42.130 
   42.782  50.638  50.872  51.074  51.865  52.035  58.738  58.829 
   59.145  59.174  59.177  59.478  59.719  65.242  66.297  83.155 
   84.242  84.931 150.714 150.874 151.033 151.576 151.702 172.650 
  209.072 209.073 209.078 209.080 209.081 209.082 209.084 209.094 
  209.095 230.049 230.960 231.523 236.335 236.376 236.504 236.516 
  236.544 236.659 236.742 450.340 456.928 457.053 457.155 457.530 
  457.633 644.206 644.981 645.481 1576.957 


  >>> Running RHF-MP2 <<<


RMP2-TIMING
  rmp2                  :::     2726.968 (100.00%)
  Total                 :::     2726.968 (100.00%)

MP2 correlation energy (RHF) : -1.5930181813
MP2 total energy       (RHF) : -323.3024130338


  >>> Running UHF <<<

init D/C      : input mo_coeff
init ov       : zeros
no            : 24 25
nv            : 942 941
ov_size       : 46133
max_cycle     : 1000
conv          : 6
econv         : 9
method        : diis
mom_start     : 0
guess mix     : 0.000000
orb_swap      : [[[1, 24]], []]
init E        : -306.146994401334
init S2       : 0.750000000000252
init |[F,P]|  : 8.95e-03
init |dE|     : 2.42e-02
check file    : None

iter      total energy   |[F,P]|      |dE|         ∆E   S^2   comment
   1    -306.475560174  6.05e-03  1.52e-02  -3.29e-01  0.75  DIIS mom: 23.6/24 24.5/25
   2    -306.857821597  6.29e-04  1.52e-03  -3.82e-01  0.76  DIIS mom: 23.9/24 24.9/25
   3    -306.863802365  2.50e-04  5.75e-04  -5.98e-03  0.76  DIIS mom: 24.0/24 25.0/25
   4    -306.865037346  1.12e-04  2.60e-04  -1.23e-03  0.77  DIIS mom: 24.0/24 25.0/25
   5    -306.865676915  5.91e-05  1.30e-04  -6.40e-04  0.77  DIIS mom: 24.0/24 25.0/25
   6    -306.865893612  3.51e-05  7.11e-05  -2.17e-04  0.78  DIIS mom: 24.0/24 25.0/25
   7    -306.865987270  2.65e-05  5.13e-05  -9.37e-05  0.79  DIIS mom: 24.0/24 25.0/25
   8    -306.866069668  2.11e-05  3.99e-05  -8.24e-05  0.79  DIIS mom: 24.0/24 25.0/25
   9    -306.866143380  1.67e-05  3.14e-05  -7.37e-05  0.80  DIIS mom: 24.0/24 25.0/25
  10    -306.866193591  1.39e-05  2.56e-05  -5.02e-05  0.80  DIIS mom: 24.0/24 25.0/25
  11    -306.866228237  1.30e-05  2.37e-05  -3.46e-05  0.81  DIIS mom: 24.0/24 25.0/25
  12    -306.866249877  1.28e-05  2.33e-05  -2.16e-05  0.81  DIIS mom: 24.0/24 25.0/25
  13    -306.866277880  1.26e-05  2.30e-05  -2.80e-05  0.81  DIIS mom: 24.0/24 25.0/25
  14    -306.866335602  1.22e-05  2.23e-05  -5.77e-05  0.82  DIIS mom: 24.0/24 25.0/25
  15    -306.866522283  1.09e-05  2.17e-05  -1.87e-04  0.85  DIIS mom: 24.0/24 25.0/25
  16    -306.866568084  7.10e-06  1.34e-05  -4.58e-05  0.86  DIIS mom: 24.0/24 25.0/25
  17    -306.866616053  6.36e-06  1.38e-05  -4.80e-05  0.91  DIIS mom: 24.0/24 25.0/25
  18    -306.866583602  9.94e-06  2.09e-05   3.25e-05  0.87  DIIS mom: 24.0/24 25.0/25
  19    -306.866617824  2.51e-06  5.35e-06  -3.42e-05  0.90  DIIS mom: 24.0/24 25.0/25
  20    -306.866616866  2.71e-06  5.78e-06   9.58e-07  0.90  DIIS mom: 24.0/24 25.0/25
  21    -306.866618285  5.76e-07  1.19e-06  -1.42e-06  0.91  DIIS mom: 24.0/24 25.0/25
  22    -306.866617753  1.68e-06  3.58e-06   5.32e-07  0.90  DIIS mom: 24.0/24 25.0/25
  23    -306.866618265  4.28e-07  8.91e-07  -5.12e-07  0.91  DIIS mom: 24.0/24 25.0/25
  24    -306.866618312  6.76e-08  1.47e-07  -4.75e-08  0.91  DIIS mom: 24.0/24 25.0/25
  25    -306.866618313  1.68e-08  3.40e-08  -6.18e-10  0.91  DIIS mom: 24.0/24 25.0/25
                                                                      diis is converged!

SCF converged : True
final |[F,P]| : 1.68e-08
final |dE|    : 3.40e-08
final Escf    : -583.232246597002
final Etot    : -306.866618313111
final S2      : 0.906081389507989

  diis prep             :::        1.769 (  0.02%)
  diis extrap           :::        2.128 (  0.03%)
  roothaan              :::        6.995 (  0.08%)
  fock build            :::     8324.794 ( 99.87%)
  Total                 :::     8335.687 (100.00%)

Alpha occupied
  -20.820 -11.633 -11.547 -11.491 -11.450 -11.447  -1.665  -1.570 
   -1.331  -1.276  -1.134  -1.101  -0.987  -0.957  -0.894  -0.887 
   -0.851  -0.846  -0.814  -0.771  -0.761  -0.731  -0.642  -0.556 

Alpha virtual
  -14.106  -0.157  -0.075  -0.055  -0.041  -0.032  -0.009   0.009 
    0.014   0.030   0.049   0.064   0.068   0.083   0.087   0.095 
    0.099   0.119   0.142   0.152   0.166   0.176   0.192   0.193 
    0.205   0.208   0.226   0.236   0.241   0.245   0.253   0.259 
    0.260   0.279   0.287   0.313   0.324   0.331   0.331   0.341 
    0.356   0.367   0.368   0.399   0.406   0.419   0.422   0.432 
    0.452   0.461   0.495   0.499   0.527   0.535   0.548   0.549 
    0.558   0.562   0.587   0.600   0.607   0.628   0.635   0.640 
    0.666   0.676   0.676   0.688   0.692   0.703   0.727   0.734 
    0.739   0.755   0.760   0.768   0.783   0.798   0.812   0.820 
    0.831   0.835   0.842   0.864   0.876   0.878   0.889   0.897 
    0.912   0.919   0.941   0.953   0.955   0.978   0.981   1.000 
    1.010   1.035   1.043   1.056   1.074   1.076   1.107   1.139 
    1.150   1.166   1.189   1.189   1.193   1.224   1.241   1.263 
    1.274   1.276   1.291   1.314   1.323   1.327   1.351   1.372 
    1.391   1.402   1.404   1.420   1.429   1.439   1.441   1.445 
    1.445   1.467   1.469   1.472   1.482   1.497   1.501   1.509 
    1.533   1.547   1.568   1.570   1.592   1.597   1.618   1.651 
    1.651   1.674   1.687   1.707   1.717   1.728   1.738   1.747 
    1.762   1.781   1.787   1.796   1.805   1.825   1.840   1.841 
    1.852   1.878   1.879   1.891   1.914   1.932   1.940   1.943 
    1.962   1.965   1.982   1.988   2.002   2.023   2.026   2.054 
    2.058   2.081   2.082   2.108   2.110   2.119   2.129   2.157 
    2.162   2.167   2.172   2.200   2.214   2.240   2.265   2.268 
    2.308   2.317   2.321   2.328   2.342   2.344   2.375   2.408 
    2.412   2.440   2.443   2.469   2.499   2.520   2.523   2.553 
    2.573   2.592   2.619   2.648   2.651   2.707   2.721   2.723 
    2.736   2.742   2.772   2.802   2.821   2.829   2.872   2.873 
    2.891   2.901   2.905   2.935   2.943   2.945   2.953   2.970 
    2.983   3.019   3.028   3.054   3.082   3.086   3.102   3.120 
    3.130   3.139   3.167   3.168   3.199   3.211   3.237   3.249 
    3.266   3.269   3.289   3.300   3.317   3.333   3.372   3.380 
    3.386   3.404   3.418   3.431   3.448   3.476   3.498   3.501 
    3.507   3.535   3.545   3.548   3.570   3.585   3.589   3.596 
    3.614   3.624   3.648   3.687   3.702   3.702   3.714   3.725 
    3.736   3.751   3.777   3.782   3.788   3.819   3.831   3.833 
    3.856   3.857   3.888   3.889   3.909   3.919   3.939   3.950 
    3.970   3.983   3.984   4.019   4.020   4.039   4.054   4.061 
    4.074   4.099   4.100   4.116   4.143   4.149   4.163   4.206 
    4.214   4.219   4.237   4.240   4.259   4.274   4.333   4.351 
    4.352   4.373   4.382   4.397   4.403   4.435   4.450   4.458 
    4.469   4.491   4.511   4.527   4.531   4.539   4.547   4.555 
    4.586   4.592   4.605   4.629   4.652   4.661   4.669   4.729 
    4.733   4.740   4.759   4.772   4.775   4.805   4.825   4.829 
    4.845   4.863   4.874   4.888   4.898   4.900   4.937   4.948 
    4.971   4.980   4.995   5.013   5.028   5.055   5.064   5.073 
    5.076   5.088   5.095   5.123   5.130   5.164   5.178   5.180 
    5.219   5.239   5.257   5.303   5.313   5.331   5.342   5.345 
    5.352   5.373   5.408   5.426   5.454   5.467   5.476   5.490 
    5.511   5.565   5.579   5.580   5.602   5.618   5.642   5.661 
    5.687   5.695   5.699   5.739   5.751   5.755   5.778   5.779 
    5.849   5.858   5.878   5.880   5.950   5.955   5.968   6.030 
    6.047   6.090   6.147   6.150   6.170   6.183   6.239   6.269 
    6.275   6.299   6.306   6.326   6.366   6.422   6.438   6.462 
    6.478   6.503   6.505   6.522   6.538   6.601   6.628   6.635 
    6.670   6.703   6.730   6.763   6.778   6.813   6.827   6.864 
    6.883   6.923   6.947   6.975   7.034   7.038   7.053   7.100 
    7.119   7.139   7.188   7.208   7.225   7.295   7.304   7.320 
    7.325   7.334   7.396   7.402   7.461   7.476   7.506   7.518 
    7.561   7.571   7.618   7.651   7.663   7.700   7.734   7.757 
    7.787   7.812   7.837   7.863   7.902   7.924   7.954   8.001 
    8.029   8.044   8.061   8.086   8.108   8.143   8.155   8.168 
    8.199   8.212   8.219   8.251   8.298   8.330   8.349   8.423 
    8.436   8.457   8.526   8.532   8.545   8.565   8.615   8.639 
    8.644   8.663   8.705   8.705   8.715   8.715   8.740   8.795 
    8.813   8.829   8.853   8.877   8.903   8.939   8.942   8.996 
    8.999   9.003   9.023   9.137   9.155   9.169   9.173   9.192 
    9.204   9.245   9.305   9.307   9.314   9.327   9.374   9.394 
    9.410   9.432   9.460   9.511   9.587   9.624   9.646   9.683 
    9.685   9.742   9.745   9.787   9.795   9.816   9.823   9.856 
    9.874   9.918   9.957   9.964   9.972   9.981   9.997  10.007 
   10.029  10.034  10.046  10.075  10.090  10.109  10.139  10.168 
   10.196  10.200  10.252  10.256  10.275  10.291  10.297  10.313 
   10.374  10.376  10.424  10.430  10.453  10.459  10.501  10.541 
   10.573  10.584  10.635  10.678  10.701  10.709  10.714  10.731 
   10.789  10.800  10.829  10.838  10.856  10.916  10.930  10.947 
   10.951  10.978  10.979  10.987  11.005  11.013  11.067  11.082 
   11.083  11.135  11.141  11.178  11.200  11.220  11.253  11.289 
   11.305  11.324  11.365  11.373  11.393  11.420  11.448  11.455 
   11.501  11.549  11.582  11.597  11.633  11.725  11.726  11.765 
   11.805  11.825  11.843  11.896  11.911  11.945  12.042  12.055 
   12.107  12.136  12.159  12.197  12.218  12.227  12.267  12.307 
   12.339  12.348  12.414  12.419  12.433  12.465  12.498  12.531 
   12.540  12.550  12.567  12.582  12.585  12.597  12.601  12.609 
   12.625  12.658  12.666  12.677  12.691  12.721  12.736  12.774 
   12.775  12.775  12.785  12.817  12.822  12.849  12.876  12.928 
   12.933  12.965  13.009  13.011  13.033  13.045  13.075  13.126 
   13.165  13.227  13.256  13.281  13.292  13.325  13.337  13.375 
   13.393  13.406  13.457  13.458  13.471  13.499  13.527  13.533 
   13.559  13.582  13.605  13.655  13.671  13.673  13.701  13.731 
   13.741  13.769  13.785  13.811  13.820  13.828  13.858  13.904 
   13.921  13.991  13.998  14.005  14.010  14.019  14.023  14.049 
   14.073  14.088  14.114  14.132  14.140  14.148  14.193  14.208 
   14.213  14.220  14.255  14.273  14.283  14.310  14.333  14.348 
   14.371  14.396  14.414  14.437  14.500  14.515  14.559  14.611 
   14.642  14.657  14.682  14.729  14.735  14.748  14.794  14.796 
   14.831  14.849  14.864  14.899  14.982  15.023  15.050  15.073 
   15.087  15.138  15.184  15.189  15.233  15.241  15.308  15.324 
   15.342  15.386  15.430  15.451  15.487  15.541  15.562  15.628 
   15.661  15.668  15.765  15.817  15.831  15.859  15.877  15.980 
   16.014  16.046  16.057  16.148  16.204  16.262  16.327  16.350 
   16.399  16.416  16.456  16.502  16.534  16.630  16.655  16.698 
   16.866  16.921  17.147  17.175  17.245  17.311  17.420  17.470 
   17.483  17.521  17.548  17.625  17.649  17.684  17.693  17.749 
   17.786  17.871  17.872  17.936  17.963  17.989  18.033  18.118 
   18.260  18.264  18.348  18.411  18.606  18.635  18.692  18.817 
   18.840  18.946  18.995  19.047  19.162  19.200  19.338  19.365 
   19.378  19.454  19.543  19.636  19.671  19.749  19.811  20.012 
   20.097  20.239  20.628  20.840  20.964  21.029  21.208  21.243 
   21.375  22.474  22.924  23.014  23.298  23.484  24.010  24.567 
   25.344  25.878  29.027  30.347  31.101  39.479  40.812  41.122 
   41.881  42.552  49.405  49.640  49.839  50.622  50.794  57.565 
   57.658  57.967  57.995  58.002  58.287  58.529  64.834  65.020 
   81.421  82.501  83.188 148.548 148.709 148.864 149.402 149.529 
  170.309 207.008 207.009 207.013 207.016 207.018 207.019 207.020 
  207.020 207.022 227.390 228.296 228.856 233.873 233.915 234.039 
  234.051 234.080 234.188 234.271 447.075 453.706 453.831 453.931 
  454.303 454.407 640.624 641.396 641.895 1572.862 

Beta occupied
  -20.819 -18.392 -11.628 -11.538 -11.486 -11.455 -11.453  -1.701 
   -1.614  -1.343  -1.279  -1.157  -1.106  -1.004  -0.969  -0.956 
   -0.902  -0.869  -0.848  -0.820  -0.783  -0.766  -0.744  -0.666 
   -0.563 

Beta virtual
   -0.139  -0.068  -0.056  -0.042  -0.031  -0.009   0.009   0.014 
    0.027   0.047   0.062   0.068   0.081   0.087   0.096   0.099 
    0.120   0.140   0.151   0.161   0.175   0.189   0.190   0.205 
    0.209   0.227   0.237   0.241   0.245   0.250   0.253   0.259 
    0.278   0.286   0.312   0.321   0.329   0.332   0.336   0.355 
    0.366   0.369   0.396   0.406   0.421   0.425   0.432   0.450 
    0.460   0.492   0.496   0.523   0.531   0.548   0.552   0.556 
    0.557   0.584   0.598   0.608   0.627   0.634   0.641   0.667 
    0.675   0.683   0.687   0.692   0.701   0.725   0.736   0.739 
    0.759   0.759   0.770   0.780   0.798   0.806   0.817   0.831 
    0.831   0.844   0.864   0.876   0.878   0.889   0.897   0.912 
    0.919   0.941   0.953   0.957   0.978   0.978   0.998   1.009 
    1.032   1.045   1.059   1.067   1.075   1.106   1.139   1.149 
    1.163   1.187   1.191   1.192   1.223   1.240   1.264   1.274 
    1.277   1.291   1.311   1.323   1.326   1.350   1.370   1.391 
    1.402   1.404   1.417   1.428   1.438   1.439   1.443   1.445 
    1.464   1.469   1.473   1.480   1.497   1.500   1.508   1.532 
    1.544   1.568   1.570   1.594   1.597   1.618   1.648   1.650 
    1.671   1.686   1.703   1.719   1.730   1.739   1.747   1.763 
    1.779   1.785   1.795   1.805   1.825   1.840   1.842   1.853 
    1.877   1.882   1.895   1.916   1.931   1.940   1.942   1.961 
    1.965   1.983   1.988   2.002   2.024   2.026   2.055   2.057 
    2.080   2.083   2.109   2.110   2.119   2.128   2.156   2.159 
    2.167   2.169   2.200   2.213   2.238   2.264   2.268   2.305 
    2.318   2.320   2.330   2.341   2.346   2.373   2.408   2.410 
    2.440   2.442   2.469   2.497   2.517   2.523   2.553   2.569 
    2.584   2.618   2.645   2.650   2.709   2.720   2.721   2.733 
    2.740   2.768   2.800   2.818   2.828   2.866   2.870   2.891 
    2.901   2.906   2.934   2.941   2.944   2.955   2.968   2.981 
    3.019   3.025   3.051   3.078   3.082   3.101   3.119   3.130 
    3.137   3.165   3.167   3.198   3.210   3.239   3.248   3.262 
    3.267   3.285   3.300   3.316   3.333   3.372   3.376   3.385 
    3.401   3.417   3.431   3.446   3.476   3.498   3.499   3.503 
    3.533   3.539   3.550   3.571   3.581   3.589   3.596   3.610 
    3.623   3.646   3.687   3.697   3.698   3.709   3.712   3.735 
    3.749   3.776   3.782   3.786   3.816   3.831   3.832   3.856 
    3.859   3.887   3.889   3.910   3.920   3.936   3.950   3.970 
    3.984   3.985   4.018   4.019   4.039   4.055   4.060   4.074 
    4.097   4.099   4.114   4.143   4.150   4.163   4.202   4.214 
    4.220   4.237   4.241   4.259   4.275   4.332   4.344   4.352 
    4.373   4.378   4.396   4.404   4.435   4.448   4.458   4.469 
    4.491   4.511   4.526   4.530   4.536   4.547   4.553   4.583 
    4.593   4.604   4.628   4.651   4.661   4.667   4.726   4.733 
    4.740   4.760   4.771   4.774   4.802   4.824   4.825   4.842 
    4.863   4.871   4.886   4.898   4.900   4.936   4.948   4.971 
    4.980   4.992   5.013   5.025   5.054   5.063   5.073   5.076 
    5.088   5.094   5.118   5.127   5.163   5.176   5.178   5.216 
    5.240   5.256   5.301   5.313   5.328   5.340   5.343   5.351 
    5.371   5.407   5.426   5.452   5.466   5.476   5.490   5.510 
    5.564   5.577   5.580   5.601   5.616   5.640   5.662   5.685 
    5.693   5.695   5.737   5.745   5.753   5.774   5.776   5.847 
    5.857   5.876   5.880   5.947   5.953   5.966   6.029   6.045 
    6.089   6.142   6.147   6.169   6.182   6.236   6.269   6.275 
    6.298   6.300   6.323   6.357   6.419   6.434   6.459   6.475 
    6.501   6.505   6.519   6.535   6.600   6.626   6.632   6.670 
    6.700   6.729   6.763   6.778   6.812   6.825   6.863   6.881 
    6.923   6.945   6.973   7.033   7.035   7.051   7.099   7.118 
    7.138   7.187   7.206   7.222   7.295   7.296   7.319   7.321 
    7.332   7.396   7.398   7.447   7.468   7.500   7.516   7.555 
    7.570   7.617   7.647   7.663   7.697   7.731   7.754   7.786 
    7.806   7.835   7.863   7.898   7.924   7.953   7.998   8.022 
    8.041   8.059   8.077   8.103   8.141   8.153   8.165   8.196 
    8.212   8.218   8.251   8.295   8.329   8.346   8.422   8.436 
    8.443   8.526   8.528   8.538   8.569   8.610   8.639   8.642 
    8.664   8.701   8.706   8.715   8.717   8.741   8.796   8.812 
    8.829   8.853   8.877   8.904   8.937   8.940   8.996   8.997 
    9.000   9.010   9.137   9.157   9.166   9.173   9.188   9.199 
    9.233   9.305   9.305   9.313   9.318   9.374   9.395   9.405 
    9.428   9.459   9.509   9.573   9.624   9.646   9.680   9.684 
    9.740   9.746   9.784   9.797   9.817   9.824   9.855   9.876 
    9.918   9.951   9.964   9.972   9.980   9.999  10.006  10.029 
   10.034  10.047  10.075  10.075  10.103  10.140  10.167  10.198 
   10.201  10.247  10.251  10.275  10.290  10.296  10.300  10.338 
   10.372  10.420  10.426  10.446  10.455  10.500  10.540  10.556 
   10.584  10.633  10.678  10.700  10.708  10.715  10.731  10.785 
   10.801  10.826  10.832  10.851  10.915  10.931  10.945  10.951 
   10.978  10.980  10.986  11.000  11.012  11.065  11.078  11.081 
   11.135  11.141  11.178  11.199  11.221  11.250  11.288  11.300 
   11.321  11.363  11.372  11.379  11.415  11.443  11.454  11.501 
   11.546  11.579  11.581  11.628  11.707  11.727  11.767  11.801 
   11.823  11.839  11.896  11.913  11.945  12.043  12.053  12.107 
   12.136  12.159  12.197  12.218  12.219  12.267  12.306  12.339 
   12.340  12.407  12.418  12.425  12.461  12.497  12.518  12.531 
   12.550  12.563  12.581  12.585  12.596  12.601  12.609  12.620 
   12.651  12.666  12.676  12.691  12.720  12.732  12.768  12.774 
   12.775  12.782  12.817  12.819  12.848  12.876  12.919  12.932 
   12.964  13.008  13.009  13.033  13.033  13.074  13.126  13.163 
   13.226  13.251  13.275  13.291  13.323  13.333  13.371  13.391 
   13.406  13.457  13.457  13.470  13.498  13.526  13.531  13.559 
   13.581  13.604  13.653  13.670  13.673  13.700  13.731  13.739 
   13.765  13.785  13.809  13.820  13.828  13.857  13.903  13.921 
   13.991  13.996  14.004  14.009  14.018  14.023  14.048  14.073 
   14.087  14.113  14.132  14.137  14.145  14.193  14.208  14.210 
   14.215  14.255  14.272  14.281  14.309  14.332  14.347  14.371 
   14.393  14.413  14.434  14.494  14.514  14.557  14.609  14.640 
   14.653  14.681  14.726  14.734  14.746  14.784  14.794  14.828 
   14.847  14.863  14.890  14.978  15.019  15.045  15.068  15.077 
   15.135  15.181  15.186  15.231  15.238  15.300  15.321  15.342 
   15.384  15.429  15.445  15.486  15.540  15.558  15.626  15.661 
   15.665  15.765  15.813  15.831  15.857  15.877  15.979  16.013 
   16.043  16.056  16.146  16.201  16.260  16.326  16.346  16.380 
   16.408  16.453  16.481  16.533  16.629  16.654  16.698  16.864 
   16.917  17.141  17.147  17.240  17.310  17.419  17.434  17.474 
   17.502  17.542  17.615  17.647  17.680  17.692  17.749  17.779 
   17.865  17.872  17.935  17.963  17.970  18.005  18.117  18.215 
   18.259  18.348  18.411  18.605  18.634  18.691  18.816  18.841 
   18.946  18.995  19.046  19.162  19.200  19.324  19.352  19.365 
   19.446  19.535  19.627  19.672  19.732  19.795  20.013  20.097 
   20.238  20.628  20.840  20.964  21.028  21.208  21.241  21.375 
   22.475  22.925  23.014  23.298  23.485  24.005  24.263  25.342 
   25.878  28.715  30.052  30.815  39.478  40.810  41.123  41.881 
   42.552  49.249  49.483  49.684  50.470  50.642  57.482  57.575 
   57.885  57.913  57.919  58.204  58.450  64.393  65.018  81.013 
   82.100  82.791 148.292 148.454 148.610 149.149 149.276 169.880 
  206.899 206.900 206.904 206.908 206.909 206.911 206.912 206.912 
  206.913 227.006 227.914 228.477 233.685 233.726 233.851 233.863 
  233.890 234.000 234.083 446.729 453.442 453.567 453.668 454.040 
  454.144 640.331 641.103 641.603 1572.646 


  >>> Running UHF-MP2 <<<

MP2 correlation energy (UHF) : -1.5427104781
MP2 total energy       (UHF) : -308.4093287912

