	*********************************************** 
	***** Beginning CEBE Calculation with MOM ***** 
	*****       Calculation Details:          ***** 
	      Geometry:	 /home/am3939/core/calculations/mols/exp/n/2pyrido-n-e.xyz
	      Core Basis:	 pcX-4
	      Full Basis:	 pc-4
	      DIIS (start, space):	 0 50
	      Level shift:	 0
	      Do localization?:	 False
	      Do SFX2C1E?:	 True
	      Freeze orbitals?:	 True
	      Use Cheng orbitals?:	 False
	      Do Special Basis?:	 True
	      Do Special Basis?:	 pcX-4
	*********************************************** 
	*********************************************** 

  >>> Running RHF <<<

init D/C      : minao
init ov       : zeros
no            : 25
nv            : 1075
ov_size       : 26875
max_cycle     : 1000
conv          : 6
econv         : 9
method        : gdm
scale_stop    : 0
scale_factor  : 1.000000
init E        : -321.515423625683
init |[F,P]|  : 4.95e-03
init |dE|     : 1.06e-02
check file    : None

iter      total energy   |[F,P]|      |dE|         ∆E   comment
   1    -321.593225247  4.14e-03  9.48e-03  -7.78e-02  BFGS
   2    -321.705053087  4.52e-04  9.26e-04  -1.12e-01  BFGS
   3    -321.707164073  1.64e-04  3.09e-04  -2.11e-03  BFGS
   4    -321.707571522  1.00e-04  2.02e-04  -4.07e-04  BFGS
   5    -321.707665977  3.80e-05  7.53e-05  -9.45e-05  BFGS
   6    -321.707685890  9.81e-06  1.91e-05  -1.99e-05  BFGS
   7    -321.707686598  3.81e-06  7.17e-06  -7.08e-07  BFGS
   8    -321.707686727  1.27e-06  2.45e-06  -1.29e-07  BFGS
   9    -321.707686753  5.87e-07  1.14e-06  -2.61e-08  BFGS
  10    -321.707686758  2.94e-07  5.59e-07  -4.90e-09  BFGS
  11    -321.707686759  8.88e-08  1.68e-07  -8.44e-10  BFGS
                                                                      gdm is converged!

SCF converged : True
final |[F,P]| : 8.88e-08
final |dE|    : 1.68e-07
final Escf    : -597.773606574111
final Etot    : -321.707686758517

  pxp & ewc             :::        3.940 (  0.10%)
  apply B               :::        0.006 (  0.00%)
  linsrch               :::     4081.414 ( 99.90%)
  grad                  :::        0.105 (  0.00%)
  Total                 :::     4085.466 (100.00%)

Alpha occupied
  -20.507 -15.624 -11.352 -11.313 -11.272 -11.241 -11.238  -1.378 
   -1.279  -1.111  -1.034  -0.891  -0.865  -0.760  -0.699  -0.680 
   -0.642  -0.615  -0.610  -0.561  -0.542  -0.488  -0.427  -0.427 
   -0.316 

Alpha virtual
    0.036   0.052   0.063   0.071   0.082   0.084   0.086   0.106 
    0.111   0.114   0.116   0.119   0.128   0.133   0.138   0.160 
    0.162   0.163   0.168   0.171   0.183   0.200   0.216   0.221 
    0.223   0.231   0.238   0.244   0.251   0.257   0.271   0.272 
    0.292   0.299   0.307   0.311   0.311   0.317   0.322   0.338 
    0.343   0.351   0.360   0.373   0.374   0.382   0.384   0.398 
    0.418   0.420   0.433   0.441   0.459   0.466   0.473   0.474 
    0.484   0.484   0.493   0.493   0.502   0.513   0.517   0.518 
    0.526   0.530   0.531   0.541   0.545   0.564   0.569   0.572 
    0.583   0.591   0.594   0.604   0.608   0.619   0.622   0.627 
    0.628   0.655   0.661   0.663   0.668   0.676   0.685   0.710 
    0.719   0.727   0.729   0.739   0.745   0.750   0.750   0.769 
    0.772   0.777   0.778   0.784   0.803   0.813   0.830   0.844 
    0.850   0.860   0.871   0.879   0.888   0.891   0.908   0.916 
    0.922   0.934   0.944   0.945   0.957   0.958   0.972   0.985 
    0.993   1.010   1.027   1.041   1.052   1.062   1.071   1.073 
    1.085   1.091   1.121   1.135   1.139   1.146   1.156   1.157 
    1.167   1.179   1.199   1.219   1.222   1.238   1.242   1.269 
    1.277   1.291   1.291   1.303   1.306   1.323   1.328   1.329 
    1.335   1.349   1.365   1.367   1.393   1.404   1.406   1.414 
    1.426   1.433   1.441   1.453   1.453   1.461   1.466   1.491 
    1.498   1.503   1.507   1.516   1.524   1.538   1.540   1.545 
    1.554   1.555   1.558   1.583   1.594   1.604   1.617   1.632 
    1.635   1.656   1.689   1.698   1.713   1.745   1.763   1.785 
    1.786   1.792   1.804   1.804   1.821   1.835   1.846   1.848 
    1.875   1.880   1.893   1.935   1.936   1.943   1.948   1.972 
    1.976   1.996   2.008   2.018   2.021   2.051   2.056   2.079 
    2.097   2.109   2.124   2.138   2.151   2.153   2.165   2.176 
    2.178   2.214   2.215   2.224   2.261   2.264   2.278   2.281 
    2.297   2.300   2.311   2.327   2.344   2.349   2.362   2.373 
    2.381   2.386   2.400   2.425   2.439   2.446   2.478   2.488 
    2.488   2.523   2.533   2.550   2.551   2.577   2.577   2.605 
    2.614   2.620   2.633   2.637   2.638   2.648   2.663   2.668 
    2.672   2.701   2.720   2.740   2.744   2.759   2.765   2.775 
    2.779   2.788   2.799   2.805   2.824   2.850   2.854   2.861 
    2.901   2.923   2.930   2.976   2.998   3.009   3.025   3.027 
    3.047   3.061   3.101   3.112   3.133   3.136   3.195   3.202 
    3.210   3.227   3.231   3.240   3.248   3.260   3.275   3.334 
    3.357   3.367   3.408   3.454   3.455   3.470   3.497   3.514 
    3.524   3.526   3.538   3.566   3.571   3.585   3.601   3.628 
    3.647   3.667   3.687   3.687   3.695   3.717   3.750   3.755 
    3.771   3.777   3.796   3.810   3.812   3.823   3.854   3.879 
    3.879   3.900   3.908   3.919   3.937   3.944   3.944   3.982 
    3.998   4.036   4.039   4.083   4.090   4.129   4.130   4.148 
    4.159   4.177   4.210   4.222   4.224   4.250   4.282   4.305 
    4.328   4.343   4.358   4.368   4.384   4.393   4.403   4.440 
    4.450   4.462   4.467   4.485   4.501   4.512   4.528   4.542 
    4.550   4.564   4.573   4.585   4.610   4.614   4.620   4.630 
    4.642   4.644   4.676   4.685   4.697   4.723   4.733   4.735 
    4.751   4.777   4.806   4.831   4.832   4.845   4.856   4.862 
    4.864   4.884   4.887   4.902   4.908   4.939   4.963   4.988 
    4.994   5.002   5.011   5.015   5.028   5.036   5.043   5.046 
    5.049   5.068   5.074   5.096   5.114   5.123   5.131   5.132 
    5.191   5.192   5.205   5.214   5.240   5.257   5.270   5.284 
    5.289   5.297   5.302   5.306   5.323   5.336   5.358   5.366 
    5.401   5.416   5.423   5.445   5.459   5.483   5.510   5.530 
    5.556   5.572   5.586   5.629   5.631   5.638   5.665   5.675 
    5.683   5.688   5.710   5.736   5.748   5.759   5.772   5.842 
    5.860   5.865   5.874   5.891   5.898   5.912   5.921   5.947 
    5.963   5.964   5.985   6.022   6.028   6.052   6.070   6.081 
    6.108   6.133   6.184   6.188   6.219   6.230   6.257   6.285 
    6.301   6.309   6.373   6.387   6.417   6.420   6.457   6.468 
    6.502   6.515   6.539   6.582   6.584   6.595   6.607   6.635 
    6.646   6.680   6.687   6.738   6.750   6.773   6.781   6.814 
    6.840   6.860   6.864   6.943   6.947   6.962   6.979   6.998 
    7.021   7.030   7.066   7.080   7.091   7.093   7.128   7.142 
    7.146   7.194   7.212   7.226   7.265   7.328   7.332   7.368 
    7.375   7.391   7.450   7.454   7.494   7.511   7.564   7.610 
    7.618   7.666   7.680   7.688   7.723   7.804   7.843   7.905 
    7.923   7.935   7.995   8.047   8.108   8.141   8.152   8.207 
    8.276   8.279   8.324   8.359   8.391   8.468   8.509   8.512 
    8.543   8.580   8.626   8.653   8.670   8.737   8.806   8.842 
    8.853   8.909   8.944   8.959   9.009   9.120   9.120   9.189 
    9.217   9.263   9.299   9.325   9.344   9.372   9.386   9.422 
    9.427   9.445   9.461   9.524   9.534   9.552   9.586   9.627 
    9.633   9.701   9.710   9.760   9.781   9.824   9.844   9.908 
    9.939   9.963   9.964  10.000  10.048  10.071  10.071  10.144 
   10.166  10.251  10.302  10.381  10.406  10.487  10.540  10.556 
   10.565  10.596  10.686  10.688  10.727  10.777  10.834  10.871 
   10.891  10.932  10.951  10.957  10.996  11.002  11.024  11.041 
   11.078  11.093  11.149  11.196  11.201  11.228  11.273  11.284 
   11.321  11.372  11.420  11.423  11.434  11.446  11.471  11.498 
   11.524  11.529  11.535  11.561  11.575  11.584  11.590  11.598 
   11.616  11.653  11.660  11.664  11.689  11.705  11.709  11.762 
   11.795  11.813  11.817  11.832  11.860  11.882  11.892  11.935 
   11.938  11.971  12.057  12.071  12.105  12.112  12.135  12.146 
   12.156  12.166  12.172  12.185  12.199  12.212  12.222  12.254 
   12.256  12.274  12.287  12.288  12.293  12.304  12.306  12.331 
   12.346  12.360  12.382  12.404  12.423  12.443  12.449  12.487 
   12.500  12.511  12.532  12.584  12.599  12.605  12.616  12.643 
   12.664  12.706  12.713  12.729  12.735  12.740  12.754  12.788 
   12.792  12.814  12.825  12.828  12.835  12.868  12.875  12.882 
   12.892  12.928  12.931  12.957  12.962  12.988  13.006  13.013 
   13.034  13.057  13.081  13.099  13.114  13.164  13.179  13.200 
   13.208  13.221  13.222  13.250  13.256  13.256  13.278  13.326 
   13.346  13.353  13.362  13.373  13.400  13.411  13.429  13.438 
   13.472  13.491  13.493  13.521  13.543  13.556  13.596  13.618 
   13.638  13.646  13.650  13.659  13.680  13.693  13.700  13.756 
   13.768  13.769  13.777  13.794  13.834  13.851  13.855  13.898 
   13.911  13.924  13.928  13.944  13.988  13.997  14.043  14.093 
   14.107  14.150  14.182  14.185  14.203  14.225  14.231  14.265 
   14.284  14.365  14.378  14.396  14.430  14.434  14.513  14.522 
   14.522  14.533  14.581  14.664  14.723  14.731  14.754  14.774 
   14.821  14.879  14.900  15.039  15.090  15.105  15.159  15.285 
   15.298  15.320  15.367  15.392  15.401  15.423  15.505  15.552 
   15.560  15.612  15.674  15.688  15.761  15.773  15.807  15.839 
   15.846  15.879  15.905  15.925  15.979  15.982  16.021  16.114 
   16.139  16.204  16.208  16.302  16.335  16.431  16.447  16.460 
   16.516  16.522  16.585  16.639  16.678  16.725  16.785  16.847 
   16.920  16.940  17.172  17.176  17.186  17.214  17.215  17.227 
   17.229  17.244  17.253  17.273  17.276  17.342  17.402  17.575 
   17.583  17.600  17.624  17.639  17.674  17.715  17.743  17.764 
   17.805  17.841  17.846  17.901  17.968  17.970  18.015  18.135 
   18.198  18.206  18.269  18.315  18.362  18.487  18.557  18.638 
   18.818  18.907  18.925  18.994  19.002  19.028  19.041  19.065 
   19.130  19.207  19.237  19.246  19.266  19.300  19.383  19.418 
   19.612  19.613  19.655  19.740  19.792  19.889  19.940  20.025 
   20.094  20.231  20.458  20.614  20.708  20.761  20.773  20.854 
   20.911  20.926  20.963  21.010  21.105  21.150  21.402  21.461 
   21.551  21.795  21.881  21.897  21.913  22.076  22.426  22.664 
   22.999  23.071  23.197  23.361  23.561  23.886  23.949  23.959 
   24.033  24.069  24.108  24.148  24.320  24.423  24.474  24.643 
   24.659  24.783  24.906  24.927  25.607  26.105  26.254  26.461 
   26.650  27.408  27.495  31.405  32.930  33.069  33.112  33.140 
   33.262  33.293  33.322  33.414  33.517  33.572  33.656  33.693 
   33.740  33.760  33.869  33.909  34.682  34.782  34.851  34.963 
   35.079  35.211  35.299  35.550  35.705  35.766  35.911  36.124 
   41.733  42.017  42.113  42.233  42.336  45.433  49.288  49.393 
   50.023  50.376  50.829  52.568  54.045  54.205  68.173  68.272 
   68.683  69.083  70.167  76.992  77.992  78.566  79.445  80.313 
   91.712  91.771  91.798  91.869  91.985  92.057  92.129  92.206 
   92.289  92.392  93.167  93.288  93.438  93.570  93.812 101.001 
  140.340 141.467 141.598 146.550 228.640 429.699 430.610 430.721 
  530.033 1271.708 1691.165 1691.819 1691.900 3195.595 8540.422 24825.658 
  81391.678 322260.177 1830824.020 


  >>> Running RHF-MP2 <<<


RMP2-TIMING
  rmp2                  :::     2339.266 (100.00%)
  Total                 :::     2339.266 (100.00%)

MP2 correlation energy (RHF) : -1.6437652708
MP2 total energy       (RHF) : -323.3514520294


  >>> Running UHF <<<

init D/C      : input mo_coeff
init ov       : zeros
no            : 24 25
nv            : 1076 1075
ov_size       : 52699
max_cycle     : 1000
conv          : 6
econv         : 9
method        : diis
mom_start     : 0
guess mix     : 0.000000
orb_swap      : [[[1, 24]], []]
init E        : -306.083343743553
init S2       : 0.750000000000117
init |[F,P]|  : 1.01e-02
init |dE|     : 2.27e-02
check file    : None

iter      total energy   |[F,P]|      |dE|         ∆E   S^2   comment
   1    -306.444762570  6.39e-03  1.36e-02  -3.61e-01  0.75  DIIS mom: 23.6/24 24.6/25
   2    -306.783019866  7.69e-04  1.71e-03  -3.38e-01  0.76  DIIS mom: 23.9/24 24.9/25
   3    -306.789415530  3.87e-04  9.02e-04  -6.40e-03  0.76  DIIS mom: 24.0/24 25.0/25
   4    -306.791472179  1.21e-04  2.39e-04  -2.06e-03  0.76  DIIS mom: 24.0/24 25.0/25
   5    -306.791986667  6.42e-05  1.26e-04  -5.14e-04  0.77  DIIS mom: 24.0/24 25.0/25
   6    -306.792143912  3.23e-05  6.13e-05  -1.57e-04  0.77  DIIS mom: 24.0/24 25.0/25
   7    -306.792202530  2.16e-05  3.90e-05  -5.86e-05  0.78  DIIS mom: 24.0/24 25.0/25
   8    -306.792232728  2.15e-05  3.76e-05  -3.02e-05  0.78  DIIS mom: 24.0/24 25.0/25
   9    -306.792240551  2.18e-05  3.80e-05  -7.82e-06  0.78  DIIS mom: 24.0/24 25.0/25
  10    -306.792171255  1.83e-05  3.35e-05   6.93e-05  0.78  DIIS mom: 24.0/24 25.0/25
  11    -306.792109940  1.36e-05  2.66e-05   6.13e-05  0.78  DIIS mom: 24.0/24 25.0/25
  12    -306.792102540  1.13e-05  2.25e-05   7.40e-06  0.78  DIIS mom: 24.0/24 25.0/25
  13    -306.792113981  8.16e-06  1.64e-05  -1.14e-05  0.78  DIIS mom: 24.0/24 25.0/25
  14    -306.792127155  4.84e-06  9.59e-06  -1.32e-05  0.78  DIIS mom: 24.0/24 25.0/25
  15    -306.792131841  3.50e-06  6.36e-06  -4.69e-06  0.78  DIIS mom: 24.0/24 25.0/25
  16    -306.792133427  3.09e-06  5.44e-06  -1.59e-06  0.78  DIIS mom: 24.0/24 25.0/25
  17    -306.792135790  2.45e-06  4.32e-06  -2.36e-06  0.78  DIIS mom: 24.0/24 25.0/25
  18    -306.792138068  1.64e-06  2.90e-06  -2.28e-06  0.78  DIIS mom: 24.0/24 25.0/25
  19    -306.792139307  7.57e-07  1.34e-06  -1.24e-06  0.78  DIIS mom: 24.0/24 25.0/25
  20    -306.792139487  2.13e-07  3.81e-07  -1.79e-07  0.78  DIIS mom: 24.0/24 25.0/25
  21    -306.792139493  6.33e-08  1.25e-07  -6.13e-09  0.78  DIIS mom: 24.0/24 25.0/25
  22    -306.792139493  2.57e-08  4.92e-08  -2.01e-10  0.78  DIIS mom: 24.0/24 25.0/25
                                                                      diis is converged!

SCF converged : True
final |[F,P]| : 2.57e-08
final |dE|    : 4.92e-08
final Escf    : -582.858059308466
final Etot    : -306.792139492872
final S2      : 0.781722651193995

  diis prep             :::        1.175 (  0.01%)
  diis extrap           :::        1.552 (  0.02%)
  roothaan              :::        7.084 (  0.08%)
  fock build            :::     8365.153 ( 99.88%)
  Total                 :::     8374.964 (100.00%)

Alpha occupied
  -20.761 -11.618 -11.546 -11.474 -11.466 -11.449  -1.670  -1.575 
   -1.342  -1.282  -1.157  -1.143  -1.037  -0.955  -0.939  -0.901 
   -0.864  -0.842  -0.779  -0.753  -0.741  -0.675  -0.660  -0.541 

Alpha virtual
  -14.191  -0.145  -0.109  -0.071  -0.064  -0.059  -0.051  -0.043 
   -0.037  -0.024  -0.016  -0.008  -0.002   0.003   0.013   0.015 
    0.027   0.029   0.036   0.050   0.052   0.071   0.074   0.080 
    0.084   0.086   0.096   0.096   0.101   0.106   0.119   0.122 
    0.127   0.137   0.146   0.157   0.163   0.167   0.171   0.173 
    0.186   0.191   0.200   0.203   0.205   0.208   0.221   0.224 
    0.235   0.257   0.259   0.274   0.276   0.278   0.297   0.307 
    0.312   0.319   0.325   0.333   0.334   0.335   0.342   0.356 
    0.365   0.366   0.367   0.376   0.379   0.385   0.397   0.399 
    0.414   0.415   0.422   0.424   0.443   0.449   0.457   0.464 
    0.468   0.472   0.488   0.502   0.506   0.510   0.516   0.526 
    0.553   0.558   0.559   0.565   0.566   0.572   0.575   0.583 
    0.602   0.609   0.614   0.618   0.621   0.640   0.650   0.663 
    0.667   0.667   0.679   0.696   0.698   0.702   0.725   0.729 
    0.738   0.743   0.756   0.758   0.766   0.769   0.777   0.794 
    0.811   0.818   0.822   0.837   0.853   0.858   0.885   0.893 
    0.895   0.903   0.909   0.929   0.951   0.951   0.962   0.967 
    0.977   0.980   0.996   1.004   1.042   1.043   1.052   1.068 
    1.081   1.093   1.099   1.109   1.112   1.125   1.128   1.140 
    1.151   1.156   1.164   1.180   1.180   1.210   1.214   1.220 
    1.221   1.240   1.245   1.257   1.274   1.279   1.279   1.288 
    1.306   1.311   1.317   1.328   1.335   1.339   1.341   1.362 
    1.363   1.368   1.381   1.384   1.398   1.415   1.419   1.433 
    1.447   1.454   1.476   1.490   1.512   1.527   1.553   1.570 
    1.577   1.596   1.602   1.602   1.615   1.636   1.638   1.648 
    1.656   1.672   1.677   1.703   1.720   1.732   1.734   1.758 
    1.764   1.774   1.797   1.807   1.810   1.824   1.842   1.857 
    1.881   1.887   1.904   1.924   1.936   1.945   1.948   1.959 
    1.967   1.978   2.016   2.016   2.025   2.054   2.058   2.076 
    2.077   2.092   2.100   2.113   2.119   2.145   2.151   2.158 
    2.162   2.179   2.180   2.187   2.220   2.238   2.242   2.270 
    2.288   2.293   2.328   2.330   2.346   2.350   2.364   2.369 
    2.398   2.414   2.415   2.424   2.431   2.443   2.452   2.454 
    2.461   2.477   2.491   2.514   2.536   2.545   2.554   2.562 
    2.566   2.576   2.579   2.591   2.598   2.614   2.641   2.646 
    2.653   2.698   2.717   2.725   2.770   2.788   2.797   2.810 
    2.817   2.837   2.839   2.879   2.891   2.922   2.931   2.966 
    2.980   2.999   3.013   3.016   3.018   3.043   3.048   3.068 
    3.108   3.148   3.152   3.184   3.240   3.247   3.251   3.270 
    3.292   3.309   3.317   3.337   3.359   3.364   3.374   3.383 
    3.413   3.436   3.440   3.474   3.480   3.511   3.511   3.531 
    3.544   3.559   3.561   3.591   3.602   3.609   3.610   3.637 
    3.639   3.662   3.685   3.690   3.708   3.734   3.736   3.746 
    3.758   3.778   3.827   3.838   3.860   3.864   3.881   3.919 
    3.921   3.941   3.959   3.994   4.006   4.014   4.023   4.066 
    4.071   4.103   4.132   4.146   4.165   4.168   4.178   4.181 
    4.207   4.242   4.250   4.252   4.272   4.278   4.308   4.317 
    4.330   4.338   4.355   4.361   4.371   4.390   4.401   4.402 
    4.419   4.421   4.439   4.450   4.473   4.485   4.492   4.511 
    4.513   4.535   4.548   4.584   4.606   4.620   4.633   4.634 
    4.638   4.652   4.668   4.671   4.678   4.685   4.727   4.754 
    4.761   4.779   4.786   4.801   4.805   4.816   4.829   4.835 
    4.837   4.846   4.849   4.864   4.890   4.894   4.903   4.918 
    4.921   4.965   4.983   4.990   5.001   5.019   5.046   5.060 
    5.073   5.073   5.076   5.088   5.091   5.096   5.130   5.132 
    5.144   5.174   5.199   5.203   5.228   5.236   5.257   5.286 
    5.312   5.327   5.351   5.353   5.407   5.408   5.416   5.437 
    5.446   5.462   5.470   5.490   5.513   5.518   5.547   5.547 
    5.628   5.631   5.643   5.652   5.671   5.674   5.687   5.701 
    5.717   5.734   5.747   5.762   5.806   5.810   5.827   5.840 
    5.856   5.889   5.917   5.968   5.969   5.995   6.009   6.039 
    6.057   6.072   6.084   6.147   6.157   6.185   6.202   6.224 
    6.261   6.281   6.291   6.317   6.358   6.365   6.374   6.387 
    6.404   6.427   6.455   6.457   6.514   6.514   6.531   6.556 
    6.584   6.604   6.615   6.634   6.713   6.719   6.740   6.752 
    6.768   6.793   6.815   6.845   6.846   6.876   6.880   6.893 
    6.899   6.921   6.974   6.975   7.002   7.023   7.094   7.109 
    7.118   7.155   7.174   7.216   7.225   7.252   7.295   7.337 
    7.385   7.394   7.433   7.449   7.453   7.480   7.588   7.605 
    7.677   7.679   7.704   7.754   7.813   7.852   7.888   7.933 
    7.984   7.990   8.050   8.097   8.137   8.163   8.228   8.244 
    8.283   8.311   8.354   8.370   8.423   8.439   8.491   8.553 
    8.595   8.632   8.662   8.710   8.720   8.791   8.883   8.923 
    8.951   8.958   8.971   8.998   9.035   9.099   9.133   9.158 
    9.173   9.216   9.222   9.236   9.255   9.325   9.336   9.356 
    9.413   9.435   9.457   9.498   9.507   9.541   9.573   9.609 
    9.677   9.705   9.734   9.752   9.781   9.828   9.851   9.857 
    9.884   9.889   9.993  10.051  10.102  10.186  10.257  10.303 
   10.318  10.330  10.364  10.448  10.455  10.511  10.517  10.599 
   10.643  10.648  10.698  10.700  10.719  10.743  10.769  10.789 
   10.816  10.833  10.869  10.903  10.963  10.987  10.989  11.051 
   11.057  11.106  11.149  11.183  11.201  11.205  11.233  11.249 
   11.277  11.291  11.303  11.304  11.339  11.359  11.362  11.377 
   11.380  11.395  11.404  11.434  11.448  11.460  11.467  11.491 
   11.540  11.557  11.585  11.589  11.609  11.611  11.636  11.665 
   11.696  11.706  11.736  11.808  11.811  11.872  11.880  11.887 
   11.897  11.905  11.919  11.943  11.956  11.973  11.977  12.001 
   12.024  12.024  12.045  12.046  12.051  12.057  12.079  12.082 
   12.104  12.123  12.125  12.152  12.170  12.180  12.194  12.227 
   12.254  12.267  12.281  12.303  12.331  12.360  12.368  12.386 
   12.413  12.426  12.458  12.476  12.486  12.491  12.499  12.505 
   12.552  12.557  12.570  12.590  12.599  12.616  12.632  12.637 
   12.656  12.688  12.694  12.709  12.710  12.729  12.763  12.781 
   12.784  12.808  12.839  12.871  12.883  12.903  12.922  12.962 
   12.970  12.972  12.984  12.992  13.025  13.030  13.036  13.054 
   13.068  13.118  13.130  13.132  13.142  13.143  13.166  13.175 
   13.205  13.242  13.258  13.267  13.288  13.297  13.330  13.379 
   13.380  13.406  13.408  13.419  13.436  13.460  13.464  13.475 
   13.521  13.543  13.545  13.553  13.578  13.614  13.621  13.631 
   13.669  13.692  13.709  13.713  13.727  13.757  13.776  13.791 
   13.867  13.868  13.913  13.962  13.965  13.982  13.984  14.013 
   14.038  14.048  14.137  14.151  14.167  14.203  14.206  14.249 
   14.272  14.273  14.309  14.348  14.435  14.483  14.509  14.516 
   14.547  14.587  14.644  14.670  14.802  14.848  14.863  14.924 
   15.051  15.087  15.103  15.135  15.162  15.170  15.210  15.256 
   15.302  15.333  15.371  15.455  15.470  15.528  15.534  15.573 
   15.582  15.604  15.633  15.654  15.695  15.700  15.746  15.799 
   15.824  15.930  15.975  15.983  16.010  16.054  16.116  16.168 
   16.198  16.209  16.239  16.331  16.337  16.358  16.473  16.566 
   16.593  16.597  16.726  16.888  16.896  16.951  16.977  16.996 
   17.022  17.027  17.047  17.056  17.076  17.080  17.107  17.146 
   17.302  17.326  17.377  17.391  17.404  17.426  17.507  17.515 
   17.550  17.591  17.604  17.627  17.630  17.653  17.689  17.730 
   17.770  17.906  17.952  17.965  18.013  18.075  18.088  18.311 
   18.349  18.552  18.606  18.685  18.714  18.778  18.788  18.813 
   18.868  18.916  18.995  19.009  19.016  19.030  19.102  19.141 
   19.198  19.241  19.384  19.413  19.442  19.487  19.635  19.665 
   19.722  19.776  19.914  20.181  20.236  20.493  20.527  20.569 
   20.622  20.659  20.716  20.728  20.742  20.810  20.938  21.181 
   21.245  21.305  21.342  21.549  21.584  21.684  21.825  22.099 
   22.359  22.608  22.767  22.860  23.053  23.185  23.491  23.684 
   23.702  23.795  23.845  23.855  23.944  24.007  24.124  24.189 
   24.311  24.454  24.578  24.657  24.722  25.356  25.910  26.052 
   26.261  26.452  27.088  27.182  31.158  32.708  32.836  32.884 
   32.928  33.013  33.058  33.098  33.196  33.299  33.345  33.438 
   33.476  33.480  33.524  33.646  33.682  34.442  34.555  34.631 
   34.743  34.862  34.961  35.070  35.319  35.463  35.537  35.692 
   35.870  41.531  41.814  41.906  41.953  42.067  44.405  47.986 
   48.092  48.733  49.071  49.531  51.251  52.728  52.885  67.919 
   68.018  68.430  68.833  69.916  76.775  77.765  78.333  79.210 
   80.093  91.355  91.556  91.598  91.665  91.741  91.786  91.876 
   92.003  92.084  92.194  92.968  93.085  93.234  93.369  93.446 
   99.324 138.105 139.225 139.355 146.300 226.170 426.374 427.282 
  427.392 526.775 1267.797 1686.916 1687.569 1687.650 3191.229 8535.786 
  24820.883 81386.841 322255.316 1830819.152 

Beta occupied
  -20.758 -18.473 -11.617 -11.542 -11.473 -11.467 -11.450  -1.748 
   -1.583  -1.351  -1.296  -1.188  -1.163  -1.051  -1.025  -0.945 
   -0.900  -0.867  -0.840  -0.780  -0.753  -0.739  -0.676  -0.664 
   -0.540 

Beta virtual
   -0.146  -0.113  -0.072  -0.061  -0.060  -0.048  -0.043  -0.037 
   -0.024  -0.016  -0.008  -0.005   0.003   0.012   0.013   0.026 
    0.027   0.036   0.050   0.052   0.071   0.072   0.078   0.083 
    0.084   0.092   0.096   0.101   0.103   0.119   0.122   0.125 
    0.137   0.146   0.154   0.164   0.167   0.170   0.173   0.177 
    0.190   0.201   0.204   0.205   0.209   0.220   0.222   0.232 
    0.257   0.259   0.272   0.277   0.278   0.293   0.305   0.309 
    0.318   0.325   0.332   0.333   0.335   0.342   0.355   0.361 
    0.365   0.366   0.376   0.379   0.384   0.396   0.397   0.413 
    0.415   0.422   0.424   0.443   0.449   0.456   0.465   0.468 
    0.472   0.488   0.502   0.506   0.510   0.517   0.526   0.550 
    0.556   0.561   0.563   0.565   0.571   0.573   0.583   0.601 
    0.609   0.614   0.618   0.621   0.640   0.650   0.659   0.664 
    0.666   0.679   0.693   0.696   0.700   0.724   0.730   0.734 
    0.741   0.755   0.757   0.766   0.770   0.777   0.794   0.811 
    0.817   0.822   0.837   0.854   0.859   0.886   0.893   0.896 
    0.904   0.909   0.930   0.950   0.951   0.963   0.968   0.978 
    0.979   0.996   1.004   1.042   1.042   1.053   1.068   1.081 
    1.094   1.099   1.109   1.111   1.125   1.128   1.141   1.150 
    1.155   1.163   1.180   1.180   1.209   1.215   1.218   1.221 
    1.239   1.245   1.256   1.271   1.279   1.279   1.287   1.306 
    1.310   1.318   1.327   1.331   1.338   1.340   1.362   1.363 
    1.368   1.381   1.385   1.398   1.409   1.419   1.432   1.445 
    1.455   1.475   1.489   1.511   1.527   1.552   1.560   1.577 
    1.596   1.602   1.602   1.615   1.636   1.636   1.648   1.656 
    1.672   1.675   1.703   1.715   1.730   1.735   1.757   1.764 
    1.775   1.793   1.805   1.811   1.825   1.841   1.857   1.882 
    1.889   1.906   1.925   1.937   1.946   1.948   1.961   1.967 
    1.979   2.016   2.016   2.025   2.052   2.059   2.074   2.077 
    2.093   2.099   2.113   2.118   2.145   2.151   2.158   2.162 
    2.180   2.180   2.187   2.218   2.237   2.243   2.267   2.288 
    2.293   2.327   2.331   2.346   2.350   2.359   2.369   2.396 
    2.414   2.414   2.425   2.431   2.440   2.450   2.455   2.459 
    2.477   2.488   2.510   2.535   2.545   2.554   2.556   2.566 
    2.574   2.580   2.591   2.595   2.614   2.636   2.646   2.653 
    2.697   2.714   2.725   2.770   2.787   2.797   2.810   2.816 
    2.836   2.840   2.876   2.890   2.922   2.931   2.964   2.977 
    2.999   3.012   3.015   3.020   3.043   3.046   3.067   3.105 
    3.147   3.152   3.182   3.238   3.248   3.251   3.270   3.291 
    3.310   3.315   3.337   3.359   3.361   3.374   3.378   3.409 
    3.431   3.439   3.475   3.479   3.510   3.511   3.529   3.542 
    3.559   3.561   3.585   3.601   3.608   3.608   3.629   3.633 
    3.661   3.683   3.685   3.708   3.734   3.735   3.743   3.754 
    3.774   3.826   3.831   3.850   3.854   3.879   3.918   3.921 
    3.939   3.958   3.989   4.006   4.014   4.020   4.064   4.071 
    4.096   4.128   4.145   4.160   4.166   4.178   4.178   4.208 
    4.239   4.250   4.253   4.272   4.273   4.308   4.317   4.326 
    4.338   4.355   4.359   4.370   4.387   4.402   4.402   4.419 
    4.422   4.439   4.451   4.471   4.483   4.487   4.512   4.512 
    4.536   4.546   4.583   4.602   4.620   4.632   4.633   4.640 
    4.652   4.669   4.670   4.680   4.686   4.726   4.755   4.758 
    4.778   4.786   4.801   4.804   4.817   4.829   4.835   4.838 
    4.844   4.849   4.865   4.890   4.894   4.904   4.918   4.922 
    4.965   4.983   4.989   5.000   5.019   5.045   5.060   5.073 
    5.073   5.076   5.088   5.090   5.096   5.128   5.132   5.142 
    5.173   5.199   5.202   5.228   5.234   5.255   5.286   5.312 
    5.326   5.348   5.351   5.406   5.408   5.416   5.435   5.445 
    5.463   5.468   5.488   5.512   5.519   5.546   5.547   5.629 
    5.630   5.643   5.649   5.671   5.674   5.686   5.700   5.716 
    5.734   5.746   5.761   5.804   5.810   5.827   5.839   5.857 
    5.887   5.917   5.968   5.969   5.994   6.008   6.039   6.055 
    6.072   6.083   6.146   6.154   6.185   6.201   6.223   6.261 
    6.281   6.290   6.317   6.359   6.365   6.374   6.387   6.404 
    6.426   6.454   6.456   6.510   6.513   6.529   6.555   6.583 
    6.602   6.614   6.632   6.711   6.718   6.739   6.750   6.765 
    6.792   6.815   6.842   6.845   6.876   6.881   6.890   6.897 
    6.921   6.972   6.974   7.001   7.018   7.091   7.108   7.116 
    7.155   7.173   7.215   7.225   7.249   7.294   7.337   7.383 
    7.391   7.429   7.448   7.451   7.478   7.586   7.605   7.672 
    7.677   7.703   7.752   7.808   7.842   7.886   7.930   7.970 
    7.989   8.045   8.089   8.135   8.162   8.219   8.233   8.276 
    8.307   8.351   8.369   8.415   8.438   8.492   8.543   8.591 
    8.631   8.659   8.709   8.717   8.789   8.863   8.890   8.923 
    8.934   8.954   8.978   9.024   9.100   9.132   9.157   9.158 
    9.215   9.217   9.232   9.249   9.319   9.336   9.351   9.412 
    9.436   9.450   9.495   9.499   9.538   9.559   9.601   9.675 
    9.699   9.731   9.752   9.780   9.832   9.846   9.857   9.881 
    9.884   9.983  10.051  10.097  10.186  10.257  10.289  10.320 
   10.327  10.362  10.443  10.456  10.509  10.512  10.599  10.640 
   10.648  10.697  10.700  10.719  10.745  10.767  10.785  10.816 
   10.830  10.869  10.903  10.961  10.986  10.989  11.051  11.057 
   11.106  11.149  11.175  11.200  11.205  11.233  11.245  11.277 
   11.290  11.303  11.303  11.340  11.359  11.362  11.377  11.379 
   11.395  11.401  11.434  11.448  11.460  11.467  11.492  11.539 
   11.557  11.585  11.589  11.608  11.611  11.639  11.665  11.697 
   11.705  11.734  11.802  11.811  11.869  11.880  11.881  11.894 
   11.904  11.920  11.943  11.953  11.973  11.976  12.001  12.022 
   12.022  12.044  12.046  12.051  12.056  12.077  12.082  12.103 
   12.123  12.124  12.149  12.169  12.179  12.193  12.226  12.253 
   12.266  12.281  12.303  12.330  12.359  12.365  12.386  12.411 
   12.426  12.456  12.475  12.485  12.493  12.500  12.506  12.551 
   12.557  12.569  12.589  12.599  12.616  12.631  12.637  12.655 
   12.688  12.691  12.709  12.710  12.729  12.763  12.781  12.784 
   12.807  12.839  12.871  12.883  12.902  12.918  12.960  12.970 
   12.972  12.984  12.992  13.026  13.029  13.036  13.053  13.067 
   13.113  13.130  13.130  13.142  13.143  13.166  13.176  13.205 
   13.243  13.258  13.267  13.287  13.295  13.329  13.379  13.380 
   13.406  13.407  13.419  13.436  13.460  13.464  13.475  13.519 
   13.543  13.545  13.554  13.578  13.614  13.620  13.631  13.669 
   13.693  13.709  13.713  13.727  13.758  13.776  13.791  13.865 
   13.869  13.913  13.962  13.964  13.982  13.982  14.013  14.039 
   14.045  14.135  14.151  14.167  14.201  14.206  14.245  14.272 
   14.272  14.309  14.347  14.435  14.482  14.509  14.515  14.547 
   14.586  14.642  14.670  14.801  14.847  14.861  14.923  15.050 
   15.087  15.102  15.133  15.161  15.169  15.210  15.252  15.300 
   15.333  15.367  15.453  15.469  15.522  15.533  15.571  15.580 
   15.603  15.632  15.653  15.694  15.696  15.744  15.798  15.812 
   15.929  15.974  15.980  16.003  16.048  16.109  16.153  16.189 
   16.208  16.239  16.321  16.325  16.356  16.469  16.563  16.589 
   16.591  16.724  16.888  16.898  16.948  16.976  16.995  17.021 
   17.027  17.047  17.056  17.076  17.080  17.102  17.144  17.295 
   17.321  17.377  17.387  17.397  17.426  17.507  17.513  17.550 
   17.583  17.596  17.611  17.629  17.655  17.688  17.728  17.768 
   17.860  17.954  17.964  17.982  18.074  18.081  18.300  18.344 
   18.528  18.606  18.686  18.707  18.776  18.787  18.813  18.868 
   18.914  18.990  19.009  19.015  19.026  19.102  19.141  19.179 
   19.225  19.384  19.403  19.430  19.488  19.635  19.660  19.706 
   19.767  19.905  20.096  20.230  20.484  20.486  20.526  20.582 
   20.658  20.716  20.728  20.738  20.809  20.937  21.174  21.208 
   21.242  21.342  21.542  21.582  21.681  21.809  22.062  22.289 
   22.553  22.724  22.844  23.021  23.148  23.464  23.685  23.705 
   23.795  23.845  23.854  23.943  23.944  24.124  24.188  24.308 
   24.454  24.578  24.660  24.721  25.356  25.910  26.052  26.261 
   26.452  27.077  27.183  31.159  32.708  32.836  32.885  32.928 
   33.015  33.059  33.098  33.197  33.300  33.345  33.438  33.476 
   33.480  33.525  33.646  33.682  34.441  34.555  34.631  34.743 
   34.862  34.961  35.070  35.319  35.464  35.537  35.692  35.870 
   41.531  41.814  41.906  41.954  42.066  44.070  47.815  47.922 
   48.564  48.896  49.357  50.908  52.404  52.561  67.920  68.020 
   68.431  68.834  69.916  76.775  77.765  78.333  79.211  80.093 
   91.357  91.557  91.598  91.665  91.743  91.786  91.876  92.003 
   92.084  92.194  92.968  93.085  93.234  93.369  93.447  98.942 
  137.687 138.812 138.943 146.300 225.812 426.014 426.923 427.034 
  526.490 1267.603 1686.714 1687.367 1687.448 3191.116 8535.729 24820.858 
  81386.832 322255.314 1830819.152 


  >>> Running UHF-MP2 <<<

MP2 correlation energy (UHF) : -1.6138085078
MP2 total energy       (UHF) : -308.4059480007

