	*********************************************** 
	***** Beginning CEBE Calculation with MOM ***** 
	*****       Calculation Details:          ***** 
	      Geometry:	 /work/morgunov/core/calculations/mols/exp/o/h2nc-o-nh2.xyz
	      Core Basis:	 cc-pCV5Z
	      Full Basis:	 cc-pV5Z
	      DIIS (start, space):	 0 50
	      Level shift:	 0
	      Do localization?:	 False
	      Do SFX2C1E?:	 True
	      Freeze orbitals?:	 True
	      Use Cheng orbitals?:	 False
	      Do Special Basis?:	 False
	*********************************************** 
	*********************************************** 

  >>> Running RHF <<<

init D/C      : minao
init ov       : zeros
no            : 16
nv            : 622
ov_size       : 9952
max_cycle     : 1000
conv          : 6
econv         : 9
method        : gdm
scale_stop    : 0
scale_factor  : 1.000000
init E        : -223.965332722273
init |[F,P]|  : 5.95e-03
init |dE|     : 1.57e-02
check file    : None

iter      total energy   |[F,P]|      |dE|         ∆E   comment
   1    -224.024645678  4.95e-03  1.32e-02  -5.93e-02  BFGS
   2    -224.099037188  4.37e-04  1.09e-03  -7.44e-02  BFGS
   3    -224.100108934  1.29e-04  3.03e-04  -1.07e-03  BFGS
   4    -224.100266432  6.49e-05  1.66e-04  -1.57e-04  BFGS
   5    -224.100286869  2.66e-05  6.62e-05  -2.04e-05  BFGS
   6    -224.100290513  5.49e-06  1.31e-05  -3.64e-06  BFGS
   7    -224.100290719  1.44e-06  3.44e-06  -2.06e-07  BFGS
   8    -224.100290734  5.42e-07  1.28e-06  -1.50e-08  BFGS
   9    -224.100290735  1.60e-07  4.01e-07  -1.76e-09  BFGS
  10    -224.100290735  4.35e-08  1.11e-07  -1.32e-10  BFGS
                                                                      gdm is converged!

SCF converged : True
final |[F,P]| : 4.35e-08
final |dE|    : 1.11e-07
final Escf    : -347.942055722709
final Etot    : -224.100290735419

  pxp & ewc             :::        0.368 (  0.06%)
  apply B               :::        0.003 (  0.00%)
  linsrch               :::      605.307 ( 99.93%)
  grad                  :::        0.025 (  0.00%)
  Total                 :::      605.702 (100.00%)

Alpha occupied
  -20.508 -15.582 -15.582 -11.377  -1.389  -1.233  -1.179  -0.822 
   -0.745  -0.732  -0.638  -0.607  -0.601  -0.444  -0.436  -0.419 

Alpha virtual
    0.076   0.105   0.124   0.149   0.204   0.220   0.221   0.244 
    0.276   0.282   0.298   0.304   0.362   0.366   0.368   0.387 
    0.401   0.413   0.427   0.443   0.462   0.509   0.519   0.562 
    0.589   0.614   0.631   0.643   0.671   0.674   0.701   0.702 
    0.728   0.735   0.773   0.773   0.795   0.802   0.808   0.843 
    0.894   0.907   0.929   0.942   0.968   0.987   0.988   1.004 
    1.041   1.045   1.063   1.097   1.122   1.124   1.164   1.166 
    1.171   1.181   1.226   1.308   1.348   1.363   1.384   1.406 
    1.452   1.491   1.491   1.529   1.536   1.564   1.567   1.588 
    1.590   1.618   1.665   1.692   1.732   1.747   1.753   1.776 
    1.793   1.840   1.846   1.872   1.902   1.906   1.926   1.965 
    1.971   1.982   1.998   2.022   2.042   2.059   2.080   2.089 
    2.099   2.134   2.151   2.163   2.187   2.206   2.210   2.235 
    2.237   2.277   2.293   2.298   2.357   2.376   2.390   2.402 
    2.444   2.450   2.486   2.501   2.542   2.543   2.558   2.614 
    2.638   2.693   2.705   2.746   2.765   2.808   2.812   2.837 
    2.884   2.897   2.934   2.963   2.989   3.002   3.053   3.099 
    3.133   3.149   3.169   3.246   3.251   3.262   3.319   3.353 
    3.359   3.422   3.477   3.485   3.510   3.529   3.544   3.572 
    3.608   3.650   3.678   3.740   3.743   3.779   3.802   3.849 
    3.850   3.896   3.925   3.959   3.996   3.997   4.023   4.054 
    4.067   4.094   4.099   4.143   4.144   4.176   4.184   4.193 
    4.215   4.281   4.286   4.306   4.347   4.372   4.402   4.481 
    4.486   4.521   4.526   4.544   4.577   4.587   4.615   4.747 
    4.780   4.790   4.797   4.808   4.835   4.853   4.888   4.899 
    4.924   4.957   4.962   5.001   5.032   5.067   5.074   5.102 
    5.126   5.150   5.167   5.174   5.179   5.211   5.247   5.263 
    5.295   5.315   5.320   5.375   5.387   5.457   5.475   5.486 
    5.551   5.578   5.628   5.686   5.706   5.724   5.748   5.754 
    5.782   5.785   5.795   5.803   5.835   5.861   5.903   5.960 
    5.980   5.983   6.016   6.037   6.114   6.123   6.154   6.171 
    6.180   6.244   6.292   6.319   6.321   6.351   6.385   6.428 
    6.437   6.485   6.543   6.651   6.653   6.690   6.799   6.807 
    6.871   6.892   6.967   7.030   7.063   7.078   7.125   7.138 
    7.139   7.175   7.233   7.277   7.289   7.328   7.392   7.414 
    7.442   7.478   7.503   7.507   7.602   7.653   7.678   7.736 
    7.759   7.798   7.844   7.863   7.983   8.021   8.056   8.133 
    8.175   8.201   8.361   8.378   8.404   8.432   8.452   8.471 
    8.488   8.519   8.666   8.678   8.750   8.776   8.789   8.872 
    8.904   8.909   8.986   9.016   9.043   9.149   9.220   9.246 
    9.314   9.348   9.414   9.476   9.562   9.655   9.692   9.980 
    9.995  10.015  10.043  10.204  10.231  10.295  10.383  10.492 
   10.517  10.580  10.753  10.772  10.797  10.865  10.934  11.005 
   11.126  11.360  11.381  11.437  11.454  11.489  11.507  11.530 
   11.565  11.631  11.638  11.725  11.729  11.733  11.763  11.831 
   11.847  11.917  11.952  11.980  12.148  12.268  12.335  12.441 
   12.485  12.534  12.608  12.628  12.629  12.681  12.694  12.723 
   12.743  12.744  12.748  12.770  12.784  12.826  12.831  12.844 
   12.860  12.942  12.944  12.968  12.995  13.029  13.050  13.109 
   13.116  13.136  13.160  13.184  13.197  13.248  13.302  13.305 
   13.340  13.434  13.492  13.503  13.547  13.552  13.590  13.615 
   13.669  13.679  13.707  13.716  13.722  13.745  13.763  13.792 
   13.793  13.844  13.900  13.942  13.945  13.975  13.993  14.044 
   14.051  14.059  14.082  14.130  14.147  14.150  14.214  14.235 
   14.239  14.265  14.273  14.293  14.323  14.330  14.338  14.354 
   14.377  14.416  14.433  14.435  14.474  14.532  14.570  14.609 
   14.687  14.689  14.729  14.767  14.767  14.848  14.925  14.939 
   14.969  14.980  15.038  15.081  15.116  15.178  15.243  15.265 
   15.361  15.417  15.430  15.512  15.569  15.633  15.768  15.773 
   15.855  15.859  15.876  15.975  16.027  16.070  16.154  16.190 
   16.212  16.338  16.351  16.426  16.458  16.484  16.579  16.587 
   16.620  16.665  16.691  16.763  16.803  16.844  16.872  16.899 
   16.899  17.026  17.035  17.088  17.117  17.220  17.236  17.417 
   17.500  17.513  17.558  17.607  17.764  17.766  17.891  17.947 
   17.985  18.073  18.126  18.188  18.190  18.401  18.459  18.479 
   18.557  18.590  18.634  18.704  18.744  18.794  18.977  19.003 
   19.031  19.147  19.221  19.393  19.398  19.490  19.560  19.578 
   19.777  19.786  19.813  20.006  20.372  20.382  20.697  20.732 
   20.861  21.185  21.198  21.371  21.418  21.487  21.763  21.910 
   21.936  21.971  22.051  22.067  22.208  23.028  23.063  23.091 
   23.459  23.706  23.920  23.935  30.311  38.483  38.805  39.927 
   41.577  53.815  53.938  61.143  61.232  61.741  61.984  62.138 
   71.817  71.835  72.039  72.071  72.469  72.659  72.733  82.758 
  107.662 107.929 109.111 181.278 181.339 181.717 181.889 181.983 
  220.406 245.802 245.804 245.805 245.806 245.808 245.809 245.811 
  245.816 245.818 291.510 291.517 291.598 291.609 291.762 291.828 
  291.864 298.800 299.027 300.048 556.582 556.624 556.891 557.008 
  557.068 583.887 837.456 837.641 838.501 2073.239 


  >>> Running RHF-MP2 <<<


RMP2-TIMING
  rmp2                  :::      437.871 (100.00%)
  Total                 :::      437.871 (100.00%)

MP2 correlation energy (RHF) : -1.0590633009
MP2 total energy       (RHF) : -225.1593540363


  >>> Running UHF <<<

init D/C      : input mo_coeff
init ov       : zeros
no            : 15 16
nv            : 623 622
ov_size       : 19297
max_cycle     : 1000
conv          : 6
econv         : 9
method        : diis
mom_start     : 0
guess mix     : 0.000000
orb_swap      : [[[0, 15]], []]
init E        : -203.592683965886
init S2       : 0.750000000000151
init |[F,P]|  : 1.43e-02
init |dE|     : 4.44e-02
check file    : None

iter      total energy   |[F,P]|      |dE|         ∆E   S^2   comment
   1    -204.112301722  7.82e-03  2.39e-02  -5.20e-01  0.75  DIIS mom: 14.7/15 15.6/16
   2    -204.405483411  7.04e-04  1.99e-03  -2.93e-01  0.76  DIIS mom: 14.9/15 15.9/16
   3    -204.408858488  2.17e-04  5.92e-04  -3.38e-03  0.76  DIIS mom: 15.0/15 16.0/16
   4    -204.409352493  9.69e-05  2.79e-04  -4.94e-04  0.76  DIIS mom: 15.0/15 16.0/16
   5    -204.409556938  3.51e-05  9.70e-05  -2.04e-04  0.77  DIIS mom: 15.0/15 16.0/16
   6    -204.409580693  1.50e-05  3.79e-05  -2.38e-05  0.77  DIIS mom: 15.0/15 16.0/16
   7    -204.409584944  6.29e-06  1.59e-05  -4.25e-06  0.77  DIIS mom: 15.0/15 16.0/16
   8    -204.409585972  2.58e-06  5.84e-06  -1.03e-06  0.77  DIIS mom: 15.0/15 16.0/16
   9    -204.409586175  1.36e-06  2.88e-06  -2.03e-07  0.77  DIIS mom: 15.0/15 16.0/16
  10    -204.409586245  5.03e-07  1.11e-06  -7.03e-08  0.77  DIIS mom: 15.0/15 16.0/16
  11    -204.409586254  1.39e-07  3.38e-07  -9.04e-09  0.77  DIIS mom: 15.0/15 16.0/16
  12    -204.409586254  4.42e-08  1.05e-07  -4.15e-10  0.77  DIIS mom: 15.0/15 16.0/16
                                                                      diis is converged!

SCF converged : True
final |[F,P]| : 4.42e-08
final |dE|    : 1.05e-07
final Escf    : -328.251351241582
final Etot    : -204.409586254292
final S2      : 0.768523031955041

  diis prep             :::        0.188 (  0.02%)
  diis extrap           :::        0.207 (  0.03%)
  roothaan              :::        0.896 (  0.12%)
  fock build            :::      767.526 ( 99.83%)
  Total                 :::      768.818 (100.00%)

Alpha occupied
  -15.842 -15.842 -11.720  -1.815  -1.517  -1.435  -1.135  -1.052 
   -1.036  -1.002  -0.951  -0.910  -0.862  -0.767  -0.672 

Alpha virtual
  -18.874  -0.090  -0.089  -0.049  -0.040  -0.009   0.021   0.022 
    0.049   0.089   0.092   0.105   0.121   0.173   0.174   0.180 
    0.188   0.201   0.218   0.222   0.247   0.252   0.272   0.285 
    0.325   0.357   0.418   0.425   0.427   0.462   0.466   0.469 
    0.476   0.524   0.530   0.549   0.565   0.568   0.580   0.588 
    0.631   0.663   0.682   0.731   0.731   0.741   0.759   0.764 
    0.801   0.821   0.828   0.838   0.875   0.886   0.904   0.933 
    0.949   0.953   0.955   1.007   1.062   1.105   1.115   1.140 
    1.148   1.208   1.256   1.260   1.282   1.297   1.322   1.330 
    1.345   1.355   1.398   1.438   1.459   1.471   1.488   1.531 
    1.539   1.555   1.576   1.603   1.642   1.658   1.680   1.696 
    1.718   1.727   1.743   1.780   1.781   1.815   1.835   1.839 
    1.839   1.877   1.879   1.909   1.939   1.956   1.971   1.981 
    2.013   2.013   2.045   2.058   2.080   2.130   2.146   2.150 
    2.163   2.192   2.219   2.236   2.259   2.291   2.299   2.326 
    2.371   2.397   2.444   2.444   2.491   2.497   2.569   2.577 
    2.599   2.645   2.667   2.685   2.719   2.727   2.749   2.780 
    2.858   2.860   2.886   2.893   2.951   2.989   2.991   3.029 
    3.062   3.085   3.181   3.203   3.223   3.243   3.274   3.287 
    3.319   3.362   3.404   3.439   3.485   3.492   3.512   3.541 
    3.588   3.598   3.651   3.672   3.701   3.730   3.735   3.749 
    3.794   3.794   3.834   3.849   3.886   3.893   3.919   3.933 
    3.936   3.972   4.028   4.029   4.041   4.081   4.123   4.123 
    4.222   4.225   4.286   4.289   4.299   4.333   4.358   4.359 
    4.380   4.464   4.530   4.562   4.568   4.597   4.606   4.641 
    4.650   4.678   4.706   4.711   4.737   4.793   4.837   4.837 
    4.861   4.879   4.898   4.900   4.925   4.931   4.967   4.989 
    5.016   5.033   5.053   5.070   5.129   5.132   5.215   5.226 
    5.232   5.298   5.334   5.378   5.434   5.436   5.474   5.495 
    5.499   5.526   5.535   5.541   5.545   5.579   5.588   5.651 
    5.690   5.711   5.733   5.737   5.792   5.842   5.863   5.892 
    5.899   5.928   5.969   6.026   6.059   6.059   6.102   6.119 
    6.185   6.185   6.223   6.282   6.379   6.394   6.424   6.545 
    6.547   6.612   6.638   6.702   6.743   6.799   6.816   6.857 
    6.877   6.881   6.902   6.968   6.993   6.995   7.030   7.102 
    7.116   7.138   7.213   7.235   7.240   7.319   7.332   7.406 
    7.463   7.466   7.522   7.545   7.551   7.708   7.727   7.777 
    7.875   7.894   7.906   8.073   8.093   8.131   8.143   8.186 
    8.197   8.212   8.268   8.370   8.405   8.472   8.479   8.496 
    8.530   8.634   8.640   8.720   8.729   8.763   8.864   8.927 
    8.956   9.003   9.054   9.128   9.180   9.263   9.307   9.349 
    9.657   9.667   9.711   9.721   9.873   9.925   9.985  10.048 
   10.192  10.193  10.253  10.406  10.473  10.496  10.530  10.664 
   10.729  10.806  11.065  11.086  11.178  11.183  11.187  11.215 
   11.254  11.272  11.364  11.378  11.461  11.469  11.471  11.505 
   11.549  11.589  11.621  11.683  11.715  11.889  11.978  12.071 
   12.189  12.236  12.257  12.315  12.381  12.390  12.404  12.444 
   12.486  12.496  12.503  12.507  12.521  12.539  12.587  12.590 
   12.607  12.624  12.666  12.696  12.730  12.745  12.760  12.804 
   12.867  12.867  12.875  12.877  12.897  12.938  12.998  13.039 
   13.043  13.056  13.187  13.245  13.259  13.289  13.304  13.348 
   13.370  13.429  13.437  13.466  13.466  13.480  13.496  13.524 
   13.548  13.552  13.595  13.644  13.659  13.685  13.689  13.742 
   13.747  13.796  13.807  13.817  13.833  13.849  13.897  13.964 
   13.967  13.970  14.002  14.005  14.012  14.017  14.031  14.052 
   14.069  14.095  14.154  14.154  14.179  14.186  14.209  14.261 
   14.340  14.423  14.436  14.454  14.497  14.507  14.586  14.664 
   14.678  14.720  14.721  14.780  14.823  14.832  14.926  14.939 
   15.011  15.094  15.162  15.172  15.244  15.306  15.356  15.406 
   15.517  15.522  15.602  15.621  15.712  15.723  15.815  15.886 
   15.941  15.956  16.082  16.089  16.126  16.212  16.236  16.273 
   16.343  16.358  16.402  16.414  16.457  16.536  16.596  16.609 
   16.643  16.646  16.757  16.783  16.845  16.873  16.961  16.986 
   17.167  17.251  17.251  17.281  17.355  17.515  17.518  17.632 
   17.690  17.722  17.816  17.875  17.925  17.932  18.157  18.204 
   18.219  18.242  18.264  18.308  18.416  18.470  18.516  18.605 
   18.631  18.705  18.743  18.814  19.093  19.115  19.127  19.164 
   19.192  19.302  19.348  19.416  19.572  20.123  20.139  20.357 
   20.451  20.481  20.877  20.928  20.968  21.151  21.230  21.232 
   21.271  21.393  21.684  21.709  21.794  21.938  22.425  22.736 
   22.781  22.886  23.043  23.675  23.689  29.399  37.303  37.616 
   38.846  41.138  53.557  53.680  59.773  59.863  60.368  60.603 
   60.758  70.514  70.532  70.728  70.761  71.158  71.341  71.414 
   81.064 105.644 105.904 107.084 178.850 178.911 179.286 179.453 
  179.547 217.692 243.534 243.536 243.538 243.539 243.540 243.541 
  243.542 243.546 243.546 288.719 288.726 288.802 288.814 288.965 
  289.027 289.063 295.719 295.940 296.960 552.905 552.947 553.212 
  553.327 553.386 580.092 833.303 833.486 834.343 2068.472 

Beta occupied
  -23.772 -15.842 -15.842 -11.718  -1.915  -1.524  -1.433  -1.194 
   -1.098  -1.079  -1.048  -0.957  -0.937  -0.874  -0.778  -0.666 

Beta virtual
   -0.094  -0.091  -0.050  -0.040  -0.009   0.017   0.021   0.048 
    0.086   0.092   0.106   0.121   0.168   0.174   0.177   0.189 
    0.202   0.219   0.223   0.247   0.251   0.268   0.279   0.321 
    0.356   0.418   0.421   0.425   0.461   0.465   0.467   0.476 
    0.526   0.530   0.541   0.564   0.564   0.581   0.589   0.632 
    0.661   0.682   0.729   0.731   0.743   0.760   0.763   0.801 
    0.821   0.828   0.836   0.876   0.888   0.903   0.935   0.950 
    0.953   0.956   1.007   1.058   1.103   1.117   1.141   1.145 
    1.209   1.257   1.257   1.284   1.297   1.322   1.328   1.346 
    1.354   1.397   1.432   1.460   1.463   1.481   1.529   1.535 
    1.554   1.572   1.601   1.643   1.653   1.679   1.696   1.716 
    1.725   1.736   1.779   1.780   1.816   1.834   1.834   1.837 
    1.873   1.877   1.908   1.939   1.956   1.972   1.981   2.013 
    2.014   2.045   2.057   2.081   2.129   2.146   2.150   2.163 
    2.193   2.217   2.236   2.258   2.291   2.298   2.326   2.372 
    2.395   2.441   2.444   2.492   2.498   2.569   2.576   2.599 
    2.645   2.667   2.686   2.720   2.725   2.750   2.773   2.850 
    2.859   2.884   2.894   2.948   2.988   2.991   3.025   3.061 
    3.085   3.182   3.203   3.222   3.241   3.275   3.288   3.318 
    3.363   3.405   3.440   3.484   3.491   3.506   3.541   3.587 
    3.599   3.649   3.671   3.699   3.732   3.735   3.743   3.794 
    3.794   3.831   3.849   3.874   3.893   3.915   3.933   3.934 
    3.972   4.024   4.026   4.040   4.080   4.114   4.120   4.218 
    4.226   4.276   4.283   4.299   4.333   4.335   4.355   4.360 
    4.439   4.530   4.557   4.567   4.596   4.605   4.640   4.645 
    4.675   4.703   4.710   4.737   4.789   4.836   4.838   4.858 
    4.870   4.893   4.900   4.926   4.931   4.967   4.986   5.014 
    5.030   5.050   5.069   5.128   5.133   5.213   5.226   5.227 
    5.295   5.332   5.378   5.432   5.433   5.473   5.489   5.499 
    5.524   5.534   5.541   5.545   5.578   5.587   5.651   5.686 
    5.707   5.732   5.736   5.792   5.841   5.861   5.890   5.898 
    5.928   5.967   6.025   6.059   6.059   6.103   6.120   6.185 
    6.185   6.223   6.283   6.380   6.394   6.423   6.543   6.545 
    6.612   6.638   6.697   6.743   6.798   6.814   6.856   6.876 
    6.880   6.899   6.967   6.991   6.993   7.029   7.099   7.112 
    7.133   7.212   7.235   7.240   7.317   7.326   7.405   7.459 
    7.466   7.519   7.541   7.549   7.702   7.727   7.777   7.868 
    7.883   7.905   8.061   8.087   8.131   8.136   8.185   8.192 
    8.212   8.268   8.365   8.403   8.472   8.475   8.495   8.512 
    8.634   8.639   8.717   8.729   8.763   8.863   8.925   8.946 
    9.003   9.053   9.127   9.175   9.253   9.288   9.337   9.638 
    9.662   9.711   9.721   9.857   9.924   9.978  10.048  10.188 
   10.191  10.221  10.372  10.474  10.495  10.532  10.665  10.729 
   10.786  11.061  11.081  11.176  11.177  11.186  11.215  11.253 
   11.271  11.360  11.378  11.461  11.466  11.471  11.505  11.547 
   11.589  11.612  11.683  11.716  11.888  11.970  12.063  12.187 
   12.235  12.241  12.288  12.380  12.390  12.396  12.444  12.486 
   12.494  12.502  12.507  12.519  12.537  12.587  12.590  12.607 
   12.624  12.650  12.696  12.729  12.733  12.759  12.801  12.853 
   12.863  12.872  12.874  12.896  12.937  12.997  13.036  13.037 
   13.055  13.187  13.245  13.259  13.284  13.302  13.348  13.369 
   13.429  13.431  13.452  13.465  13.479  13.488  13.524  13.543 
   13.553  13.580  13.600  13.655  13.659  13.688  13.742  13.747 
   13.751  13.806  13.816  13.831  13.848  13.896  13.961  13.963 
   13.966  14.002  14.002  14.010  14.016  14.029  14.044  14.069 
   14.095  14.149  14.152  14.179  14.185  14.195  14.261  14.335 
   14.422  14.435  14.452  14.493  14.507  14.586  14.664  14.678 
   14.720  14.721  14.778  14.823  14.832  14.913  14.926  15.011 
   15.093  15.162  15.172  15.241  15.306  15.311  15.392  15.516 
   15.522  15.601  15.621  15.711  15.723  15.814  15.886  15.941 
   15.954  16.079  16.088  16.125  16.212  16.236  16.256  16.343 
   16.357  16.402  16.414  16.453  16.535  16.596  16.608  16.643 
   16.646  16.756  16.783  16.845  16.873  16.960  16.986  17.167 
   17.251  17.251  17.279  17.355  17.516  17.518  17.632  17.690 
   17.722  17.816  17.875  17.924  17.932  18.157  18.202  18.218 
   18.236  18.256  18.307  18.412  18.469  18.512  18.597  18.618 
   18.690  18.743  18.803  19.082  19.111  19.123  19.154  19.181 
   19.283  19.332  19.406  19.557  20.123  20.139  20.332  20.451 
   20.480  20.856  20.924  20.966  21.132  21.178  21.232  21.240 
   21.339  21.682  21.708  21.793  21.937  22.371  22.696  22.779 
   22.872  22.983  23.675  23.689  29.029  36.948  37.265  38.532 
   41.113  53.558  53.681  59.609  59.699  60.206  60.441  60.595 
   70.429  70.447  70.644  70.677  71.074  71.256  71.331  80.548 
  105.180 105.442 106.628 178.564 178.625 179.000 179.168 179.262 
  217.195 243.418 243.420 243.423 243.423 243.424 243.425 243.426 
  243.430 243.430 288.506 288.513 288.590 288.601 288.752 288.815 
  288.851 295.282 295.504 296.526 552.599 552.641 552.906 553.021 
  553.080 579.694 832.968 833.151 834.009 2068.225 


  >>> Running UHF-MP2 <<<

MP2 correlation energy (UHF) : -1.0063224950
MP2 total energy       (UHF) : -205.4159087493

