	*********************************************** 
	***** Beginning CEBE Calculation with MOM ***** 
	*****       Calculation Details:          ***** 
	      Geometry:	 /home/am3939/core/cebe_prediction/calculations/mols/exp/c/ch3-c-o2h.xyz
	      Core Basis:	 pcX-4
	      Full Basis:	 pc-4
	      DIIS (start, space):	 20 50
	      Level shift:	 0.0
	      Do localization?:	 False
	      Do SFX2C1E?:	 True
	      Freeze orbitals?:	 True
	      Use Cheng orbitals?:	 False
	      Do Special Basis?:	 True
	      Special Basis:	 pcX-4
	*********************************************** 
	*********************************************** 

  >>> Running RHF <<<

init D/C      : minao
init ov       : zeros
no            : 16
nv            : 716
ov_size       : 11456
max_cycle     : 1000
conv          : 6
econv         : 9
method        : gdm
scale_stop    : 0
scale_factor  : 1.000000
init E        : -227.782280387848
init |[F,P]|  : 6.71e-03
init |dE|     : 1.53e-02
check file    : None

iter      total energy   |[F,P]|      |dE|         ∆E   comment
   1    -227.853096847  5.15e-03  1.20e-02  -7.08e-02  BFGS
   2    -227.921907673  6.10e-04  1.36e-03  -6.88e-02  BFGS
   3    -227.923209487  3.15e-04  7.51e-04  -1.30e-03  BFGS
   4    -227.923569667  8.55e-05  2.02e-04  -3.60e-04  BFGS
   5    -227.923606962  3.20e-05  7.10e-05  -3.73e-05  BFGS
   6    -227.923615436  8.18e-06  1.76e-05  -8.47e-06  BFGS
   7    -227.923615773  2.63e-06  5.61e-06  -3.37e-07  BFGS
   8    -227.923615806  6.72e-07  1.42e-06  -3.30e-08  BFGS
   9    -227.923615808  1.75e-07  3.83e-07  -1.77e-09  BFGS
  10    -227.923615808  3.11e-08  6.73e-08  -1.14e-10  BFGS
                                                                      gdm is converged!

SCF converged : True
final |[F,P]| : 3.11e-08
final |dE|    : 6.73e-08
final Escf    : -349.612865564405
final Etot    : -227.923615808147

  pxp & ewc             :::        0.908 (  0.13%)
  apply B               :::        0.003 (  0.00%)
  linsrch               :::      700.725 ( 99.87%)
  grad                  :::        0.031 (  0.00%)
  Total                 :::      701.668 (100.00%)

Alpha occupied
  -20.616 -20.547 -11.388 -11.243  -1.472  -1.362  -1.033  -0.827 
   -0.711  -0.685  -0.656  -0.587  -0.575  -0.566  -0.484  -0.458 

Alpha virtual
    0.046   0.061   0.079   0.082   0.092   0.111   0.112   0.117 
    0.121   0.154   0.164   0.190   0.202   0.210   0.210   0.228 
    0.243   0.249   0.260   0.263   0.273   0.279   0.301   0.303 
    0.323   0.355   0.366   0.368   0.390   0.413   0.415   0.418 
    0.456   0.461   0.469   0.485   0.500   0.502   0.512   0.529 
    0.542   0.544   0.551   0.580   0.586   0.593   0.605   0.619 
    0.633   0.635   0.639   0.647   0.658   0.674   0.703   0.729 
    0.739   0.765   0.774   0.780   0.791   0.791   0.810   0.821 
    0.840   0.859   0.880   0.908   0.913   0.918   0.963   0.966 
    0.973   0.988   0.990   1.042   1.055   1.097   1.112   1.126 
    1.133   1.143   1.160   1.171   1.189   1.194   1.220   1.227 
    1.245   1.258   1.262   1.285   1.297   1.315   1.323   1.340 
    1.351   1.392   1.399   1.409   1.427   1.461   1.462   1.470 
    1.492   1.493   1.500   1.503   1.548   1.556   1.558   1.606 
    1.638   1.653   1.679   1.737   1.744   1.750   1.764   1.801 
    1.819   1.829   1.838   1.842   1.865   1.917   1.934   1.964 
    1.965   1.980   2.005   2.009   2.042   2.056   2.067   2.091 
    2.096   2.135   2.151   2.169   2.213   2.216   2.225   2.240 
    2.288   2.310   2.319   2.352   2.359   2.380   2.423   2.435 
    2.476   2.483   2.511   2.526   2.535   2.555   2.560   2.567 
    2.594   2.614   2.626   2.633   2.671   2.676   2.698   2.701 
    2.715   2.759   2.813   2.860   2.878   2.925   2.939   2.979 
    3.009   3.037   3.089   3.150   3.151   3.170   3.197   3.261 
    3.283   3.289   3.301   3.363   3.397   3.408   3.426   3.480 
    3.490   3.500   3.541   3.546   3.547   3.585   3.605   3.630 
    3.670   3.673   3.697   3.726   3.747   3.780   3.806   3.807 
    3.853   3.919   3.919   3.948   3.990   3.991   4.066   4.112 
    4.119   4.151   4.152   4.167   4.205   4.221   4.282   4.296 
    4.331   4.346   4.356   4.384   4.404   4.409   4.434   4.449 
    4.470   4.482   4.527   4.541   4.549   4.599   4.620   4.654 
    4.680   4.713   4.735   4.771   4.771   4.781   4.796   4.809 
    4.837   4.870   4.903   4.923   4.945   4.964   4.965   4.985 
    4.985   4.997   5.018   5.033   5.071   5.122   5.143   5.174 
    5.202   5.225   5.238   5.258   5.306   5.340   5.364   5.417 
    5.429   5.449   5.493   5.568   5.579   5.619   5.653   5.682 
    5.707   5.720   5.720   5.755   5.769   5.832   5.843   5.850 
    5.917   5.972   5.975   6.017   6.033   6.042   6.080   6.136 
    6.151   6.174   6.190   6.233   6.269   6.312   6.338   6.392 
    6.429   6.453   6.463   6.467   6.547   6.554   6.606   6.657 
    6.664   6.670   6.689   6.779   6.824   6.885   6.938   6.987 
    6.999   7.085   7.114   7.132   7.133   7.162   7.181   7.251 
    7.290   7.325   7.337   7.351   7.430   7.456   7.497   7.637 
    7.694   7.734   7.786   7.836   7.849   7.892   7.905   7.980 
    8.120   8.166   8.341   8.380   8.439   8.499   8.568   8.586 
    8.701   8.728   8.798   8.835   8.837   9.035   9.092   9.203 
    9.231   9.277   9.309   9.338   9.376   9.407   9.433   9.482 
    9.483   9.506   9.519   9.618   9.668   9.703   9.743   9.767 
    9.822   9.982  10.004  10.048  10.070  10.101  10.106  10.206 
   10.208  10.295  10.304  10.333  10.549  10.555  10.587  10.842 
   10.891  10.942  10.960  11.013  11.041  11.052  11.087  11.120 
   11.205  11.255  11.269  11.275  11.306  11.332  11.488  11.557 
   11.579  11.585  11.597  11.649  11.693  11.721  11.757  11.813 
   11.828  11.856  11.863  11.896  11.935  11.970  12.039  12.086 
   12.101  12.144  12.195  12.213  12.277  12.332  12.342  12.350 
   12.401  12.409  12.433  12.466  12.553  12.569  12.575  12.600 
   12.607  12.650  12.687  12.697  12.714  12.721  12.733  12.750 
   12.812  12.828  12.835  12.849  12.869  12.934  12.944  12.956 
   13.012  13.040  13.084  13.085  13.133  13.133  13.143  13.145 
   13.212  13.226  13.278  13.294  13.297  13.308  13.322  13.362 
   13.384  13.388  13.403  13.451  13.458  13.476  13.525  13.616 
   13.622  13.654  13.691  13.727  13.751  13.770  13.832  13.886 
   13.904  13.926  13.953  13.968  13.985  14.041  14.071  14.103 
   14.160  14.196  14.230  14.279  14.281  14.380  14.390  14.457 
   14.457  14.539  14.632  14.639  14.710  14.864  14.933  15.029 
   15.070  15.087  15.127  15.144  15.241  15.256  15.319  15.387 
   15.579  15.611  15.747  15.810  15.932  15.980  16.029  16.049 
   16.113  16.239  16.336  16.452  16.486  16.509  16.671  16.913 
   17.079  17.196  17.211  17.227  17.237  17.247  17.282  17.284 
   17.321  17.390  17.567  17.664  17.747  17.755  17.813  17.814 
   17.848  17.881  17.890  17.933  17.975  18.122  18.128  18.151 
   18.179  18.180  18.244  18.301  18.492  18.549  18.712  18.743 
   18.755  18.843  18.947  18.970  18.986  19.118  19.154  19.174 
   19.242  19.418  19.483  19.500  19.503  19.577  19.706  19.716 
   19.746  19.887  20.099  20.290  20.354  20.530  20.560  20.640 
   20.807  20.878  20.903  21.291  21.525  21.597  21.604  21.674 
   21.678  22.150  23.829  23.899  24.024  24.122  24.156  24.248 
   24.300  24.537  24.588  24.625  24.696  24.752  24.896  24.921 
   25.364  26.051  26.159  26.221  26.367  27.171  27.646  28.026 
   29.292  30.537  31.366  31.986  33.083  33.223  33.384  33.542 
   33.570  33.775  33.818  34.195  34.378  34.611  34.702  34.777 
   35.322  35.464  35.722  35.945  36.053  36.925  37.448  37.575 
   37.877  38.361  41.866  41.944  42.059  42.339  62.214  63.192 
   68.129  68.201  68.304  68.471  68.687  68.699  69.028  69.375 
   70.256  70.476  91.656  91.709  91.869  91.921  92.014  92.153 
   92.243  92.291  93.232  93.292  93.328  94.292  94.294  95.028 
   95.318  95.455  95.632  95.752 136.375 137.337 146.450 147.244 
  288.541 289.142 289.380 289.481 289.590 289.699 310.719 311.642 
  739.138 740.025 1137.650 1138.107 1138.288 1138.348 1138.410 1138.479 
  1850.987 1851.838 4946.448 4947.259 14407.812 14408.579 47393.227 47393.945 
  188468.018 188468.675 1077044.100 1077044.673 


  >>> Running RHF-MP2 <<<


RMP2-TIMING
  rmp2                  :::      491.672 (100.00%)
  Total                 :::      491.672 (100.00%)

MP2 correlation energy (RHF) : -1.0803671143
MP2 total energy       (RHF) : -229.0039829224


  >>> Running UHF <<<

init D/C      : input mo_coeff
init ov       : zeros
no            : 15 16
nv            : 717 716
ov_size       : 22211
max_cycle     : 1000
conv          : 6
econv         : 9
method        : diis
mom_start     : 0
guess mix     : 0.000000
orb_swap      : [[[2, 15]], []]
init E        : -216.535582203218
init S2       : 0.750000000000089
init |[F,P]|  : 1.15e-02
init |dE|     : 2.79e-02
check file    : None

iter      total energy   |[F,P]|      |dE|         ∆E   S^2   comment
   1    -216.774667281  8.07e-03  1.80e-02  -2.39e-01  0.76  DIIS mom: 14.7/15 15.6/16
   2    -216.857860879  6.39e-03  1.44e-02  -8.32e-02  0.76  DIIS mom: 14.8/15 15.8/16
   3    -216.870944883  6.17e-03  1.45e-02  -1.31e-02  0.77  DIIS mom: 14.8/15 15.8/16
   4    -216.897563823  5.57e-03  1.33e-02  -2.66e-02  0.77  DIIS mom: 14.8/15 15.9/16
   5    -216.897582174  5.58e-03  1.33e-02  -1.84e-05  0.79  DIIS mom: 14.9/15 15.8/16
   6    -216.914853993  5.21e-03  1.27e-02  -1.73e-02  0.79  DIIS mom: 14.9/15 15.9/16
   7    -216.914760722  5.24e-03  1.26e-02   9.33e-05  0.81  DIIS mom: 14.9/15 15.9/16
   8    -216.930560976  4.91e-03  1.21e-02  -1.58e-02  0.81  DIIS mom: 14.9/15 15.9/16
   9    -216.934189768  4.89e-03  1.18e-02  -3.63e-03  0.84  DIIS mom: 14.9/15 15.9/16
  10    -216.950701179  4.54e-03  1.13e-02  -1.65e-02  0.84  DIIS mom: 14.9/15 15.9/16
  11    -216.959190060  4.43e-03  1.07e-02  -8.49e-03  0.88  DIIS mom: 14.9/15 15.9/16
  12    -216.976593764  4.04e-03  1.00e-02  -1.74e-02  0.88  DIIS mom: 14.9/15 15.9/16
  13    -216.989112480  3.81e-03  9.30e-03  -1.25e-02  0.93  DIIS mom: 14.9/15 15.9/16
  14    -217.006225744  3.38e-03  8.40e-03  -1.71e-02  0.94  DIIS mom: 14.9/15 15.9/16
  15    -217.020096851  3.07e-03  7.51e-03  -1.39e-02  0.99  DIIS mom: 15.0/15 15.9/16
  16    -217.034733721  2.61e-03  6.49e-03  -1.46e-02  1.00  DIIS mom: 15.0/15 16.0/16
  17    -217.046484377  2.26e-03  5.56e-03  -1.18e-02  1.06  DIIS mom: 15.0/15 16.0/16
  18    -217.056678270  1.84e-03  4.56e-03  -1.02e-02  1.08  DIIS mom: 15.0/15 16.0/16
  19    -217.064218105  1.52e-03  3.74e-03  -7.54e-03  1.13  DIIS mom: 15.0/15 16.0/16
  20    -217.064281259  3.09e-04  6.69e-04  -6.32e-05  0.87  DIIS mom: 15.0/15 16.0/16
  21    -217.058021867  1.22e-03  2.85e-03   6.26e-03  0.89  DIIS mom: 15.0/15 16.0/16
  22    -217.076361647  6.06e-04  1.58e-03  -1.83e-02  1.27  DIIS mom: 15.0/15 15.9/16
  23    -217.070293145  1.19e-03  3.27e-03   6.07e-03  1.22  DIIS mom: 15.0/15 16.0/16
  24    -217.077956076  2.38e-04  5.46e-04  -7.66e-03  1.41  DIIS mom: 15.0/15 16.0/16
  25    -217.066502325  7.84e-04  1.83e-03   1.15e-02  1.61  DIIS mom: 15.0/15 16.0/16
  26    -217.074103468  3.12e-04  6.67e-04  -7.60e-03  1.06  DIIS mom: 14.9/15 15.9/16
  27    -217.053922572  2.89e-04  6.22e-04   2.02e-02  0.77  DIIS mom: 14.9/15 15.9/16
  28    -217.077452621  2.44e-04  5.26e-04  -2.35e-02  1.17  DIIS mom: 14.9/15 15.9/16
  29    -217.078982753  1.13e-04  2.51e-04  -1.53e-03  1.25  DIIS mom: 15.0/15 16.0/16
  30    -217.078938147  1.18e-04  2.62e-04   4.46e-05  1.24  DIIS mom: 15.0/15 16.0/16
  31    -217.079336985  6.04e-05  1.33e-04  -3.99e-04  1.34  DIIS mom: 15.0/15 16.0/16
  32    -217.079197357  1.60e-04  3.75e-04   1.40e-04  1.34  DIIS mom: 15.0/15 16.0/16
  33    -217.079352967  1.09e-04  2.69e-04  -1.56e-04  1.31  DIIS mom: 15.0/15 16.0/16
  34    -217.079418771  3.62e-05  7.90e-05  -6.58e-05  1.32  DIIS mom: 15.0/15 16.0/16
  35    -217.077886319  2.25e-04  4.83e-04   1.53e-03  1.43  DIIS mom: 15.0/15 16.0/16
  36    -217.079381608  4.62e-05  1.06e-04  -1.50e-03  1.29  DIIS mom: 15.0/15 16.0/16
  37    -217.078899580  2.02e-04  4.87e-04   4.82e-04  1.36  DIIS mom: 15.0/15 16.0/16
  38    -217.079430382  2.54e-05  6.17e-05  -5.31e-04  1.32  DIIS mom: 15.0/15 16.0/16
  39    -217.079433907  1.81e-05  4.22e-05  -3.52e-06  1.32  DIIS mom: 15.0/15 16.0/16
  40    -217.079428403  1.61e-05  3.50e-05   5.50e-06  1.30  DIIS mom: 15.0/15 16.0/16
  41    -217.079426972  1.77e-05  3.92e-05   1.43e-06  1.30  DIIS mom: 15.0/15 16.0/16
  42    -217.079431023  1.21e-05  2.79e-05  -4.05e-06  1.32  DIIS mom: 15.0/15 16.0/16
  43    -217.079437211  1.58e-06  3.54e-06  -6.19e-06  1.31  DIIS mom: 15.0/15 16.0/16
  44    -217.079437251  2.20e-07  4.87e-07  -3.99e-08  1.31  DIIS mom: 15.0/15 16.0/16
  45    -217.079437250  2.65e-07  5.84e-07   1.39e-09  1.31  DIIS mom: 15.0/15 16.0/16
  46    -217.079437251  1.74e-07  3.90e-07  -1.77e-09  1.31  DIIS mom: 15.0/15 16.0/16
  47    -217.079437253  8.07e-08  1.81e-07  -1.17e-09  1.31  DIIS mom: 15.0/15 16.0/16
  48    -217.079437253  1.52e-08  3.45e-08  -3.02e-10  1.31  DIIS mom: 15.0/15 16.0/16
                                                                      diis is converged!

SCF converged : True
final |[F,P]| : 1.52e-08
final |dE|    : 3.45e-08
final Escf    : -338.768687009204
final Etot    : -217.079437252945
final S2      : 1.31348087433506

  diis prep             :::        1.255 (  0.03%)
  diis extrap           :::        2.727 (  0.07%)
  roothaan              :::        9.431 (  0.25%)
  fock build            :::     3741.261 ( 99.64%)
  Total                 :::     3754.674 (100.00%)

Alpha occupied
  -20.977 -20.916 -11.509  -1.856  -1.717  -1.326  -1.131  -1.082 
   -1.018  -1.011  -0.898  -0.844  -0.829  -0.812  -0.798 

Alpha virtual
  -10.252  -0.164  -0.107  -0.077  -0.063  -0.057  -0.045  -0.029 
   -0.024  -0.019  -0.018   0.017   0.035   0.036   0.057   0.057 
    0.069   0.082   0.092   0.093   0.095   0.109   0.123   0.134 
    0.137   0.146   0.165   0.174   0.188   0.192   0.212   0.239 
    0.245   0.247   0.274   0.283   0.289   0.296   0.307   0.321 
    0.333   0.342   0.355   0.360   0.385   0.395   0.410   0.413 
    0.418   0.449   0.453   0.462   0.466   0.473   0.492   0.501 
    0.514   0.544   0.546   0.554   0.564   0.578   0.585   0.612 
    0.619   0.644   0.646   0.650   0.695   0.697   0.710   0.725 
    0.743   0.756   0.762   0.775   0.830   0.832   0.877   0.882 
    0.903   0.924   0.934   0.940   0.955   0.985   0.987   1.011 
    1.013   1.022   1.055   1.066   1.070   1.083   1.112   1.114 
    1.133   1.147   1.181   1.193   1.207   1.211   1.246   1.255 
    1.267   1.278   1.303   1.303   1.308   1.331   1.346   1.362 
    1.405   1.408   1.442   1.447   1.506   1.511   1.525   1.528 
    1.566   1.572   1.593   1.608   1.608   1.613   1.667   1.680 
    1.684   1.720   1.749   1.758   1.763   1.768   1.804   1.823 
    1.839   1.844   1.887   1.906   1.915   1.930   1.970   1.979 
    1.984   2.053   2.061   2.074   2.095   2.107   2.143   2.164 
    2.184   2.231   2.232   2.253   2.263   2.285   2.290   2.301 
    2.333   2.362   2.363   2.381   2.405   2.417   2.438   2.446 
    2.466   2.472   2.521   2.548   2.612   2.633   2.688   2.693 
    2.720   2.754   2.782   2.834   2.870   2.889   2.922   2.963 
    3.008   3.019   3.057   3.074   3.123   3.130   3.168   3.194 
    3.218   3.233   3.233   3.299   3.307   3.312   3.333   3.361 
    3.379   3.413   3.443   3.447   3.485   3.504   3.527   3.553 
    3.578   3.618   3.662   3.682   3.692   3.739   3.751   3.813 
    3.863   3.870   3.889   3.904   3.928   3.949   3.958   4.024 
    4.025   4.076   4.102   4.124   4.140   4.152   4.156   4.168 
    4.193   4.197   4.218   4.253   4.272   4.309   4.336   4.351 
    4.371   4.411   4.462   4.466   4.481   4.492   4.510   4.529 
    4.552   4.569   4.603   4.636   4.647   4.654   4.686   4.688 
    4.716   4.724   4.734   4.754   4.771   4.802   4.863   4.864 
    4.899   4.925   4.946   4.962   4.990   5.020   5.077   5.093 
    5.136   5.162   5.168   5.203   5.266   5.285   5.317   5.369 
    5.405   5.419   5.468   5.483   5.489   5.504   5.532   5.573 
    5.600   5.623   5.655   5.686   5.730   5.745   5.750   5.821 
    5.837   5.851   5.896   5.920   5.939   5.997   6.012   6.020 
    6.122   6.125   6.140   6.154   6.180   6.216   6.231   6.329 
    6.351   6.366   6.389   6.397   6.489   6.560   6.613   6.664 
    6.680   6.708   6.814   6.835   6.838   6.861   6.901   6.930 
    7.008   7.022   7.053   7.070   7.091   7.156   7.183   7.212 
    7.328   7.429   7.433   7.515   7.551   7.587   7.629   7.665 
    7.719   7.833   7.874   8.026   8.064   8.135   8.180   8.269 
    8.274   8.342   8.430   8.533   8.542   8.558   8.717   8.863 
    8.917   8.968   8.978   9.043   9.105   9.127   9.145   9.181 
    9.237   9.246   9.262   9.286   9.367   9.415   9.470   9.479 
    9.517   9.559   9.642   9.704   9.753   9.815   9.839   9.845 
    9.928   9.949  10.018  10.054  10.059  10.180  10.245  10.288 
   10.462  10.537  10.573  10.630  10.704  10.719  10.755  10.788 
   10.830  10.862  10.892  10.921  10.980  11.030  11.082  11.105 
   11.182  11.201  11.281  11.292  11.369  11.376  11.444  11.453 
   11.497  11.538  11.557  11.567  11.591  11.638  11.680  11.707 
   11.726  11.765  11.796  11.818  11.883  11.957  12.021  12.031 
   12.059  12.109  12.112  12.140  12.173  12.245  12.259  12.276 
   12.283  12.287  12.302  12.315  12.326  12.358  12.421  12.431 
   12.454  12.466  12.519  12.537  12.555  12.603  12.616  12.631 
   12.694  12.704  12.732  12.742  12.777  12.815  12.853  12.859 
   12.874  12.891  12.935  12.960  12.987  13.027  13.028  13.046 
   13.066  13.070  13.109  13.111  13.141  13.162  13.206  13.220 
   13.293  13.296  13.318  13.368  13.397  13.432  13.462  13.512 
   13.534  13.573  13.589  13.649  13.655  13.681  13.740  13.755 
   13.787  13.847  13.850  13.883  13.906  14.001  14.091  14.100 
   14.143  14.193  14.299  14.338  14.348  14.386  14.475  14.610 
   14.696  14.715  14.790  14.818  14.857  14.923  15.010  15.019 
   15.097  15.288  15.369  15.423  15.460  15.592  15.617  15.704 
   15.743  15.820  15.962  16.052  16.147  16.234  16.265  16.335 
   16.541  16.779  16.933  16.972  16.985  17.003  17.012  17.042 
   17.053  17.084  17.114  17.163  17.395  17.406  17.439  17.456 
   17.522  17.548  17.615  17.643  17.693  17.702  17.715  17.772 
   17.850  17.872  17.899  17.903  17.937  18.137  18.263  18.383 
   18.419  18.515  18.602  18.619  18.658  18.720  18.746  18.795 
   18.921  18.999  19.111  19.157  19.184  19.250  19.260  19.313 
   19.432  19.485  19.501  19.800  20.025  20.128  20.227  20.333 
   20.350  20.410  20.651  20.668  21.059  21.285  21.341  21.367 
   21.395  21.443  21.865  23.483  23.605  23.608  23.855  23.923 
   24.003  24.016  24.269  24.337  24.352  24.449  24.481  24.521 
   24.622  24.967  25.707  25.926  25.992  26.133  26.737  27.372 
   27.724  28.441  30.257  30.932  31.693  32.007  32.523  32.877 
   33.052  33.079  33.288  33.298  33.529  33.816  34.013  34.303 
   34.325  34.497  34.601  35.035  35.473  35.511  36.327  37.110 
   37.189  37.302  37.325  41.638  41.712  41.791  42.107  60.860 
   62.921  67.711  67.783  68.004  68.169  68.263  68.391  68.626 
   69.069  69.836  70.172  91.418  91.445  91.636  91.676  91.753 
   91.915  92.005  92.059  92.364  93.001  93.057  93.091  93.537 
   93.751  94.025  94.956  95.054  95.216 134.371 137.065 146.040 
  146.944 285.672 286.598 286.779 289.013 289.115 289.242 308.026 
  311.368 735.850 739.751 1133.978 1134.639 1134.771 1137.942 1138.022 
  1138.113 1847.270 1851.565 4942.467 4946.986 14403.692 14408.307 47389.045 
  47393.673 188463.811 188468.404 1077039.885 1077044.403 

Beta occupied
  -20.943 -20.920 -13.946 -11.505  -1.856  -1.699  -1.366  -1.157 
   -1.072  -1.067  -1.028  -0.908  -0.829  -0.822  -0.794  -0.780 

Beta virtual
   -0.175  -0.107  -0.077  -0.057  -0.057  -0.046  -0.031  -0.024 
   -0.019  -0.018   0.017   0.023   0.035   0.057   0.061   0.066 
    0.072   0.090   0.093   0.099   0.107   0.117   0.124   0.132 
    0.137   0.158   0.166   0.176   0.188   0.199   0.239   0.241 
    0.245   0.270   0.281   0.287   0.289   0.301   0.324   0.332 
    0.341   0.356   0.362   0.382   0.388   0.406   0.409   0.415 
    0.448   0.453   0.462   0.469   0.475   0.488   0.497   0.512 
    0.545   0.546   0.566   0.567   0.578   0.583   0.613   0.620 
    0.645   0.647   0.651   0.672   0.692   0.704   0.719   0.740 
    0.757   0.764   0.775   0.823   0.824   0.862   0.873   0.901 
    0.925   0.934   0.935   0.955   0.983   0.987   1.008   1.009 
    1.022   1.054   1.065   1.069   1.080   1.113   1.113   1.132 
    1.145   1.179   1.193   1.202   1.211   1.243   1.253   1.267 
    1.280   1.304   1.304   1.308   1.330   1.345   1.361   1.405 
    1.406   1.444   1.445   1.507   1.510   1.523   1.536   1.567 
    1.578   1.593   1.608   1.609   1.614   1.671   1.683   1.700 
    1.717   1.754   1.754   1.767   1.777   1.811   1.824   1.837 
    1.847   1.883   1.906   1.912   1.931   1.963   1.977   1.977 
    2.039   2.058   2.070   2.096   2.104   2.133   2.154   2.177 
    2.228   2.228   2.233   2.250   2.282   2.285   2.300   2.329 
    2.359   2.359   2.376   2.401   2.418   2.435   2.446   2.460 
    2.473   2.522   2.542   2.607   2.633   2.686   2.691   2.711 
    2.752   2.774   2.824   2.850   2.889   2.922   2.957   3.008 
    3.019   3.055   3.069   3.119   3.119   3.169   3.193   3.212 
    3.225   3.232   3.298   3.306   3.311   3.333   3.357   3.378 
    3.408   3.442   3.446   3.480   3.503   3.520   3.552   3.577 
    3.614   3.656   3.677   3.692   3.735   3.750   3.809   3.862 
    3.876   3.889   3.904   3.924   3.952   3.959   4.024   4.030 
    4.072   4.099   4.129   4.142   4.150   4.169   4.176   4.189 
    4.197   4.219   4.250   4.271   4.308   4.337   4.360   4.382 
    4.414   4.457   4.464   4.487   4.493   4.501   4.521   4.552 
    4.566   4.598   4.628   4.646   4.660   4.679   4.689   4.709 
    4.726   4.733   4.753   4.770   4.790   4.846   4.861   4.895 
    4.911   4.943   4.959   4.989   5.017   5.073   5.094   5.137 
    5.162   5.167   5.188   5.263   5.285   5.315   5.366   5.401 
    5.426   5.462   5.483   5.484   5.507   5.527   5.572   5.599 
    5.608   5.644   5.678   5.728   5.735   5.745   5.805   5.821 
    5.826   5.886   5.914   5.945   5.996   5.999   6.026   6.092 
    6.120   6.144   6.150   6.180   6.222   6.226   6.327   6.343 
    6.367   6.387   6.392   6.473   6.560   6.602   6.659   6.671 
    6.701   6.810   6.834   6.836   6.862   6.898   6.929   7.008 
    7.020   7.051   7.069   7.089   7.156   7.183   7.206   7.310 
    7.428   7.436   7.512   7.545   7.588   7.629   7.664   7.718 
    7.826   7.867   8.027   8.054   8.138   8.167   8.265   8.272 
    8.330   8.438   8.535   8.538   8.558   8.710   8.861   8.913 
    8.968   8.976   9.040   9.104   9.123   9.144   9.180   9.237 
    9.246   9.261   9.285   9.366   9.415   9.469   9.476   9.516 
    9.556   9.676   9.726   9.752   9.816   9.842   9.843   9.929 
    9.948  10.027  10.051  10.057  10.192  10.251  10.285  10.441 
   10.534  10.550  10.626  10.701  10.711  10.750  10.783  10.822 
   10.853  10.867  10.909  10.975  11.029  11.078  11.098  11.166 
   11.175  11.272  11.285  11.374  11.401  11.450  11.450  11.485 
   11.517  11.550  11.564  11.577  11.630  11.668  11.699  11.723 
   11.726  11.785  11.796  11.878  11.940  12.015  12.020  12.056 
   12.100  12.106  12.139  12.168  12.232  12.251  12.269  12.273 
   12.284  12.318  12.327  12.329  12.336  12.426  12.437  12.453 
   12.457  12.512  12.538  12.549  12.598  12.605  12.625  12.690 
   12.699  12.711  12.738  12.773  12.807  12.846  12.864  12.878 
   12.890  12.928  12.960  12.993  13.026  13.028  13.043  13.065 
   13.067  13.108  13.110  13.148  13.164  13.206  13.222  13.284 
   13.303  13.315  13.357  13.390  13.414  13.462  13.501  13.512 
   13.572  13.579  13.637  13.650  13.681  13.732  13.735  13.786 
   13.840  13.845  13.877  13.895  13.998  14.083  14.096  14.129 
   14.194  14.299  14.335  14.339  14.373  14.418  14.589  14.671 
   14.712  14.789  14.804  14.857  14.916  15.010  15.015  15.092 
   15.286  15.369  15.418  15.454  15.581  15.593  15.682  15.740 
   15.816  15.956  16.042  16.141  16.234  16.261  16.320  16.525 
   16.768  16.933  16.967  16.984  17.001  17.002  17.024  17.053 
   17.077  17.095  17.162  17.396  17.433  17.453  17.468  17.522 
   17.547  17.613  17.648  17.695  17.701  17.712  17.786  17.854 
   17.870  17.896  17.903  17.928  18.127  18.262  18.382  18.427 
   18.515  18.601  18.628  18.657  18.706  18.745  18.791  18.921 
   18.999  19.131  19.154  19.184  19.249  19.260  19.314  19.429 
   19.485  19.506  19.800  20.025  20.128  20.222  20.332  20.340 
   20.410  20.650  20.668  21.059  21.284  21.339  21.366  21.393 
   21.442  21.865  23.515  23.605  23.641  23.854  23.922  24.000 
   24.015  24.269  24.334  24.351  24.457  24.499  24.520  24.621 
   24.973  25.701  25.925  25.991  26.133  26.745  27.371  27.711 
   28.189  30.254  30.941  31.690  31.861  32.399  32.887  32.960 
   33.070  33.249  33.296  33.519  33.706  33.966  34.186  34.217 
   34.415  34.497  34.985  35.409  35.518  36.191  37.036  37.126 
   37.189  37.319  41.636  41.711  41.791  42.106  60.543  62.921 
   67.727  67.799  68.002  68.168  68.278  68.391  68.631  69.068 
   69.846  70.173  91.417  91.444  91.635  91.675  91.753  91.912 
   91.956  92.046  92.059  93.000  93.049  93.089  93.200  93.399 
   94.025  94.946  95.055  95.216 134.056 137.065 146.046 146.943 
  285.349 286.279 286.460 289.011 289.115 289.243 307.761 311.368 
  735.662 739.752 1133.794 1134.456 1134.587 1137.942 1138.022 1138.113 
  1847.156 1851.565 4942.408 4946.986 14403.666 14408.307 47389.035 47393.673 
  188463.808 188468.404 1077039.884 1077044.403 


  >>> Running UHF-MP2 <<<

MP2 correlation energy (UHF) : -1.0212570176
MP2 total energy       (UHF) : -218.1006942706

