	*********************************************** 
	***** Beginning CEBE Calculation with MOM ***** 
	*****       Calculation Details:          ***** 
	      Geometry:	 /work/morgunov/rev2calcs/mols/exp/o/ch3coch3.xyz
	      Core Basis:	 ccX-5Z
	      Full Basis:	 cc-pV5Z
	      DIIS (start, space):	 0 50
	      Level shift:	 0
	      Do localization?:	 False
	      Do SFX2C1E?:	 True
	      Freeze orbitals?:	 True
	      Use Cheng orbitals?:	 False
	      Do Special Basis?:	 True
	      Do Special Basis?:	 ccX-5Z
	*********************************************** 
	*********************************************** 

  >>> Running RHF <<<

init D/C      : minao
init ov       : zeros
no            : 16
nv            : 779
ov_size       : 12464
max_cycle     : 1000
conv          : 6
econv         : 9
method        : gdm
scale_stop    : 0
scale_factor  : 1.000000
init E        : -191.917202217689
init |[F,P]|  : 5.40e-03
init |dE|     : 1.34e-02
check file    : None

iter      total energy   |[F,P]|      |dE|         ∆E   comment
   1    -191.967289625  5.06e-03  1.23e-02  -5.01e-02  BFGS
   2    -192.049653360  4.12e-04  9.73e-04  -8.24e-02  BFGS
   3    -192.050988953  1.27e-04  2.96e-04  -1.34e-03  BFGS
   4    -192.051209713  5.51e-05  1.38e-04  -2.21e-04  BFGS
   5    -192.051234340  2.51e-05  6.04e-05  -2.46e-05  BFGS
   6    -192.051239136  4.22e-06  9.51e-06  -4.80e-06  BFGS
   7    -192.051239292  1.31e-06  3.05e-06  -1.56e-07  BFGS
   8    -192.051239305  3.28e-07  8.42e-07  -1.23e-08  BFGS
   9    -192.051239305  8.67e-08  2.10e-07  -6.78e-10  BFGS
                                                                      gdm is converged!

SCF converged : True
final |[F,P]| : 8.67e-08
final |dE|    : 2.10e-07
final Escf    : -312.124166283249
final Etot    : -192.051239305224

  pxp & ewc             :::        0.903 (  0.05%)
  apply B               :::        0.003 (  0.00%)
  linsrch               :::     1879.224 ( 99.95%)
  grad                  :::        0.033 (  0.00%)
  Total                 :::     1880.164 (100.00%)

Alpha occupied
  -20.541 -11.329 -11.232 -11.232  -1.383  -1.048  -0.971  -0.743 
   -0.647  -0.639  -0.628  -0.564  -0.563  -0.540  -0.488  -0.415 

Alpha virtual
    0.080   0.110   0.113   0.132   0.151   0.153   0.158   0.164 
    0.174   0.185   0.205   0.209   0.235   0.247   0.250   0.278 
    0.305   0.336   0.367   0.383   0.389   0.411   0.415   0.417 
    0.438   0.441   0.444   0.510   0.518   0.544   0.550   0.556 
    0.559   0.567   0.590   0.599   0.616   0.640   0.646   0.656 
    0.662   0.668   0.674   0.690   0.708   0.749   0.761   0.780 
    0.792   0.806   0.848   0.850   0.857   0.879   0.888   0.904 
    0.919   0.928   0.939   0.952   0.971   0.992   1.024   1.028 
    1.045   1.051   1.078   1.083   1.095   1.099   1.110   1.155 
    1.166   1.195   1.217   1.223   1.254   1.271   1.277   1.348 
    1.359   1.423   1.438   1.468   1.485   1.486   1.498   1.505 
    1.510   1.516   1.526   1.531   1.542   1.573   1.587   1.591 
    1.592   1.611   1.636   1.650   1.656   1.675   1.700   1.718 
    1.742   1.775   1.806   1.808   1.817   1.842   1.863   1.868 
    1.873   1.907   1.908   1.945   1.974   2.014   2.023   2.032 
    2.038   2.039   2.056   2.091   2.093   2.131   2.164   2.167 
    2.181   2.191   2.201   2.231   2.232   2.249   2.259   2.283 
    2.300   2.300   2.335   2.402   2.408   2.420   2.421   2.445 
    2.463   2.467   2.486   2.497   2.512   2.516   2.547   2.584 
    2.626   2.646   2.660   2.663   2.701   2.710   2.728   2.750 
    2.800   2.812   2.829   2.888   2.916   2.936   2.967   2.974 
    2.994   3.042   3.054   3.078   3.137   3.154   3.200   3.206 
    3.221   3.257   3.263   3.271   3.316   3.324   3.334   3.346 
    3.361   3.382   3.400   3.448   3.477   3.480   3.506   3.533 
    3.553   3.579   3.582   3.674   3.690   3.716   3.732   3.738 
    3.751   3.775   3.793   3.810   3.830   3.910   3.914   3.948 
    3.951   3.996   4.008   4.025   4.036   4.059   4.078   4.102 
    4.116   4.121   4.127   4.150   4.159   4.171   4.219   4.220 
    4.236   4.255   4.261   4.307   4.310   4.333   4.336   4.344 
    4.350   4.383   4.413   4.437   4.456   4.467   4.478   4.514 
    4.517   4.578   4.584   4.593   4.661   4.695   4.705   4.735 
    4.744   4.756   4.783   4.785   4.814   4.817   4.817   4.844 
    4.856   4.893   4.900   4.904   4.936   4.974   5.019   5.020 
    5.028   5.063   5.077   5.082   5.111   5.139   5.170   5.199 
    5.268   5.279   5.290   5.300   5.328   5.372   5.385   5.397 
    5.418   5.447   5.453   5.467   5.498   5.505   5.512   5.564 
    5.586   5.619   5.622   5.644   5.653   5.658   5.677   5.745 
    5.750   5.755   5.770   5.837   5.865   5.874   5.883   5.899 
    5.905   5.915   5.937   5.948   5.961   5.990   6.044   6.062 
    6.082   6.123   6.152   6.165   6.213   6.223   6.235   6.257 
    6.286   6.321   6.344   6.353   6.432   6.491   6.522   6.574 
    6.619   6.646   6.671   6.699   6.712   6.742   6.744   6.801 
    6.865   6.969   7.011   7.043   7.090   7.139   7.168   7.172 
    7.215   7.242   7.252   7.274   7.301   7.309   7.314   7.351 
    7.378   7.417   7.431   7.438   7.453   7.561   7.567   7.615 
    7.625   7.669   7.689   7.698   7.730   7.791   7.820   7.859 
    7.874   7.903   7.940   8.014   8.110   8.155   8.155   8.221 
    8.235   8.246   8.304   8.322   8.488   8.500   8.599   8.615 
    8.633   8.648   8.683   8.760   8.877   8.985   8.987   9.167 
    9.238   9.393   9.419   9.432   9.499   9.503   9.537   9.549 
    9.609   9.611   9.631   9.653   9.710   9.747   9.785   9.800 
    9.840   9.891   9.952   9.967  10.013  10.026  10.034  10.052 
   10.130  10.131  10.265  10.287  10.309  10.315  10.364  10.419 
   10.431  10.440  10.477  10.491  10.500  10.524  10.528  10.539 
   10.619  10.637  10.669  10.681  10.691  10.696  10.758  10.813 
   10.851  10.951  10.977  11.003  11.006  11.033  11.072  11.081 
   11.141  11.160  11.220  11.265  11.325  11.331  11.347  11.490 
   11.541  11.546  11.551  11.553  11.581  11.611  11.669  11.672 
   11.734  11.738  11.817  11.832  11.881  11.887  12.043  12.056 
   12.159  12.377  12.520  12.606  12.638  12.651  12.666  12.667 
   12.675  12.687  12.748  12.761  12.772  12.777  12.782  12.799 
   12.834  12.838  12.840  12.841  12.850  12.887  12.901  12.927 
   12.950  12.956  12.974  12.987  13.031  13.041  13.074  13.080 
   13.103  13.134  13.144  13.179  13.187  13.238  13.281  13.296 
   13.304  13.326  13.358  13.410  13.473  13.488  13.505  13.531 
   13.563  13.582  13.596  13.603  13.620  13.634  13.684  13.706 
   13.714  13.729  13.780  13.782  13.804  13.809  13.867  14.011 
   14.065  14.069  14.108  14.127  14.138  14.150  14.151  14.184 
   14.188  14.213  14.215  14.268  14.303  14.304  14.334  14.345 
   14.353  14.390  14.427  14.441  14.442  14.443  14.457  14.496 
   14.505  14.507  14.555  14.565  14.568  14.570  14.598  14.650 
   14.672  14.700  14.702  14.716  14.721  14.751  14.793  14.812 
   14.831  14.862  14.879  14.917  14.946  14.955  14.962  14.986 
   14.991  15.036  15.088  15.108  15.159  15.167  15.249  15.270 
   15.272  15.375  15.391  15.478  15.562  15.600  15.628  15.697 
   15.715  15.813  15.853  15.876  15.910  15.996  16.041  16.072 
   16.144  16.158  16.173  16.222  16.235  16.253  16.375  16.445 
   16.523  16.578  16.938  16.946  16.970  17.049  17.084  17.093 
   17.532  17.577  17.679  17.709  17.729  17.814  17.890  17.943 
   18.015  18.041  18.065  18.094  18.356  18.378  18.482  18.494 
   18.507  18.540  18.596  18.604  18.611  18.655  18.677  18.715 
   18.781  18.861  18.932  18.960  19.019  19.043  19.085  19.130 
   19.186  19.192  19.229  19.291  19.498  19.542  19.586  19.697 
   19.788  19.824  19.882  20.081  20.914  20.926  20.972  20.980 
   20.993  21.039  21.045  21.401  22.080  22.184  22.613  23.469 
   23.855  24.739  30.872  31.116  31.584  41.048  42.914  43.064 
   43.475  66.065  66.140  66.151  66.347  66.629  66.726  66.980 
   67.666  70.522  70.548  70.768  70.811  71.284  71.549  71.732 
   94.100 118.609 118.609 118.634 118.636 118.689 118.694 118.697 
  118.739 118.754 147.466 147.645 147.972 183.973 184.031 184.509 
  184.708 185.192 203.587 225.510 225.525 225.646 225.669 225.908 
  226.043 226.115 347.142 347.293 347.591 386.026 386.026 386.034 
  386.034 386.040 386.040 386.043 386.045 386.046 386.050 386.050 
  449.100 450.026 450.026 450.033 450.035 450.050 450.053 450.053 
  450.070 450.073 473.038 473.083 473.464 473.618 473.998 685.458 
  685.466 685.536 685.550 685.689 685.766 685.806 892.681 892.804 
  893.066 1087.546 1213.257 1213.293 1213.593 1213.709 1214.006 2892.076 
  2892.183 2892.424 4236.874 


  >>> Running RHF-MP2 <<<


RMP2-TIMING
  rmp2                  :::     2081.136 (100.00%)
  Total                 :::     2081.136 (100.00%)

MP2 correlation energy (RHF) : -0.9745212293
MP2 total energy       (RHF) : -193.0257605346


  >>> Running UHF <<<

init D/C      : input mo_coeff
init ov       : zeros
no            : 15 16
nv            : 780 779
ov_size       : 24164
max_cycle     : 1000
conv          : 6
econv         : 9
method        : diis
mom_start     : 0
guess mix     : 0.000000
orb_swap      : [[[0, 15]], []]
init E        : -171.510516267415
init S2       : 0.750000000000085
init |[F,P]|  : 1.44e-02
init |dE|     : 3.96e-02
check file    : None

iter      total energy   |[F,P]|      |dE|         ∆E   S^2   comment
   1    -172.021418255  7.98e-03  2.20e-02  -5.11e-01  0.75  DIIS mom: 14.7/15 15.6/16
   2    -172.332759859  7.47e-04  1.90e-03  -3.11e-01  0.76  DIIS mom: 14.9/15 15.9/16
   3    -172.337074494  2.17e-04  5.56e-04  -4.31e-03  0.76  DIIS mom: 15.0/15 16.0/16
   4    -172.337728662  1.09e-04  2.69e-04  -6.54e-04  0.76  DIIS mom: 15.0/15 16.0/16
   5    -172.338020277  3.59e-05  8.60e-05  -2.92e-04  0.77  DIIS mom: 15.0/15 16.0/16
   6    -172.338054160  1.63e-05  3.89e-05  -3.39e-05  0.77  DIIS mom: 15.0/15 16.0/16
   7    -172.338061764  6.79e-06  1.62e-05  -7.60e-06  0.77  DIIS mom: 15.0/15 16.0/16
   8    -172.338063134  1.92e-06  4.67e-06  -1.37e-06  0.77  DIIS mom: 15.0/15 16.0/16
   9    -172.338063239  5.48e-07  1.34e-06  -1.05e-07  0.77  DIIS mom: 15.0/15 16.0/16
  10    -172.338063247  1.96e-07  4.55e-07  -7.80e-09  0.77  DIIS mom: 15.0/15 16.0/16
  11    -172.338063248  6.71e-08  1.49e-07  -1.09e-09  0.77  DIIS mom: 15.0/15 16.0/16
  12    -172.338063248  2.72e-08  5.97e-08  -1.23e-10  0.77  DIIS mom: 15.0/15 16.0/16
                                                                      diis is converged!

SCF converged : True
final |[F,P]| : 2.72e-08
final |dE|    : 5.97e-08
final Escf    : -292.410990226108
final Etot    : -172.338063248083
final S2      : 0.77274124843685

  diis prep             :::        0.684 (  0.03%)
  diis extrap           :::        0.335 (  0.01%)
  roothaan              :::        2.559 (  0.10%)
  fock build            :::     2566.903 ( 99.86%)
  Total                 :::     2570.480 (100.00%)

Alpha occupied
  -11.690 -11.464 -11.464  -1.817  -1.317  -1.218  -1.111  -1.015 
   -0.990  -0.935  -0.820  -0.811  -0.794  -0.782  -0.751 

Alpha virtual
  -18.885  -0.165  -0.082  -0.035  -0.035  -0.027  -0.011  -0.002 
    0.002   0.018   0.023   0.030   0.054   0.056   0.086   0.088 
    0.097   0.144   0.152   0.178   0.186   0.201   0.224   0.227 
    0.235   0.238   0.254   0.273   0.302   0.305   0.335   0.352 
    0.358   0.362   0.365   0.379   0.408   0.416   0.436   0.440 
    0.450   0.468   0.469   0.476   0.491   0.515   0.536   0.551 
    0.556   0.588   0.602   0.641   0.646   0.669   0.688   0.690 
    0.702   0.717   0.724   0.745   0.749   0.752   0.793   0.824 
    0.832   0.851   0.855   0.870   0.870   0.898   0.899   0.910 
    0.960   0.972   0.974   0.993   1.027   1.057   1.058   1.073 
    1.146   1.160   1.182   1.185   1.216   1.222   1.239   1.247 
    1.258   1.279   1.286   1.299   1.299   1.320   1.344   1.366 
    1.380   1.384   1.398   1.398   1.416   1.439   1.448   1.451 
    1.499   1.522   1.548   1.593   1.593   1.603   1.635   1.637 
    1.648   1.667   1.670   1.689   1.727   1.770   1.793   1.795 
    1.803   1.820   1.832   1.836   1.864   1.873   1.905   1.924 
    1.954   1.975   1.982   1.995   2.014   2.017   2.048   2.050 
    2.068   2.078   2.088   2.122   2.162   2.171   2.200   2.207 
    2.228   2.237   2.250   2.271   2.283   2.301   2.301   2.336 
    2.369   2.383   2.399   2.422   2.443   2.462   2.484   2.496 
    2.513   2.578   2.587   2.608   2.660   2.682   2.709   2.735 
    2.739   2.748   2.799   2.822   2.846   2.882   2.912   2.930 
    2.967   2.970   2.978   3.010   3.038   3.046   3.059   3.061 
    3.084   3.096   3.108   3.120   3.179   3.219   3.232   3.272 
    3.283   3.301   3.308   3.342   3.431   3.438   3.469   3.489 
    3.490   3.521   3.528   3.534   3.561   3.592   3.657   3.658 
    3.711   3.714   3.734   3.767   3.773   3.803   3.815   3.840 
    3.859   3.860   3.874   3.895   3.913   3.936   3.946   3.981 
    3.992   4.003   4.007   4.034   4.059   4.062   4.086   4.098 
    4.101   4.108   4.128   4.189   4.193   4.229   4.232   4.242 
    4.276   4.294   4.328   4.347   4.356   4.428   4.457   4.477 
    4.516   4.519   4.536   4.560   4.572   4.582   4.597   4.604 
    4.622   4.624   4.639   4.674   4.676   4.698   4.760   4.787 
    4.801   4.803   4.841   4.848   4.861   4.875   4.889   4.938 
    4.976   5.030   5.048   5.063   5.065   5.095   5.120   5.160 
    5.172   5.182   5.207   5.215   5.229   5.260   5.273   5.291 
    5.345   5.367   5.393   5.401   5.418   5.423   5.430   5.453 
    5.502   5.508   5.511   5.546   5.602   5.633   5.639   5.643 
    5.661   5.675   5.687   5.698   5.719   5.737   5.760   5.800 
    5.826   5.833   5.844   5.913   5.923   5.948   5.961   6.002 
    6.014   6.056   6.088   6.105   6.127   6.185   6.234   6.261 
    6.320   6.340   6.398   6.422   6.424   6.452   6.497   6.501 
    6.540   6.591   6.668   6.691   6.751   6.839   6.855   6.904 
    6.912   6.938   6.957   6.988   7.021   7.046   7.048   7.065 
    7.081   7.130   7.134   7.156   7.189   7.192   7.262   7.323 
    7.363   7.378   7.407   7.410   7.457   7.464   7.553   7.554 
    7.614   7.631   7.643   7.656   7.740   7.807   7.861   7.884 
    7.971   8.001   8.012   8.064   8.070   8.214   8.237   8.268 
    8.332   8.334   8.379   8.394   8.400   8.531   8.693   8.704 
    8.854   8.925   9.121   9.151   9.157   9.215   9.240   9.252 
    9.271   9.353   9.373   9.395   9.400   9.420   9.500   9.509 
    9.560   9.594   9.614   9.648   9.695   9.736   9.763   9.766 
    9.783   9.854   9.866   9.998  10.044  10.061  10.062  10.085 
   10.146  10.168  10.175  10.217  10.226  10.241  10.252  10.271 
   10.278  10.356  10.390  10.391  10.398  10.424  10.425  10.524 
   10.541  10.590  10.647  10.715  10.728  10.736  10.779  10.835 
   10.837  10.869  10.889  10.926  11.015  11.025  11.043  11.086 
   11.211  11.300  11.312  11.320  11.321  11.352  11.384  11.419 
   11.431  11.485  11.492  11.553  11.594  11.606  11.659  11.751 
   11.777  11.892  12.126  12.246  12.326  12.406  12.428  12.444 
   12.445  12.451  12.464  12.521  12.536  12.544  12.552  12.558 
   12.578  12.605  12.614  12.618  12.619  12.628  12.650  12.662 
   12.685  12.696  12.723  12.748  12.748  12.799  12.809  12.848 
   12.853  12.859  12.885  12.921  12.945  12.949  13.001  13.026 
   13.045  13.075  13.079  13.118  13.136  13.229  13.251  13.278 
   13.280  13.301  13.356  13.365  13.367  13.394  13.410  13.452 
   13.480  13.483  13.491  13.547  13.551  13.575  13.585  13.642 
   13.790  13.836  13.849  13.860  13.892  13.916  13.921  13.928 
   13.963  13.965  13.974  13.985  13.997  14.006  14.046  14.079 
   14.107  14.124  14.129  14.159  14.187  14.193  14.220  14.232 
   14.257  14.262  14.279  14.281  14.305  14.323  14.342  14.347 
   14.388  14.415  14.419  14.457  14.475  14.475  14.494  14.521 
   14.529  14.559  14.608  14.620  14.673  14.686  14.717  14.720 
   14.750  14.756  14.770  14.814  14.865  14.878  14.901  14.921 
   14.969  15.021  15.099  15.127  15.231  15.236  15.375  15.403 
   15.462  15.466  15.592  15.630  15.640  15.688  15.693  15.806 
   15.847  15.917  15.930  15.939  15.983  16.008  16.020  16.053 
   16.207  16.247  16.291  16.680  16.696  16.714  16.719  16.816 
   16.837  17.312  17.356  17.454  17.487  17.507  17.591  17.669 
   17.721  17.794  17.821  17.842  17.872  18.124  18.148  18.234 
   18.248  18.264  18.288  18.290  18.313  18.372  18.424  18.439 
   18.475  18.487  18.557  18.634  18.635  18.721  18.746  18.811 
   18.811  18.897  18.965  19.004  19.055  19.125  19.128  19.189 
   19.210  19.330  19.368  19.499  19.664  20.426  20.672  20.698 
   20.744  20.754  20.815  20.818  20.989  21.391  21.496  22.110 
   22.818  23.191  24.065  30.050  30.276  30.747  40.681  42.522 
   42.699  42.831  64.643  64.718  64.855  65.034  65.303  65.305 
   65.546  66.244  69.298  69.324  69.534  69.577  70.050  70.302 
   70.491  92.573 117.212 117.212 117.230 117.231 117.281 117.282 
  117.287 117.318 117.334 145.403 145.569 145.891 181.660 181.718 
  182.193 182.384 182.871 201.265 223.181 223.195 223.309 223.332 
  223.571 223.699 223.774 344.088 344.231 344.525 383.655 383.655 
  383.661 383.661 383.665 383.667 383.668 383.672 383.672 383.679 
  383.679 445.842 447.166 447.166 447.169 447.170 447.184 447.185 
  447.185 447.197 447.201 469.757 469.802 470.181 470.330 470.711 
  681.873 681.881 681.948 681.961 682.101 682.174 682.215 888.598 
  888.718 888.977 1083.313 1209.022 1209.058 1209.356 1209.471 1209.768 
  2887.135 2887.242 2887.482 4231.863 

Beta occupied
  -23.784 -11.687 -11.464 -11.464  -1.922  -1.329  -1.222  -1.176 
   -1.079  -1.078  -0.939  -0.827  -0.813  -0.808  -0.780  -0.755 

Beta virtual
   -0.171  -0.083  -0.036  -0.035  -0.029  -0.012  -0.001   0.003 
    0.018   0.023   0.029   0.054   0.057   0.086   0.087   0.095 
    0.144   0.152   0.173   0.187   0.200   0.225   0.225   0.236 
    0.237   0.255   0.273   0.294   0.305   0.327   0.351   0.354 
    0.361   0.366   0.373   0.406   0.416   0.437   0.439   0.448 
    0.465   0.469   0.478   0.492   0.516   0.531   0.550   0.556 
    0.589   0.602   0.643   0.646   0.669   0.687   0.689   0.704 
    0.718   0.725   0.746   0.749   0.754   0.793   0.825   0.831 
    0.851   0.855   0.867   0.870   0.898   0.900   0.910   0.960 
    0.974   0.974   0.993   1.028   1.052   1.057   1.073   1.146 
    1.157   1.168   1.174   1.207   1.215   1.232   1.248   1.260 
    1.281   1.287   1.299   1.300   1.320   1.344   1.366   1.380 
    1.384   1.397   1.399   1.416   1.439   1.446   1.450   1.498 
    1.522   1.547   1.593   1.594   1.603   1.635   1.637   1.649 
    1.667   1.672   1.690   1.728   1.770   1.793   1.795   1.799 
    1.820   1.832   1.836   1.864   1.874   1.905   1.927   1.954 
    1.975   1.982   1.995   2.014   2.018   2.048   2.048   2.068 
    2.079   2.089   2.122   2.164   2.169   2.200   2.207   2.229 
    2.237   2.250   2.271   2.282   2.301   2.302   2.336   2.369 
    2.384   2.400   2.423   2.443   2.463   2.486   2.497   2.514 
    2.577   2.585   2.608   2.660   2.682   2.709   2.734   2.740 
    2.748   2.796   2.820   2.845   2.875   2.901   2.910   2.950 
    2.961   2.970   3.007   3.026   3.036   3.056   3.056   3.077 
    3.096   3.108   3.118   3.178   3.210   3.229   3.272   3.281 
    3.299   3.300   3.343   3.431   3.435   3.468   3.488   3.489 
    3.516   3.520   3.535   3.562   3.592   3.651   3.657   3.712 
    3.715   3.733   3.767   3.771   3.802   3.815   3.840   3.859 
    3.860   3.875   3.896   3.913   3.935   3.946   3.981   3.991 
    4.003   4.005   4.033   4.060   4.062   4.087   4.096   4.101 
    4.108   4.127   4.189   4.193   4.227   4.232   4.242   4.275 
    4.294   4.328   4.347   4.357   4.429   4.452   4.478   4.515 
    4.519   4.537   4.559   4.572   4.583   4.597   4.604   4.622 
    4.625   4.640   4.675   4.676   4.698   4.760   4.786   4.801 
    4.803   4.842   4.849   4.861   4.875   4.889   4.938   4.977 
    5.031   5.048   5.063   5.065   5.095   5.115   5.160   5.172 
    5.182   5.205   5.214   5.228   5.260   5.273   5.291   5.345 
    5.367   5.394   5.401   5.418   5.424   5.429   5.453   5.503 
    5.508   5.511   5.545   5.601   5.634   5.637   5.643   5.661 
    5.674   5.688   5.698   5.719   5.737   5.761   5.801   5.826 
    5.833   5.840   5.913   5.923   5.945   5.958   6.002   6.011 
    6.055   6.088   6.104   6.126   6.182   6.232   6.258   6.315 
    6.333   6.398   6.417   6.420   6.447   6.497   6.499   6.529 
    6.589   6.606   6.682   6.739   6.834   6.855   6.881   6.905 
    6.932   6.939   6.985   7.018   7.040   7.045   7.061   7.081 
    7.125   7.127   7.149   7.186   7.192   7.253   7.323   7.362 
    7.377   7.402   7.409   7.455   7.463   7.550   7.554   7.613 
    7.631   7.641   7.655   7.724   7.801   7.853   7.883   7.968 
    8.002   8.010   8.064   8.064   8.213   8.231   8.257   8.326 
    8.332   8.343   8.377   8.400   8.518   8.691   8.706   8.855 
    8.909   9.112   9.150   9.151   9.210   9.238   9.252   9.270 
    9.354   9.370   9.391   9.395   9.419   9.500   9.509   9.560 
    9.589   9.613   9.641   9.693   9.732   9.761   9.767   9.782 
    9.854   9.865   9.998  10.044  10.061  10.062  10.082  10.147 
   10.168  10.175  10.214  10.226  10.242  10.250  10.271  10.278 
   10.356  10.389  10.390  10.399  10.425  10.425  10.524  10.540 
   10.591  10.648  10.715  10.729  10.736  10.779  10.834  10.837 
   10.868  10.889  10.927  11.015  11.026  11.044  11.087  11.211 
   11.299  11.313  11.320  11.320  11.352  11.384  11.419  11.431 
   11.486  11.492  11.551  11.594  11.606  11.659  11.751  11.776 
   11.891  12.126  12.246  12.327  12.406  12.428  12.444  12.445 
   12.452  12.463  12.521  12.536  12.544  12.552  12.558  12.578 
   12.605  12.614  12.618  12.619  12.628  12.642  12.661  12.680 
   12.696  12.722  12.747  12.748  12.799  12.809  12.843  12.853 
   12.859  12.885  12.921  12.943  12.948  13.001  13.025  13.044 
   13.075  13.079  13.118  13.133  13.228  13.251  13.274  13.280 
   13.299  13.356  13.365  13.366  13.394  13.409  13.452  13.480 
   13.481  13.490  13.547  13.550  13.575  13.585  13.642  13.789 
   13.832  13.849  13.857  13.892  13.915  13.921  13.926  13.963 
   13.965  13.974  13.980  13.996  14.003  14.032  14.043  14.106 
   14.124  14.125  14.158  14.160  14.192  14.202  14.220  14.234 
   14.249  14.259  14.278  14.301  14.323  14.342  14.346  14.379 
   14.388  14.414  14.456  14.472  14.474  14.493  14.509  14.518 
   14.559  14.607  14.618  14.663  14.672  14.715  14.720  14.747 
   14.756  14.770  14.813  14.854  14.869  14.877  14.901  14.968 
   15.018  15.091  15.128  15.219  15.234  15.375  15.403  15.460 
   15.464  15.592  15.630  15.640  15.688  15.692  15.804  15.847 
   15.917  15.930  15.938  15.981  16.008  16.020  16.044  16.205 
   16.244  16.291  16.677  16.682  16.712  16.719  16.815  16.836 
   17.312  17.356  17.454  17.487  17.507  17.591  17.668  17.722 
   17.794  17.821  17.842  17.872  18.124  18.148  18.229  18.239 
   18.264  18.286  18.287  18.313  18.371  18.424  18.437  18.464 
   18.486  18.544  18.626  18.634  18.713  18.732  18.791  18.809 
   18.896  18.950  18.971  19.003  19.054  19.115  19.174  19.197 
   19.311  19.344  19.488  19.643  20.400  20.657  20.698  20.744 
   20.754  20.815  20.818  20.978  21.326  21.432  22.066  22.763 
   23.138  24.007  29.816  30.045  30.522  40.665  42.202  42.690 
   42.831  64.466  64.530  64.541  64.711  64.992  65.128  65.373 
   66.067  69.219  69.246  69.457  69.500  69.971  70.224  70.410 
   92.166 117.151 117.152 117.169 117.171 117.220 117.222 117.227 
  117.258 117.274 145.019 145.186 145.509 181.400 181.458 181.934 
  182.126 182.614 200.857 223.013 223.027 223.142 223.165 223.404 
  223.532 223.607 343.709 343.853 344.147 383.570 383.570 383.577 
  383.577 383.581 383.583 383.584 383.588 383.588 383.594 383.594 
  445.477 447.026 447.026 447.030 447.030 447.044 447.045 447.045 
  447.057 447.061 469.491 469.537 469.916 470.065 470.447 681.666 
  681.674 681.741 681.755 681.894 681.967 682.009 888.294 888.414 
  888.674 1083.022 1208.802 1208.837 1209.136 1209.250 1209.548 2886.954 
  2887.060 2887.300 4231.705 


  >>> Running UHF-MP2 <<<

MP2 correlation energy (UHF) : -0.9107653174
MP2 total energy       (UHF) : -173.2488285655

