	*********************************************** 
	***** Beginning CEBE Calculation with MOM ***** 
	*****       Calculation Details:          ***** 
	      Geometry:	 /home/am3939/core/calculations/mols/exp/f/cf3cch.xyz
	      Core Basis:	 ccX-5Z
	      Full Basis:	 cc-pV5Z
	      DIIS (start, space):	 0 50
	      Level shift:	 0
	      Do localization?:	 False
	      Do SFX2C1E?:	 True
	      Freeze orbitals?:	 True
	      Use Cheng orbitals?:	 False
	      Do Special Basis?:	 True
	      Do Special Basis?:	 ccX-5Z
	*********************************************** 
	*********************************************** 

  >>> Running RHF <<<

init D/C      : minao
init ov       : zeros
no            : 23
nv            : 881
ov_size       : 20263
max_cycle     : 1000
conv          : 6
econv         : 9
method        : gdm
scale_stop    : 0
scale_factor  : 1.000000
init E        : -412.439437249677
init |[F,P]|  : 5.79e-03
init |dE|     : 1.38e-02
check file    : None

iter      total energy   |[F,P]|      |dE|         ∆E   comment
   1    -412.563741269  3.95e-03  9.10e-03  -1.24e-01  BFGS
   2    -412.626693525  4.93e-04  1.19e-03  -6.30e-02  BFGS
   3    -412.628211709  2.50e-04  6.12e-04  -1.52e-03  BFGS
   4    -412.628647241  5.81e-05  1.48e-04  -4.36e-04  BFGS
   5    -412.628664810  2.01e-05  4.95e-05  -1.76e-05  BFGS
   6    -412.628667420  3.94e-06  9.51e-06  -2.61e-06  BFGS
   7    -412.628667573  8.16e-07  2.02e-06  -1.53e-07  BFGS
   8    -412.628667580  2.59e-07  6.25e-07  -7.04e-09  BFGS
   9    -412.628667581  5.29e-08  1.24e-07  -5.96e-10  BFGS
                                                                      gdm is converged!

SCF converged : True
final |[F,P]| : 5.29e-08
final |dE|    : 1.24e-07
final Escf    : -643.329441443598
final Etot    : -412.628667580874

  pxp & ewc             :::        0.898 (  0.17%)
  apply B               :::        0.002 (  0.00%)
  linsrch               :::      518.990 ( 99.82%)
  grad                  :::        0.028 (  0.01%)
  Total                 :::      519.918 (100.00%)

Alpha occupied
  -26.347 -26.347 -26.347 -11.542 -11.286 -11.277  -1.746  -1.648 
   -1.648  -1.099  -0.997  -0.878  -0.839  -0.839  -0.756  -0.723 
   -0.723  -0.676  -0.676  -0.660  -0.640  -0.447  -0.447 

Alpha virtual
    0.085   0.119   0.119   0.128   0.159   0.159   0.161   0.221 
    0.221   0.225   0.225   0.234   0.257   0.278   0.278   0.301 
    0.338   0.355   0.355   0.375   0.397   0.419   0.419   0.440 
    0.440   0.443   0.465   0.485   0.498   0.498   0.570   0.616 
    0.616   0.625   0.641   0.641   0.681   0.681   0.712   0.732 
    0.732   0.735   0.763   0.763   0.815   0.826   0.829   0.850 
    0.850   0.858   0.858   0.886   0.886   0.950   0.958   0.971 
    0.971   0.986   0.986   1.012   1.097   1.097   1.135   1.179 
    1.215   1.237   1.237   1.266   1.266   1.313   1.366   1.385 
    1.441   1.441   1.456   1.456   1.470   1.518   1.522   1.522 
    1.575   1.575   1.620   1.638   1.638   1.648   1.680   1.744 
    1.744   1.761   1.761   1.765   1.783   1.783   1.842   1.842 
    1.866   1.866   1.874   1.888   1.892   1.898   1.898   1.937 
    1.937   1.957   1.957   1.974   1.989   1.998   2.027   2.052 
    2.052   2.076   2.076   2.114   2.200   2.200   2.212   2.262 
    2.337   2.337   2.339   2.356   2.395   2.395   2.492   2.492 
    2.553   2.553   2.642   2.676   2.676   2.689   2.748   2.748 
    2.779   2.797   2.797   2.952   2.952   3.060   3.155   3.197 
    3.197   3.221   3.256   3.256   3.318   3.318   3.350   3.354 
    3.354   3.355   3.404   3.404   3.462   3.521   3.521   3.530 
    3.618   3.633   3.633   3.661   3.661   3.675   3.680   3.715 
    3.731   3.731   3.735   3.736   3.779   3.779   3.795   3.823 
    3.892   3.906   3.906   3.925   3.925   3.988   3.989   3.989 
    4.013   4.013   4.032   4.085   4.105   4.105   4.124   4.139 
    4.139   4.161   4.184   4.202   4.202   4.203   4.261   4.280 
    4.280   4.305   4.305   4.312   4.361   4.361   4.402   4.420 
    4.420   4.437   4.505   4.505   4.520   4.520   4.587   4.587 
    4.588   4.642   4.642   4.689   4.689   4.708   4.708   4.754 
    4.804   4.902   4.902   4.912   4.938   4.962   4.963   4.964 
    5.026   5.026   5.091   5.091   5.143   5.143   5.184   5.184 
    5.226   5.228   5.228   5.349   5.349   5.487   5.563   5.563 
    5.584   5.648   5.648   5.721   5.721   5.771   5.938   5.938 
    6.097   6.097   6.107   6.119   6.210   6.210   6.335   6.605 
    6.742   6.780   6.780   6.820   6.820   6.898   6.898   7.153 
    7.153   7.184   7.184   7.306   7.311   7.372   7.372   7.430 
    7.430   7.469   7.469   7.593   7.593   7.606   7.618   7.618 
    7.678   7.699   7.699   7.714   7.740   7.764   7.764   7.786 
    7.895   7.895   7.963   8.008   8.135   8.179   8.179   8.242 
    8.274   8.274   8.284   8.403   8.475   8.475   8.491   8.491 
    8.508   8.655   8.655   8.801   8.833   8.833   8.887   8.887 
    8.939   8.939   9.011   9.011   9.039   9.039   9.052   9.108 
    9.141   9.141   9.158   9.199   9.199   9.282   9.334   9.334 
    9.354   9.437   9.465   9.473   9.473   9.507   9.507   9.556 
    9.601   9.601   9.612   9.612   9.628   9.745   9.745   9.751 
    9.815   9.815   9.816   9.842   9.880   9.880   9.916   9.920 
    9.975  10.041  10.041  10.042  10.056  10.056  10.078  10.085 
   10.085  10.126  10.209  10.209  10.226  10.241  10.304  10.304 
   10.317  10.318  10.373  10.373  10.389  10.524  10.524  10.568 
   10.571  10.571  10.623  10.645  10.645  10.735  10.788  10.788 
   10.792  10.855  10.860  10.860  10.920  10.926  10.926  10.994 
   10.994  11.018  11.108  11.108  11.109  11.170  11.204  11.287 
   11.287  11.311  11.311  11.316  11.371  11.398  11.398  11.547 
   11.612  11.612  11.639  11.735  11.736  11.786  11.813  11.813 
   11.923  11.923  12.220  12.220  12.325  12.379  12.379  12.516 
   12.516  12.612  12.612  12.710  12.710  12.727  12.737  12.768 
   12.768  12.824  13.289  13.353  13.353  13.359  13.375  13.375 
   13.416  13.426  13.426  13.585  13.610  13.610  13.776  13.783 
   13.910  13.910  14.036  14.036  14.070  14.263  14.315  14.315 
   14.473  14.526  14.526  14.821  14.821  15.449  15.449  15.619 
   15.768  16.141  16.141  16.364  16.364  16.432  16.432  16.899 
   17.109  17.964  17.964  18.287  18.309  18.309  18.318  18.318 
   18.318  18.318  18.319  18.319  18.328  18.329  18.329  18.331 
   18.412  18.412  18.445  18.464  18.464  18.625  18.637  18.637 
   18.827  18.834  18.911  18.911  18.929  18.931  18.931  18.956 
   18.956  18.978  19.063  19.063  19.112  19.112  19.159  19.179 
   19.208  19.208  19.287  19.343  19.343  19.733  19.815  19.815 
   21.249  22.068  23.718  23.730  23.730  23.747  23.747  23.769 
   23.770  23.879  23.879  23.967  23.967  24.000  24.270  24.384 
   24.384  24.412  24.509  24.509  24.652  24.652  24.655  24.735 
   24.735  24.735  24.762  24.762  24.851  24.851  24.855  24.875 
   25.216  25.281  25.281  25.319  25.319  25.431  25.559  25.559 
   25.638  25.761  25.761  25.818  26.009  26.048  26.048  26.053 
   26.156  26.156  26.807  26.902  26.902  28.341  28.406  28.406 
   28.442  28.455  28.455  29.343  29.343  29.430  29.432  29.474 
   29.474  30.279  30.844  30.844  38.874  39.671  39.692  39.692 
   39.716  39.716  39.756  40.060  40.121  40.121  40.780  42.731 
   54.547  54.547  54.584  83.922  83.969  83.969  84.006  84.006 
   84.009  84.497  84.497  84.523  84.539  84.570  84.570  85.277 
   85.296  85.296  85.328  85.328  85.356  85.384  85.503  85.503 
   85.674  85.674  85.795  93.615  93.636  93.636  93.647  93.647 
   93.692  93.723  93.723  93.786  93.818  93.818  93.842  93.900 
   93.919  93.921  93.921  93.942  93.942  94.283  94.296  94.296 
  118.992 118.992 119.002 145.070 145.079 145.079 145.080 145.080 
  145.080 145.083 145.084 145.084 145.090 145.090 145.097 145.118 
  145.127 145.129 145.129 145.150 145.150 145.169 145.169 145.181 
  145.183 145.183 145.186 145.190 145.190 145.193 190.244 190.259 
  190.259 190.280 190.280 190.314 190.597 190.597 190.717 231.211 
  231.246 231.246 231.275 231.275 231.277 231.652 231.652 231.666 
  231.683 231.705 231.705 232.280 232.423 232.423 258.201 258.201 
  258.201 297.493 297.505 297.505 297.511 297.511 297.536 297.553 
  297.553 297.585 297.606 297.606 297.620 297.649 297.663 297.663 
  297.663 297.677 297.677 297.852 297.865 297.865 414.630 414.630 
  414.630 414.631 414.631 414.631 414.632 414.632 414.632 414.635 
  414.635 414.635 414.635 414.635 414.635 414.640 414.640 414.640 
  414.640 414.640 414.640 414.647 414.647 414.647 414.647 414.647 
  414.647 414.657 414.657 414.657 414.657 414.657 414.657 448.025 
  448.039 448.039 448.058 448.058 448.087 448.344 448.344 448.448 
  547.319 547.322 547.322 547.324 547.324 547.325 547.325 547.325 
  547.326 547.326 547.326 547.327 547.333 547.336 547.336 547.336 
  547.343 547.343 547.348 547.348 547.352 547.353 547.353 547.353 
  547.355 547.355 547.356 570.469 570.470 570.470 592.448 592.475 
  592.475 592.499 592.499 592.500 592.797 592.797 592.808 592.821 
  592.839 592.839 593.288 593.408 593.408 896.415 896.422 896.422 
  896.425 896.425 896.440 896.451 896.451 896.470 896.483 896.483 
  896.491 896.508 896.516 896.516 896.517 896.525 896.525 896.627 
  896.636 896.636 1152.537 1152.550 1152.550 1152.566 1152.566 1152.591 
  1152.818 1152.818 1152.906 1383.943 1383.947 1383.947 1517.619 1517.639 
  1517.639 1517.657 1517.657 1517.659 1517.893 1517.893 1517.901 1517.911 
  1517.925 1517.925 1518.275 1518.369 1518.369 3735.172 3735.184 3735.184 
  3735.198 3735.198 3735.221 3735.431 3735.431 3735.511 5407.684 5407.696 
  5407.696 


  >>> Running RHF-MP2 <<<


RMP2-TIMING
  rmp2                  :::      800.372 (100.00%)
  Total                 :::      800.372 (100.00%)

MP2 correlation energy (RHF) : -1.6383574300
MP2 total energy       (RHF) : -414.2670250109


  >>> Running UHF <<<

init D/C      : input mo_coeff
init ov       : zeros
no            : 22 23
nv            : 882 881
ov_size       : 39667
max_cycle     : 1000
conv          : 6
econv         : 9
method        : diis
mom_start     : 0
guess mix     : 0.000000
orb_swap      : [[[0, 22]], []]
init E        : -386.281547739783
init S2       : 0.75000000000021
init |[F,P]|  : 9.87e-03
init |dE|     : 2.54e-02
check file    : None

iter      total energy   |[F,P]|      |dE|         ∆E   S^2   comment
   1    -386.600507502  5.66e-03  1.29e-02  -3.19e-01  0.75  DIIS mom: 21.9/22 22.8/23
   2    -386.906925855  6.72e-03  1.73e-02  -3.06e-01  0.75  DIIS mom: 21.8/22 23.0/23
   3    -386.982029687  5.74e-03  1.48e-02  -7.51e-02  0.75  DIIS mom: 22.0/22 23.0/23
   4    -387.139272224  2.33e-03  5.98e-03  -1.57e-01  0.76  DIIS mom: 22.0/22 23.0/23
   5    -387.164031311  2.98e-04  7.38e-04  -2.48e-02  0.76  DIIS mom: 22.0/22 23.0/23
   6    -387.164516874  6.38e-05  1.56e-04  -4.86e-04  0.76  DIIS mom: 22.0/22 23.0/23
   7    -387.164578224  3.70e-05  8.96e-05  -6.14e-05  0.76  DIIS mom: 22.0/22 23.0/23
   8    -387.164596628  1.24e-05  2.74e-05  -1.84e-05  0.76  DIIS mom: 22.0/22 23.0/23
   9    -387.164601972  7.18e-06  1.56e-05  -5.34e-06  0.76  DIIS mom: 22.0/22 23.0/23
  10    -387.164604389  4.74e-06  9.47e-06  -2.42e-06  0.76  DIIS mom: 22.0/22 23.0/23
  11    -387.164606399  4.04e-06  8.14e-06  -2.01e-06  0.76  DIIS mom: 22.0/22 23.0/23
  12    -387.164607505  3.64e-06  7.11e-06  -1.11e-06  0.76  DIIS mom: 22.0/22 23.0/23
  13    -387.164609231  3.44e-06  6.75e-06  -1.73e-06  0.76  DIIS mom: 22.0/22 23.0/23
  14    -387.164611560  3.24e-06  6.37e-06  -2.33e-06  0.76  DIIS mom: 22.0/22 23.0/23
  15    -387.164615377  3.03e-06  6.05e-06  -3.82e-06  0.76  DIIS mom: 22.0/22 23.0/23
  16    -387.164618765  2.75e-06  5.37e-06  -3.39e-06  0.76  DIIS mom: 22.0/22 23.0/23
  17    -387.164623903  2.51e-06  5.14e-06  -5.14e-06  0.76  DIIS mom: 22.0/22 23.0/23
  18    -387.164632749  1.39e-06  3.24e-06  -8.85e-06  0.77  DIIS mom: 22.0/22 23.0/23
  19    -387.164633656  5.13e-07  1.19e-06  -9.08e-07  0.77  DIIS mom: 22.0/22 23.0/23
  20    -387.164633723  2.10e-07  5.11e-07  -6.66e-08  0.77  DIIS mom: 22.0/22 23.0/23
  21    -387.164633727  5.21e-08  1.19e-07  -3.57e-09  0.77  DIIS mom: 22.0/22 23.0/23
  22    -387.164633727  1.91e-08  4.35e-08  -1.02e-10  0.77  DIIS mom: 22.0/22 23.0/23
                                                                      diis is converged!

SCF converged : True
final |[F,P]| : 1.91e-08
final |dE|    : 4.35e-08
final Escf    : -617.865407589493
final Etot    : -387.164633726769
final S2      : 0.771072220645756

  diis prep             :::        0.678 (  0.05%)
  diis extrap           :::        0.709 (  0.05%)
  roothaan              :::        4.864 (  0.36%)
  fock build            :::     1357.320 ( 99.54%)
  Total                 :::     1363.572 (100.00%)

Alpha occupied
  -26.606 -26.606 -11.849 -11.507 -11.475  -2.246  -1.962  -1.899 
   -1.458  -1.362  -1.349  -1.286  -1.186  -1.087  -1.052  -0.979 
   -0.954  -0.946  -0.915  -0.899  -0.654  -0.649 

Alpha virtual
  -24.584  -0.100  -0.080  -0.068  -0.040  -0.012  -0.009  -0.002 
    0.046   0.048   0.051   0.067   0.067   0.072   0.092   0.109 
    0.132   0.139   0.154   0.183   0.190   0.206   0.207   0.223 
    0.231   0.247   0.250   0.280   0.298   0.307   0.307   0.360 
    0.396   0.422   0.431   0.436   0.456   0.466   0.467   0.494 
    0.501   0.541   0.541   0.552   0.576   0.604   0.616   0.631 
    0.635   0.644   0.647   0.665   0.705   0.706   0.745   0.753 
    0.769   0.779   0.786   0.790   0.840   0.870   0.885   0.937 
    0.987   0.988   1.000   1.032   1.082   1.083   1.125   1.150 
    1.174   1.177   1.216   1.246   1.248   1.274   1.303   1.309 
    1.312   1.373   1.377   1.402   1.408   1.410   1.427   1.437 
    1.451   1.497   1.518   1.527   1.530   1.538   1.545   1.566 
    1.576   1.620   1.643   1.644   1.647   1.666   1.673   1.684 
    1.695   1.705   1.722   1.733   1.740   1.764   1.784   1.812 
    1.828   1.834   1.844   1.858   1.870   1.953   1.985   1.987 
    2.083   2.092   2.092   2.121   2.127   2.181   2.182   2.269 
    2.282   2.344   2.349   2.405   2.407   2.422   2.490   2.510 
    2.535   2.549   2.570   2.576   2.680   2.712   2.832   2.919 
    2.933   2.958   2.973   2.987   3.021   3.070   3.079   3.081 
    3.112   3.123   3.143   3.178   3.181   3.197   3.266   3.276 
    3.294   3.364   3.377   3.396   3.439   3.440   3.454   3.469 
    3.488   3.508   3.510   3.511   3.524   3.531   3.544   3.563 
    3.592   3.640   3.654   3.658   3.676   3.678   3.712   3.731 
    3.734   3.743   3.767   3.770   3.783   3.791   3.795   3.842 
    3.866   3.896   3.899   3.902   3.937   3.957   3.974   3.994 
    4.013   4.022   4.036   4.046   4.056   4.084   4.097   4.137 
    4.149   4.166   4.176   4.237   4.245   4.281   4.289   4.337 
    4.341   4.348   4.367   4.382   4.448   4.457   4.476   4.476 
    4.500   4.536   4.646   4.682   4.693   4.709   4.729   4.736 
    4.746   4.756   4.792   4.831   4.866   4.902   4.903   4.967 
    4.969   4.984   5.001   5.002   5.086   5.098   5.290   5.304 
    5.316   5.320   5.381   5.385   5.463   5.465   5.549   5.644 
    5.673   5.818   5.850   5.865   5.877   5.926   5.961   6.081 
    6.382   6.517   6.565   6.592   6.593   6.609   6.610   6.645 
    6.937   6.946   6.947   6.964   7.010   7.076   7.128   7.147 
    7.176   7.185   7.192   7.211   7.256   7.277   7.374   7.388 
    7.388   7.410   7.413   7.447   7.451   7.470   7.473   7.508 
    7.532   7.692   7.692   7.694   7.804   7.829   7.904   7.910 
    7.941   7.981   8.007   8.046   8.115   8.187   8.188   8.207 
    8.219   8.253   8.384   8.430   8.473   8.495   8.503   8.561 
    8.607   8.637   8.643   8.689   8.717   8.755   8.785   8.807 
    8.820   8.834   8.849   8.899   8.908   8.921   9.009   9.052 
    9.083   9.087   9.108   9.168   9.224   9.235   9.246   9.261 
    9.292   9.306   9.341   9.343   9.365   9.374   9.463   9.470 
    9.501   9.563   9.583   9.583   9.586   9.668   9.669   9.685 
    9.697   9.712   9.738   9.744   9.770   9.787   9.797   9.819 
    9.824   9.843   9.856   9.911   9.946   9.961   9.980   9.987 
    9.992  10.032  10.063  10.088  10.100  10.101  10.250  10.250 
   10.270  10.294  10.324  10.361  10.366  10.390  10.398  10.443 
   10.493  10.502  10.535  10.544  10.602  10.628  10.655  10.673 
   10.681  10.704  10.744  10.808  10.850  10.862  10.908  10.920 
   10.999  11.031  11.032  11.064  11.068  11.113  11.120  11.141 
   11.234  11.327  11.339  11.344  11.477  11.486  11.531  11.584 
   11.592  11.684  11.688  11.940  11.947  12.092  12.125  12.152 
   12.223  12.259  12.373  12.379  12.495  12.526  12.532  12.533 
   12.534  12.558  12.588  12.952  12.955  13.060  13.093  13.114 
   13.125  13.133  13.228  13.229  13.304  13.355  13.377  13.583 
   13.594  13.600  13.637  13.832  13.844  13.844  14.033  14.115 
   14.120  14.186  14.334  14.334  14.619  14.622  15.063  15.183 
   15.400  15.566  15.933  15.936  16.170  16.172  16.244  16.244 
   16.704  16.897  17.770  17.774  17.875  17.875  17.883  17.883 
   17.947  17.990  18.059  18.071  18.071  18.075  18.075  18.076 
   18.078  18.086  18.102  18.151  18.151  18.177  18.181  18.228 
   18.287  18.319  18.368  18.497  18.530  18.589  18.653  18.663 
   18.674  18.675  18.702  18.721  18.725  18.801  18.841  18.885 
   18.887  18.960  18.965  18.994  19.049  19.078  19.222  19.510 
   19.558  21.052  21.879  23.232  23.235  23.355  23.399  23.481 
   23.487  23.506  23.509  23.604  23.637  23.665  23.707  23.864 
   23.917  23.957  24.103  24.133  24.183  24.215  24.234  24.278 
   24.291  24.397  24.411  24.479  24.502  24.523  24.562  24.569 
   24.593  24.646  24.731  24.907  24.972  25.042  25.094  25.132 
   25.152  25.306  25.408  25.440  25.459  25.513  25.556  25.772 
   25.793  25.856  25.882  26.247  26.590  26.647  27.506  27.508 
   28.117  28.152  28.177  28.197  28.512  28.571  29.095  29.138 
   29.191  29.215  29.659  30.335  30.588  38.634  38.635  38.708 
   39.070  39.425  39.443  39.463  39.497  39.821  39.864  40.570 
   42.411  53.388  54.292  54.316  82.280  82.281  82.805  82.865 
   83.680  83.706  83.714  83.730  83.737  83.752  83.804  84.111 
   84.243  84.256  84.296  84.310  85.027  85.049  85.068  85.100 
   85.164  85.240  85.411  85.494  92.109  92.128  92.231  92.252 
   92.386  92.391  92.756  93.370  93.394  93.402  93.425  93.474 
   93.518  93.538  93.570  93.644  93.658  93.671  93.675  94.025 
   94.034 117.172 118.734 118.741 143.432 143.432 143.440 143.444 
  143.489 143.492 143.534 143.545 143.546 144.818 144.823 144.825 
  144.825 144.825 144.826 144.832 144.836 144.863 144.866 144.881 
  144.882 144.908 144.918 144.921 144.924 144.926 144.931 187.797 
  187.832 188.180 189.992 190.005 190.022 190.047 190.335 190.417 
  228.559 228.560 228.959 229.004 229.682 230.979 230.989 231.009 
  231.019 231.392 231.398 231.431 231.445 232.069 232.162 255.477 
  257.942 257.943 294.731 294.740 294.799 294.810 294.883 294.886 
  295.082 297.241 297.255 297.259 297.271 297.298 297.323 297.334 
  297.353 297.391 297.401 297.408 297.413 297.595 297.603 412.086 
  412.087 412.087 412.089 412.089 412.093 412.093 412.099 412.099 
  412.107 412.107 414.369 414.369 414.369 414.369 414.371 414.371 
  414.374 414.374 414.374 414.374 414.380 414.380 414.380 414.380 
  414.389 414.389 414.389 414.389 414.400 414.400 414.400 414.400 
  444.457 444.487 444.799 447.772 447.784 447.798 447.821 448.083 
  448.154 544.045 544.046 544.046 544.047 544.060 544.061 544.073 
  544.078 544.078 547.062 547.064 547.065 547.066 547.067 547.067 
  547.068 547.069 547.075 547.076 547.080 547.081 547.087 547.090 
  547.092 547.093 547.094 547.096 566.683 570.211 570.212 588.690 
  588.691 589.006 589.041 589.577 592.211 592.218 592.234 592.242 
  592.537 592.542 592.568 592.580 593.069 593.148 892.239 892.244 
  892.280 892.286 892.330 892.331 892.446 896.161 896.169 896.171 
  896.178 896.195 896.210 896.216 896.228 896.250 896.257 896.261 
  896.264 896.370 896.376 1147.806 1147.832 1148.104 1152.284 1152.295 
  1152.307 1152.326 1152.558 1152.618 1379.049 1383.687 1383.690 1512.764 
  1512.764 1513.011 1513.038 1513.456 1517.377 1517.382 1517.395 1517.401 
  1517.634 1517.638 1517.658 1517.667 1518.049 1518.111 3729.473 3729.496 
  3729.746 3734.920 3734.930 3734.940 3734.957 3735.172 3735.226 5401.908 
  5407.431 5407.440 

Beta occupied
  -30.097 -26.606 -26.606 -11.848 -11.504 -11.478  -2.376  -1.965 
   -1.898  -1.533  -1.446  -1.439  -1.299  -1.189  -1.089  -1.055 
   -0.982  -0.953  -0.944  -0.915  -0.901  -0.655  -0.650 

Beta virtual
   -0.106  -0.079  -0.071  -0.040  -0.014  -0.011  -0.003   0.040 
    0.046   0.052   0.061   0.068   0.073   0.090   0.109   0.130 
    0.139   0.153   0.183   0.189   0.204   0.206   0.222   0.230 
    0.247   0.250   0.280   0.297   0.306   0.307   0.356   0.391 
    0.422   0.430   0.432   0.455   0.463   0.467   0.494   0.501 
    0.540   0.541   0.552   0.575   0.605   0.615   0.631   0.635 
    0.644   0.648   0.666   0.709   0.710   0.744   0.753   0.769 
    0.778   0.785   0.789   0.840   0.871   0.884   0.938   0.986 
    0.988   0.999   1.032   1.081   1.083   1.126   1.152   1.173 
    1.178   1.215   1.245   1.248   1.273   1.303   1.311   1.312 
    1.374   1.376   1.394   1.403   1.411   1.427   1.428   1.451 
    1.488   1.515   1.524   1.527   1.531   1.545   1.566   1.573 
    1.617   1.642   1.644   1.647   1.666   1.672   1.683   1.693 
    1.705   1.721   1.732   1.740   1.763   1.784   1.811   1.828 
    1.835   1.844   1.858   1.870   1.951   1.986   1.988   2.079 
    2.092   2.093   2.120   2.126   2.181   2.182   2.269   2.281 
    2.345   2.352   2.405   2.409   2.419   2.489   2.509   2.536 
    2.548   2.571   2.576   2.674   2.711   2.832   2.920   2.934 
    2.958   2.973   2.988   3.021   3.071   3.080   3.083   3.112 
    3.122   3.143   3.178   3.181   3.197   3.267   3.277   3.294 
    3.362   3.377   3.397   3.437   3.440   3.453   3.469   3.488 
    3.508   3.511   3.511   3.524   3.528   3.542   3.563   3.591 
    3.634   3.650   3.653   3.670   3.674   3.697   3.707   3.726 
    3.733   3.755   3.767   3.783   3.786   3.792   3.835   3.864 
    3.895   3.896   3.901   3.936   3.957   3.974   3.981   4.012 
    4.013   4.035   4.043   4.053   4.084   4.097   4.132   4.149 
    4.166   4.175   4.236   4.241   4.282   4.289   4.336   4.342 
    4.346   4.366   4.381   4.446   4.456   4.477   4.477   4.495 
    4.537   4.638   4.682   4.692   4.709   4.727   4.734   4.746 
    4.751   4.792   4.832   4.866   4.901   4.903   4.966   4.969 
    4.983   5.002   5.002   5.084   5.098   5.291   5.301   5.315 
    5.321   5.381   5.385   5.463   5.465   5.548   5.644   5.673 
    5.819   5.849   5.865   5.877   5.926   5.961   6.080   6.382 
    6.514   6.561   6.592   6.593   6.609   6.610   6.645   6.937 
    6.946   6.948   6.964   7.011   7.076   7.127   7.147   7.176 
    7.186   7.194   7.211   7.260   7.279   7.374   7.388   7.389 
    7.410   7.414   7.447   7.451   7.470   7.472   7.508   7.531 
    7.692   7.692   7.693   7.805   7.829   7.902   7.910   7.932 
    7.974   8.006   8.046   8.106   8.184   8.186   8.207   8.219 
    8.248   8.340   8.421   8.438   8.459   8.460   8.547   8.605 
    8.635   8.643   8.678   8.716   8.749   8.781   8.807   8.818 
    8.826   8.846   8.898   8.907   8.920   9.007   9.049   9.082 
    9.087   9.106   9.166   9.224   9.235   9.245   9.261   9.292 
    9.306   9.340   9.341   9.365   9.374   9.460   9.463   9.500 
    9.558   9.583   9.583   9.586   9.654   9.670   9.671   9.698 
    9.699   9.736   9.743   9.768   9.784   9.797   9.818   9.824 
    9.842   9.855   9.903   9.945   9.952   9.975   9.985   9.987 
   10.031  10.060  10.087  10.099  10.099  10.244  10.248  10.270 
   10.279  10.323  10.360  10.362  10.388  10.391  10.434  10.491 
   10.498  10.523  10.544  10.600  10.624  10.654  10.673  10.679 
   10.702  10.743  10.806  10.850  10.862  10.908  10.912  10.984 
   11.031  11.031  11.064  11.068  11.112  11.119  11.141  11.224 
   11.325  11.338  11.343  11.476  11.486  11.531  11.584  11.591 
   11.685  11.689  11.940  11.947  12.090  12.119  12.152  12.218 
   12.259  12.373  12.379  12.491  12.525  12.532  12.533  12.533 
   12.558  12.588  12.944  12.948  13.057  13.093  13.112  13.125 
   13.133  13.228  13.229  13.301  13.354  13.378  13.579  13.594 
   13.600  13.637  13.831  13.844  13.844  14.033  14.114  14.119 
   14.182  14.334  14.334  14.619  14.622  15.051  15.183  15.400 
   15.566  15.933  15.936  16.170  16.171  16.244  16.244  16.703 
   16.896  17.769  17.773  17.876  17.876  17.883  17.884  17.942 
   17.970  17.987  18.021  18.060  18.071  18.074  18.075  18.075 
   18.076  18.080  18.092  18.150  18.155  18.170  18.190  18.284 
   18.318  18.353  18.431  18.530  18.588  18.647  18.663  18.668 
   18.674  18.702  18.718  18.725  18.800  18.841  18.885  18.886 
   18.960  18.963  18.993  19.049  19.077  19.175  19.510  19.558 
   21.053  21.879  23.225  23.228  23.348  23.378  23.482  23.487 
   23.494  23.509  23.566  23.603  23.636  23.705  23.825  23.864 
   23.909  24.099  24.132  24.181  24.211  24.220  24.267  24.284 
   24.396  24.411  24.479  24.503  24.521  24.557  24.568  24.592 
   24.630  24.715  24.893  24.966  25.035  25.088  25.128  25.150 
   25.302  25.401  25.425  25.458  25.504  25.553  25.772  25.793 
   25.856  25.882  26.224  26.589  26.647  27.435  27.437  28.113 
   28.152  28.177  28.196  28.449  28.505  29.095  29.138  29.191 
   29.215  29.604  30.323  30.588  38.373  38.409  38.671  38.815 
   39.425  39.443  39.463  39.496  39.820  39.864  40.570  42.407 
   53.000  54.292  54.316  82.086  82.087  82.611  82.670  83.336 
   83.382  83.566  83.703  83.716  83.736  83.740  83.786  84.240 
   84.254  84.293  84.310  85.027  85.049  85.068  85.100  85.164 
   85.240  85.411  85.493  92.020  92.039  92.141  92.163  92.296 
   92.301  92.666  93.370  93.394  93.402  93.425  93.474  93.518 
   93.538  93.570  93.644  93.658  93.672  93.676  94.026  94.034 
  116.716 118.734 118.741 143.368 143.368 143.376 143.380 143.425 
  143.427 143.470 143.481 143.482 144.819 144.824 144.825 144.825 
  144.825 144.826 144.832 144.836 144.864 144.866 144.881 144.883 
  144.908 144.918 144.922 144.924 144.926 144.931 187.367 187.402 
  187.751 189.992 190.005 190.022 190.047 190.335 190.417 228.270 
  228.271 228.671 228.716 229.395 230.979 230.989 231.009 231.019 
  231.392 231.398 231.431 231.445 232.069 232.162 255.021 257.942 
  257.943 294.541 294.550 294.608 294.619 294.692 294.695 294.892 
  297.241 297.255 297.259 297.271 297.298 297.323 297.334 297.353 
  297.391 297.401 297.408 297.413 297.595 297.603 412.001 412.002 
  412.002 412.004 412.004 412.008 412.008 412.014 412.014 412.022 
  412.022 414.369 414.369 414.369 414.369 414.371 414.371 414.374 
  414.374 414.374 414.374 414.380 414.380 414.380 414.380 414.389 
  414.389 414.389 414.389 414.400 414.400 414.400 414.400 444.034 
  444.065 444.377 447.772 447.784 447.799 447.821 448.083 448.153 
  543.890 543.891 543.891 543.892 543.905 543.906 543.918 543.923 
  543.923 547.062 547.064 547.065 547.066 547.067 547.067 547.068 
  547.069 547.075 547.076 547.080 547.081 547.087 547.090 547.092 
  547.093 547.094 547.096 566.274 570.211 570.212 588.393 588.394 
  588.709 588.744 589.280 592.211 592.218 592.234 592.242 592.537 
  592.542 592.568 592.580 593.069 593.148 892.009 892.014 892.049 
  892.056 892.099 892.101 892.216 896.161 896.169 896.171 896.178 
  896.195 896.210 896.216 896.228 896.250 896.257 896.261 896.264 
  896.370 896.376 1147.468 1147.494 1147.766 1152.284 1152.295 1152.307 
  1152.326 1152.558 1152.618 1378.723 1383.687 1383.690 1512.515 1512.516 
  1512.763 1512.790 1513.207 1517.377 1517.382 1517.395 1517.401 1517.634 
  1517.638 1517.658 1517.667 1518.049 1518.111 3729.272 3729.295 3729.545 
  3734.920 3734.930 3734.940 3734.957 3735.172 3735.226 5401.732 5407.431 
  5407.440 


  >>> Running UHF-MP2 <<<

MP2 correlation energy (UHF) : -1.5832002369
MP2 total energy       (UHF) : -388.7478339637

